181	189	72	53
179	189	75	52
179	191	75	52
179	193	72	51
180	193	75	52
182	195	71	51
187	194	69	53
186	193	69	53
187	192	67	54
185	195	69	52
182	194	77	54
189	194	86	54
185	192	95	57
181	192	97	59
174	197	104	56
175	199	100	56
179	198	93	57
181	197	91	60
168	199	101	58
175	199	89	60
186	198	78	59
157	198	107	57
178	198	84	55
179	197	81	58
188	195	72	59
176	195	80	58
186	196	75	57
183	198	74	56
190	201	75	55
189	203	74	57
192	206	74	55
191	208	73	55
194	209	68	56
199	209	66	56
201	210	61	56
202	210	60	58
199	210	61	58
197	208	60	59
192	210	61	57
190	207	59	58
187	206	60	57
188	203	57	57
185	202	57	56
186	202	57	56
185	200	60	57
182	200	60	56
181	197	62	57
180	197	62	57
176	196	64	56
177	197	69	57
173	198	66	57
170	200	65	56
171	201	69	55
169	200	69	56
169	201	70	55
167	201	70	55
168	201	73	55
170	199	73	57
169	199	75	57
168	199	75	57
167	199	75	57
166	199	79	57
166	199	78	58
168	200	81	57
170	201	80	57
172	202	79	57
176	204	79	56
182	204	75	58
185	204	74	57
189	205	71	56
196	206	63	55
193	208	62	53
201	205	57	54
199	200	55	55
203	201	59	54
205	200	56	54
209	199	59	56
209	198	59	55
214	199	60	54
215	200	54	53
218	201	61	59
219	200	60	58
217	201	59	57
218	199	60	59
219	202	58	55
223	200	61	58
221	197	61	60
223	199	63	57
226	198	62	58
223	200	63	56
223	202	65	55
219	202	66	56
215	203	66	57
214	205	64	55
212	206	68	57
213	207	67	57
212	208	71	57
210	209	68	57
209	211	73	56
207	211	73	56
203	211	74	56
199	211	75	55
196	210	74	56
192	209	76	56
190	210	78	57
189	210	77	57
188	211	82	58
187	213	81	58
185	214	79	58
181	214	82	58
175	214	87	57
145	216	115	57
164	219	93	56
101	218	149	57
166	216	88	59
119	216	130	56
168	216	82	58
158	215	96	58
103	219	147	55
157	217	98	60
157	215	97	60
143	215	111	58
162	212	93	59
137	215	117	57
164	210	91	60
168	213	93	57
167	212	90	59
168	215	90	57
165	214	91	59
168	214	90	59
166	214	90	59
171	215	86	59
168	215	87	57
168	215	89	58
166	215	88	56
169	217	91	57
165	215	91	55
160	214	100	58
94	216	150	58
80	218	169	56
99	217	160	55
130	221	131	53
103	216	157	57
119	219	139	54
79	215	177	59
125	216	136	56
67	214	186	60
120	213	139	59
81	215	179	58
64	212	192	63
151	216	116	54
135	217	126	54
94	217	164	56
150	222	116	53
162	220	110	56
102	220	161	57
163	228	113	52
108	222	97	69
117	224	146	58
144	225	129	54
137	226	125	52
116	223	135	57
90	226	172	53
147	227	121	54
138	221	122	58
121	225	138	51
122	223	135	53
102	224	155	51
156	231	109	50
96	224	161	55
142	227	126	53
148	221	115	55
168	221	95	51
167	218	97	55
161	216	102	56
140	216	123	54
152	213	106	54
172	213	95	53
177	214	93	54
177	212	96	55
158	211	108	53
167	211	99	53
172	211	97	54
184	212	88	54
179	210	92	54
178	210	92	57
171	213	102	54
136	212	136	56
165	218	104	52
119	214	108	64
179	214	100	56
153	213	129	55
113	217	97	67
179	212	92	59
78	214	118	68
197	210	103	62
156	209	146	58
178	215	121	51
173	212	77	59
185	211	111	56
167	215	44	66
186	210	25	58
161	213	34	54
168	210	43	60
191	214	18	60
182	214	31	55
176	216	21	55
206	217	10	56
226	214	28	54
222	217	11	57
224	215	52	53
172	217	40	60
206	216	31	57
169	220	25	56
145	220	39	54
119	222	113	47
69	224	121	66
172	219	119	55
80	226	125	67
135	220	139	60
110	226	185	53
140	225	155	53
134	226	169	51
88	228	202	52
195	225	115	56
118	225	176	55
137	227	136	56
190	223	120	60
185	224	122	57
185	224	104	57
150	224	109	66
176	221	135	61
176	224	132	53
142	220	148	61
225	212	89	58
224	207	95	58
214	205	94	56
133	204	144	63
142	214	175	50
170	215	137	52
122	214	143	55
146	214	135	55
108	213	149	58
94	216	179	55
97	211	145	65
155	218	109	48
109	213	88	61
169	208	64	61
94	213	97	54
91	213	82	69
231	204	10	64
239	205	44	51
187	214	13	54
149	223	40	38
98	217	93	53
93	218	100	56
98	217	98	61
100	218	97	62
104	219	96	61
103	221	99	60
113	220	91	62
104	221	94	62
105	222	98	62
105	221	95	63
106	222	99	63
111	220	97	65
107	220	97	65
107	222	96	63
110	221	94	63
118	221	91	63
113	221	102	60
120	221	97	60
135	220	90	60
121	220	106	59
125	219	93	63
138	218	83	62
129	219	124	58
184	218	76	60
113	220	85	56
106	219	87	57
116	221	83	57
124	224	67	53
136	225	66	50
133	225	61	50
146	224	38	57
141	230	57	46
155	227	36	54
134	229	64	48
137	228	57	49
134	229	60	47
139	228	68	47
156	224	34	53
148	225	42	56
163	227	29	56
132	226	63	51
183	220	20	57
168	226	31	49
149	227	60	48
137	227	54	51
135	229	57	50
129	230	57	48
144	229	49	48
144	228	58	49
139	228	51	49
131	231	44	55
129	230	58	50
135	231	62	46
136	230	55	48
133	231	72	44
151	227	43	52
160	228	58	48
181	225	13	53
133	233	57	44
146	229	54	47
155	227	39	50
137	227	63	50
134	228	58	49
133	228	74	46
132	226	59	51
153	225	56	50
135	229	56	49
134	229	67	46
123	228	67	49
156	224	47	52
137	229	52	52
164	228	69	48
164	229	34	51
134	228	77	52
128	230	67	51
139	230	55	49
139	230	71	48
132	229	67	51
186	223	33	54
154	229	43	51
135	232	62	48
142	230	59	48
144	229	61	50
124	231	73	51
145	228	53	53
133	230	68	50
132	229	64	51
140	230	59	50
111	233	83	48
138	230	64	53
124	232	70	49
133	232	66	50
100	233	92	48
93	233	101	53
74	236	121	54
115	237	80	57
129	236	62	51
124	236	66	49
127	231	75	51
107	235	77	50
146	233	48	53
165	231	29	58
146	235	63	50
120	238	64	54
150	238	39	52
122	243	64	50
118	242	66	49
125	241	64	48
120	239	62	49
125	235	62	49
120	232	66	48
117	232	68	48
123	231	64	48
122	230	75	46
93	227	87	52
85	225	99	55
64	224	121	55
69	227	113	55
62	225	119	59
82	227	100	59
105	222	82	58
74	226	101	53
96	230	85	52
115	226	86	51
119	222	66	57
170	216	14	60
144	222	36	45
94	218	85	55
95	222	93	51
168	211	38	60
178	213	10	57
132	213	58	40
113	198	97	55
154	194	60	47
159	179	48	56
163	177	70	51
174	174	63	54
156	176	82	51
131	175	109	54
151	178	90	53
142	179	94	56
159	191	72	47
152	189	75	51
160	188	69	52
154	188	74	51
167	198	64	46
141	200	80	55
147	211	75	45
168	206	64	49
153	205	63	54
158	207	54	56
160	210	66	50
150	207	53	57
151	211	61	50
128	212	77	53
101	213	98	52
98	216	106	53
114	214	95	59
142	220	66	54
140	220	70	50
151	216	91	45
193	209	24	58
141	216	69	48
138	215	69	50
206	209	29	49
190	211	12	52
142	219	50	43
136	218	61	49
118	219	84	46
188	213	76	43
161	218	60	51
155	217	87	47
159	219	47	53
137	220	73	44
150	215	70	50
219	209	42	55
205	210	37	51
206	208	45	53
223	206	22	55
242	208	10	51
253	199	36	56
270	206	61	53
271	207	55	52
274	208	51	53
279	210	45	51
279	213	45	51
281	214	42	49
279	213	42	49
279	213	41	50
280	213	40	51
283	212	38	50
283	212	41	50
284	212	40	50
280	211	42	54
277	211	42	50
274	211	42	52
274	212	41	50
272	215	42	52
272	216	41	50
272	217	41	52
274	218	39	51
276	218	38	51
276	219	39	51
276	218	40	51
272	219	43	51
272	220	42	49
270	220	42	50
271	219	42	51
270	220	44	52
270	220	46	51
271	221	45	51
270	223	50	54
270	223	48	51
269	223	47	53
267	223	44	51
265	223	44	52
266	222	41	52
267	223	41	54
269	222	39	52
272	221	38	54
275	219	38	53
276	220	39	51
276	220	39	53
276	219	39	52
276	219	39	52
277	219	38	52
277	216	39	53
278	217	39	52
277	215	40	52
276	216	42	50
275	216	44	50
275	217	45	49
274	217	42	47
273	216	43	50
272	214	45	49
271	214	48	50
271	214	46	50
269	214	48	49
270	214	45	48
270	213	49	51
272	213	47	48
267	215	50	52
271	216	44	49
269	217	47	53
271	217	47	50
267	220	50	50
269	221	50	51
265	222	50	49
266	222	47	49
260	224	48	54
252	228	50	49
244	231	50	52
237	235	54	52
240	237	52	49
236	239	56	49
230	239	59	47
223	239	57	48
219	236	56	49
218	227	51	48
211	223	47	51
201	221	47	51
192	217	47	50
185	215	49	49
182	209	51	50
188	204	46	50
184	203	49	48
186	203	49	47
185	203	46	46
189	199	44	48
192	197	44	47
199	198	40	48
212	200	42	51
224	201	40	49
228	205	39	49
230	208	42	51
234	207	43	49
229	210	45	51
226	215	43	52
223	217	43	49
221	213	47	49
216	210	42	50
205	210	43	49
191	209	50	49
189	207	40	49
196	208	44	49
205	206	37	48
204	203	36	46
195	198	36	47
183	193	39	47
179	189	43	47
195	186	44	49
203	186	38	47
205	183	38	48
213	182	45	52
213	185	44	51
202	187	44	52
192	190	47	52
198	194	43	52
196	199	48	54
187	201	47	49
182	200	44	50
178	195	47	51
184	194	43	49
176	195	47	53
170	192	47	50
177	188	48	51
186	191	53	50
196	187	50	51
196	179	52	55
193	169	51	54
203	158	53	52
204	149	50	55
237	148	49	51
235	151	51	51
224	152	54	48
218	156	56	55
210	165	49	49
192	167	51	52
185	162	52	53
192	155	46	52
200	152	48	50
208	151	44	46
208	152	46	48
205	153	51	45
201	152	54	45
196	151	51	46
190	149	55	46
187	147	55	47
193	143	53	50
200	146	52	55
206	152	48	51
214	158	51	55
213	162	49	50
212	163	49	54
204	166	53	55
197	170	51	50
200	173	48	55
201	175	48	49
208	176	46	52
212	175	41	49
207	175	47	54
204	173	50	50
203	172	53	47
203	171	51	46
209	172	36	47
212	174	47	50
214	171	49	48
212	172	50	46
210	172	50	48
208	171	51	46
207	172	47	47
212	171	44	50
214	172	48	54
192	173	28	49
211	172	10	53
218	171	31	55
215	169	38	49
216	170	40	51
214	170	36	50
214	170	39	50
212	168	24	51
212	169	41	51
202	171	10	52
217	169	33	55
207	171	13	53
212	170	45	55
205	171	36	52
205	172	35	56
204	171	25	57
196	175	30	54
200	175	31	55
200	175	30	56
200	176	27	55
200	176	25	54
194	179	32	52
193	179	44	55
196	179	41	53
202	179	48	57
202	180	48	52
200	182	47	53
203	181	52	54
198	183	49	52
199	184	56	53
146	194	85	43
192	185	37	56
196	188	54	54
203	189	48	52
206	190	51	52
211	192	56	54
207	193	60	51
207	189	58	54
207	190	55	52
207	190	58	51
206	190	60	50
210	191	57	50
209	192	61	50
215	193	59	49
215	193	62	50
207	193	66	50
201	194	70	49
209	194	64	51
192	197	78	48
163	198	93	51
217	194	34	58
217	194	60	55
213	197	64	51
208	199	67	50
199	200	72	49
182	200	73	51
154	199	114	53
61	201	150	66
107	201	169	52
110	201	157	61
150	198	126	58
90	201	158	57
113	202	160	48
149	203	135	54
125	198	132	60
133	199	143	60
190	192	99	62
109	199	87	69
186	197	39	64
212	197	52	56
180	201	57	50
148	201	95	50
162	197	10	71
133	210	48	39
70	199	78	50
44	199	94	61
41	201	84	79
65	203	140	54
183	200	79	62
89	202	111	57
67	203	91	70
160	197	88	58
96	200	59	74
102	203	38	66
40	201	84	63
41	201	88	72
41	202	134	60
99	198	113	61
119	195	120	63
145	196	132	60
104	198	105	63
186	192	68	62
205	195	75	55
216	194	64	55
213	198	46	52
232	198	16	56
219	202	10	54
206	203	15	49
202	203	15	52
202	204	15	54
207	206	10	53
189	215	13	42
167	216	25	44
188	209	10	52
149	218	46	39
208	205	10	53
199	208	12	47
198	205	18	51
209	201	21	56
221	203	10	53
210	203	21	52
217	201	18	52
214	205	17	52
181	214	60	41
162	207	94	48
200	214	105	39
271	200	53	53
271	201	27	51
273	202	10	57
247	215	10	44
206	222	42	38
211	223	45	48
153	223	105	51
306	208	33	57
308	215	12	55
290	216	19	53
297	214	10	58
304	219	10	50
262	235	49	38
294	223	28	50
330	217	12	55
334	215	11	56
341	209	19	59
350	208	10	56
316	221	35	39
300	210	58	49
273	209	99	48
354	193	89	54
277	203	160	52
228	212	110	69
99	223	329	38
237	204	95	82
199	210	250	48
116	229	99	61
153	227	156	66
123	239	268	41
250	217	143	72
193	229	141	68
208	230	148	69
141	238	112	67
142	241	149	61
148	251	206	51
146	248	271	45
154	238	196	71
160	232	178	65
294	230	75	76
272	234	169	46
173	231	128	71
227	238	131	69
166	248	185	61
179	249	141	47
225	237	150	63
178	239	189	70
297	230	87	77
227	235	147	68
293	229	80	81
188	234	193	67
218	233	167	73
214	238	165	75
203	235	157	64
312	226	71	83
260	227	127	71
283	227	107	76
187	236	189	66
304	223	91	76
215	224	174	73
318	223	84	77
237	222	154	74
320	221	69	80
307	225	78	66
302	225	94	60
296	217	80	68
272	212	127	58
259	206	64	72
229	210	96	57
210	204	92	63
184	200	131	57
163	204	97	59
145	214	148	51
129	222	112	58
111	233	157	51
117	238	104	59
109	238	98	68
110	243	89	64
97	244	118	62
97	248	92	65
88	247	87	66
84	245	92	65
76	242	140	56
69	235	98	71
69	233	152	57
60	228	77	73
56	230	140	49
52	223	109	66
53	221	113	66
53	222	140	60
46	224	110	65
52	222	120	64
40	222	211	49
53	218	91	70
50	217	194	49
48	212	142	60
46	206	214	56
48	203	125	74
49	209	155	61
49	209	140	64
45	210	161	61
46	210	118	67
53	203	215	54
43	200	80	74
21	201	156	55
31	197	218	54
18	194	93	72
32	193	183	50
33	193	180	57
82	188	152	57
106	190	146	57
106	187	129	57
95	188	112	63
186	183	54	65
200	187	43	54
183	189	58	54
189	189	52	51
184	189	48	52
183	187	59	51
189	184	60	54
194	183	46	53
191	181	50	56
171	184	54	51
157	185	78	51
164	181	42	56
187	176	67	55
159	178	89	52
156	175	96	58
86	175	170	59
133	173	109	72
96	184	151	58
162	174	81	68
125	177	136	60
91	181	152	61
181	171	77	66
152	175	95	57
136	174	112	59
175	175	35	65
191	176	52	53
197	173	46	54
165	176	47	52
198	170	52	57
198	172	44	52
173	175	31	53
193	173	35	57
201	175	48	58
201	177	35	53
200	176	41	57
199	175	14	55
205	171	53	57
209	170	34	53
207	168	29	57
206	168	22	57
206	168	45	56
189	170	11	51
207	166	32	53
206	167	52	55
174	172	12	48
196	169	10	47
212	171	29	52
211	173	56	54
183	174	19	50
198	172	10	56
206	173	41	56
201	174	47	55
168	178	41	50
203	177	50	58
203	177	44	52
191	179	32	54
148	184	26	48
123	183	26	47
66	174	77	56
71	176	61	66
96	177	73	63
34	179	108	70
37	176	176	59
25	179	168	63
58	176	128	66
16	178	129	67
11	181	133	65
27	178	179	60
57	178	184	62
24	181	167	64
8	184	171	59
177	176	71	57
175	180	41	51
182	183	35	55
195	181	32	54
182	172	12	53
191	171	34	52
173	170	23	54
191	163	34	56
190	163	28	56
176	164	10	53
191	161	12	53
190	161	53	57
187	154	38	56
194	151	46	56
198	155	40	54
212	160	42	54
189	164	10	54
200	165	33	55
196	168	21	55
214	170	10	51
226	172	12	52
220	173	52	58
220	176	30	54
230	178	36	55
241	176	12	54
240	172	51	56
235	166	31	55
235	166	51	57
227	167	36	51
238	166	55	57
230	165	28	53
227	168	38	52
225	173	56	53
221	173	30	51
214	174	33	53
214	173	36	57
213	173	49	59
217	175	43	51
210	176	24	53
204	179	10	50
208	182	10	47
210	182	11	45
202	184	18	47
194	182	24	51
212	181	10	51
183	194	15	36
149	196	53	40
204	186	22	53
226	183	10	54
220	182	18	49
221	182	17	49
214	184	22	48
227	181	10	51
235	181	29	51
200	185	50	48
190	188	74	55
143	198	90	45
213	192	39	57
211	185	50	55
217	182	43	53
220	178	52	53
217	179	11	53
220	177	41	53
208	178	10	57
204	183	16	50
181	185	32	51
147	194	66	47
132	196	94	52
122	196	123	58
17	193	224	67
31	184	135	83
25	191	112	71
30	187	199	56
76	176	174	58
30	182	237	67
23	183	102	75
28	189	164	55
24	194	155	69
31	197	232	62
19	194	131	77
77	195	149	65
25	201	211	56
62	194	207	59
13	194	190	71
14	195	83	79
8	202	128	68
47	204	177	60
106	199	125	66
60	203	199	59
12	205	193	67
58	200	181	67
51	210	207	66
20	210	229	61
60	209	189	68
23	216	232	59
16	214	133	74
16	219	226	57
23	214	222	59
16	212	202	69
41	209	226	64
22	213	260	74
11	214	204	78
190	203	90	80
217	213	56	67
214	220	30	65
211	222	53	63
193	221	21	67
207	222	19	65
220	218	17	66
223	216	50	68
207	217	17	71
220	216	52	66
163	220	23	71
159	222	10	73
107	239	30	56
66	242	69	63
124	237	11	69
70	252	47	56
45	245	79	67
127	242	16	69
62	257	72	57
87	242	58	71
143	238	10	71
91	254	49	54
45	238	93	74
153	224	10	86
137	239	48	64
168	233	74	78
149	230	35	79
148	225	75	82
171	215	56	85
161	217	21	87
177	217	30	79
177	212	75	79
156	215	45	77
140	212	27	84
140	210	23	78
160	207	14	83
181	204	41	78
176	203	53	80
164	203	14	86
184	202	19	77
186	202	64	80
178	205	53	86
169	206	10	87
189	208	40	80
178	207	24	82
193	200	47	80
191	199	38	85
181	199	30	83
190	193	55	84
110	203	98	79
166	196	22	85
182	196	47	86
173	194	65	90
165	190	45	88
136	195	56	84
159	189	65	96
136	190	10	94
163	192	34	96
157	191	78	90
133	194	42	96
141	197	26	91
162	194	67	98
76	202	51	92
104	190	53	103
163	190	45	103
151	193	58	97
137	193	57	103
150	191	47	104
86	203	40	91
81	188	78	103
165	182	92	110
115	192	58	94
159	185	88	106
144	184	28	100
164	181	41	100
156	177	92	101
8	188	55	97
62	187	68	103
150	179	95	111
85	189	10	99
22	206	29	63
0	205	32	76
0	202	37	75
2	208	40	82
9	190	39	98
57	178	67	102
133	170	99	110
142	177	93	96
77	183	45	100
102	175	48	105
149	175	51	103
131	174	10	103
164	174	34	111
153	168	89	106
2	180	47	87
0	187	63	83
32	180	30	96
0	188	65	79
46	178	20	95
0	194	59	77
10	189	47	86
31	188	27	90
5	190	47	79
2	187	51	85
27	184	35	84
3	189	47	80
22	189	28	84
4	193	40	86
2	192	47	85
36	191	14	88
0	202	37	80
0	202	42	79
2	192	44	90
51	179	49	102
133	173	68	107
137	171	58	110
123	176	53	106
99	178	32	105
100	176	45	111
146	182	65	101
39	195	36	95
0	204	64	82
7	197	59	91
71	191	31	101
73	188	73	100
161	187	10	112
170	192	57	104
133	193	18	102
112	200	10	84
54	215	18	56
9	216	58	78
4	208	78	89
80	193	83	97
154	192	58	112
63	206	23	94
2	218	61	82
5	209	67	81
76	196	29	95
69	191	89	105
163	184	60	102
140	189	63	103
143	185	10	110
156	192	53	102
149	189	76	105
22	200	59	93
66	187	76	103
151	180	83	110
57	189	34	99
92	182	53	99
143	181	87	103
125	181	64	100
121	181	45	106
115	185	57	99
143	182	79	106
126	180	34	100
139	177	29	111
144	177	81	112
138	175	34	101
143	178	79	103
56	186	26	95
47	184	71	99
136	176	96	108
136	181	91	94
88	183	33	94
96	174	40	102
133	170	93	101
132	167	92	100
131	168	95	103
128	170	94	96
122	173	94	104
122	172	98	98
118	173	95	98
118	172	97	100
119	171	95	98
121	174	91	101
122	175	90	102
126	171	86	98
134	176	82	106
139	170	85	101
101	175	38	103
131	170	24	106
135	172	85	102
130	174	79	101
136	173	86	107
139	170	85	98
110	172	39	103
120	170	13	103
140	167	50	102
133	166	79	104
133	162	87	100
123	167	97	106
121	166	93	98
111	165	96	97
108	167	95	101
105	160	100	100
103	162	102	97
102	160	100	98
101	162	97	100
105	159	93	100
107	163	92	100
110	163	93	98
105	165	99	102
109	168	94	99
108	165	99	103
116	167	93	97
121	165	102	99
131	167	92	95
137	163	95	104
138	167	90	97
112	171	53	100
135	169	86	105
141	169	96	97
144	169	94	95
139	165	95	96
142	166	95	98
135	164	96	98
129	166	89	96
131	165	94	103
119	169	101	95
122	170	92	96
127	166	93	99
132	166	87	98
134	166	80	103
137	171	93	103
139	177	86	94
124	175	47	103
125	177	31	99
74	178	29	94
72	175	41	86
75	161	59	100
135	158	21	101
72	172	10	58
25	183	45	43
0	179	67	69
69	162	54	98
72	161	56	102
81	160	46	104
73	163	48	100
76	158	47	104
127	159	10	101
131	160	61	103
109	156	21	96
54	170	11	77
0	172	68	54
4	173	66	76
69	161	57	94
73	157	65	103
142	154	10	101
152	157	54	103
89	156	38	95
81	147	73	99
142	151	17	100
160	157	67	90
100	153	49	103
84	156	74	100
158	156	79	95
59	168	40	95
81	160	63	99
167	157	10	101
168	165	66	94
119	157	40	101
75	147	76	103
115	144	44	108
77	150	80	98
111	142	50	110
100	146	65	103
103	149	64	107
101	156	65	104
107	153	60	108
97	154	73	108
174	159	10	98
178	167	59	95
156	161	22	88
111	162	47	64
46	142	43	103
9	148	87	94
136	145	39	99
114	145	59	95
105	142	42	104
80	148	10	94
22	158	42	78
2	158	76	89
98	149	68	104
172	145	39	103
170	150	93	92
162	145	108	97
45	127	186	110
177	138	105	96
150	135	108	94
114	131	151	98
163	137	114	95
156	137	113	94
132	132	128	99
164	134	113	96
124	126	68	100
170	122	65	107
165	121	20	105
176	129	85	92
173	125	64	101
176	131	104	101
180	132	110	97
154	132	97	100
45	122	242	114
194	142	118	99
176	139	111	95
186	136	98	94
185	137	101	92
155	137	57	91
85	135	11	89
23	125	59	69
0	114	80	100
84	125	44	96
84	126	92	76
185	127	94	95
181	127	103	92
186	128	95	96
193	131	89	91
198	136	89	95
201	136	81	96
210	130	79	98
206	125	81	102
208	127	77	99
208	125	76	100
209	127	76	93
212	125	72	97
210	124	75	99
213	134	74	96
216	132	71	99
220	132	69	100
223	132	69	96
222	131	72	99
220	130	74	97
221	133	73	95
215	138	78	94
217	139	74	93
216	145	75	98
217	142	74	99
217	144	75	102
216	147	76	101
220	149	73	97
218	150	77	103
218	153	78	92
228	152	74	96
232	156	77	100
224	153	85	104
218	157	33	101
228	158	80	108
227	151	80	103
232	146	75	106
230	142	79	110
230	143	34	105
233	147	82	112
227	145	10	100
239	163	51	91
221	150	90	105
134	158	24	89
67	178	41	63
0	179	105	70
13	179	95	79
9	177	97	81
3	171	114	87
132	153	78	105
173	165	58	94
191	164	33	104
233	166	23	97
238	159	81	116
237	166	78	101
238	164	81	98
239	169	83	101
241	170	82	95
247	168	82	102
250	167	81	98
254	167	82	99
254	166	85	97
258	170	82	96
265	167	77	101
273	167	77	103
270	170	82	96
277	168	78	96
273	166	80	103
275	169	77	107
275	170	77	98
270	168	80	109
278	166	74	105
277	160	82	112
275	171	84	95
274	173	89	99
273	176	87	93
265	178	92	92
264	177	93	93
269	180	92	93
272	180	95	101
278	186	91	96
272	182	99	96
268	183	105	96
268	185	112	98
212	185	34	85
156	199	66	46
71	184	69	74
25	177	117	83
21	165	123	96
24	166	119	95
28	169	120	92
28	172	114	89
23	173	121	87
29	172	118	88
36	172	116	87
59	178	86	81
23	171	121	85
29	177	114	82
18	175	131	84
63	178	91	84
47	183	100	77
31	177	126	83
43	178	121	85
37	177	126	87
39	176	124	89
47	179	118	86
39	175	119	90
46	180	119	86
44	176	126	91
45	174	126	95
41	172	132	96
53	176	118	92
58	176	118	89
59	174	115	88
60	173	116	88
58	173	115	86
63	173	113	85
58	172	117	85
65	172	115	86
56	172	116	86
59	171	119	87
59	170	112	89
50	167	127	90
42	164	132	94
53	161	123	97
46	156	122	100
28	156	142	98
134	170	41	86
27	159	136	95
47	161	128	94
51	160	115	95
39	158	128	95
43	160	117	93
24	159	133	99
44	168	117	91
29	164	132	94
36	166	126	94
42	169	121	91
18	158	148	101
155	176	11	85
92	180	64	52
1	149	149	108
168	180	61	79
52	174	111	90
60	177	111	84
46	176	128	85
65	184	105	82
52	186	117	82
65	191	112	80
52	190	126	82
64	188	116	87
59	190	111	84
51	187	127	87
135	182	45	93
19	167	148	107
93	193	88	82
64	184	108	87
95	185	77	85
60	183	108	87
75	186	98	83
63	191	102	84
61	195	104	80
63	189	103	85
66	187	104	84
55	182	117	86
57	180	113	86
55	178	117	85
61	177	110	85
82	175	90	85
65	179	99	77
55	180	104	79
58	181	105	78
58	177	111	81
62	170	108	81
55	164	117	81
51	162	112	80
54	164	110	80
49	167	105	77
47	169	110	76
44	168	106	79
37	168	114	80
35	163	113	83
36	159	114	84
37	160	108	83
55	164	91	78
40	163	105	78
39	164	107	77
49	167	92	76
93	170	46	75
0	153	141	95
106	162	51	88
42	172	98	77
17	163	116	87
62	166	78	85
35	173	100	82
87	173	54	80
40	180	94	72
20	165	116	86
110	170	20	81
31	183	87	64
9	172	116	77
28	174	93	77
8	166	106	82
16	168	104	79
120	166	10	80
64	177	48	44
0	172	105	70
7	172	101	78
136	155	39	94
96	165	53	81
95	158	101	93
162	157	28	101
136	154	70	81
131	160	43	93
110	164	53	89
101	160	77	97
172	159	30	97
201	161	48	95
198	161	108	95
181	164	80	91
181	168	76	99
189	168	66	95
180	166	44	100
195	157	22	104
201	150	81	100
134	161	10	94
73	197	33	39
12	154	86	92
116	145	38	115
108	148	45	106
116	148	82	121
142	151	23	119
102	179	14	89
35	165	77	99
166	151	30	108
99	185	10	86
41	182	61	79
48	199	63	72
47	179	62	95
133	165	55	108
44	163	78	110
136	156	38	105
146	163	23	106
111	173	11	93
46	192	70	60
19	169	97	98
150	164	16	99
174	177	31	86
152	171	34	94
130	177	95	95
150	164	24	103
76	192	95	79
33	177	132	97
105	176	80	97
153	166	77	109
8	171	219	109
27	172	155	101
116	177	109	99
138	173	51	100
36	173	160	101
8	180	176	101
13	187	113	101
94	184	100	100
185	170	59	107
194	176	62	104
156	173	56	107
191	175	63	107
195	173	57	105
106	171	58	109
191	170	46	110
108	176	109	101
131	183	102	98
183	187	61	95
179	182	62	106
195	180	67	102
180	181	77	109
191	177	75	100
187	179	75	109
198	176	63	105
104	184	89	103
208	181	61	106
85	181	113	110
181	182	28	103
136	180	69	107
201	175	72	99
179	169	82	112
143	165	132	106
102	169	149	105
171	171	110	105
198	177	89	100
193	173	97	106
202	181	90	98
207	172	82	103
99	176	132	111
101	181	121	103
227	174	77	106
224	169	88	101
182	165	122	105
113	164	197	103
25	164	208	111
59	163	183	118
137	168	138	113
216	169	86	108
208	165	79	102
199	166	60	111
205	168	75	109
204	164	82	106
216	161	76	105
217	159	85	105
202	156	87	103
202	164	101	106
110	166	176	97
189	163	101	109
165	168	123	99
175	171	119	99
209	171	92	98
226	167	85	107
225	163	83	105
227	164	89	106
227	163	72	101
215	166	91	107
213	161	80	102
198	162	65	108
202	165	53	105
196	165	57	103
182	160	107	102
206	162	76	99
184	159	118	103
213	162	104	98
217	161	101	101
214	163	113	101
207	164	114	98
202	163	115	98
204	166	82	98
195	167	118	105
190	167	107	99
195	165	107	98
202	169	123	102
181	166	139	100
107	157	207	107
200	165	116	95
188	159	134	102
116	154	215	105
193	173	134	85
100	149	225	109
189	170	135	91
169	156	157	102
192	158	140	99
195	155	122	95
174	147	154	102
195	151	128	100
183	147	134	99
173	148	148	98
190	153	127	95
186	152	129	96
186	152	129	97
194	151	129	96
184	151	140	96
188	151	139	99
195	151	129	98
190	148	136	98
192	148	132	98
187	147	138	98
187	147	144	99
192	145	131	95
185	146	139	94
201	146	122	95
165	140	112	100
146	143	157	100
206	147	121	98
191	141	135	99
209	141	125	98
199	138	128	97
200	137	128	98
195	138	128	97
203	138	122	99
195	139	123	98
209	138	122	98
196	141	131	96
183	146	122	98
192	149	128	97
183	151	114	96
191	147	57	100
171	143	46	104
163	137	10	107
97	168	66	73
71	158	89	77
174	143	42	90
164	136	38	96
123	140	70	100
187	140	10	101
135	191	43	50
80	168	97	67
130	150	65	86
177	142	10	97
116	170	62	63
75	159	100	81
206	143	60	91
230	142	69	98
225	147	30	90
204	141	30	99
172	139	69	93
158	143	14	95
84	164	72	56
40	151	108	85
212	138	10	93
247	141	26	88
252	140	74	105
127	155	32	86
34	138	130	98
97	153	97	87
124	153	57	89
0	131	181	117
248	141	41	107
176	159	10	82
119	172	58	51
41	148	141	91
69	159	113	85
75	155	114	87
69	151	116	88
78	152	107	85
71	154	110	87
68	152	116	87
71	149	111	88
74	149	112	85
77	149	110	85
63	148	122	88
74	151	111	87
78	155	109	86
62	153	124	86
70	152	117	87
68	150	119	89
68	151	115	87
71	153	115	86
70	152	120	86
53	146	137	92
68	148	118	90
71	155	113	84
64	154	122	84
64	154	118	85
64	154	113	84
48	153	120	84
56	153	111	85
47	152	114	84
30	146	132	89
37	147	118	88
36	146	124	88
38	147	124	88
30	145	135	91
50	157	113	81
59	157	112	85
61	160	114	84
62	162	117	85
66	163	112	85
59	161	124	85
68	160	117	87
62	160	126	86
72	163	114	84
61	163	124	84
71	163	113	85
63	163	126	85
73	163	116	86
107	164	84	85
116	160	71	98
190	159	12	99
121	184	59	49
35	150	138	97
205	157	13	92
136	182	47	53
53	146	114	98
200	155	10	96
179	174	37	55
162	153	36	90
159	146	21	97
73	173	93	68
161	152	10	102
97	181	51	57
6	152	119	95
170	144	20	105
118	168	39	74
21	150	135	94
180	152	24	96
142	158	28	88
119	154	16	98
41	152	85	100
145	159	23	98
71	168	65	86
86	157	50	101
99	162	43	95
115	164	31	91
17	156	122	92
161	159	10	98
99	186	36	44
30	155	100	85
147	159	10	104
83	193	55	42
7	153	124	100
177	162	10	103
114	190	28	45
51	157	79	83
196	163	10	89
223	167	34	78
212	161	109	104
151	163	52	97
40	161	88	101
174	157	30	98
125	154	79	99
206	148	11	107
218	156	59	91
196	154	15	102
213	157	63	97
129	155	67	103
155	150	39	109
128	152	52	99
47	150	77	102
126	144	38	99
16	149	114	92
141	147	48	99
50	148	82	99
122	147	61	102
122	148	85	106
132	155	73	105
157	156	56	109
32	158	95	108
130	163	65	97
127	159	10	109
61	162	53	88
7	158	129	98
237	153	10	106
247	150	55	97
238	149	92	100
192	151	24	105
136	168	20	76
61	176	62	63
24	161	105	91
148	157	64	95
130	151	77	108
192	151	26	102
152	151	72	102
139	149	57	110
125	149	78	109
183	145	28	101
117	147	82	92
129	138	78	111
189	144	22	101
207	149	79	103
114	158	12	99
45	180	51	60
19	181	78	71
4	177	88	81
11	172	91	83
105	155	63	99
108	153	98	107
205	160	10	95
217	161	50	103
218	162	75	105
199	164	30	102
209	163	92	107
138	173	10	89
79	194	26	57
9	152	91	108
117	160	85	100
157	163	46	101
141	172	10	93
80	201	23	53
15	162	80	105
108	174	40	99
0	162	116	109
191	174	12	98
205	174	57	92
204	163	90	101
169	165	74	92
134	157	59	108
194	160	11	105
206	165	60	93
195	164	10	101
214	170	45	92
210	171	91	98
101	181	56	85
121	168	71	97
154	159	65	100
153	154	74	109
230	154	31	99
230	151	85	94
160	154	47	101
134	148	58	106
175	148	41	107
138	148	68	102
123	147	29	111
113	148	65	100
126	154	73	102
133	149	81	110
137	153	79	106
126	151	10	106
58	180	55	64
24	166	104	89
147	143	67	108
138	139	26	117
128	150	36	92
52	161	70	88
127	149	61	109
137	146	54	113
170	146	10	109
104	182	35	47
35	152	94	106
158	162	30	108
149	159	40	99
89	161	78	97
179	153	44	112
188	160	10	100
125	191	36	44
57	150	100	100
168	149	54	115
208	150	23	111
156	149	69	108
178	147	12	117
142	151	65	101
216	145	38	114
206	157	10	102
225	154	45	96
174	154	46	112
113	160	47	102
163	149	39	111
167	145	37	109
160	148	69	116
165	148	29	120
168	151	52	116
97	171	66	97
165	156	31	117
158	160	13	110
82	183	83	78
176	160	39	110
184	150	60	114
188	151	40	113
179	159	10	97
117	187	48	68
28	152	149	108
176	154	42	105
170	141	68	113
190	138	52	119
184	143	53	111
184	145	56	109
177	147	40	108
176	138	58	117
175	144	16	112
163	150	44	103
173	138	57	115
171	139	61	114
169	138	64	117
167	138	59	119
170	142	22	115
87	158	85	92
182	143	48	119
184	145	25	112
176	156	16	97
98	176	75	62
72	153	111	106
191	139	36	122
193	156	10	109
127	187	64	46
42	156	144	105
241	141	10	119
194	163	31	73
189	147	58	113
204	150	31	112
194	147	27	112
199	140	63	118
198	141	34	118
191	141	53	121
201	146	33	112
160	151	27	106
107	148	73	109
195	139	55	118
191	142	38	113
193	139	19	110
170	144	60	108
199	144	10	113
145	182	34	56
68	161	105	88
198	146	38	115
192	148	19	111
181	157	10	101
117	189	71	45
30	154	158	113
99	157	94	112
205	142	57	123
208	147	38	116
202	149	55	121
198	155	34	112
201	152	35	118
207	154	10	114
140	187	52	65
41	162	161	100
156	150	62	116
210	149	23	115
196	146	62	110
199	144	50	115
198	145	54	112
195	146	29	109
188	142	52	113
188	137	53	116
188	141	42	111
194	133	49	115
222	139	16	108
183	137	63	101
244	133	43	111
236	135	10	112
246	136	38	110
193	134	44	119
195	137	42	109
203	137	10	104
179	156	15	66
118	177	60	47
33	145	143	103
214	132	10	117
185	140	52	84
188	141	10	108
124	180	63	48
70	163	123	82
220	135	21	115
195	139	48	104
224	141	10	103
188	150	33	75
190	138	49	108
208	143	10	102
190	144	46	81
212	140	20	106
191	142	50	110
142	153	56	97
195	144	11	110
150	172	52	60
126	147	73	111
125	159	86	101
188	153	34	101
137	157	60	103
146	151	92	106
99	165	104	102
194	152	22	107
191	148	41	106
90	156	105	97
124	158	104	98
109	162	102	100
136	160	79	97
104	168	91	93
130	167	80	89
131	167	76	102
217	154	19	103
211	150	32	97
205	152	41	102
194	158	28	99
201	159	21	101
200	150	42	98
190	155	10	107
203	165	10	69
154	193	36	48
95	196	100	57
109	170	102	92
158	164	47	100
196	154	13	108
198	161	32	82
200	154	33	98
203	156	10	100
205	157	33	76
242	148	10	96
200	176	10	50
157	190	50	36
118	180	79	70
165	151	46	114
107	157	137	102
167	167	119	91
196	155	28	104
206	154	28	103
205	154	24	103
198	160	19	94
194	158	21	85
195	157	13	82
161	175	38	56
169	165	20	83
114	180	73	63
30	153	164	108
76	176	136	88
174	155	39	109
204	149	10	107
166	181	60	60
132	165	63	92
54	163	142	103
76	176	132	89
94	176	116	91
100	176	115	90
93	178	112	87
155	165	76	96
150	155	60	106
66	158	143	105
89	175	112	87
121	170	91	90
149	167	50	100
157	167	32	100
166	169	16	103
86	187	97	60
106	159	139	93
184	139	29	108
181	131	41	104
177	138	20	96
163	149	10	90
103	174	60	56
8	144	152	101
68	150	106	98
175	136	10	106
110	172	58	54
19	143	147	104
161	148	37	100
120	138	55	103
79	136	108	107
213	136	32	100
251	139	43	93
246	142	40	97
208	160	84	91
188	144	115	101
235	137	25	106
209	150	75	81
241	134	51	102
230	136	53	100
230	130	69	101
217	131	55	106
225	133	91	106
205	137	70	107
215	133	81	110
217	134	83	100
201	130	64	104
203	131	82	105
197	130	97	105
143	126	153	103
196	127	68	105
192	127	63	106
198	128	10	106
144	177	27	38
88	163	92	58
150	139	21	85
68	132	154	93
206	129	117	101
181	127	142	100
199	126	125	102
183	127	129	99
166	122	128	103
161	119	121	103
82	119	181	99
181	118	119	104
113	118	202	100
182	120	133	97
65	114	238	105
173	127	143	94
39	111	249	112
163	126	146	99
172	124	147	102
163	125	159	102
176	126	150	105
166	131	152	102
177	134	149	101
111	133	212	104
184	137	140	104
154	136	149	107
177	136	144	103
174	133	161	103
195	131	147	106
131	131	208	104
183	131	152	105
119	130	211	105
174	133	152	104
114	133	198	104
167	134	147	102
72	134	241	103
168	131	137	105
123	132	191	103
167	133	150	104
169	135	146	103
148	136	162	102
163	140	145	103
16	140	275	103
155	139	141	103
159	136	143	103
144	133	142	102
155	132	139	100
145	133	143	100
142	134	145	101
137	134	146	102
136	136	150	104
139	137	153	104
146	138	152	105
153	136	140	106
130	136	150	103
145	134	145	104
139	134	135	105
135	137	156	101
145	138	155	104
140	138	165	107
144	137	167	111
146	139	152	112
159	141	147	109
162	142	145	108
164	142	143	106
160	141	138	105
162	138	142	105
157	138	141	104
150	138	146	104
152	138	139	105
156	139	136	102
154	139	140	100
151	142	146	100
146	148	132	104
138	153	148	97
125	157	154	100
98	164	186	100
139	178	150	97
151	183	131	98
119	186	160	97
122	189	157	100
157	192	119	102
68	190	203	104
155	195	143	99
175	191	99	102
46	188	193	108
185	193	111	102
90	183	198	108
129	186	172	108
134	190	153	100
98	187	169	103
142	183	161	102
104	181	148	108
106	182	202	105
184	185	129	100
35	182	255	106
184	197	128	91
43	175	256	116
194	195	125	94
50	174	262	114
110	181	217	109
176	187	144	96
37	175	285	109
74	179	257	105
44	183	284	106
89	183	241	104
50	189	251	97
123	184	200	95
164	181	154	97
0	168	310	111
6	179	297	100
132	188	185	90
164	180	151	93
42	173	272	104
53	182	269	97
57	189	261	94
118	192	205	87
124	183	193	95
197	187	120	85
83	164	238	110
68	175	253	98
135	177	180	90
180	168	137	93
103	154	211	107
145	170	174	97
144	173	181	90
120	177	206	88
96	173	224	99
127	168	184	105
156	160	155	102
164	157	147	100
126	147	186	103
55	157	253	97
74	153	234	107
75	148	234	105
106	148	202	106
114	145	195	110
118	140	192	114
135	144	177	115
118	145	196	109
128	141	189	114
127	136	188	123
118	134	196	124
126	140	192	115
130	136	191	117
125	135	192	121
134	132	182	119
137	128	184	122
133	127	188	124
122	127	191	124
113	126	192	123
107	128	198	121
144	122	171	123
135	121	191	119
134	117	194	119
119	119	213	119
145	121	188	122
134	119	201	122
122	121	211	122
98	121	238	125
118	121	216	124
116	119	222	128
147	115	196	129
111	114	224	124
143	109	198	125
130	108	208	124
131	109	202	123
123	108	206	122
107	107	226	128
69	109	267	126
121	116	214	120
33	103	305	133
145	101	191	129
127	103	211	127
102	113	237	120
102	111	225	124
97	120	224	117
72	111	246	129
92	105	226	130
120	108	207	127
76	108	254	124
127	108	193	125
113	109	205	117
133	113	187	120
119	112	205	121
131	108	200	125
117	105	224	123
136	107	207	121
125	104	212	121
128	106	211	123
128	111	212	116
129	108	208	124
156	110	177	119
129	111	201	117
119	108	214	123
144	108	192	123
136	105	199	125
148	104	189	122
136	100	206	119
135	94	208	124
120	95	222	122
119	91	219	125
135	96	200	124
125	96	202	126
109	104	219	117
129	102	198	127
114	101	212	127
95	104	234	128
113	109	209	123
121	106	203	124
132	104	200	128
131	106	205	124
160	105	177	127
140	107	197	125
133	108	198	128
156	113	174	126
136	114	198	124
162	114	175	126
137	117	198	123
158	119	183	125
115	123	225	120
131	122	199	128
159	128	168	118
98	134	235	105
145	126	178	127
114	130	213	115
143	129	177	117
117	128	203	111
154	120	167	119
142	117	187	118
161	113	173	125
122	116	193	119
125	119	199	121
120	119	197	126
153	122	163	126
133	123	181	112
132	116	186	118
132	114	180	123
171	107	141	121
169	108	146	114
184	108	134	117
181	106	128	114
154	95	155	120
136	99	169	116
145	95	160	119
143	95	151	124
129	99	164	119
139	98	155	116
134	98	166	114
149	96	157	119
159	95	142	118
153	96	143	122
137	98	158	117
152	95	145	120
151	96	137	127
108	83	181	137
147	102	139	123
150	80	148	138
108	101	187	117
142	93	153	129
145	97	153	127
148	92	151	126
35	103	254	119
77	104	216	126
23	112	270	121
14	103	289	124
68	110	234	122
14	95	293	129
114	96	182	133
108	95	193	130
60	111	238	117
74	112	226	127
103	119	199	121
6	110	298	128
50	120	243	125
15	112	278	128
35	120	251	124
133	100	153	134
156	103	123	123
146	93	130	136
49	103	222	122
10	100	255	134
12	105	253	135
12	101	258	141
11	94	262	146
11	98	263	140
27	98	244	137
96	108	178	126
4	99	271	129
19	103	254	133
28	109	250	131
44	112	238	133
6	114	279	137
31	122	253	132
42	121	241	127
35	115	248	135
70	119	214	127
84	111	198	130
51	109	230	130
69	118	210	130
50	118	235	129
91	123	196	122
52	111	234	121
111	119	174	124
78	117	208	119
