633	1	62	266
610	42	90	180
597	40	90	176
584	37	89	186
581	40	87	183
578	47	85	179
583	49	94	183
584	56	86	180
582	50	85	186
583	55	90	178
586	53	89	181
590	55	84	174
590	51	89	181
588	54	84	184
587	51	87	178
585	55	82	178
584	53	87	178
586	57	80	175
585	57	89	174
584	55	84	178
583	58	82	173
583	57	80	172
584	62	83	180
584	60	80	175
584	59	81	174
587	61	80	177
588	59	82	171
589	61	79	171
587	58	84	176
593	66	73	171
593	61	83	179
594	57	76	178
594	60	82	169
594	62	76	176
591	60	84	175
594	61	75	175
590	63	86	175
592	62	77	182
589	62	87	177
589	57	83	185
587	54	85	187
589	58	83	185
580	47	87	199
583	55	80	185
573	42	93	196
582	54	78	178
575	42	98	196
582	50	83	185
573	36	104	198
576	42	92	195
577	41	101	193
582	42	92	192
582	41	104	194
581	38	92	199
583	40	103	196
578	37	94	197
582	38	103	194
578	31	96	202
584	32	102	201
583	31	93	198
581	31	104	195
580	28	99	198
584	31	99	195
586	27	101	200
579	25	102	195
583	24	100	195
579	23	110	192
575	16	98	205
578	20	101	199
573	19	102	196
569	16	111	203
568	13	98	205
563	15	109	196
556	23	109	203
513	18	124	188
509	8	110	213
506	8	101	211
500	9	112	202
508	7	113	201
509	7	110	202
523	6	112	197
525	4	116	198
534	7	107	198
529	4	114	199
531	6	109	200
524	3	115	200
528	7	105	203
522	5	116	204
531	9	104	198
522	6	121	198
538	10	95	189
527	9	115	182
523	4	116	178
522	5	123	185
523	0	122	194
526	1	121	194
527	0	121	192
525	0	119	184
522	0	118	180
520	0	122	186
518	0	120	188
515	0	119	183
512	0	123	184
512	0	126	190
512	0	123	188
511	0	133	190
513	0	132	172
517	0	128	190
518	0	131	175
520	0	131	179
522	0	132	180
524	0	132	175
527	1	128	185
528	0	125	185
527	8	125	186
530	0	119	193
532	6	117	179
530	0	124	192
529	4	115	185
528	0	125	203
535	0	110	200
531	0	122	198
536	3	107	190
532	0	121	206
537	0	103	198
532	3	127	221
556	5	91	205
543	10	115	209
550	6	98	199
543	6	120	220
561	3	90	221
547	13	115	208
556	8	97	212
547	12	113	207
548	7	105	214
542	7	116	213
545	8	114	217
539	6	111	220
537	7	116	220
541	7	118	219
538	6	113	225
539	10	124	223
539	7	116	230
541	13	116	223
538	14	117	224
545	14	114	222
537	14	126	223
536	16	117	226
540	20	117	221
539	21	121	229
534	20	113	231
536	23	122	234
538	21	113	224
539	20	120	216
541	20	110	215
545	23	114	218
543	23	107	207
541	30	118	207
548	26	113	213
548	24	117	219
556	23	115	212
556	24	116	214
562	26	115	216
562	25	115	219
563	28	119	219
569	27	115	218
564	27	121	216
560	26	124	208
562	26	121	211
561	21	125	215
557	23	125	216
561	28	120	218
560	27	116	212
566	25	117	221
570	24	107	214
578	26	101	211
582	30	105	208
575	33	117	214
573	29	114	228
576	30	116	196
584	24	105	214
585	24	107	200
584	20	103	213
585	20	106	211
583	19	109	196
587	12	106	210
587	11	104	198
589	11	106	203
587	10	106	205
585	11	115	212
590	14	101	200
596	16	97	198
594	16	95	193
596	16	93	189
596	16	94	187
599	16	90	181
598	16	92	181
600	15	93	180
594	13	101	183
594	11	103	182
588	15	112	185
585	7	113	194
582	8	114	190
577	10	121	197
575	4	124	207
573	5	126	219
570	8	133	230
574	11	119	216
569	8	134	246
574	13	132	237
579	14	126	228
585	11	126	223
589	10	129	212
592	12	130	228
597	9	123	195
605	14	111	184
618	12	103	195
596	13	127	175
613	16	105	182
618	13	106	193
604	30	117	189
618	18	106	176
615	20	109	191
624	13	102	183
620	15	104	201
627	12	105	171
617	20	93	217
625	24	95	183
624	20	104	162
631	9	98	195
638	7	96	251
639	20	105	231
635	16	102	272
644	3	101	219
636	7	114	218
642	4	100	269
636	20	112	271
627	25	116	251
630	24	103	227
639	28	86	229
654	16	71	213
644	36	94	187
644	35	101	191
642	32	101	218
648	32	86	233
654	17	83	228
628	28	109	225
635	26	99	209
640	22	85	226
639	13	85	226
635	21	85	219
633	21	94	201
633	21	93	204
627	22	105	185
628	14	106	198
630	10	109	189
633	4	106	200
622	3	113	219
616	1	119	248
606	3	121	236
600	1	131	225
595	0	139	228
593	0	132	230
592	0	143	233
594	0	140	231
592	0	140	223
592	0	148	225
593	0	143	223
593	0	149	211
596	7	148	208
599	0	143	212
600	2	148	215
603	0	140	203
604	2	143	206
604	0	144	204
607	0	144	202
610	0	155	207
619	0	139	192
628	10	130	185
641	0	119	185
650	10	113	175
656	6	109	177
661	11	101	173
670	8	96	168
664	19	101	156
665	13	97	165
668	16	92	160
671	18	90	160
667	17	95	160
671	17	89	164
669	15	92	161
669	14	92	163
670	9	92	164
672	16	93	160
673	17	96	160
678	16	94	163
675	20	102	167
687	17	95	176
676	14	111	185
698	6	90	200
669	14	127	189
707	0	86	194
670	7	105	201
698	4	85	194
671	10	111	184
696	1	89	199
654	9	114	192
671	4	103	195
647	19	119	199
654	11	112	190
647	16	121	174
628	30	134	175
630	8	130	192
626	8	135	202
623	0	135	205
620	0	140	209
617	0	139	211
614	0	140	200
614	7	142	186
615	9	141	216
614	0	146	208
608	15	152	168
605	29	144	151
610	12	113	200
608	5	116	232
604	10	114	211
603	10	116	258
595	17	140	245
577	13	168	258
587	20	166	263
594	17	165	233
334	56	429	215
608	32	157	261
279	72	486	177
621	36	191	250
465	31	315	221
674	48	133	207
687	90	123	179
622	9	189	234
645	0	152	216
637	0	129	212
650	0	132	212
644	0	145	184
635	11	151	184
644	0	139	196
645	0	139	183
647	12	135	169
651	1	128	182
650	12	125	166
654	3	122	186
656	0	120	176
657	4	118	169
662	5	113	169
668	3	107	162
670	3	106	163
678	0	101	161
684	0	99	165
684	0	104	163
688	0	103	153
687	0	105	145
688	0	105	153
687	0	107	140
684	0	105	141
681	3	100	155
678	0	105	141
673	0	101	161
671	0	97	169
667	0	104	149
665	0	103	232
649	5	129	187
640	0	127	205
618	0	138	197
609	0	127	194
599	0	141	172
583	13	152	148
580	12	151	167
587	0	142	189
586	0	145	181
585	1	146	181
589	0	144	186
591	3	147	186
594	1	142	178
596	6	139	169
606	0	142	170
613	5	129	149
620	7	135	153
624	9	123	143
628	9	114	136
631	8	116	147
633	8	112	140
639	6	104	144
641	0	103	134
645	0	99	122
650	8	96	122
651	11	95	127
653	17	94	117
658	17	96	124
660	23	93	121
663	9	102	139
664	13	101	144
668	12	99	142
670	27	99	143
670	14	101	164
668	18	107	157
667	23	110	159
668	32	111	152
669	22	110	163
668	41	112	156
668	26	112	164
667	45	114	158
667	41	115	162
666	52	116	156
664	37	116	158
667	46	112	159
663	46	116	158
650	47	128	165
651	26	124	187
648	28	128	185
653	30	121	186
649	25	122	191
644	37	119	182
642	27	115	197
636	43	113	180
633	31	109	189
631	32	102	184
627	33	110	177
626	28	109	183
628	31	109	184
632	30	102	177
639	37	100	189
649	42	90	182
652	44	92	175
656	54	92	166
649	61	94	154
655	44	89	176
649	60	100	161
635	50	114	177
661	38	81	186
638	52	96	190
635	43	107	183
635	41	107	188
629	40	110	193
625	39	115	193
620	40	115	202
614	36	116	205
607	34	123	218
601	41	130	220
595	40	136	230
610	37	122	229
601	34	123	210
602	45	126	210
591	53	135	200
581	71	145	186
584	62	137	193
586	57	139	184
586	68	140	167
590	74	137	162
592	72	127	163
594	76	126	146
599	67	116	164
597	67	119	165
597	67	120	170
595	72	122	189
581	96	134	177
581	85	135	183
580	93	136	174
582	86	133	192
574	85	141	201
563	94	149	202
557	94	150	205
564	86	137	208
552	98	145	194
562	82	134	194
564	94	134	167
568	83	128	176
572	92	126	174
576	80	123	183
583	96	122	203
584	87	126	200
594	86	119	202
602	90	117	181
612	86	111	182
620	88	106	173
638	85	91	176
653	85	79	167
666	88	70	152
662	94	76	142
671	93	66	139
670	91	73	140
667	91	81	142
667	86	81	149
667	83	83	152
664	79	86	155
676	74	77	151
663	72	77	156
675	72	73	153
666	73	90	154
683	67	76	165
657	70	90	162
672	64	82	180
684	68	77	174
646	71	94	180
644	68	104	191
647	63	108	193
659	58	100	191
673	56	87	190
664	60	96	183
670	58	91	188
642	63	105	188
639	56	113	196
638	48	118	202
638	42	119	202
635	40	121	202
631	41	124	201
627	39	127	208
629	41	124	211
627	43	128	209
626	42	129	207
624	40	131	203
623	44	133	193
622	50	131	175
622	59	129	165
622	58	126	168
622	59	126	165
623	55	130	167
620	59	131	164
621	50	135	178
618	55	137	169
616	59	137	173
616	51	137	174
614	62	141	194
611	61	146	175
612	50	142	177
606	58	149	199
605	52	149	188
607	56	147	177
609	62	144	179
611	63	140	179
613	55	137	186
613	62	141	188
613	62	141	180
617	49	142	195
619	47	141	184
626	39	140	187
632	41	134	186
635	41	134	185
637	34	134	188
642	39	131	183
646	33	128	188
661	26	116	198
657	24	127	201
657	32	131	201
662	28	127	195
671	52	121	172
685	48	109	170
693	51	103	175
701	45	101	180
714	45	95	174
713	45	98	165
705	50	104	162
713	39	99	170
711	39	101	163
705	41	108	158
714	29	99	176
713	30	94	181
712	30	98	175
707	31	107	172
701	32	113	176
712	26	104	177
696	33	119	173
703	29	112	186
699	26	111	196
693	29	115	197
690	35	119	191
687	40	122	197
680	38	128	197
674	44	132	198
671	42	133	203
666	59	136	192
665	44	134	203
667	35	132	213
667	35	135	215
661	41	143	208
659	26	144	216
655	29	148	215
652	21	148	217
649	27	150	199
649	26	148	194
650	23	151	198
651	31	153	195
652	19	156	208
650	25	161	209
649	26	162	205
651	20	159	206
652	21	159	202
655	23	156	199
658	29	156	195
662	21	153	201
664	24	155	195
668	21	153	197
672	18	154	200
677	14	155	199
681	15	153	206
690	13	156	202
701	8	150	219
717	11	148	212
727	16	141	211
737	20	135	204
745	19	130	207
757	25	121	205
754	22	127	211
760	27	128	208
758	22	136	216
758	18	141	223
757	28	147	219
755	15	152	235
750	10	158	241
748	7	164	239
747	0	166	241
748	5	166	235
748	0	168	239
746	7	170	223
748	3	164	214
749	17	158	206
750	14	153	207
747	18	152	204
744	23	150	198
749	20	143	188
733	39	157	181
754	12	129	192
734	34	138	174
759	11	108	187
741	23	127	182
749	9	115	198
739	15	129	194
736	12	133	196
734	13	134	193
729	13	134	202
725	8	135	209
720	21	136	202
716	9	140	215
710	29	146	197
706	23	148	202
703	42	151	181
697	50	152	169
700	24	143	186
698	19	144	199
685	23	158	184
687	7	152	195
685	14	159	233
671	0	177	238
669	0	179	235
666	6	182	233
665	0	182	246
663	0	185	253
663	0	190	246
667	4	188	229
675	7	183	220
683	7	176	205
694	14	177	184
708	10	154	183
728	3	133	188
736	8	129	181
750	5	119	178
759	20	114	185
764	9	115	214
769	6	119	224
770	9	127	217
769	26	133	203
778	17	125	211
775	37	128	185
779	22	118	200
775	31	123	193
783	21	111	202
778	18	120	206
771	26	108	214
775	22	104	218
772	22	92	228
772	29	108	200
765	24	112	193
759	23	121	202
754	35	122	192
749	35	123	195
743	48	127	187
740	45	128	192
737	45	129	191
731	54	131	193
729	66	135	181
727	60	135	181
717	66	141	178
717	64	138	169
712	65	137	172
712	60	134	181
711	64	134	171
711	67	132	175
711	55	132	181
710	54	136	192
709	45	140	190
708	46	143	204
706	40	148	202
706	44	150	201
706	44	150	201
707	36	151	206
707	41	152	202
713	47	147	199
721	41	143	204
727	41	141	194
734	35	136	200
745	41	129	190
752	38	125	195
759	40	124	190
767	40	122	185
781	50	113	177
792	59	106	167
796	63	105	164
795	63	110	169
800	73	109	165
803	71	108	154
803	87	108	141
805	96	106	142
806	81	104	168
804	75	107	171
805	69	110	168
806	62	112	169
808	53	113	185
810	49	116	188
814	44	117	199
811	46	125	191
812	35	123	205
809	30	130	204
806	36	135	184
809	40	131	173
812	42	125	178
812	34	125	177
812	37	126	168
813	46	124	153
814	37	114	161
812	41	113	152
809	51	97	160
803	54	85	177
793	55	104	160
784	56	114	168
780	48	118	178
763	57	132	170
763	69	127	149
754	76	128	133
755	84	105	138
755	75	105	145
748	80	110	152
746	69	112	165
742	61	117	182
735	73	125	176
725	78	133	162
723	82	132	156
710	79	145	165
715	82	143	172
715	92	142	173
708	61	153	206
706	41	158	228
702	28	167	236
700	36	171	229
700	36	171	236
700	32	174	251
697	37	179	248
698	52	181	229
700	51	174	221
703	44	171	239
702	55	175	227
706	54	173	219
712	53	170	223
716	42	167	224
722	49	162	220
730	42	158	229
739	44	153	209
749	52	144	201
757	35	136	211
774	40	123	208
775	34	128	206
784	32	123	210
788	43	122	195
796	40	115	181
804	53	106	184
806	59	98	178
819	55	91	182
815	65	92	173
802	98	102	145
801	66	103	177
795	58	115	185
790	63	122	186
786	58	128	186
781	83	130	173
781	67	126	190
776	80	131	180
775	69	131	194
771	75	136	180
772	64	136	177
773	81	123	167
772	61	112	190
766	82	139	166
770	54	138	194
769	74	140	183
770	50	138	200
768	71	142	184
769	52	141	192
768	73	140	185
763	51	145	214
758	67	153	206
757	49	159	202
758	61	156	204
761	62	157	199
767	51	149	221
725	65	192	210
733	66	180	192
736	61	176	185
732	72	184	176
727	52	192	199
724	33	187	226
728	15	188	235
726	30	189	224
724	19	198	219
719	20	196	226
720	12	207	222
725	23	192	237
720	5	200	231
701	6	212	228
710	12	200	221
712	12	187	218
713	12	185	213
718	15	174	210
722	20	166	217
722	21	163	225
721	31	162	222
723	56	157	202
727	56	146	215
726	54	147	220
725	51	147	224
723	60	151	219
723	72	151	204
724	77	147	207
722	77	148	198
726	80	141	203
716	75	151	197
718	61	146	231
707	55	162	234
705	72	165	218
703	60	164	212
705	74	160	213
705	78	161	186
712	90	150	193
714	66	149	194
708	69	154	209
701	65	170	199
699	77	171	207
703	64	170	207
666	94	218	173
690	75	206	198
652	90	227	175
683	80	211	193
650	87	226	183
680	87	212	185
646	76	226	197
669	78	217	191
650	58	217	218
667	66	224	196
662	61	208	225
686	72	193	198
666	58	202	239
678	62	201	210
688	57	183	208
696	62	169	228
698	43	177	224
704	64	168	224
712	52	173	215
723	68	157	215
727	58	153	210
728	75	151	199
730	92	146	193
730	84	145	181
734	99	138	182
735	76	145	183
737	90	136	183
737	103	139	162
740	80	127	182
738	72	138	169
741	63	140	165
743	64	150	151
726	90	163	123
743	61	141	160
740	73	147	148
744	70	147	150
713	114	161	148
726	107	140	161
729	113	146	156
722	96	152	161
723	108	159	143
705	98	169	166
714	88	164	171
708	80	169	185
712	78	170	189
694	54	196	204
699	69	183	207
694	51	206	210
694	62	198	212
694	36	209	229
692	47	203	228
694	37	200	235
699	30	192	235
703	44	185	228
707	29	183	245
707	54	181	223
711	31	175	230
714	59	171	215
718	32	167	220
721	59	162	203
727	45	153	228
725	72	157	211
731	72	149	206
734	77	145	208
736	76	147	186
741	68	143	192
742	67	139	200
741	73	140	191
741	77	143	177
745	73	141	169
749	71	154	157
757	48	138	176
755	44	141	177
745	64	152	155
753	46	136	170
741	63	146	162
744	41	156	175
707	93	186	122
733	56	173	170
715	61	178	153
737	24	140	185
753	38	129	155
768	19	115	177
735	53	136	182
704	53	157	166
712	29	179	197
642	60	227	178
629	56	236	220
647	35	233	231
657	37	211	248
667	45	203	217
699	19	168	253
709	19	159	250
640	24	229	238
620	23	248	256
636	36	241	226
623	22	246	261
635	31	228	234
648	20	212	266
648	12	227	256
651	21	215	268
645	3	209	272
647	23	210	265
652	2	207	266
659	25	197	243
667	5	184	253
677	6	173	263
688	8	166	266
695	23	164	258
702	46	161	228
700	32	162	213
691	66	139	191
684	90	143	156
652	101	138	160
659	88	129	175
641	105	149	155
647	96	134	153
618	109	133	159
625	109	128	141
620	109	153	138
609	99	181	156
599	89	251	179
612	41	228	220
626	53	221	194
659	67	192	183
668	51	203	201
663	83	210	177
683	36	195	216
731	50	141	206
736	32	140	193
738	14	141	191
738	22	142	203
774	34	108	172
756	62	129	154
764	68	118	138
825	77	52	137
673	13	180	143
624	39	246	160
600	24	286	181
579	17	283	202
560	12	277	218
571	15	248	237
565	13	248	228
545	5	257	233
564	14	229	220
572	20	222	215
568	10	208	215
577	15	235	202
563	17	221	196
581	9	231	204
581	16	208	197
598	9	214	213
610	9	191	213
625	10	190	214
638	10	169	198
651	16	151	207
666	23	137	181
645	73	120	191
658	74	113	196
656	88	122	180
638	103	144	151
652	84	133	165
634	84	155	168
672	26	127	212
643	58	136	187
608	74	196	143
597	71	225	142
599	60	265	127
632	74	226	132
581	65	285	134
685	30	185	183
879	185	112	18
837	157	25	122
795	98	65	178
727	36	145	120
749	20	108	133
719	31	135	109
735	31	132	106
717	34	135	126
744	89	104	67
808	189	32	10
830	198	27	29
830	170	32	91
795	139	75	131
792	129	76	131
811	173	59	91
716	147	144	97
808	161	65	119
801	181	74	93
789	169	73	63
790	182	84	105
657	38	172	105
702	66	130	80
793	128	57	71
712	56	172	218
553	30	218	210
522	39	240	214
544	0	232	236
532	17	241	254
547	0	246	228
544	12	228	245
542	9	217	264
544	0	211	234
550	18	199	236
556	0	211	214
564	15	191	217
554	18	206	220
549	16	205	203
564	22	207	202
576	8	181	201
587	23	165	211
593	12	157	198
596	24	149	201
595	35	141	206
580	73	142	186
583	91	138	174
608	114	111	162
781	146	22	128
810	157	66	117
813	126	56	113
801	106	72	154
817	136	64	107
771	97	113	173
709	130	112	120
813	140	67	128
823	148	63	113
794	119	97	148
738	142	84	103
802	155	73	131
794	147	85	105
769	112	103	137
843	139	28	116
735	76	133	192
794	138	10	112
803	159	59	61
714	70	149	208
805	138	57	113
668	30	186	245
789	121	60	128
765	115	91	150
790	110	70	129
777	126	87	109
744	95	118	164
783	117	80	120
632	10	232	261
782	106	67	143
639	18	218	201
675	75	114	160
790	132	69	130
659	28	204	186
786	131	71	131
743	101	120	109
763	97	113	137
794	120	69	103
774	117	90	94
776	124	82	92
767	121	87	106
742	108	109	107
611	39	210	188
616	39	184	202
575	20	224	224
523	9	223	222
521	22	209	193
515	24	196	181
532	19	201	191
554	45	212	181
517	13	182	197
519	32	173	197
501	48	180	179
503	36	196	184
502	33	191	185
522	26	212	197
506	36	209	178
549	43	204	199
650	70	176	205
622	82	179	188
546	43	181	186
544	32	179	186
543	22	181	190
542	12	193	217
517	20	211	200
529	16	188	201
528	24	208	213
527	22	196	200
538	10	181	205
544	21	175	216
543	9	174	207
551	24	180	212
555	12	171	209
578	25	154	188
742	123	107	159
683	89	92	166
685	68	76	188
626	42	156	224
738	105	22	124
644	55	195	206
723	102	123	183
596	47	237	227
613	34	163	198
590	25	167	219
585	10	169	209
582	13	175	194
583	23	166	195
596	15	149	191
603	26	139	164
597	29	147	176
608	18	131	171
600	41	134	169
601	19	125	180
596	41	131	191
596	24	129	193
614	32	105	206
599	34	107	198
606	33	91	205
602	34	94	220
597	40	106	200
596	34	110	205
596	29	110	219
594	28	118	215
593	22	119	218
591	23	120	221
588	21	121	221
594	17	119	223
595	23	114	216
593	19	118	228
592	23	122	216
592	30	120	213
594	22	118	217
599	17	112	226
593	19	115	227
596	18	109	236
594	21	111	229
595	22	114	228
601	20	107	234
604	23	104	227
606	26	104	233
605	27	106	231
603	28	108	219
606	27	110	221
607	25	97	229
605	32	109	223
625	35	91	228
644	50	52	222
726	81	17	175
661	49	76	101
705	125	105	94
691	117	100	116
718	127	104	121
718	129	109	133
636	37	89	237
621	33	99	230
614	35	116	239
607	31	122	242
605	27	131	246
601	23	141	254
597	31	153	248
596	23	159	256
593	34	168	232
595	34	164	229
597	29	160	242
597	37	163	234
598	22	163	236
597	38	165	219
601	19	158	229
600	41	160	216
605	17	152	238
603	39	159	218
607	16	154	224
608	33	155	216
614	14	150	221
617	34	150	220
622	14	151	215
662	31	222	224
627	17	120	278
613	21	158	219
653	25	133	224
637	12	116	248
626	14	152	213
643	14	228	249
597	30	193	216
614	34	147	243
614	18	160	240
618	27	143	240
616	14	156	240
617	26	157	240
618	9	141	255
610	16	161	228
611	28	168	216
617	8	159	229
617	23	141	220
614	13	156	228
612	24	161	214
614	18	144	236
608	13	148	233
603	27	155	222
602	16	152	248
597	20	160	233
597	21	161	244
598	11	160	244
595	24	163	231
597	15	159	243
595	18	163	240
594	15	162	242
594	16	147	251
592	30	159	243
598	24	155	258
600	33	149	255
602	33	136	259
608	37	139	251
604	44	139	235
612	46	128	229
614	65	127	222
618	84	115	190
624	99	96	205
629	99	92	192
626	101	90	203
625	108	102	189
623	139	104	158
628	124	85	176
623	146	102	153
626	145	100	157
626	163	103	140
628	159	108	142
631	171	108	115
625	179	116	118
631	183	111	112
622	184	118	122
630	169	104	108
634	178	133	119
636	168	131	130
620	153	113	157
625	142	122	147
691	171	58	127
647	169	54	138
639	169	95	136
618	176	141	131
666	154	111	143
603	141	120	159
607	126	116	180
607	118	120	167
613	139	117	145
617	122	111	175
614	121	118	172
616	128	118	152
621	127	111	161
620	125	119	166
625	119	131	165
633	140	115	156
676	160	83	130
616	170	174	117
608	129	119	151
615	143	122	140
622	126	119	161
624	119	122	158
634	132	126	159
626	124	149	163
629	123	116	150
667	149	105	139
713	169	58	104
630	168	136	109
615	144	147	141
643	130	140	152
626	140	133	132
630	133	151	160
633	123	133	156
621	127	142	145
625	123	151	167
642	123	125	152
618	138	119	128
623	126	162	150
633	123	135	145
615	134	138	144
628	123	130	153
623	127	148	172
627	109	138	173
627	123	132	146
625	131	132	159
628	113	128	168
625	129	133	162
627	111	130	173
628	126	128	150
624	118	122	179
626	112	124	180
627	119	125	163
630	121	113	173
627	113	107	183
627	118	113	177
626	120	108	177
631	135	105	168
631	137	103	166
631	142	103	162
632	150	84	160
630	158	90	150
630	159	91	148
631	155	94	147
631	145	92	160
629	143	97	157
628	142	103	153
629	157	110	139
632	155	81	155
640	151	80	152
634	160	87	145
644	149	75	156
636	149	72	155
640	150	73	152
639	150	78	148
638	147	78	152
637	145	84	153
632	140	76	160
641	145	71	153
634	138	76	156
633	144	78	150
633	143	78	152
631	142	81	154
632	137	79	160
629	139	85	158
630	136	87	162
625	138	88	162
626	134	91	166
624	131	94	169
622	126	84	176
621	128	94	170
619	124	95	175
615	128	102	173
614	126	98	168
613	133	104	167
617	125	101	169
614	127	105	171
614	120	101	171
613	130	106	167
618	119	102	176
614	124	105	172
617	120	104	168
614	131	102	165
621	121	99	170
617	122	104	172
618	114	104	179
616	118	108	177
617	114	108	176
618	113	108	180
618	114	110	178
621	108	109	187
620	105	107	183
623	111	107	173
625	108	101	179
627	108	102	181
630	104	98	186
630	103	93	186
635	102	92	185
637	102	88	184
638	103	91	180
637	103	90	181
641	104	89	180
640	103	93	178
643	102	85	179
646	103	88	178
647	100	90	181
650	98	89	182
652	98	88	182
658	98	87	180
656	97	92	180
659	95	90	182
661	96	87	180
662	95	87	180
663	93	87	180
665	90	85	182
666	89	81	182
669	90	75	178
667	79	74	183
666	89	79	176
669	87	77	175
670	83	86	173
666	82	74	175
676	87	71	162
671	66	64	200
675	85	63	176
674	74	71	176
676	78	57	183
673	75	90	177
669	67	79	181
675	72	61	186
670	68	72	189
671	79	60	180
664	72	87	179
671	71	65	179
668	94	80	162
669	64	72	187
662	93	82	173
668	78	78	186
676	59	75	209
671	61	101	194
666	60	102	193
668	66	92	191
669	62	82	195
671	65	100	205
668	56	100	211
668	60	102	205
668	53	101	212
663	65	107	199
665	77	105	191
672	48	86	221
665	67	97	192
670	57	84	206
669	58	90	200
665	70	122	196
663	57	173	215
662	44	127	220
665	63	216	215
665	22	138	228
659	64	108	198
662	71	91	195
672	55	79	208
669	70	93	188
665	53	81	205
660	71	157	194
649	44	116	229
660	58	116	212
662	53	120	216
661	50	145	219
652	36	111	243
661	50	114	222
659	54	112	218
661	57	110	215
661	66	109	207
664	55	91	218
661	59	100	211
663	61	95	211
668	57	94	215
667	54	91	216
665	58	112	211
661	56	107	213
661	65	98	205
669	57	114	221
662	54	121	198
665	49	124	215
662	43	176	232
659	44	121	232
672	51	119	219
660	55	127	216
660	59	110	192
668	53	81	204
664	64	141	207
659	54	102	194
667	60	111	202
662	51	86	213
666	56	152	213
655	52	113	219
666	51	91	207
667	56	126	219
655	49	98	224
654	67	78	201
654	67	93	210
648	83	78	186
650	61	92	221
647	73	94	191
643	89	106	181
647	81	102	192
649	76	96	196
649	67	94	203
643	77	97	191
646	57	102	221
637	82	103	190
651	45	96	232
639	78	89	190
648	45	92	239
636	75	93	194
645	39	95	235
633	67	94	201
637	36	102	230
630	44	104	227
624	51	114	207
627	50	109	208
624	49	107	217
613	59	117	207
609	60	128	206
605	71	136	200
599	68	141	208
597	77	143	204
589	82	149	205
590	78	147	218
589	67	150	236
589	56	154	228
589	60	150	228
589	54	147	239
591	47	150	242
589	40	153	235
594	36	150	247
598	32	149	235
599	47	148	226
605	29	142	244
606	39	144	229
605	45	140	229
616	33	133	241
616	38	124	237
615	38	131	234
622	34	118	237
624	36	103	222
622	44	117	246
627	44	118	237
627	41	105	231
626	43	117	210
624	46	117	208
630	41	115	206
630	42	120	195
632	43	117	200
631	40	117	196
631	42	120	185
636	47	111	202
633	51	113	199
633	46	117	199
638	48	111	203
636	50	116	193
637	44	118	188
637	42	116	199
637	49	121	191
639	37	119	189
645	31	113	203
644	25	96	202
643	41	108	178
644	37	103	191
641	46	106	178
640	46	105	181
640	43	106	185
643	39	105	182
639	43	97	193
636	39	107	190
634	47	110	179
632	41	110	193
630	39	114	199
630	33	116	190
630	36	114	205
625	31	121	207
625	28	122	213
622	23	125	198
619	43	126	188
618	29	119	197
615	44	122	197
611	34	122	193
611	28	120	217
607	28	129	206
604	35	131	207
603	24	130	216
599	34	129	215
597	23	131	217
595	19	130	239
592	14	138	223
591	23	134	227
590	13	135	226
586	20	130	225
584	11	137	236
579	24	136	228
577	18	142	234
576	13	147	239
573	18	138	231
569	20	150	233
567	17	192	250
560	8	145	240
559	17	193	247
552	13	150	255
551	18	184	256
552	4	172	226
553	28	136	225
550	34	146	225
550	17	155	247
549	9	152	229
551	2	225	266
533	10	165	231
552	12	148	248
554	7	123	243
558	6	132	244
557	11	142	241
552	18	110	245
555	16	150	243
554	15	105	257
556	20	160	237
545	21	123	256
566	14	119	242
555	15	106	243
562	19	122	224
557	13	96	243
562	21	198	202
555	5	96	250
565	18	134	199
561	3	196	249
535	18	121	251
547	18	124	202
543	7	223	239
523	28	358	269
609	91	263	229
717	158	166	148
748	144	121	118
704	132	157	123
771	154	108	111
772	132	100	126
777	129	93	115
767	128	101	122
774	139	92	123
703	83	164	169
646	61	215	223
577	22	276	269
586	69	256	248
545	29	320	274
515	31	151	180
537	26	117	223
532	22	108	222
533	22	117	221
537	19	102	224
534	23	112	215
529	22	120	221
530	20	115	225
529	20	118	221
537	18	116	216
534	31	113	206
537	26	118	215
548	21	114	222
549	22	118	216
552	21	113	212
551	34	114	205
554	28	107	212
554	34	113	199
552	45	109	195
555	39	118	205
562	37	103	205
567	50	163	189
560	56	211	206
642	95	276	214
813	158	115	151
627	67	280	223
787	149	152	194
768	156	133	160
799	167	99	134
614	7	285	280
748	168	210	200
807	149	126	152
803	155	117	137
608	73	304	223
848	154	97	179
840	188	75	131
830	184	89	136
847	205	72	125
750	195	172	135
852	193	92	128
715	219	217	82
742	217	231	71
872	158	108	105
841	169	135	90
818	190	171	74
717	203	270	70
874	173	124	113
736	190	282	118
888	155	121	166
878	179	133	119
926	202	106	122
932	193	91	129
931	204	92	122
932	195	91	125
930	191	96	141
923	177	107	144
917	183	119	151
953	196	103	116
957	189	94	137
956	204	97	122
911	141	148	163
910	186	174	117
993	203	85	111
992	203	90	119
993	179	90	131
992	172	97	136
993	173	101	136
993	171	104	140
993	186	109	116
1000	167	108	137
1002	181	110	102
1012	166	99	109
1019	182	108	131
1022	193	104	107
1029	172	104	121
1035	194	99	78
1048	178	97	141
1047	198	101	126
1049	206	95	124
1051	197	107	108
1058	202	95	123
1056	210	97	81
1072	202	92	115
1073	214	88	94
1083	186	85	121
1075	188	95	131
1074	203	98	116
1091	213	95	98
1090	203	90	104
1118	213	81	110
1123	175	75	137
1117	200	88	117
1118	214	88	106
1145	200	77	111
1145	199	77	121
1142	182	83	131
1139	200	89	107
1142	208	83	106
1153	202	72	106
1153	210	75	107
1151	205	78	112
1148	212	82	101
1145	211	85	109
1132	194	98	114
1168	188	83	106
1170	184	78	129
1166	202	86	112
1167	214	84	102
1161	202	89	106
1165	210	85	113
1151	179	104	131
1194	112	76	204
1178	196	90	113
1180	209	86	100
1184	210	80	98
1184	209	78	103
1183	218	78	99
1136	151	124	163
1152	164	106	131
1187	131	75	165
1177	198	93	126
1177	214	85	102
1101	103	156	205
1148	180	107	130
1178	116	94	177
1170	186	94	110
1168	195	93	112
1171	207	92	115
1133	171	128	136
1166	125	87	132
1154	180	103	99
1099	124	149	162
1100	156	142	151
1144	161	104	150
1063	137	186	165
1121	168	118	132
1164	80	71	194
1153	93	81	157
1134	94	99	219
1102	100	133	181
1106	120	127	163
1076	133	145	171
1080	109	134	189
1023	162	187	151
1102	122	89	175
1092	189	107	130
1085	93	110	216
1020	168	181	143
1108	80	72	201
1110	95	84	152
1112	92	65	217
1101	83	88	221
1096	91	72	220
1087	77	97	210
1092	80	89	183
1090	80	71	223
1082	72	93	192
1080	72	69	260
1064	68	94	251
1057	81	82	235
1053	72	81	253
1043	85	74	245
1027	73	77	245
1025	92	75	228
1000	86	81	249
991	69	84	218
980	81	81	219
970	95	81	222
954	75	76	245
950	102	66	229
918	126	83	208
910	100	77	207
896	82	75	243
880	72	75	229
865	93	79	183
853	101	72	221
835	87	88	187
826	89	86	185
815	93	81	217
804	121	100	208
790	93	87	231
779	162	85	135
765	157	96	179
748	189	85	150
719	85	92	260
701	71	130	174
714	76	96	258
710	67	105	193
713	86	82	239
697	174	104	142
696	187	77	145
675	72	103	237
664	158	124	188
626	214	152	128
683	174	99	164
678	137	105	209
671	160	119	187
673	121	99	181
669	91	110	235
633	144	129	150
659	96	102	211
648	96	125	194
648	104	129	245
643	120	135	222
637	171	145	166
641	198	134	134
650	185	117	139
654	192	110	150
653	156	112	165
651	178	117	153
650	90	117	192
647	156	128	178
648	92	117	180
652	78	116	222
658	160	120	189
654	111	111	184
649	104	123	241
632	137	151	210
541	241	237	105
638	49	135	307
649	92	142	250
644	114	155	236
644	132	157	217
645	158	155	198
658	83	140	250
645	115	161	224
648	139	156	197
648	171	151	185
660	111	133	224
663	147	137	197
674	107	127	219
676	142	134	193
661	169	150	180
684	152	122	177
700	163	105	142
682	121	111	159
583	94	191	155
645	61	129	135
653	58	127	136
661	33	112	149
665	25	108	161
615	52	162	142
679	31	103	156
655	49	130	136
661	24	116	164
645	24	133	177
646	21	131	161
640	40	144	187
