340	182	52	58
337	181	52	60
335	181	51	59
332	179	53	58
332	179	53	59
331	178	52	59
329	178	53	59
327	176	53	59
327	175	53	59
327	173	52	59
328	171	52	59
329	167	53	60
330	167	52	59
330	161	53	62
333	163	54	59
336	161	54	60
338	159	53	60
340	158	55	61
343	160	55	60
344	161	55	61
345	163	56	60
347	163	55	60
347	163	55	60
347	161	54	61
346	159	54	61
345	158	54	61
344	155	54	62
341	156	54	60
336	153	55	61
332	154	55	60
327	154	55	60
323	154	56	61
320	153	55	61
317	153	56	60
313	152	57	60
310	150	56	62
308	150	56	62
304	150	57	62
303	149	56	63
302	149	56	63
300	150	57	63
301	151	56	63
300	152	56	63
300	153	56	63
303	155	57	61
302	154	55	63
303	154	56	63
306	156	57	61
306	155	56	63
308	155	56	61
309	153	55	61
307	152	55	61
307	150	57	62
305	149	56	62
304	148	56	63
303	146	56	63
300	147	57	62
299	148	56	61
299	147	57	63
297	148	57	62
298	146	58	64
298	146	57	64
299	146	57	64
300	147	58	64
300	149	58	62
302	149	60	63
301	148	58	63
300	148	57	64
301	149	57	64
300	148	58	64
300	150	59	64
301	149	58	65
300	149	58	65
302	147	58	66
300	149	59	64
303	149	59	66
301	152	59	63
301	153	62	64
300	156	60	62
300	157	60	63
302	159	60	63
299	160	61	63
301	162	61	63
298	162	63	65
299	164	62	65
298	165	63	66
296	169	64	65
296	170	64	66
298	173	64	65
298	177	63	64
297	176	68	64
296	179	67	64
297	180	70	62
297	181	69	62
295	182	72	61
296	183	73	60
296	184	74	60
296	186	76	59
294	186	79	59
297	187	78	58
302	189	76	57
295	188	82	57
306	187	73	58
300	187	81	57
309	187	72	58
305	185	73	58
313	186	65	57
304	181	74	60
312	182	68	58
317	183	64	55
309	173	75	62
316	175	65	60
317	177	67	56
312	170	75	61
312	172	70	60
314	172	72	58
311	172	75	58
310	172	76	58
313	170	72	59
311	170	73	58
316	168	69	60
318	168	65	59
316	165	68	61
317	167	66	58
315	168	68	58
314	165	68	61
315	167	67	60
311	167	70	60
312	166	68	61
310	169	70	60
308	171	74	61
309	172	71	61
310	172	71	63
310	173	70	62
310	175	73	62
311	177	73	63
312	179	74	63
312	181	74	64
312	183	74	64
313	180	72	66
313	180	73	64
311	182	78	65
312	178	74	68
310	181	78	66
312	182	75	66
310	182	79	67
307	183	82	68
306	185	82	69
305	187	81	71
302	190	85	72
302	192	84	72
304	195	83	71
307	197	83	74
304	200	85	76
305	204	82	73
303	207	84	71
299	206	86	72
297	202	86	76
296	205	86	73
299	205	82	72
291	202	88	75
288	204	88	74
293	202	84	76
287	201	89	75
292	200	87	77
289	192	90	82
294	196	83	76
289	191	92	79
295	193	84	76
290	192	90	76
288	192	92	76
292	190	87	77
290	188	93	78
295	187	89	80
290	185	96	80
294	187	90	78
292	187	94	79
293	186	94	80
294	186	94	79
297	182	93	82
296	183	94	79
295	183	95	80
298	184	91	79
293	184	95	79
297	185	91	79
294	186	94	78
293	187	94	80
293	188	93	79
290	186	97	81
296	186	89	80
292	189	95	79
293	189	94	79
298	187	92	82
299	189	90	79
296	190	94	79
298	191	91	80
296	191	93	80
299	191	90	80
297	193	93	79
300	191	90	81
300	194	91	79
302	193	91	80
301	194	91	79
301	191	93	81
305	189	89	80
301	185	94	81
302	185	92	80
306	180	90	82
300	180	94	80
300	182	91	78
297	183	94	78
296	184	93	78
299	185	91	79
295	188	94	79
294	189	93	80
297	189	90	81
294	192	93	80
300	188	90	82
294	185	95	83
304	166	96	97
298	172	97	85
295	172	95	85
297	175	89	83
289	177	96	82
296	173	92	83
294	173	94	82
298	166	92	84
292	170	94	81
301	169	88	80
295	171	92	79
302	173	87	79
298	173	93	79
300	175	89	79
306	178	87	81
301	180	90	81
307	184	84	83
302	190	88	82
308	191	85	79
301	191	93	79
308	193	85	79
308	192	91	78
302	193	94	79
310	192	88	80
303	195	93	79
307	195	88	78
301	195	93	78
309	193	87	80
302	197	92	79
307	199	85	80
301	203	92	79
302	206	87	81
303	209	88	80
295	210	94	82
302	207	90	83
296	210	93	81
301	206	92	82
295	209	95	81
301	205	90	83
297	208	94	79
304	205	90	81
297	203	97	80
308	201	88	80
301	199	93	80
307	196	88	80
301	197	91	78
304	196	88	77
298	195	91	78
303	194	87	77
300	196	90	76
303	195	88	76
301	195	90	77
302	194	88	77
299	195	91	76
301	195	88	76
300	196	89	76
297	198	90	76
300	198	88	76
295	200	92	77
302	199	84	78
297	201	88	75
297	201	88	75
294	200	91	76
299	199	87	76
294	202	90	76
303	198	84	79
298	200	88	76
305	195	85	78
300	197	86	75
303	195	87	75
298	197	89	74
306	190	84	80
301	194	87	74
304	195	85	74
305	196	85	73
305	198	86	72
304	199	88	75
315	202	81	77
315	206	83	74
323	208	79	74
324	211	79	72
324	214	80	73
327	216	78	72
327	219	79	73
333	219	76	73
331	221	80	70
334	222	77	70
332	223	79	69
328	225	80	69
332	222	77	71
331	223	78	69
338	219	77	73
337	222	76	68
341	221	75	71
340	220	78	69
345	215	77	72
343	217	76	69
343	208	79	74
344	211	76	69
344	202	83	76
342	205	80	73
343	208	78	69
345	206	80	70
349	205	77	70
345	198	83	73
348	200	78	70
349	194	84	74
351	196	78	70
351	196	84	69
352	194	81	70
352	195	84	68
348	194	90	69
354	193	83	69
346	192	90	69
356	191	82	69
349	190	88	68
358	189	81	67
349	188	88	67
360	188	79	67
357	190	82	65
364	190	78	65
363	190	79	64
370	190	74	64
360	191	83	63
371	190	73	65
371	190	74	63
369	191	75	61
370	191	74	62
367	191	76	61
368	190	75	62
368	191	75	62
367	192	75	63
369	191	75	64
368	192	75	63
367	191	75	63
369	191	73	63
365	192	77	62
372	192	71	63
370	193	73	62
372	193	72	63
368	193	76	63
371	193	73	62
368	192	77	63
369	191	75	63
369	192	74	63
370	193	74	62
368	193	76	63
371	195	73	63
368	196	77	63
370	197	74	63
367	197	77	63
369	197	73	62
365	195	77	64
370	196	73	63
370	195	74	63
372	196	72	62
373	195	72	63
374	195	71	63
368	193	77	64
372	194	73	63
370	196	74	62
372	195	73	63
368	195	76	63
372	195	73	63
368	195	76	63
367	195	76	64
366	196	75	63
362	199	78	63
363	200	75	63
365	201	72	63
364	200	75	63
364	200	73	63
366	197	73	64
364	197	76	63
367	197	73	63
365	197	75	63
366	196	75	63
364	196	75	63
368	197	72	62
364	197	76	62
364	197	74	62
364	197	75	62
365	197	75	62
365	196	77	62
364	196	76	62
367	197	73	62
367	197	74	62
367	196	74	62
364	197	76	62
365	196	73	63
365	197	73	63
366	198	71	63
364	199	73	63
365	199	72	63
364	199	72	63
367	198	71	63
363	199	74	63
366	200	73	63
363	199	75	64
365	199	73	64
365	199	75	63
365	200	74	64
368	201	72	63
367	200	73	64
370	201	70	63
373	200	67	63
371	200	69	64
371	199	69	64
371	200	69	63
369	200	71	64
369	201	71	62
368	200	72	63
369	200	70	62
364	200	76	62
364	200	76	62
363	199	77	63
364	195	74	67
369	181	67	79
370	170	76	90
372	160	95	90
379	164	94	80
384	163	88	80
390	156	87	82
395	153	82	82
385	158	87	83
391	160	82	80
386	159	85	80
389	163	84	77
388	165	82	77
389	163	82	80
387	164	83	80
389	167	83	77
386	165	83	80
386	166	84	79
388	168	82	78
388	167	82	79
388	170	81	78
390	167	81	81
389	169	80	80
390	166	80	83
392	171	78	78
388	162	81	85
392	169	76	79
390	161	80	84
404	169	66	74
405	173	66	72
409	178	62	75
401	176	74	76
397	177	79	77
403	178	75	71
405	176	67	70
384	175	83	65
395	176	66	63
403	161	54	74
403	171	62	60
402	175	83	80
366	106	89	143
237	118	228	114
312	118	207	162
382	120	136	160
358	144	140	128
396	157	93	117
406	174	75	89
405	177	75	81
404	181	76	78
407	182	75	77
404	178	78	79
409	181	74	76
405	173	80	81
408	178	76	76
404	173	81	79
409	178	76	75
403	175	81	80
407	180	76	77
401	174	82	82
406	180	76	76
397	171	83	83
402	178	76	80
395	170	81	85
398	176	75	79
393	172	80	82
392	174	79	79
388	172	82	80
393	176	76	76
388	171	80	81
392	177	76	76
390	171	80	80
394	176	75	75
390	172	80	81
395	177	76	77
391	172	80	80
395	176	76	76
390	170	81	82
394	175	74	78
391	172	79	79
391	175	77	79
391	172	79	78
393	176	74	78
390	170	79	81
393	175	75	76
393	171	76	79
393	175	75	76
396	176	73	76
394	174	76	77
396	176	75	76
397	178	74	74
393	171	78	80
397	176	74	74
395	172	77	76
396	174	77	74
395	171	78	76
399	174	75	74
399	171	77	75
399	174	76	73
402	172	75	74
404	174	74	76
402	170	80	77
406	174	75	74
403	167	80	79
405	172	77	75
406	174	78	77
405	176	80	75
406	176	79	75
401	171	84	81
404	176	80	78
398	174	83	82
402	178	81	77
402	172	83	81
401	172	82	80
400	169	81	82
398	166	83	84
396	167	82	82
395	168	84	79
391	162	85	86
390	167	84	80
388	160	85	86
386	162	86	84
384	160	87	85
382	159	88	85
380	157	88	86
379	155	88	87
380	156	88	82
379	148	91	89
383	152	86	82
377	141	91	93
383	147	87	84
378	137	92	92
379	143	88	86
378	138	90	89
376	141	90	87
375	142	91	86
372	141	91	88
373	143	90	85
370	138	91	91
373	144	89	84
366	139	94	90
371	144	88	85
366	143	94	86
367	146	92	85
366	146	91	86
364	146	92	87
363	147	92	85
364	145	89	86
362	143	89	87
363	146	87	83
357	137	92	91
361	143	89	84
359	140	89	87
362	145	85	83
353	135	93	93
358	142	87	86
353	140	90	88
356	145	86	82
350	139	91	90
355	145	85	85
349	139	92	89
353	144	87	84
346	137	91	92
352	144	88	82
346	132	93	93
352	138	89	83
353	130	91	88
356	133	89	83
356	126	89	89
357	131	89	83
359	134	87	85
360	138	87	84
356	141	85	91
356	148	87	83
357	151	88	83
355	154	85	87
355	159	86	81
354	159	86	83
355	163	86	80
356	166	84	83
357	170	85	78
359	172	85	78
360	174	85	77
362	176	83	77
363	177	84	75
364	179	84	75
365	179	83	76
364	182	80	80
363	186	81	77
362	188	82	77
361	191	80	77
357	192	81	79
356	195	81	77
351	194	82	79
351	197	81	76
350	193	81	79
349	195	81	75
352	190	81	78
354	191	80	75
354	180	83	82
361	183	82	74
360	170	84	83
366	175	83	74
364	172	84	78
370	173	82	74
371	165	82	79
375	169	81	73
375	162	83	78
381	166	80	73
382	164	80	74
383	162	81	75
386	165	78	73
384	160	81	76
389	164	77	71
385	157	80	79
387	162	77	75
387	159	80	75
388	161	78	73
390	160	79	73
392	159	78	72
394	160	78	71
396	147	81	81
402	152	78	76
407	140	80	84
412	147	76	79
412	140	79	82
416	146	76	77
410	139	83	83
415	144	79	75
406	140	87	77
408	140	86	71
399	137	93	70
403	133	86	68
403	132	83	63
401	130	80	62
409	129	74	62
397	117	112	71
386	17	131	171
372	44	155	162
376	54	145	139
366	36	180	172
351	54	181	147
339	35	210	167
366	62	167	135
343	26	203	167
378	53	178	151
353	33	187	162
379	53	190	153
360	77	187	122
357	48	204	157
384	70	167	141
359	62	193	144
384	85	189	131
372	45	181	170
389	75	184	136
370	49	183	162
389	78	187	136
371	48	182	165
387	68	191	147
368	72	189	148
397	92	170	123
400	94	155	120
387	115	136	94
382	128	65	55
376	127	63	70
375	132	59	65
361	131	69	77
357	137	57	64
348	137	62	70
346	137	60	64
335	136	66	73
335	140	60	63
329	140	61	67
326	142	59	65
323	145	60	68
321	144	59	65
317	146	61	69
314	148	60	66
313	150	61	69
311	150	60	66
306	152	62	70
307	152	59	65
302	154	62	70
302	153	60	66
297	153	63	71
299	154	60	65
295	154	62	71
296	154	61	66
294	154	62	71
293	155	61	65
292	155	62	69
293	152	62	67
290	155	63	70
291	151	62	67
288	154	63	70
291	153	61	65
286	152	63	71
288	152	61	65
283	152	63	70
286	151	61	65
285	148	62	69
284	146	60	67
281	146	61	67
280	140	59	69
276	142	61	68
277	140	59	67
274	136	59	69
274	138	57	65
273	132	57	67
271	132	58	64
271	129	59	64
271	127	57	64
269	123	58	64
266	124	58	61
267	120	55	63
268	116	53	66
265	116	55	64
266	108	52	66
264	109	57	62
266	103	53	64
266	106	57	58
269	102	59	60
267	106	58	57
269	99	57	61
270	104	55	61
270	102	58	61
270	105	59	56
270	106	56	55
271	107	55	59
271	107	57	59
270	111	57	55
270	114	57	57
270	118	59	57
266	121	59	58
268	125	57	58
266	128	57	53
265	129	56	57
266	129	56	57
267	132	57	56
266	132	57	55
267	134	55	55
267	130	58	57
266	134	56	57
266	134	59	55
264	137	57	53
267	132	58	56
265	135	56	55
267	131	59	57
265	135	57	55
267	131	58	57
263	135	58	54
266	135	58	53
261	136	58	52
263	136	59	53
259	137	59	54
259	138	59	53
260	139	60	53
266	131	50	60
268	128	52	57
267	133	52	57
267	136	51	51
261	130	56	56
261	134	53	56
262	132	53	59
260	132	56	56
260	131	56	56
264	127	52	62
265	126	50	63
265	126	51	61
264	120	54	60
264	124	57	54
266	116	57	59
266	118	61	52
269	113	58	55
269	113	61	53
272	109	63	55
275	110	61	51
277	101	61	58
280	104	56	52
279	93	61	60
283	95	61	53
288	88	62	58
290	86	59	61
290	79	68	67
295	85	62	59
304	87	62	54
305	78	59	63
307	75	88	95
306	61	197	206
269	74	222	209
283	88	195	178
277	94	189	169
276	96	212	164
272	100	203	163
276	92	212	169
281	92	199	170
283	91	197	175
286	94	194	174
279	92	206	171
276	85	206	179
258	67	228	199
285	71	216	204
280	102	209	173
270	72	219	194
257	77	230	198
307	109	188	166
250	82	228	185
293	114	209	156
280	98	195	173
270	87	224	191
301	126	182	153
254	73	220	194
318	130	191	144
321	118	163	162
277	96	199	173
298	117	207	166
309	106	173	170
326	96	157	188
326	111	152	170
332	117	145	134
348	105	140	106
369	72	114	129
364	98	118	92
394	90	90	93
397	97	78	89
398	103	73	84
398	107	70	86
399	102	68	85
399	105	67	83
399	109	66	80
400	100	68	83
401	103	83	81
407	89	70	88
407	96	69	79
406	96	67	83
407	89	66	86
405	91	68	80
405	94	65	83
406	89	69	84
406	93	69	77
408	90	66	81
407	93	65	86
406	88	69	84
404	96	69	84
405	91	68	84
405	92	68	80
405	96	66	79
406	92	66	81
405	93	66	82
406	91	71	84
406	97	69	81
408	91	69	84
408	95	67	80
408	94	66	81
405	93	68	86
405	91	67	89
403	92	69	89
403	91	69	87
403	91	69	89
403	87	69	93
403	84	71	94
403	84	71	90
402	87	71	91
402	82	69	96
402	81	71	90
402	89	70	91
402	82	71	93
402	91	70	89
403	85	70	93
403	89	71	87
403	87	70	90
403	86	71	92
403	85	71	91
402	87	71	85
402	92	70	88
403	84	70	89
402	92	70	88
402	85	70	90
402	88	70	86
403	83	69	88
402	90	69	88
403	82	71	88
402	91	70	87
403	83	69	91
402	91	70	86
403	85	68	91
402	89	70	84
403	87	69	86
403	88	69	90
403	89	68	88
403	87	67	89
403	88	69	83
404	87	66	88
403	87	68	88
403	88	68	83
403	88	67	85
404	88	68	87
403	87	67	84
403	86	65	88
403	87	68	88
403	87	66	86
403	88	66	88
403	88	68	88
403	87	67	84
403	88	64	89
403	88	69	85
403	89	67	85
403	88	66	87
402	88	67	86
402	88	66	86
402	91	64	88
401	90	64	85
402	89	66	84
402	88	65	87
402	88	67	87
401	89	65	84
400	87	67	88
399	86	65	84
398	88	67	87
398	85	68	86
398	88	65	84
398	88	68	84
397	89	65	87
398	87	73	87
395	93	70	85
396	87	67	85
396	91	65	84
396	88	68	86
394	91	64	85
396	90	73	87
393	94	69	85
396	91	72	84
395	90	65	82
396	89	73	88
394	92	70	84
397	94	70	81
396	91	66	85
396	90	68	85
395	88	68	85
395	89	66	82
396	89	66	87
395	88	68	86
394	88	67	84
394	89	67	83
394	89	72	82
393	92	65	82
394	89	72	85
393	89	68	83
393	90	66	87
393	89	67	84
393	90	69	85
392	91	68	89
392	94	69	84
393	92	70	86
392	92	67	84
394	92	69	84
394	93	66	86
395	91	67	86
396	90	68	85
394	92	66	86
395	90	66	87
393	91	64	85
393	94	64	86
393	95	64	87
391	96	67	86
391	97	67	86
392	97	66	88
393	101	65	85
393	97	65	84
394	102	64	83
394	100	65	82
393	102	66	80
392	101	65	81
389	105	67	82
391	102	66	82
390	105	66	82
390	102	67	85
387	106	69	81
384	109	69	83
386	102	67	84
384	107	68	79
383	106	67	80
381	108	67	84
383	109	70	83
382	113	68	76
383	113	64	77
383	111	63	82
382	118	62	79
381	116	64	78
380	116	64	77
380	118	63	80
380	113	63	79
380	117	62	81
379	113	66	79
379	120	62	80
377	120	65	78
377	126	63	81
376	125	64	79
377	125	63	78
376	129	62	77
376	125	63	78
376	134	60	79
374	133	63	78
374	136	62	77
374	136	61	77
375	139	61	80
372	142	63	74
371	143	62	77
371	139	62	76
371	136	61	78
371	141	60	81
370	139	63	77
369	140	62	75
370	139	60	81
370	136	68	80
371	140	63	79
371	139	66	78
371	141	64	78
370	140	64	79
369	137	65	80
369	137	67	78
370	137	64	78
370	136	64	79
370	136	63	78
370	136	65	79
368	135	65	79
367	133	66	78
368	132	63	78
367	134	63	78
367	128	68	80
367	134	65	82
366	132	65	80
366	130	66	78
367	132	64	78
367	131	65	78
366	130	65	81
363	130	66	79
364	129	65	81
364	130	67	79
364	131	65	80
362	131	66	78
363	129	65	82
363	131	65	79
364	130	64	82
361	132	66	78
363	131	66	84
362	134	66	83
361	138	66	79
361	135	64	82
360	133	66	80
359	134	65	79
359	133	64	79
359	134	63	84
359	134	68	80
360	135	66	77
361	131	65	79
362	130	63	78
361	130	62	84
360	127	66	79
360	132	63	82
358	128	65	83
358	129	66	79
359	130	63	80
359	128	66	77
359	129	63	81
359	125	66	79
359	129	63	83
358	128	65	83
356	130	66	81
354	128	66	80
353	126	65	78
353	124	63	83
352	125	64	82
350	128	65	81
349	126	66	79
349	124	64	81
349	125	65	80
348	126	65	83
347	127	66	77
348	125	64	80
348	127	63	80
348	128	71	79
350	130	66	77
351	127	63	77
351	130	61	83
349	127	66	80
349	128	65	80
348	130	65	79
348	127	64	77
348	124	65	84
347	129	65	84
347	126	67	81
348	126	66	81
348	130	67	80
346	129	66	80
346	129	66	76
346	127	64	84
342	128	67	80
342	125	67	79
342	129	65	84
341	127	66	84
341	124	69	81
341	127	65	82
340	126	66	81
340	126	65	81
340	127	65	81
340	129	66	80
340	127	67	78
341	128	65	82
340	127	66	79
340	125	65	81
338	127	66	84
337	126	67	81
335	126	68	80
335	126	67	82
333	127	67	82
331	128	68	81
331	123	66	83
327	123	68	84
324	121	70	86
322	121	70	84
322	117	69	83
322	118	67	90
321	116	74	85
321	121	70	88
321	121	69	86
321	117	70	84
322	120	67	91
319	121	71	83
320	118	70	86
321	119	71	88
322	118	73	84
323	118	69	92
323	119	76	86
323	121	72	91
324	119	73	88
325	120	71	88
325	120	72	85
325	122	69	94
320	127	74	91
319	126	73	88
319	125	71	85
320	128	68	93
317	129	72	87
319	125	73	85
320	126	70	92
319	125	73	87
318	125	72	91
318	126	73	87
318	124	72	88
318	123	72	88
317	128	70	90
317	124	72	87
317	126	71	91
317	126	74	88
316	130	71	87
316	124	72	91
316	123	72	90
316	126	72	90
316	121	73	89
317	129	70	91
317	126	76	90
318	126	72	85
319	127	70	91
319	125	72	87
319	126	71	91
319	124	72	91
319	130	71	87
319	126	72	88
319	126	71	87
320	126	68	90
319	124	71	87
319	124	70	91
319	125	72	87
319	127	71	92
319	126	74	89
320	127	73	87
