0.006344
0.035783
0.043410
0.031284
0.033061
0.032499
0.031075
0.038418
0.031584
0.039587
0.042305
0.031085
0.059762
0.031796
0.028340
0.043189
0.033588
0.040266
0.033774
0.031317
0.046195
0.032932
0.049391
0.032763
0.037490
0.036697
0.040024
0.034950
0.045132
0.038202
0.035234
0.035688
0.044482
0.047575
0.037978
0.044902
0.038435
0.050593
0.048584
0.047888
0.039726
0.033927
0.034202
0.030386
0.034913
0.037869
0.038050
0.033303
0.048984
0.043270
0.037063
0.033417
0.033446
0.040692
0.040738
0.033208
0.040815
0.034167
0.049292
0.028630
0.049850
0.035780
0.030656
0.045597
0.041147
0.040812
0.034835
0.041368
0.041233
0.052835
0.040021
0.048772
0.035565
0.030559
0.033251
0.042837
0.059478
0.036098
0.036718
0.029231
0.034197
0.032814
0.047702
0.033087
0.045810
0.035394
0.048188
0.042964
0.035620
0.047779
0.041987
0.034501
0.040732
0.034989
0.044960
0.039726
0.028111
0.032332
0.030419
0.032338
0.035846
0.033553
0.032201
0.033085
0.035365
0.045237
0.037271
0.031374
0.037726
0.058013
0.034933
0.041483
0.040833
0.051228
0.052914
0.034636
0.051557
0.046357
0.035134
0.042860
0.032650
0.043959
0.045086
0.036535
0.031631
0.033133
0.051250
0.038023
0.050520
0.039493
0.045911
0.044233
0.066593
0.030817
0.027759
0.027820
0.048050
0.053851
0.039985
0.039642
0.042914
0.041303
0.040078
0.043554
0.036139
0.034441
0.034447
0.045120
0.046623
0.038825
0.049090
0.036377
0.038287
0.036504
0.035645
0.032505
0.032561
0.037089
0.039657
0.033255
0.030865
0.047813
0.034292
0.031807
0.044472
0.045780
0.038397
0.032252
0.033072
0.042104
0.047574
0.033302
0.034562
0.039448
0.033998
0.031406
0.034246
0.041553
0.028961
0.029475
0.035355
0.041431
0.036877
0.044231
0.041833
0.031637
0.036918
0.037940
0.033710
0.043800
0.040970
0.038771
0.037031
0.052323
0.046922
0.043052
0.033944
0.037529
0.031082
0.044556
0.034438
0.041481
0.036511
0.037001
0.046602
0.041678
0.034599
0.033678
0.036283
0.040015
0.036084
0.043085
0.040519
0.041204
0.039173
0.044565
0.048407
0.038952
0.030374
0.049891
0.047319
0.035268
0.047144
0.046142
0.047788
0.039045
0.054391
0.049745
0.035714
0.031839
0.036230
0.042848
0.033867
0.033108
0.039391
0.058137
0.040470
0.035779
0.036718
0.028687
0.041418
0.034761
0.050067
0.034419
0.030441
0.029834
0.042412
0.032059
0.031672
0.036836
0.037406
0.038017
0.037286
0.044644
0.038652
0.039385
0.031734
0.035677
0.056419
0.043775
0.042425
0.039984
0.032868
0.044102
0.030640
0.030452
0.029758
0.034382
0.051859
0.038232
0.034987
0.034320
0.037092
0.036913
0.047003
0.054449
0.039441
0.044209
0.033773
0.042648
0.036708
0.031329
0.032555
0.046172
0.033146
0.035419
0.035761
0.027684
0.041145
0.059503
0.033236
0.048779
0.043880
0.038880
0.035425
0.043674
0.035017
0.054274
0.046413
0.046111
0.044402
0.030186
0.033655
0.031839
0.033342
0.039639
0.048694
0.043171
0.049071
0.042368
0.034848
0.041128
0.055585
0.040015
0.040681
0.034453
0.034648
0.034855
0.046842
0.028480
0.032273
0.046633
0.039387
0.054161
0.031884
0.038247
0.036321
0.044824
0.038888
0.040935
0.049076
0.029792
0.036572
0.032414
0.037826
0.037787
0.040463
0.053024
0.057967
0.032860
0.049211
0.036122
0.040275
0.035467
0.042826
0.038593
0.041852
0.045480
0.039203
0.042057
0.039611
0.031011
0.033058
0.033508
0.037077
0.036262
0.043009
0.039370
0.032073
0.054006
0.047400
0.041874
0.046675
0.035597
0.044304
0.040783
0.032341
0.038793
0.046688
0.039696
0.040705
0.051358
0.044843
0.048901
0.036688
0.031486
0.046762
0.049365
0.036874
0.038589
0.040018
0.031852
0.036336
0.048722
0.048526
0.036730
0.036160
0.037245
0.036706
0.047270
0.035924
0.032940
0.031421
0.033338
0.032341
0.036906
0.041576
0.048424
0.046209
0.038092
0.037052
0.036099
0.043532
0.052940
0.039816
0.037365
0.042534
0.030410
0.031698
0.040696
0.036360
0.037594
0.032574
0.030837
0.040900
0.038732
0.036410
0.039184
0.048228
0.036234
0.030510
0.037217
0.034159
0.038805
0.048918
0.036443
0.035868
0.032154
0.033057
0.042717
0.056324
0.050402
0.039922
0.042351
0.042881
0.052355
0.038425
0.037246
0.034373
0.049009
0.043417
0.039079
0.035773
0.044448
0.037864
0.041852
0.032896
0.038410
0.038735
0.038601
0.035562
0.050943
0.026115
0.033832
0.026928
0.039938
0.042334
0.037654
0.032041
0.049617
0.034794
0.048170
0.038095
0.040327
0.028945
0.030659
0.025211
0.027724
0.051256
0.030340
0.029942
0.047889
0.038500
0.031360
0.032714
0.046654
0.034186
0.041792
0.041534
0.034812
0.039135
0.042431
0.049166
0.042910
0.032477
0.032467
0.034634
0.057926
0.041867
0.044733
0.050127
0.034431
0.047531
0.041441
0.037465
0.049177
0.034851
0.035883
0.047127
0.030710
0.039800
0.048291
0.040217
0.030915
0.025202
0.032280
0.046032
0.045139
0.039043
0.042110
0.033919
0.057217
0.054137
0.033789
0.040867
0.039594
0.033873
0.043376
0.036127
0.035882
0.043667
0.055794
0.045239
0.040197
0.038164
0.037300
0.042263
0.040203
0.038727
0.039861
0.040182
0.053965
0.056004
0.051918
0.053707
0.041595
0.035335
0.044094
0.037784
0.035891
0.038781
0.045970
0.039497
0.053600
0.034716
0.044620
0.030144
0.028688
0.037272
0.032568
0.034483
0.031183
0.034148
0.060698
0.039857
0.038415
0.035086
0.037145
0.031680
0.039150
0.048467
0.035888
0.036155
0.032115
0.039103
0.038617
0.031960
0.031228
0.040540
0.030707
0.031249
0.041775
0.030494
0.029849
0.041754
0.047761
0.037669
0.035376
0.033113
0.033055
0.038480
0.035744
0.048681
0.038120
0.039812
0.044689
0.035892
0.033013
0.050193
0.040664
0.038252
0.031986
0.035418
0.040591
0.045596
0.031213
0.044224
0.039365
0.041776
0.034881
0.045418
0.035505
0.055103
0.029875
0.031743
0.046185
0.029309
0.040976
0.044821
0.046175
0.036231
0.048753
0.035129
0.034977
0.039539
0.038174
0.047198
0.034167
0.032007
0.038263
0.043668
0.036330
0.046619
0.036938
0.045502
0.033688
0.038977
0.035066
0.037039
0.059955
0.048015
0.048553
0.034779
0.031537
0.031473
0.032588
0.041968
0.026639
0.028645
0.030125
0.044879
0.032607
0.033139
0.033502
0.028969
0.034896
0.039740
0.045955
0.032278
0.029793
0.034216
0.037941
0.029121
0.053840
0.040170
0.040651
0.027048
0.037797
0.048729
0.043737
0.050224
0.069060
0.063161
0.039526
0.032540
0.033084
0.036857
0.033527
0.027541
0.037326
0.040619
0.045846
0.052976
0.042406
0.038356
0.048757
0.043684
0.033738
0.038590
0.033171
0.044832
0.034485
0.037975
0.030206
0.033030
0.034654
0.030734
0.032433
0.032515
0.040138
0.038086
0.033229
0.034224
0.030304
0.038650
0.043966
0.040612
0.045427
0.035886
0.038829
0.029792
0.035052
0.040994
0.032545
0.055189
0.037469
0.052324
0.031076
0.031005
0.033901
0.044279
0.033982
0.051760
0.043580
0.028576
0.028280
0.040457
0.043132
0.041491
0.039332
0.037333
0.036924
0.030509
0.034554
0.033362
0.029114
0.046801
0.028529
0.043974
0.028699
0.047608
0.048326
0.037857
0.037716
0.051947
0.043650
0.042940
0.051747
0.035507
0.031404
0.038627
0.038858
0.042539
0.032419
0.049584
0.034641
0.032140
0.029977
0.032348
0.044080
0.031015
0.034860
0.036563
0.049058
0.032722
0.041939
0.044139
0.041822
0.057809
0.047252
0.045561
0.029353
0.039151
0.038572
0.031191
0.032807
0.029973
0.048985
0.052118
0.048041
0.042905
0.035657
0.050462
0.034071
0.042705
0.059214
0.046898
0.055935
0.031548
0.033579
0.035520
0.043807
0.032747
0.051384
0.032552
0.036518
0.030008
0.031405
0.036459
0.027733
0.038813
0.033617
0.035039
0.026996
0.050820
0.040077
0.049027
0.045868
0.034111
0.022820
0.032176
0.044530
0.046163
0.026088
0.039510
0.047849
0.035942
0.032914
0.036829
0.029924
0.051246
0.035479
0.038417
0.032644
0.032605
0.040398
0.031445
0.040846
0.032274
0.032157
0.031828
0.050738
0.037087
0.031275
0.035154
0.026008
0.034730
0.030720
0.036048
0.042742
0.052036
0.035151
0.035862
0.039610
0.029784
0.036466
0.032287
0.033509
0.033476
0.035114
0.041141
0.033669
0.047579
0.039289
0.033830
0.038849
0.038291
0.031742
0.034050
0.032978
0.034136
0.038878
0.030642
0.031247
0.043086
0.033882
0.031333
0.039885
0.032303
0.035637
0.031538
0.029541
0.039087
0.034456
0.030787
0.040448
0.047374
0.058258
0.051505
0.032791
0.037920
0.052148
0.035023
0.034452
0.045876
0.036558
0.052116
0.043571
0.038031
0.042576
0.050493
0.036402
0.045083
0.055899
0.041031
0.054019
0.050535
0.045689
0.050965
0.029178
0.038042
0.046722
0.034738
0.047368
0.041708
0.044045
0.047637
0.041160
0.031040
0.036364
0.035689
0.030996
0.065473
0.046018
0.036698
0.041841
0.047559
0.034014
0.034273
0.033471
0.032525
0.026631
0.043176
0.044215
0.033905
0.038251
0.036927
0.030682
0.032217
0.033120
0.034469
0.040331
0.052644
0.035084
0.045364
0.038266
0.039110
0.035866
0.037142
0.039612
0.038770
0.037281
0.031298
0.034274
0.035011
0.035090
0.048031
0.031549
0.033622
0.045669
0.038024
0.051178
0.042229
0.032634
0.042980
0.035129
0.032324
0.056124
0.045966
0.046304
0.033223
0.039680
0.037266
0.037958
0.031896
0.033869
0.038368
0.040849
0.051683
0.029564
0.048467
0.042332
0.048455
0.033229
0.047144
0.034494
0.033104
0.038323
0.036176
0.048371
0.041935
0.046202
0.033358
0.044217
0.031197
0.045738
0.050942
0.038828
0.034839
0.032701
0.047795
0.043097
0.033643
0.043811
0.050720
0.033172
0.042646
0.032793
0.034735
0.042698
0.031821
0.058310
0.046924
0.037409
0.032703
0.037102
0.047958
0.041573
0.037122
0.035764
0.047690
0.042479
0.049079
0.036944
0.038197
0.043282
0.043825
0.035648
0.032306
0.050165
0.053344
0.037171
0.047302
0.047374
0.051116
0.046437
0.043066
0.049946
0.046251
0.042192
0.050027
0.050281
0.039227
0.038000
0.038338
0.037714
0.038810
0.046775
0.044299
0.045577
0.039656
0.042915
0.035229
0.031611
0.036952
0.032357
0.048602
0.036973
0.051238
0.035750
0.051834
0.050446
0.044516
0.048155
0.050964
0.031919
0.054430
0.035488
0.027910
0.037097
0.055073
0.058252
0.037846
0.040298
0.036803
0.039898
0.037406
0.059807
0.033983
0.037642
0.041536
0.049322
0.037885
0.037260
0.039747
0.048066
0.050833
0.049906
0.040954
0.059539
0.043429
0.045156
0.035178
0.043850
0.032990
0.030898
0.039659
0.034776
0.037368
0.032285
0.044006
0.039147
0.054547
0.033179
0.044032
0.042488
0.047569
0.061796
0.053918
0.034400
0.046414
0.042489
0.038576
0.040984
0.036445
0.048834
0.044794
0.047162
0.042600
0.035890
0.035555
0.034718
0.034797
0.044125
0.049840
0.042264
0.036137
0.038157
0.045164
0.051862
0.036777
0.032123
0.049627
0.059389
0.043405
0.050590
0.028712
0.033105
0.050548
0.047439
0.039965
0.041418
0.036800
0.040241
0.037266
0.041716
0.050685
0.034488
0.041252
0.039450
0.046476
0.043776
0.044071
0.043681
0.044044
0.044370
0.044840
0.044871
0.058923
0.034852
0.033760
0.035788
0.037729
0.033783
0.054062
0.050180
0.039603
0.035304
0.036777
0.034015
0.029217
0.039266
0.046694
0.038543
0.034144
0.058222
0.038994
0.033323
0.041713
0.034907
0.039343
0.036393
0.053523
0.051854
0.054162
0.039424
0.033200
0.036567
0.060054
0.055701
0.032900
0.041212
0.047698
0.037153
0.039111
0.035579
0.034890
0.037096
0.047227
0.047430
0.040311
0.043510
0.035217
0.033776
0.045856
0.042567
0.038823
0.033341
0.036118
0.034287
0.037654
0.040500
0.039963
0.038524
0.029484
0.046488
0.043943
0.039387
0.041500
0.043011
0.042333
0.056824
0.042875
0.044614
0.041399
0.031424
0.029840
0.037028
0.033567
0.034668
0.042052
0.029778
0.045755
0.038613
0.031056
0.052619
0.062155
0.045434
0.052100
0.036739
0.040800
0.039270
0.063919
0.050903
0.044946
0.041009
0.036853
0.046582
0.043179
0.038026
0.046393
0.045653
0.042610
0.038122
0.049236
0.034133
0.033472
0.036703
0.042079
0.032951
0.044615
0.031425
0.036397
0.058899
0.051307
0.030777
0.039480
0.027256
0.049375
0.047861
0.046979
0.043857
0.032721
0.050892
0.048066
0.040751
0.041285
0.042173
0.040636
0.040546
0.040358
0.045746
0.039680
0.056827
0.046950
0.040190
0.029749
0.034488
0.035086
0.029519
0.038175
0.046917
0.032683
0.046404
0.034771
0.040392
0.051201
0.053151
0.051977
0.044213
0.033386
0.045170
0.039439
0.027706
0.029273
0.036121
0.044868
0.035595
0.035597
0.035815
0.044004
0.035341
0.043701
0.040829
0.032878
0.054757
0.035697
0.030010
0.031096
0.052205
0.036997
0.039608
0.053480
0.035829
0.046813
0.039286
0.031981
0.032290
0.030942
0.044697
0.045549
0.024494
0.048751
0.025616
0.038696
0.049760
0.050461
0.035461
0.043730
0.048573
0.032241
0.037205
0.035417
0.032946
0.045026
0.040679
0.044884
0.050723
0.035617
0.040196
0.042150
0.035440
0.036647
0.042200
0.032669
0.029215
0.033308
0.045208
0.032676
0.035155
0.040641
0.027104
0.033711
0.043453
0.026198
0.025641
0.037721
0.028894
0.040578
0.034785
0.030146
0.035203
0.025041
0.023678
0.027949
0.036882
0.050850
0.037727
0.033664
0.030773
0.032715
0.034041
0.032056
0.031287
0.034432
0.029076
0.029267
0.029413
0.029043
0.029644
0.027491
0.025099
0.027122
0.024008
0.024717
0.025213
0.031941
0.028156
0.026334
0.037002
0.028262
0.034398
0.041079
0.034803
0.040629
0.046067
0.042771
0.047553
0.034135
0.039433
0.038307
0.043867
0.040195
0.040583
0.031765
0.033631
0.045716
0.051656
0.047510
0.038845
0.040139
0.045114
0.032807
0.044976
0.049368
0.038491
0.025382
0.039543
0.039034
0.031969
0.046192
0.035070
0.047053
0.033998
0.052665
0.045267
0.053531
0.043071
0.031694
0.054883
0.048074
0.039001
0.043687
0.036593
0.043460
0.036706
0.034976
0.044765
0.040764
0.035187
0.035844
0.038052
0.032194
0.033801
0.052538
0.040920
0.045933
0.038864
0.036976
0.040174
0.048323
0.034085
0.040097
0.040001
0.044271
0.048259
0.032725
0.030252
0.035213
0.033170
0.031992
0.030659
0.024246
0.027155
0.023374
0.031735
0.028947
0.033613
0.047018
0.036149
0.027451
0.028888
0.036610
0.033250
0.037455
0.036294
0.036322
0.050841
0.036041
0.029976
0.032835
0.033245
0.033470
0.033925
0.036362
0.040513
0.038244
0.033336
