0.005076
0.036355
0.047042
0.032489
0.037686
0.035455
0.039538
0.030267
0.030710
0.037945
0.038757
0.043609
0.042109
0.029494
0.036041
0.037408
0.031894
0.039498
0.041305
0.042363
0.031481
0.030669
0.031829
0.031482
0.038290
0.045870
0.045052
0.047024
0.040515
0.037384
0.033980
0.034916
0.026916
0.036728
0.039788
0.045585
0.041977
0.035169
0.039046
0.043606
0.028098
0.049129
0.038557
0.040575
0.037033
0.034355
0.041276
0.030706
0.046491
0.043067
0.034539
0.035760
0.046352
0.044280
0.030182
0.046138
0.042171
0.032905
0.040084
0.031556
0.047072
0.042786
0.032699
0.041817
0.038039
0.039114
0.046882
0.036530
0.038581
0.052110
0.040101
0.037571
0.029052
0.036617
0.037352
0.039866
0.036450
0.045644
0.036047
0.040561
0.047044
0.034743
0.034086
0.027214
0.031949
0.039363
0.034565
0.041840
0.057238
0.050137
0.047493
0.039168
0.039391
0.040777
0.037125
0.048039
0.039266
0.031450
0.035686
0.050682
0.036437
0.032546
0.040219
0.029232
0.039190
0.038210
0.032591
0.035094
0.034720
0.044623
0.043559
0.046678
0.044106
0.040420
0.037781
0.045948
0.037031
0.048773
0.043443
0.035928
0.052698
0.040695
0.033797
0.034061
0.032605
0.041552
0.027348
0.032159
0.033806
0.039513
0.032372
0.031548
0.029671
0.031489
0.034729
0.042893
0.033873
0.032737
0.033408
0.029109
0.043270
0.037592
0.036322
0.044785
0.035491
0.028485
0.024684
0.036273
0.038676
0.037341
0.035527
0.032344
0.036327
0.042995
0.032885
0.044363
0.030986
0.034702
0.046025
0.035751
0.037514
0.045925
0.046597
0.046835
0.055238
0.046965
0.057507
0.047544
0.029742
0.047306
0.042570
0.035173
0.031500
0.049286
0.031284
0.029946
0.036473
0.026282
0.027261
0.026026
0.032406
0.035270
0.038359
0.034343
0.029296
0.032237
0.023431
0.029185
0.045162
0.035688
0.037501
0.028167
0.033228
0.032024
0.028018
0.032263
0.033041
0.037208
0.043166
0.039989
0.030716
0.043777
0.059736
0.038984
0.040474
0.031970
0.035162
0.037231
0.049203
0.040474
0.034011
0.030407
0.046686
0.033975
0.037741
0.042023
0.034984
0.039982
0.033138
0.036196
0.034210
0.044568
0.051330
0.037981
0.044321
0.037854
0.036642
0.035714
0.037129
0.048244
0.038100
0.045399
0.034462
0.040948
0.027270
0.048810
0.033703
0.033293
0.029131
0.041175
0.034798
0.033091
0.026121
0.031903
0.029747
0.050886
0.039616
0.044319
0.041236
0.045394
0.050596
0.035371
0.031408
0.037291
0.054626
0.050200
0.038150
0.031363
0.036740
0.053372
0.034827
0.041067
0.038269
0.040201
0.045145
0.037574
0.037573
0.033370
0.047807
0.032400
0.045975
0.043534
0.039557
0.045495
0.054295
0.058572
0.042112
0.047373
0.042192
0.048609
0.054315
0.033563
0.029983
0.033983
0.036196
0.039929
0.037226
0.048060
0.040752
0.031186
0.048396
0.038940
0.041923
0.037009
0.053488
0.058049
0.044084
0.040026
0.038531
0.032835
0.035519
0.044512
0.052737
0.050592
0.044084
0.047971
0.047551
0.043890
0.042990
0.049560
0.045689
0.042979
0.037113
0.038450
0.038995
0.029458
0.040589
0.043825
0.043344
0.038438
0.038568
0.029813
0.032952
0.040172
0.036296
0.032406
0.026648
0.029036
0.031437
0.033661
0.055884
0.039711
0.034921
0.026893
0.037458
0.032614
0.034876
0.027508
0.032871
0.057982
0.035731
0.034344
0.037162
0.031409
0.044976
0.033934
0.040671
0.027355
0.045595
0.041704
0.031353
0.032602
0.040810
0.034550
0.034616
0.039281
0.032711
0.029724
0.038661
0.044220
0.040208
0.031750
0.029622
0.028140
0.028643
0.027757
0.035358
0.041614
0.040558
0.030841
0.046333
0.036285
0.041796
0.035511
0.034527
0.038872
0.027909
0.038272
0.038396
0.037091
0.027578
0.034465
0.029234
0.032153
0.027865
0.039303
0.055042
0.033653
0.041896
0.027911
0.036876
0.034324
0.044809
0.048245
0.036112
0.029064
0.055490
0.038666
0.050471
0.040366
0.050751
0.031167
0.038601
0.056289
0.036128
0.044823
0.039811
0.042549
0.040012
0.033125
0.031962
0.030850
0.034615
0.034250
0.034956
0.036216
0.043663
0.035331
0.034620
0.030484
0.044808
0.036908
0.035742
0.038942
0.042358
0.043199
0.029824
0.043452
0.029378
0.034717
0.037983
0.029863
0.028606
0.035818
0.032646
0.026500
0.027678
0.038142
0.048172
0.035606
0.038885
0.036718
0.032582
0.038064
0.039491
0.041747
0.031044
0.039758
0.031424
0.040625
0.044051
0.027141
0.032860
0.039827
0.040358
0.033500
0.063996
0.044372
0.051259
0.051931
0.033970
0.044765
0.049339
0.046547
0.044069
0.045604
0.041481
0.047835
0.047104
0.041109
0.048665
0.053180
0.052405
0.042494
0.050007
0.039011
0.058671
0.040241
0.038642
0.040176
0.029742
0.033896
0.034334
0.032278
0.038667
0.034020
0.033359
0.028930
0.031601
0.035582
0.034103
0.041779
0.024376
0.043143
0.027663
0.031059
0.032723
0.048844
0.034280
0.050008
0.036165
0.035642
0.036782
0.034573
0.038249
0.037940
0.029985
0.032531
0.031586
0.064579
0.039010
0.036304
0.043182
0.046042
0.042176
0.040272
0.031856
0.040144
0.054150
0.042324
0.033415
0.045723
0.041408
0.031062
0.041982
0.035891
0.030892
0.048474
0.029303
0.043463
0.040178
0.037141
0.032611
0.033823
0.035575
0.032293
0.041086
0.039339
0.046042
0.040850
0.031816
0.031504
0.030426
0.041814
0.031273
0.039814
0.040658
0.043149
0.037496
0.030767
0.033758
0.040276
0.027392
0.030365
0.043148
0.037126
0.042840
0.042048
0.030866
0.030679
0.038690
0.030318
0.047684
0.043123
0.039163
0.061969
0.041973
0.045256
0.042725
0.048135
0.044286
0.048057
0.056969
0.047517
0.047846
0.044331
0.041005
0.045584
0.047380
0.046220
0.038035
0.032490
0.030418
0.040815
0.034431
0.043541
0.036652
0.042611
0.055282
0.045738
0.047179
0.056037
0.047768
0.031361
0.052444
0.048633
0.034257
0.039231
0.041051
0.055259
0.035368
0.039616
0.045894
0.043222
0.047489
0.049475
0.055867
0.055891
0.042837
0.040201
0.035896
0.040634
0.036272
0.039283
0.042952
0.048687
0.051442
0.045131
0.055805
0.051143
0.044134
0.033758
0.045408
0.038494
0.041060
0.051676
0.048843
0.046640
0.040540
0.035670
0.037047
0.028824
0.042025
0.027993
0.031476
0.036021
0.036340
0.040040
0.031390
0.044285
0.033257
0.036982
0.032248
0.035717
0.041858
0.033920
0.029826
0.033793
0.035731
0.038498
0.039605
0.034111
0.049191
0.034604
0.030884
0.042667
0.045625
0.043650
0.037998
0.031978
0.042616
0.059417
0.042899
0.032073
0.030470
0.042233
0.036762
0.051607
0.036350
0.032791
0.034692
0.030433
0.041207
0.037600
0.034386
0.042128
0.031549
0.030576
0.042674
0.033984
0.027148
0.030369
0.028139
0.036872
0.032471
0.038130
0.029682
0.024416
0.023529
0.029222
0.033689
0.031611
0.030026
0.030777
0.027082
0.027275
0.034865
0.026533
0.032240
0.031956
0.039673
0.030192
0.035271
0.032741
0.035695
0.040380
0.033794
0.046148
0.065243
0.046662
0.054749
0.052209
0.040832
0.035221
0.049001
0.046839
0.043555
0.053028
0.045584
0.041675
0.057256
0.038123
0.046690
0.043882
0.037311
0.029688
0.036158
0.042536
0.042942
0.033002
0.034241
0.045773
0.042546
0.038812
0.030931
0.043002
0.033571
0.035280
0.049456
0.039325
0.031046
0.038846
0.040158
0.033841
0.030890
0.037521
0.031801
0.044442
0.032868
0.032880
0.034204
0.037340
0.046418
0.033193
0.049366
0.036016
0.037667
0.034985
0.030547
0.057367
0.048511
0.039389
0.042034
0.031991
0.034303
0.044230
0.041397
0.039649
0.030136
0.035857
0.055205
0.031118
0.027270
0.045716
0.032837
0.035156
0.037301
0.055516
0.035090
0.031610
0.041277
0.044278
0.034892
0.045535
0.042748
0.039165
0.039375
0.033684
0.046383
0.031687
0.042369
0.034201
0.041675
0.036722
0.034210
0.039841
0.033920
0.059207
0.053860
0.041153
0.042976
0.046543
0.036682
0.038091
0.047487
0.046396
0.035220
0.051271
0.032386
0.041605
0.052691
0.040618
0.038638
0.052092
0.044851
0.045559
0.051802
0.047415
0.055902
0.054356
0.045829
0.043679
0.037539
0.036736
0.030437
0.028243
0.040012
0.040767
0.043852
0.030101
0.040154
0.039530
0.038591
0.027827
0.030564
0.036383
0.053320
0.038612
0.038607
0.032609
0.038701
0.023627
0.039948
0.036972
0.034047
0.027234
0.030248
0.025174
0.034343
0.034032
0.036583
0.039173
0.032539
0.060941
0.048672
0.045590
0.029035
0.034593
0.030426
0.040213
0.028279
0.031994
0.031853
0.045998
0.039594
0.034046
0.029561
0.026679
0.036342
0.031659
0.046145
0.042447
0.027125
0.039034
0.034244
0.044303
0.035978
0.035367
0.058299
0.040595
0.033243
0.038674
0.039875
0.030978
0.036287
0.046430
0.032846
0.035815
0.044343
0.033015
0.052799
0.036941
0.041229
0.032529
0.036738
0.032882
0.037873
0.040283
0.042264
0.052922
0.036511
0.035343
0.033650
0.047330
0.038944
0.044462
0.036313
0.033066
0.033493
0.035308
0.038573
0.031439
0.040610
0.046638
0.052301
0.037000
0.036838
0.032923
0.035198
0.032628
0.034930
0.034998
0.030323
0.043854
0.032856
0.043613
0.034846
0.031505
0.043184
0.035817
0.034230
0.041780
0.044128
0.035846
0.030936
0.041598
0.037365
0.032018
0.028489
0.048855
0.030702
0.047015
0.025568
0.030279
0.026572
0.033211
0.034448
0.033246
0.033841
0.036090
0.034329
0.025153
0.053426
0.032289
0.047802
0.050419
0.037064
0.053393
0.037413
0.036503
0.053444
0.030869
0.045832
0.034526
0.036917
0.041785
0.043235
0.039030
0.032788
0.040668
0.039170
0.038897
0.037114
0.042108
0.038418
0.027834
0.042701
0.033270
0.041263
0.041927
0.034538
0.044675
0.037440
0.038460
0.046841
0.044674
0.034508
0.036423
0.034410
0.042201
0.034025
0.034039
0.037471
0.040882
0.040715
0.040067
0.035623
0.048305
0.037713
0.035880
0.043272
0.046537
0.033939
0.031220
0.062906
0.039443
0.046584
0.043715
0.045956
0.052721
0.038473
0.046876
0.042407
0.034916
0.047055
0.050354
0.039071
0.042783
0.055017
0.028216
0.035066
0.039664
0.047432
0.035335
0.033674
0.034594
0.031311
0.037624
0.042230
0.031510
0.034428
0.032557
0.033280
0.035630
0.048563
0.034206
0.050020
0.044402
0.041778
0.047078
0.049301
0.035005
0.041687
0.040806
0.040780
0.039485
0.035969
0.053793
0.046377
0.047764
0.039208
0.031754
0.035301
0.031437
0.035203
0.041977
0.037966
0.035383
0.046349
0.043785
0.041788
0.029299
0.046108
0.031047
0.030061
0.042203
0.037298
0.034777
0.039628
0.030998
0.028399
0.053210
0.032340
0.032259
0.036129
0.033714
0.048377
0.035562
0.043272
0.042550
0.034494
0.033240
0.035690
0.044468
0.034258
0.038872
0.034812
0.036149
0.038591
0.040274
0.039801
0.034578
0.036697
0.029703
0.042353
0.041047
0.038911
0.025969
0.038454
0.036331
0.033858
0.030511
0.027913
0.030830
0.034579
0.030760
0.037681
0.044575
0.028176
0.046236
0.032342
0.047757
0.044163
0.032814
0.039585
0.026814
0.034628
0.033798
0.047196
0.038480
0.035674
0.029632
0.046710
0.040636
0.035660
0.028203
0.034803
0.034994
0.044219
0.032909
0.034245
0.032782
0.030896
0.038989
0.041412
0.043862
0.036939
0.048628
0.049587
0.029572
0.035082
0.034356
0.032991
0.032079
0.032951
0.034788
0.032463
0.031541
0.042691
0.038588
0.053063
0.046051
0.032283
0.036469
0.031139
0.029977
0.033247
0.036728
0.035926
0.036859
0.031047
0.045661
0.036861
0.033911
0.042771
0.048754
0.032673
0.036446
0.032748
0.038019
0.034818
0.053634
0.043135
0.039080
0.037626
0.051762
0.051648
0.051278
0.039775
0.055534
0.043330
0.038090
0.048198
0.032765
0.029345
0.038011
0.030132
0.035102
0.034429
0.031075
0.035864
0.031041
0.032155
0.030130
0.027746
0.036254
0.031617
0.033610
0.034081
0.039095
0.033208
0.031010
0.049132
0.032429
0.031006
0.041568
0.036910
0.038439
0.028717
0.042080
0.039249
0.050723
0.036424
0.047311
0.031926
0.034317
0.047927
0.043077
0.038387
0.035719
0.032444
0.032699
0.034771
0.038532
0.029736
0.036816
0.039426
0.032964
0.038667
0.032968
0.043742
0.041611
0.038988
0.029109
0.028018
0.038915
0.033523
0.046544
0.041070
0.042514
0.029050
0.029692
0.048791
0.035957
0.030560
0.040754
0.033175
0.045511
0.047897
0.030797
0.038089
0.049813
0.035854
0.027813
0.031456
0.039370
0.032008
0.025779
0.043492
0.034667
0.041095
0.045191
0.035529
0.035245
0.050737
0.031365
0.051914
0.039559
0.034640
0.044096
0.034684
0.038476
0.031513
0.051676
0.058465
0.046748
0.045343
0.039906
0.042629
0.039479
0.037704
0.045886
0.032037
0.038660
0.038057
0.056975
0.028701
0.033286
0.035549
0.034616
0.031979
0.039445
0.038777
0.050401
0.032126
0.033636
0.033095
0.050494
0.049484
0.029959
0.041955
0.039481
0.035572
0.047040
0.030673
0.030124
0.033288
0.025210
0.026255
0.031364
0.038000
0.035413
0.045780
0.028477
0.030017
0.046801
0.051193
0.039897
0.042919
0.041677
0.043344
0.033101
0.038180
0.045256
0.029794
0.050792
0.031858
0.027056
0.031372
0.038592
0.034287
0.045814
0.030098
0.032828
0.048139
0.037719
0.038913
0.036622
0.053398
0.044867
0.038116
0.037495
0.032963
0.038320
0.036852
0.048587
0.038266
0.038685
0.031353
0.043268
0.028930
0.034670
0.033372
0.047834
0.038943
0.036299
0.040731
0.037217
0.030844
0.043247
0.034997
0.040300
0.030711
0.032066
0.034860
0.042695
0.040295
0.043526
0.034888
0.037494
0.053116
0.033336
0.034348
0.043203
0.042815
0.058469
0.045680
0.035311
0.039651
0.037827
0.033786
0.034113
0.040277
0.056899
0.042966
0.042620
0.032776
0.032404
0.032598
0.046456
0.041598
0.035024
0.038011
0.033035
0.038537
0.036915
0.031192
0.058336
0.040550
0.049595
0.029853
0.049103
0.032485
0.029912
0.034628
0.028514
0.031394
0.046435
0.036158
0.034792
0.044400
0.035007
0.039029
0.037201
0.042171
0.041028
0.045123
0.036071
0.043734
0.039576
0.045821
0.040112
0.041796
0.034751
0.040357
0.028606
0.035891
0.033205
0.042160
0.044223
0.033811
0.032887
0.039609
0.040190
0.029876
0.025958
0.032098
0.026792
0.030617
0.039872
0.039331
0.029369
0.026907
0.027616
0.027785
0.037979
0.033843
0.031915
0.026984
0.027355
0.030286
0.034765
0.037448
0.028465
0.047706
0.034902
0.033364
0.034929
0.031326
0.034183
0.030714
0.041833
0.037004
0.032178
0.042163
0.029089
0.029624
0.033584
0.026864
0.032995
0.034010
0.042086
0.042702
0.030035
0.031047
0.038028
0.030456
0.028459
0.034595
0.025213
0.031677
0.037888
0.038139
0.046753
0.035737
0.032408
0.042868
0.031806
0.030762
0.033793
0.031463
0.026599
0.027272
0.035731
0.027578
0.030997
0.037350
0.046166
0.028946
0.037252
0.036717
0.039881
0.036040
0.034538
0.028702
0.032484
0.039388
0.033483
0.026882
0.034464
0.039442
0.047405
0.048932
0.038325
0.035901
0.033247
0.037940
0.028991
0.033470
0.031062
0.028111
0.046286
0.033886
0.049708
0.024660
0.043896
0.032843
0.038700
0.028004
0.029432
0.030209
0.039795
0.043026
0.029862
0.033882
0.033978
0.033746
0.044962
0.038233
0.042890
0.044205
0.038192
0.023533
0.027633
0.037330
0.039168
0.032094
0.043523
0.046162
0.035035
0.043560
0.035022
0.033636
0.030077
0.036145
0.038877
0.039635
0.030053
0.039479
0.039223
0.039507
0.032402
0.046143
0.043113
0.029738
0.029728
0.048416
0.032140
0.030544
0.042677
0.055463
0.036522
0.026578
0.047190
0.039545
0.041139
0.038801
0.032267
0.036157
0.027839
0.028334
0.057649
0.036881
0.030534
0.028959
0.026673
0.032558
0.030218
0.027992
0.053686
0.030415
0.045368
0.038139
0.034382
0.029430
0.034019
0.029328
0.039467
0.032066
0.034551
0.035356
0.038615
0.041241
0.031655
0.043551
0.041160
0.030423
0.042751
0.032074
0.047848
0.036258
0.031255
0.029329
0.037539
0.032571
0.034774
0.033555
0.040894
0.033017
0.041827
0.029996
0.036625
0.032893
0.032453
0.041718
0.038343
0.033919
0.037152
0.031251
0.041169
0.042108
0.031371
0.031350
0.032675
0.042534
0.028066
0.034168
0.036709
0.043249
0.041317
0.044838
0.033181
0.039690
0.034731
0.039864
0.039309
0.030422
0.043785
0.055643
0.051930
0.038239
0.032977
0.032910
0.029041
0.042403
0.027850
0.022754
0.027969
0.033387
0.028757
0.034421
0.037234
0.026850
0.037837
0.033401
0.034263
0.037601
0.033680
0.040769
0.039037
0.037264
0.033913
0.032515
0.038656
0.044827
0.039850
0.041829
0.021904
0.042317
0.039979
0.030663
0.031494
0.041733
0.045018
0.029734
0.032633
0.031544
0.043961
0.038585
0.033179
0.031277
0.031935
0.045511
0.042650
0.035258
0.039383
0.047774
0.027460
0.028183
0.027580
0.036838
0.033645
0.037904
0.028496
0.043446
0.056587
0.031052
0.042048
0.032901
0.034985
0.034021
0.036484
0.030606
0.040609
0.035533
0.026288
0.042192
0.045624
0.043161
0.041747
0.032240
0.039955
0.033234
0.043581
0.044245
0.054310
0.033928
0.044016
0.046591
0.038743
0.046361
0.043080
0.036545
0.040307
0.046543
0.048693
0.047536
0.043363
0.034169
0.040126
0.038020
0.042143
0.042407
0.052963
0.051327
0.044125
0.035599
0.039164
0.041647
0.054598
0.054528
0.034384
0.050205
0.051688
0.038865
0.033970
0.047556
0.037236
0.043981
0.042514
0.032411
0.032558
0.032067
0.044766
0.048817
0.042360
0.038147
0.036206
0.038929
0.041788
0.041939
0.041637
0.036008
0.031527
0.032533
0.033015
0.031699
0.039696
0.048550
0.045134
0.033807
0.046032
0.036450
0.036794
0.039156
0.034029
0.044338
0.048874
0.028692
0.030770
0.037167
0.041546
0.034967
0.036891
0.045821
0.039261
0.027731
0.038859
0.036186
0.045562
0.048925
0.031596
0.026863
0.044556
0.037158
0.038212
0.032269
0.047284
0.036951
0.045374
0.049371
0.042823
0.039623
0.042881
0.036364
0.050369
0.035825
0.030835
0.042472
0.033627
0.049398
0.058100
0.050472
0.044091
0.035183
0.035717
0.037200
0.037023
0.044004
0.042347
0.051838
0.054429
0.043198
0.053642
0.050757
0.047079
0.040109
0.043653
0.045234
0.063361
0.041280
0.037615
0.038230
0.043952
0.057080
0.037066
0.043917
0.040472
0.042743
0.046172
0.035768
0.029538
0.035795
0.046968
0.033977
0.031370
0.042325
0.031826
0.045486
0.038271
0.037454
0.038393
0.036259
0.029063
0.029800
0.033360
0.039359
0.035601
0.037197
0.032799
0.031515
0.030208
0.040428
0.036143
0.038629
0.033198
0.056526
0.039398
0.031646
0.032083
0.026945
0.045674
0.039489
0.035984
0.037423
0.032072
0.043884
0.053226
0.035404
0.044692
0.037022
0.042249
0.054615
0.043190
0.035870
0.035195
0.038843
0.035780
0.036363
0.045931
0.048816
0.050864
0.035439
0.040932
0.053120
0.039111
0.035205
0.029980
0.032124
0.055417
0.043959
0.054899
0.048448
0.070008
0.057390
0.040705
0.045744
0.048156
0.034783
0.035559
0.037343
0.038288
0.033703
0.035155
0.039825
0.030831
0.041013
0.032890
0.036636
0.045385
0.029912
0.030255
0.028759
0.039038
0.044236
0.038688
0.032197
0.030017
0.035738
0.052620
0.040971
0.040540
0.038398
0.047621
0.035286
0.035252
0.028631
0.030212
0.038308
0.047726
0.063870
0.034154
0.044470
0.035537
0.040692
0.040194
0.045291
0.065178
0.032632
0.038007
0.043341
0.033798
0.041903
0.036943
0.031416
0.045220
0.033901
0.032380
0.039527
0.042361
0.028135
0.030858
0.035081
0.038472
0.038025
0.042193
0.040223
0.056022
0.041944
0.037879
0.033978
0.042498
0.034132
0.032949
0.036447
0.042902
0.041578
0.030305
0.035278
0.029489
0.034444
0.041879
0.042896
0.030529
0.035015
0.045237
0.051024
0.041907
0.037613
0.035497
0.032750
0.028760
0.028975
0.043458
0.039700
0.031165
0.031976
0.041825
0.041017
0.033956
0.033160
0.044812
0.040518
0.025290
0.037880
0.041547
0.028670
0.036505
0.029171
0.025136
0.027327
0.036661
0.036137
0.034342
0.032099
0.030240
0.027987
0.037261
0.046662
0.031403
0.042425
0.033165
0.040156
0.042352
0.039254
0.038810
0.035841
0.045298
0.042265
0.044332
0.035902
0.026918
0.027082
0.033632
0.029174
0.044420
0.028594
0.028523
0.025502
0.033344
0.036915
0.038505
0.050085
0.033501
0.041896
0.033060
0.033435
0.036744
0.039150
0.038346
0.045785
0.035401
0.031592
0.051808
0.046494
0.046576
0.039429
0.037435
0.031310
0.032524
0.032476
0.038518
0.032133
0.025550
0.030228
0.033535
0.039362
0.030058
0.025897
0.030851
0.028434
0.038835
0.032851
0.034665
0.033938
0.027312
0.026223
0.032753
0.042025
0.061291
0.038078
0.036467
0.030817
0.032334
0.042061
0.033840
0.028072
0.036484
