0.016865
0.035335
0.035872
0.047765
0.053577
0.029990
0.038101
0.030230
0.031832
0.037541
0.036051
0.038852
0.035291
0.038739
0.036809
0.036639
0.040709
0.035539
0.052174
0.035067
0.038783
0.038777
0.039310
0.030409
0.032996
0.034353
0.064463
0.040498
0.034479
0.039212
0.046072
0.027321
0.045072
0.028401
0.041503
0.034548
0.034368
0.047517
0.035431
0.034801
0.038779
0.038324
0.031985
0.035582
0.036439
0.032718
0.033538
0.041787
0.031483
0.033297
0.039799
0.050436
0.036791
0.045108
0.039250
0.033453
0.046592
0.042952
0.051024
0.036972
0.033185
0.043343
0.039518
0.045531
0.029304
0.039628
0.038230
0.028778
0.036398
0.048872
0.050426
0.031705
0.041434
0.038597
0.031888
0.050675
0.047424
0.045740
0.055079
0.030070
0.034126
0.027713
0.033874
0.038776
0.030806
0.026536
0.045610
0.040950
0.026407
0.032295
0.030342
0.032598
0.042029
0.036283
0.046651
0.031284
0.031877
0.033102
0.032662
0.032628
0.030683
0.038771
0.034692
0.048223
0.049744
0.032728
0.041723
0.041537
0.032248
0.045066
0.031173
0.046406
0.029971
0.032383
0.051180
0.034079
0.043286
0.054706
0.033720
0.038080
0.043980
0.043453
0.041587
0.033339
0.044105
0.058640
0.040655
0.031485
0.033281
0.037065
0.032361
0.028399
0.030411
0.038884
0.041209
0.045242
0.047129
0.046207
0.039728
0.042283
0.031516
0.036017
0.036413
0.050771
0.035671
0.034564
0.034856
0.030559
0.031990
0.051080
0.029492
0.028057
0.034009
0.029621
0.030467
0.039704
0.030279
0.030833
0.028233
0.033527
0.027457
0.034808
0.040844
0.040900
0.042201
0.032720
0.036811
0.044616
0.034336
0.031919
0.037249
0.040293
0.030778
0.031756
0.048630
0.038364
0.031697
0.031005
0.038489
0.044335
0.032421
0.037421
0.041985
0.041350
0.032621
0.033983
0.050525
0.032761
0.032908
0.044415
0.041646
0.039372
0.041333
0.034393
0.034399
0.032446
0.043295
0.054076
0.035646
0.031893
0.045752
0.047223
0.040409
0.032413
0.048294
0.035076
0.032081
0.044905
0.030220
0.038960
0.030555
0.034331
0.045767
0.029769
0.026164
0.051155
0.033719
0.032498
0.036522
0.036437
0.035501
0.035501
0.053050
0.039463
0.042369
0.032046
0.031911
0.033343
0.034015
0.033491
0.049848
0.036092
0.031048
0.028262
0.037998
0.035868
0.042094
0.052346
0.039967
0.054119
0.042853
0.036476
0.033458
0.035308
0.051868
0.057563
0.031954
0.037690
0.028710
0.050537
0.028335
0.034101
0.029649
0.040216
0.032177
0.029122
0.040071
0.031749
0.048597
0.031077
0.034027
0.034750
0.036019
0.027297
0.033365
0.043466
0.030300
0.036500
0.042483
0.043003
0.035417
0.039638
0.060182
0.037362
0.032669
0.046060
0.047776
0.041530
0.042030
0.051857
0.033492
0.044987
0.031897
0.030857
0.032257
0.034042
0.051383
0.035203
0.036186
0.032865
0.038283
0.034521
0.042048
0.032480
0.045299
0.031593
0.039161
0.038122
0.029388
0.026311
0.026657
0.026809
0.042291
0.039397
0.036349
0.036126
0.029820
0.057582
0.044760
0.037195
0.030936
0.026628
0.040544
0.044358
0.037842
0.029006
0.027905
0.035526
0.027150
0.034523
0.049317
0.028159
0.028553
0.038363
0.040744
0.028357
0.040643
0.038076
0.048266
0.034016
0.030713
0.046486
0.030772
0.035500
0.031364
0.033813
0.031770
0.027251
0.028423
0.047720
0.031477
0.034305
0.034036
0.061076
0.030868
0.046359
0.029923
0.029888
0.035856
0.033112
0.032998
0.040349
0.026754
0.032553
0.044107
0.041150
0.045002
0.029816
0.031190
0.044208
0.039422
0.029919
0.046204
0.038555
0.032454
0.032777
0.033308
0.035978
0.033838
0.034631
0.040937
0.050452
0.037518
0.044433
0.032716
0.033574
0.040552
0.036773
0.038853
0.058758
0.048291
0.051285
0.037396
0.045164
0.034617
0.033462
0.032163
0.042259
0.037496
0.036184
0.035795
0.039716
0.033564
0.042370
0.041384
0.044854
0.034025
0.053298
0.035032
0.046065
0.042293
0.035361
0.031352
0.040886
0.040411
0.030612
0.041500
0.045413
0.040365
0.032401
0.035880
0.028037
0.029514
0.042105
0.034007
0.029434
0.037562
0.036416
0.027016
0.028523
0.031198
0.038778
0.046784
0.035436
0.049541
0.034429
0.030893
0.037507
0.034422
0.034804
0.054234
0.030573
0.044199
0.050138
0.033049
0.039487
0.027622
0.032701
0.032037
0.030556
0.030167
0.028337
0.037567
0.029594
0.029874
0.044039
0.037250
0.039161
0.036327
0.041778
0.034413
0.049234
0.039808
0.033818
0.040547
0.035774
0.027527
0.039466
0.043124
0.031873
0.040024
0.033262
0.040726
0.028500
0.036091
0.034567
0.031161
0.029536
0.024829
0.047270
0.034899
0.034177
0.046406
0.030126
0.035357
0.032793
0.048691
0.039354
0.027439
0.030098
0.027646
0.036453
0.034202
0.033039
0.031223
0.035013
0.045422
0.036932
0.037176
0.044133
0.032236
0.033709
0.041761
0.043430
0.041985
0.037680
0.034158
0.031595
0.040649
0.037133
0.051719
0.037625
0.041866
0.031176
0.036809
0.033379
0.050472
0.043134
0.029001
0.036134
0.034268
0.037564
0.038123
0.033541
0.036808
0.028280
0.033630
0.031149
0.029708
0.034162
0.041282
0.031115
0.030130
0.038560
0.040988
0.037828
0.030357
0.029070
0.051447
0.035443
0.045902
0.046877
0.032517
0.031909
0.034342
0.033868
0.040572
0.027601
0.041715
0.042121
0.036203
0.036413
0.033540
0.030403
0.051785
0.024390
0.037081
0.033203
0.044946
0.040466
0.036410
0.031731
0.032976
0.032079
0.047814
0.044649
0.029547
0.040168
0.038874
0.038998
0.034232
0.050183
0.030195
0.031792
0.044588
0.029667
0.040682
0.030947
0.036666
0.031840
0.032914
0.030660
0.030679
0.040761
0.038101
0.035780
0.031521
0.045796
0.033437
0.038071
0.048108
0.047645
0.035280
0.035845
0.039111
0.034648
0.046536
0.027339
0.028978
0.030248
0.035652
0.045278
0.043095
0.034059
0.042315
0.031034
0.025615
0.034459
0.031774
0.028286
0.043693
0.032011
0.030734
0.030020
0.033012
0.032699
0.026069
0.033312
0.034004
0.025678
0.032397
0.037223
0.032907
0.048169
0.036674
0.029189
0.027362
0.038067
0.033493
0.033114
0.037821
0.031496
0.038287
0.031142
0.046911
0.027616
0.032851
0.031869
0.047118
0.035252
0.047014
0.034916
0.038521
0.034776
0.030715
0.039766
0.039418
0.043405
0.027819
0.046318
0.048939
0.046534
0.030531
0.036669
0.033025
0.027951
0.042521
0.045634
0.033246
0.031914
0.037387
0.049814
0.040298
0.036279
0.039740
0.038432
0.038831
0.030542
0.033977
0.030374
0.030438
0.039522
0.041845
0.037905
0.026278
0.049987
0.026142
0.046469
0.035516
0.046152
0.045673
0.028205
0.036049
0.053254
0.047238
0.039866
0.027700
0.041587
0.030488
0.047937
0.030852
0.028785
0.035777
0.046381
0.027401
0.039029
0.037352
0.037137
0.030202
0.032995
0.031201
0.034522
0.038269
0.033833
0.033911
0.032556
0.042107
0.033224
0.035524
0.032943
0.033155
0.033210
0.039153
0.031181
0.043854
0.035182
0.029595
0.032820
0.044986
0.040195
0.042280
0.077441
0.034464
0.034906
0.043147
0.047857
0.052937
0.026798
0.042702
0.033345
0.034305
0.043494
0.032143
0.041601
0.038937
0.027638
0.033372
0.050515
0.056436
0.031568
0.034005
0.041376
0.041571
0.036879
0.048900
0.039181
0.035114
0.038187
0.028424
0.032356
0.063679
0.033553
0.051722
0.036057
0.039859
0.036159
0.024693
0.033840
0.046517
0.036989
0.028890
0.025568
0.034976
0.037015
0.028496
0.045031
0.052102
0.022948
0.034163
0.050679
0.038958
0.030604
0.038817
0.038518
0.031743
0.036783
0.049213
0.045475
0.052632
0.028363
0.044960
0.032165
0.027657
0.028020
0.033865
0.027522
0.041020
0.048733
0.032684
0.048064
0.037102
0.038672
0.032260
0.036456
0.036549
0.039727
0.032221
0.033820
0.039577
0.034200
0.048724
0.050998
0.028808
0.032258
0.044298
0.036595
0.040016
0.031112
0.036103
0.040899
0.042106
0.037879
0.035449
0.035473
0.036623
0.032923
0.027941
0.041074
0.029786
0.030533
0.033897
0.033262
0.032879
0.034099
0.046451
0.039660
0.037526
0.037938
0.033092
0.063139
0.033032
0.030403
0.044634
0.029131
0.027442
0.029075
0.041215
0.030440
0.046569
0.033670
0.051085
0.044211
0.024984
0.026714
0.038285
0.042782
0.060664
0.041309
0.040667
0.033605
0.030125
0.043465
0.035735
0.045308
0.035093
0.035604
0.063130
0.035012
0.032309
0.030469
0.039314
0.035641
0.031419
0.036059
0.039524
0.040603
0.042177
0.027886
0.041180
0.033588
0.039692
0.034937
0.030331
0.035746
0.030332
0.037142
0.033153
0.026924
0.048722
0.032888
0.033176
0.039619
0.045805
0.044404
0.039880
0.048991
0.046933
0.030433
0.040701
0.031281
0.036911
0.051495
0.039843
0.054113
0.038276
0.032668
0.050995
0.029840
0.031861
0.035124
0.035070
0.029717
0.031614
0.036970
0.040616
0.040859
0.034329
0.031250
0.032304
0.033461
0.033437
0.039703
0.042983
0.028324
0.035344
0.047334
0.038609
0.039516
0.036427
0.033372
0.041164
0.047343
0.031616
0.034414
0.036370
0.041782
0.052387
0.044430
0.027478
0.043730
0.037911
0.036081
0.047906
0.032682
0.030254
0.031664
0.035061
0.062029
0.026412
0.034790
0.044683
0.033247
0.042109
0.032008
0.031358
0.047340
0.030115
0.037807
0.054870
0.039632
0.034777
0.043695
0.028228
0.036967
0.045330
0.043751
0.053921
0.036509
0.037282
0.036629
0.036446
0.028784
0.055007
0.048319
0.035051
0.030572
0.044920
0.036921
0.032701
0.034328
0.044906
0.051458
0.039286
0.035465
0.039376
0.043491
0.029626
0.028638
0.041418
0.029351
0.050220
0.038365
0.036552
0.039868
0.041860
0.036183
0.034313
0.033370
0.031977
0.034780
0.038830
0.037476
0.048832
0.031700
0.030379
0.051378
0.038347
0.048000
0.033797
0.031479
0.058704
0.032228
0.053828
0.035066
0.033064
0.045345
0.034075
0.035523
0.032928
0.029322
