0.004253
0.044384
0.032595
0.033328
0.038053
0.031312
0.044967
0.035574
0.045713
0.037401
0.038700
0.044456
0.048911
0.035798
0.035727
0.032960
0.051634
0.034473
0.043565
0.042189
0.035488
0.043491
0.045054
0.045273
0.037037
0.045854
0.047439
0.043089
0.036491
0.035307
0.029529
0.033087
0.030988
0.032354
0.052865
0.032589
0.047339
0.037502
0.035076
0.052119
0.042624
0.030886
0.029433
0.047247
0.047328
0.025327
0.027871
0.048326
0.045488
0.042915
0.044827
0.045306
0.039479
0.042808
0.040602
0.033805
0.037574
0.032809
0.039900
0.041906
0.045209
0.048506
0.043140
0.048811
0.047186
0.050669
0.047903
0.043201
0.031882
0.043294
0.032840
0.044086
0.032722
0.040880
0.030245
0.034117
0.035609
0.047833
0.047318
0.038083
0.044831
0.038399
0.051704
0.046906
0.041124
0.035206
0.042077
0.041611
0.038359
0.048337
0.040643
0.035863
0.029096
0.050224
0.041330
0.046954
0.037209
0.039967
0.047172
0.037055
0.036938
0.060265
0.053342
0.035386
0.035252
0.040562
0.037402
0.037687
0.049368
0.046743
0.046806
0.024250
0.036182
0.041769
0.036948
0.031893
0.033578
0.037090
0.034200
0.035411
0.047414
0.045274
0.031219
0.045002
0.034658
0.051366
0.046052
0.051893
0.037540
0.048219
0.046317
0.043203
0.050825
0.031044
0.038878
0.032876
0.051565
0.035876
0.053993
0.038245
0.036197
0.035140
0.048472
0.047835
0.052827
0.043968
0.031600
0.038838
0.034963
0.045826
0.039825
0.037217
0.037044
0.039927
0.037579
0.038295
0.044820
0.048068
0.040329
0.033476
0.039930
0.033835
0.038232
0.034024
0.041085
0.039229
0.053549
0.038135
0.053640
0.031976
0.041615
0.048460
0.033089
0.055354
0.030760
0.036814
0.049007
0.046040
0.027721
0.037209
0.041652
0.033722
0.038263
0.045486
0.028257
0.036352
0.043114
0.031997
0.030638
0.032929
0.026195
0.040906
0.028567
0.032399
0.043165
0.029188
0.030737
0.041281
0.035412
0.038650
0.035067
0.041179
0.036461
0.039464
0.030591
0.036938
0.033324
0.033550
0.037721
0.033838
0.030778
0.034124
0.041292
0.037889
0.033685
0.036308
0.031478
0.038898
0.038522
0.034071
0.048472
0.035414
0.027139
0.034700
0.041211
0.032572
0.033970
0.041586
0.041740
0.035895
0.035092
0.033839
0.032264
0.034634
0.030985
0.029032
0.032906
0.029615
0.042498
0.026617
0.056286
0.045831
0.038977
0.035070
0.037161
0.034050
0.039246
0.050720
0.034239
0.035122
0.031692
0.034087
0.048389
0.038392
0.045690
0.043983
0.032944
0.035205
0.042809
0.029702
0.033240
0.030511
0.030570
0.049494
0.041108
0.034672
0.047249
0.048210
0.037916
0.034323
0.047815
0.034487
0.042302
0.050041
0.026737
0.033624
0.033605
0.033448
0.041630
0.032701
0.040781
0.034743
0.035197
0.034715
0.037934
0.048884
0.034206
0.037658
0.041784
0.039845
0.027525
0.043066
0.034386
0.050425
0.034560
0.041495
0.039806
0.034021
0.041378
0.038224
0.033507
0.035143
0.034065
0.038468
0.027448
0.029464
0.045426
0.048342
0.041952
0.035376
0.047178
0.033620
0.027978
0.044863
0.043580
0.032214
0.030082
0.041316
0.045625
0.041789
0.037820
0.046392
0.031281
0.036300
0.056754
0.043126
0.039330
0.029626
0.033259
0.045768
0.049488
0.045843
0.034884
0.035239
0.051653
0.029681
0.035957
0.037089
0.037868
0.035755
0.040489
0.043811
0.045461
0.047473
0.040069
0.036007
0.069027
0.046804
0.036880
0.047446
0.041525
0.039571
0.041570
0.043832
0.037326
0.042796
0.056496
0.045842
0.043999
0.033308
0.051234
0.043029
0.052160
0.039747
0.043692
0.044858
0.033100
0.024290
0.028122
0.034370
0.042615
0.041768
0.041918
0.033494
0.044978
0.044696
0.035043
0.049997
0.046427
0.031757
0.028932
0.038784
0.032933
0.028760
0.045325
0.051898
0.036268
0.038680
0.034099
0.034643
0.042754
0.037599
0.043461
0.040753
0.043275
0.045849
0.032949
0.039237
0.040383
0.043067
0.031008
0.031916
0.045674
0.043964
0.032774
0.035610
0.036133
0.042352
0.040691
0.047501
0.045020
0.050488
0.034349
0.039150
0.026009
0.039105
0.032877
0.037867
0.046357
0.032734
0.033979
0.034220
0.035080
0.039130
0.042831
0.031173
0.036664
0.035011
0.043579
0.032085
0.046144
0.047967
0.035053
0.033290
0.038356
0.043118
0.031621
0.037910
0.042830
0.040669
0.050503
0.035309
0.030668
0.034878
0.047077
0.041104
0.038632
0.036533
0.036727
0.037466
0.030975
0.034447
0.034340
0.029979
0.046847
0.033340
0.033319
0.029313
0.029932
0.031249
0.035303
0.039303
0.042022
0.037271
0.049284
0.041887
0.050297
0.042065
0.038378
0.033354
0.032916
0.051380
0.038975
0.030953
0.029682
0.042087
0.039060
0.038583
0.032496
0.033285
0.036915
0.045084
0.036617
0.031885
0.042578
0.040658
0.037824
0.027444
0.029111
0.032843
0.031141
0.036312
0.024276
0.028337
0.039639
0.036341
0.029665
0.032327
0.039173
0.046227
0.036794
0.030573
0.037702
0.032574
0.052325
0.042661
0.045417
0.030301
0.043400
0.038171
0.044474
0.039181
0.028795
0.039897
0.037706
0.038493
0.055927
0.036821
0.040327
0.051057
0.035197
0.035383
0.034295
0.041371
0.047269
0.037389
0.046139
0.040164
0.029551
0.057377
0.038847
0.037691
0.051950
0.037214
0.034731
0.030690
0.033026
0.033189
0.039899
0.028962
0.033335
0.028097
0.032647
0.036183
0.051093
0.034407
0.030632
0.029566
0.045429
0.039389
0.039271
0.037607
0.032864
0.047668
0.033921
0.034907
0.032880
0.033222
0.036441
0.045851
0.044987
0.041920
0.036539
0.034736
0.044472
0.048512
0.031981
0.031872
0.026692
0.027831
0.029985
0.042513
0.043675
0.046851
0.043942
0.045130
0.034224
0.030472
0.034326
0.037168
0.033328
0.036597
0.041737
0.052343
0.035351
0.027948
0.028791
0.036089
0.038473
0.039961
0.032459
0.033859
0.032536
0.032048
0.035557
0.029995
0.027100
0.050377
0.045043
0.050541
0.039099
0.049934
0.034305
0.032992
0.038008
0.051421
0.039891
0.057267
0.032845
0.036276
0.037237
0.036484
0.023839
0.034017
0.043786
0.044686
0.030177
0.038771
0.034600
0.043388
0.037831
0.033293
0.033517
0.036546
0.041215
0.045427
0.027642
0.039466
0.034435
0.038146
0.035957
0.034927
0.028592
0.029197
0.049594
0.040231
0.045257
0.049128
0.038177
0.035352
0.038482
0.030727
0.032672
0.031443
0.034151
0.032531
0.041887
0.037922
0.034487
0.031379
0.031864
0.030786
0.037180
0.032877
0.036868
0.035112
0.038039
0.035170
0.037374
0.033956
0.049305
0.030200
0.036178
0.039965
0.036482
0.034035
0.034448
0.044353
0.039800
0.026050
0.038370
0.042291
0.039096
0.041626
0.040641
0.040485
0.044544
0.033441
0.038391
0.033214
0.030869
0.047041
0.032759
0.039326
0.031549
0.027319
0.035372
0.033701
0.031461
0.044779
0.041852
0.039197
0.043630
0.046059
0.031379
0.040401
0.035890
0.040342
0.043234
0.028292
0.045545
0.031772
0.043412
0.029377
0.038106
0.036588
0.030733
0.055748
0.042888
0.034642
0.027411
0.029078
0.031991
0.035495
0.044254
0.033149
0.042786
0.034156
0.032406
0.040253
0.035074
0.041360
0.028217
0.039235
0.036042
0.031940
0.031098
0.033383
0.032486
0.046503
0.036549
0.035594
0.042004
0.036166
0.039582
0.039565
0.046455
0.036492
0.045918
0.049782
0.043609
0.035528
0.035423
0.035958
0.047009
0.037650
0.035211
0.039087
0.037322
0.041708
0.037364
0.053716
0.037511
0.029500
0.043612
0.047608
0.041797
0.043584
0.040912
0.039005
0.057191
0.038441
0.034247
0.043131
0.036686
0.033827
0.033087
0.044522
0.041693
0.039557
0.038116
0.057057
0.040116
0.034886
0.032701
0.034148
0.027700
0.043225
0.035562
0.033555
0.033823
0.037874
0.038520
0.036186
0.046803
0.031747
0.054210
0.051450
0.033856
0.039356
0.055288
0.041724
0.033790
0.031267
0.041730
0.047582
0.040045
0.045446
0.037452
0.042989
0.031693
0.032744
0.037893
0.035518
0.033782
0.029678
0.030520
0.031213
0.040950
0.033726
0.035490
0.030107
0.035969
0.033683
0.035738
0.033626
0.048928
0.055557
0.040480
0.042351
0.029243
0.035906
0.034210
0.048261
0.031918
0.035098
0.041744
0.036821
0.038080
0.064074
0.034998
0.033295
0.038859
0.036066
0.028788
0.031959
0.039785
0.031253
0.044165
0.043249
0.035380
0.034206
0.034705
0.043263
0.028928
0.034203
0.038739
0.033877
0.035116
0.045896
0.041865
0.047560
0.034050
0.050827
0.028172
0.042833
0.034118
0.045321
0.056504
0.042592
0.034864
0.028109
0.032824
0.036983
0.040701
0.031982
0.038766
0.036674
0.031951
0.042259
0.045695
0.056216
0.036011
0.037669
0.039555
0.043359
0.041536
0.036672
0.034604
0.033913
0.032415
0.041997
0.040586
0.056499
0.038222
0.035084
0.038001
0.043469
0.046017
0.033770
0.050205
0.032897
0.047044
0.038312
0.040749
0.034286
0.045002
0.039719
0.040415
0.043300
0.034071
0.044404
0.034695
0.035088
0.041251
0.041527
0.034842
0.035964
0.034071
0.032947
0.036023
0.030851
0.035811
0.029022
0.027995
0.046475
0.047064
0.033877
0.052745
0.032175
0.032580
0.031646
0.043384
0.032565
0.045672
0.055410
0.033440
0.032835
0.047156
0.040512
0.041648
0.056510
0.032088
0.041780
0.029028
0.033347
0.045170
0.060752
0.029129
0.045671
0.039872
0.045844
0.041611
0.033211
0.049365
0.028497
0.052865
0.042482
0.034486
0.036295
0.036523
0.036294
0.023265
0.042500
0.041186
0.044506
0.042944
0.043904
0.047801
0.064902
0.034444
0.039320
0.035485
0.037113
0.034376
0.032137
0.043853
0.031220
0.040822
0.035901
0.027204
0.043749
0.043829
0.035708
0.032486
0.031526
0.030527
0.038180
0.040743
0.039633
0.036125
0.038545
0.034405
0.033757
0.032994
0.040404
0.040877
0.035944
0.034379
0.039108
0.046558
0.047529
0.035283
0.032686
0.041206
0.040449
0.036918
0.040427
0.034330
0.036837
0.028163
0.036699
0.043798
0.034535
0.035330
0.032865
0.047414
0.038373
0.044824
0.037234
0.030544
0.034116
0.026288
0.046662
0.046751
0.040745
0.047000
0.042963
0.033102
0.036266
0.055472
0.046456
0.038698
0.034867
0.035928
0.024002
0.033723
0.033720
0.040564
0.044801
0.036654
0.034801
0.042212
0.033849
0.035499
0.037740
0.031895
0.028591
0.042168
0.045401
0.042605
