744	99	406	239
742	86	401	236
743	91	400	226
744	92	398	228
744	92	396	227
744	97	396	223
744	94	394	226
744	97	393	223
745	96	391	224
749	99	389	221
747	95	389	225
748	99	390	221
750	93	387	228
750	98	386	222
751	95	387	225
754	97	385	223
756	93	384	230
758	97	383	229
759	92	388	238
760	92	384	237
761	90	385	241
761	89	380	243
761	89	381	243
762	89	380	243
762	89	376	245
762	87	375	246
762	88	373	245
764	88	365	244
767	88	360	243
767	88	357	243
766	89	358	243
768	90	354	243
769	91	354	240
769	94	356	239
769	96	356	239
769	98	354	238
770	100	358	238
772	101	355	236
771	102	356	238
771	102	359	235
771	103	359	235
770	103	358	235
770	102	359	235
770	103	356	235
770	102	356	235
770	102	356	235
770	102	356	235
769	102	356	235
771	100	350	237
771	100	349	237
773	99	346	238
774	99	344	237
774	99	345	236
774	98	344	236
775	98	344	235
777	98	342	232
780	98	339	229
782	98	338	228
781	98	339	225
783	98	339	224
785	97	339	223
785	97	341	221
788	97	341	221
790	97	339	221
793	99	338	218
795	98	338	220
797	100	339	218
797	100	341	219
800	102	340	219
800	101	342	219
803	104	341	217
806	101	341	220
807	103	344	218
810	102	343	217
813	101	341	219
816	100	340	220
818	99	341	222
821	99	339	222
822	97	339	226
823	98	338	226
824	98	340	227
826	97	338	227
827	97	336	227
830	95	336	228
832	94	333	227
832	96	331	225
833	94	332	226
834	95	330	224
835	96	331	222
836	96	330	221
837	95	329	221
838	96	327	218
838	96	326	218
839	97	324	217
840	99	323	216
842	99	322	215
843	99	321	216
844	101	321	215
846	102	321	214
847	103	320	215
846	105	322	215
845	104	324	215
846	105	322	215
846	105	323	216
847	106	323	217
847	105	323	217
846	105	324	218
843	104	326	218
842	104	327	219
842	104	326	219
840	103	326	219
840	103	326	219
840	103	327	218
841	105	325	219
841	103	326	218
842	103	326	218
842	103	325	217
844	104	324	217
845	102	323	218
844	103	323	217
845	103	324	215
845	103	324	213
846	104	325	209
847	103	325	210
849	105	322	206
852	104	322	207
854	106	320	204
855	107	321	203
857	108	321	201
858	110	321	200
859	110	320	200
860	111	321	200
860	112	321	198
859	114	319	199
861	114	319	202
863	114	316	202
862	114	317	203
864	113	315	204
865	113	314	204
867	112	312	206
867	112	313	205
867	112	314	206
867	111	313	206
868	111	312	206
869	110	313	205
869	110	312	204
869	109	311	205
870	109	309	206
869	109	307	206
870	108	306	208
870	108	305	207
870	106	304	208
870	108	303	206
871	107	303	206
872	108	300	206
872	109	300	205
873	109	300	205
872	109	300	206
871	110	299	206
869	111	301	206
870	112	298	205
868	113	301	204
868	114	299	205
868	114	298	206
867	115	297	205
867	116	296	206
866	116	297	206
865	116	296	208
865	118	293	208
866	118	291	209
865	119	288	210
862	119	289	211
860	119	293	212
858	118	292	213
858	118	291	215
859	118	290	215
859	118	290	216
861	118	288	216
860	118	290	214
859	119	290	213
859	119	292	212
860	119	291	211
859	118	293	210
860	118	295	210
862	117	296	210
864	118	297	207
866	117	299	205
865	116	299	205
866	117	301	201
865	117	301	201
865	118	305	199
864	117	308	201
866	119	311	198
865	117	313	198
864	118	315	196
864	119	315	197
865	120	314	195
865	121	311	197
865	120	309	198
866	123	307	198
867	122	304	199
868	123	303	200
869	123	301	201
868	123	298	202
869	125	294	201
870	127	291	200
869	128	288	201
871	128	284	203
874	129	279	204
876	130	275	203
878	130	273	202
877	130	272	202
879	131	267	203
879	130	265	204
880	130	262	204
880	130	259	204
878	129	260	205
879	130	257	203
878	131	254	201
877	131	253	200
877	133	252	196
877	133	254	193
879	135	250	190
880	136	246	188
880	137	241	186
880	138	241	185
878	136	237	186
882	141	230	179
876	136	230	183
879	142	224	176
876	140	223	179
876	141	220	178
873	139	223	180
872	139	219	180
870	139	218	180
868	136	217	183
870	143	212	177
863	129	216	190
865	145	207	168
860	127	210	190
865	142	203	173
856	126	210	188
862	143	200	168
855	128	207	181
860	143	196	161
855	125	194	176
867	136	183	170
851	125	194	175
863	132	187	178
849	123	196	173
863	130	185	178
844	116	195	180
859	124	185	181
844	118	189	179
855	123	187	186
835	114	196	186
847	117	189	180
840	115	186	179
841	117	184	182
830	114	194	184
838	114	188	185
830	115	190	183
835	110	191	200
826	112	197	195
827	106	195	204
828	104	194	203
829	102	190	208
829	101	189	210
827	101	185	207
831	102	185	212
825	98	185	208
830	98	182	216
826	100	180	207
825	100	180	211
823	99	180	211
821	99	180	213
817	99	184	216
813	98	184	211
808	101	186	215
805	103	188	216
805	99	185	217
804	101	183	222
804	100	181	218
807	104	178	222
803	101	177	215
809	103	171	226
802	108	178	207
808	106	176	224
785	117	192	193
812	121	173	211
796	118	181	197
799	124	182	195
790	121	182	187
804	125	181	204
780	126	194	186
788	136	187	187
772	133	198	184
785	137	184	176
775	140	196	183
779	138	187	178
774	145	192	176
776	144	189	171
773	149	193	176
764	145	198	167
785	145	176	173
767	150	192	168
766	148	194	166
770	150	185	165
774	152	185	171
767	152	185	158
774	153	181	173
764	152	184	157
784	154	169	163
780	155	163	159
780	155	169	161
776	153	165	158
779	155	167	160
774	152	169	155
774	154	173	162
769	150	172	154
773	152	173	158
771	152	170	153
772	153	173	154
772	152	169	150
770	152	173	151
769	151	172	150
766	152	176	151
763	153	175	142
769	153	169	146
767	154	170	148
764	155	175	149
758	154	181	148
752	153	189	156
747	152	193	154
742	152	201	158
751	149	191	156
741	152	204	171
752	144	190	173
740	154	195	166
754	149	199	172
737	153	198	159
753	153	199	172
735	154	202	165
754	154	199	170
736	152	201	166
755	154	198	172
742	150	195	170
752	152	199	175
748	142	191	181
745	151	199	175
754	148	194	178
751	146	187	177
754	152	195	179
747	148	192	178
758	151	191	179
741	151	198	172
757	151	193	179
740	153	201	169
755	153	193	174
744	157	200	163
748	155	198	168
747	156	199	165
746	157	200	165
753	157	193	164
751	159	197	163
752	159	195	163
752	161	196	164
749	162	200	164
746	160	203	166
744	163	205	165
740	164	209	165
744	165	209	165
743	167	211	166
741	168	215	165
739	169	219	167
739	169	219	166
738	169	217	166
737	167	223	169
736	167	222	167
734	166	225	171
735	166	225	169
734	165	224	170
735	165	222	169
734	165	224	170
732	165	225	169
731	165	227	170
731	165	226	170
731	165	226	169
729	164	226	168
728	164	226	168
727	162	226	168
727	163	228	167
726	163	227	166
725	161	227	165
725	161	223	162
724	162	224	160
722	161	224	159
722	161	223	159
721	163	225	157
720	163	226	159
719	165	225	156
718	164	224	156
717	165	227	157
718	166	222	153
718	167	228	156
719	169	222	152
720	168	226	155
719	168	222	154
720	168	225	155
721	168	223	157
720	168	224	157
721	167	224	156
722	169	223	154
722	168	223	157
722	167	224	156
722	167	224	156
723	168	223	157
723	167	224	157
723	166	223	156
724	165	225	156
725	167	225	154
725	165	227	153
726	167	227	151
727	167	227	148
728	166	229	147
731	167	223	145
731	165	231	145
735	168	219	141
734	164	231	142
738	168	214	138
736	167	231	140
737	168	217	136
735	170	233	135
736	171	221	136
734	173	234	132
737	173	226	132
737	175	232	132
739	174	224	131
737	174	230	133
739	175	225	131
739	175	225	131
740	175	224	135
740	175	223	134
740	175	223	135
739	174	221	135
738	172	223	137
737	171	224	140
737	170	225	139
737	169	223	140
736	169	226	140
738	169	224	140
738	169	222	140
738	170	224	139
738	170	226	139
740	169	223	137
741	169	222	137
742	168	221	137
743	169	218	137
743	169	221	138
744	170	217	136
744	169	223	136
743	170	216	134
745	171	222	135
746	171	213	135
747	172	220	136
749	172	211	136
748	173	222	137
753	175	209	136
755	177	214	134
755	178	211	135
754	176	215	139
757	180	209	133
756	179	216	136
759	181	207	134
759	177	218	138
763	181	207	134
761	177	214	137
766	180	205	134
766	174	212	142
766	177	204	139
764	173	216	142
768	174	204	141
767	172	212	145
769	173	204	143
770	172	208	144
771	172	204	145
770	171	204	146
772	171	204	145
771	171	202	145
771	170	203	146
772	170	203	145
771	170	202	144
773	169	204	143
772	169	201	144
773	170	201	142
772	170	201	143
773	171	199	142
772	171	203	142
773	173	198	140
770	171	205	142
774	177	195	137
767	173	204	141
773	175	197	138
765	173	202	140
772	176	195	138
766	173	199	141
770	177	193	138
759	173	202	142
766	173	194	144
761	172	197	145
762	172	194	146
760	170	195	147
761	170	192	147
758	170	194	148
756	170	195	147
755	169	197	148
753	169	197	149
753	169	196	148
753	169	196	147
752	170	197	147
752	169	196	147
753	169	196	146
753	169	197	147
751	169	197	146
752	170	196	145
749	169	198	146
752	169	196	146
749	169	196	146
752	168	195	147
750	168	197	146
751	169	197	148
750	167	198	149
752	167	196	151
751	167	195	151
750	167	196	151
748	167	198	151
750	168	198	150
749	168	200	149
750	169	198	148
750	170	195	147
753	170	194	148
754	169	191	147
754	168	187	147
757	168	181	146
761	169	171	144
761	169	166	143
758	168	170	144
762	168	166	142
756	169	171	141
758	169	172	140
751	167	178	138
753	167	177	138
753	168	182	139
752	167	177	138
756	165	170	131
748	165	180	137
760	163	162	131
748	164	176	131
753	162	157	118
749	161	161	123
758	161	160	141
751	162	157	129
748	163	172	153
745	164	163	130
741	165	187	160
735	167	143	136
728	162	178	140
727	166	197	154
703	165	162	127
696	177	229	147
698	167	214	146
695	164	212	151
691	166	197	144
684	172	199	131
676	173	206	132
670	177	199	126
667	178	206	124
666	177	211	124
665	178	200	120
663	177	216	115
660	178	208	119
659	179	215	116
654	178	207	113
657	181	214	109
654	182	213	112
652	182	215	110
654	184	210	110
653	184	217	108
651	185	223	105
652	184	220	107
652	184	218	107
650	184	222	108
653	184	215	109
651	182	218	113
651	182	206	115
649	180	207	121
648	181	208	120
648	182	198	119
647	177	222	119
652	181	201	104
646	179	233	115
652	180	191	107
648	183	236	98
632	175	230	107
642	181	216	119
645	183	189	123
640	182	246	97
628	175	234	105
640	178	236	118
644	182	216	101
633	181	234	117
643	181	216	107
639	182	229	113
645	182	218	102
625	178	235	112
639	180	223	106
639	179	219	104
641	180	223	97
627	178	231	107
638	182	216	101
637	180	234	92
626	175	234	107
634	177	220	106
633	178	223	104
635	179	222	104
634	178	225	105
633	176	224	109
633	173	221	116
632	173	217	117
632	176	205	120
628	173	239	101
611	165	240	124
613	166	222	134
610	166	223	129
607	163	240	123
607	161	238	135
603	161	220	141
604	166	218	134
605	170	252	106
617	175	200	120
617	184	246	96
603	175	212	122
610	185	246	96
606	187	177	111
610	187	252	96
600	183	205	114
609	190	239	96
599	184	230	110
607	189	218	104
608	192	241	96
597	186	210	115
606	192	246	92
602	194	168	102
606	193	233	95
601	192	224	97
598	192	213	101
607	195	214	94
599	193	203	102
608	200	213	90
600	195	201	101
606	195	230	96
597	196	209	97
603	192	225	100
595	192	189	104
602	196	224	100
591	193	195	100
599	192	226	103
588	188	240	105
596	187	147	113
591	186	221	105
593	187	157	105
594	197	196	92
583	191	221	97
591	195	182	92
588	198	252	91
585	198	186	80
587	203	233	86
581	205	137	78
584	205	217	81
577	207	121	76
578	208	212	78
573	210	155	77
577	207	223	84
573	209	140	75
578	214	183	75
568	210	157	78
573	211	189	81
572	210	135	74
575	211	172	78
572	209	144	82
573	209	189	83
572	206	141	81
573	207	213	86
570	205	166	84
573	203	184	90
572	203	157	82
574	202	186	91
567	197	143	84
568	199	224	99
566	193	160	91
570	197	180	98
569	193	181	91
571	196	174	90
569	194	159	88
569	193	154	98
566	190	164	100
565	192	128	89
560	188	200	109
563	188	172	94
565	192	132	89
560	189	212	108
557	187	172	96
561	195	126	85
556	187	128	96
554	195	190	105
556	195	147	88
556	202	221	98
548	191	194	100
556	199	119	86
550	201	210	97
550	197	240	102
550	193	141	106
548	203	220	100
547	194	241	103
545	191	141	107
542	201	228	100
545	191	216	110
549	194	245	108
532	191	237	106
548	191	201	110
539	189	248	110
543	187	174	109
541	194	243	104
525	181	145	101
526	186	252	105
544	185	167	116
535	190	242	110
536	178	160	123
525	184	252	110
542	183	178	119
533	183	232	113
538	179	180	124
530	189	226	106
533	176	239	107
523	174	149	116
520	183	241	107
535	183	244	96
520	184	125	94
527	188	219	91
523	186	206	106
530	193	161	96
528	193	157	96
525	194	136	93
523	193	149	93
521	198	136	88
519	193	140	93
517	197	130	88
528	202	123	84
521	195	129	91
520	201	136	85
519	197	128	89
525	199	124	87
520	197	127	90
527	200	134	87
521	196	130	91
523	197	148	89
520	196	131	90
522	195	152	91
520	192	137	94
521	193	155	93
522	193	165	92
525	195	169	91
525	192	217	99
533	193	177	86
533	191	176	97
531	192	201	99
534	187	184	98
535	192	221	94
516	184	229	99
531	187	131	97
521	191	215	93
534	192	117	89
524	189	187	93
530	193	129	93
521	187	158	96
518	190	214	94
531	194	116	90
520	187	203	93
531	196	118	87
521	191	206	91
532	194	149	88
527	197	230	89
511	184	247	98
532	192	230	92
510	186	226	101
524	193	148	104
514	195	257	92
512	180	256	100
520	188	204	102
523	195	245	93
503	183	232	102
516	191	175	108
510	188	250	97
498	185	274	90
502	185	241	105
508	184	255	94
496	179	258	101
508	181	258	99
492	175	228	113
506	181	234	112
507	179	265	93
494	175	245	113
506	180	259	105
482	165	269	119
502	179	239	112
494	175	274	100
488	170	258	110
507	177	257	100
490	173	205	118
490	167	284	108
501	176	212	120
500	174	205	111
501	173	212	115
498	169	237	114
481	172	187	122
476	169	273	114
490	181	172	118
485	180	231	106
494	174	167	122
484	179	245	107
488	176	239	113
483	182	191	115
483	185	190	112
483	183	194	111
483	182	214	112
487	180	144	124
474	184	257	94
477	180	235	115
484	183	221	108
479	179	156	123
471	181	208	109
479	178	242	111
477	173	246	119
472	173	232	116
482	176	171	123
475	175	275	118
460	169	178	132
482	178	168	115
475	176	237	118
483	176	145	120
471	174	280	111
463	167	171	126
486	175	191	112
485	174	230	117
484	174	231	120
484	176	229	115
482	171	220	123
481	174	182	120
478	171	269	125
461	161	176	127
477	169	206	117
482	175	201	115
484	180	205	113
481	177	176	116
476	178	235	117
479	178	245	124
463	176	294	120
466	176	179	120
467	180	262	115
469	178	282	115
451	173	184	128
472	180	242	114
469	182	243	122
466	181	288	113
447	172	187	129
467	179	197	118
468	181	280	114
448	173	182	131
468	178	223	118
468	181	196	118
465	173	282	119
445	168	198	138
454	169	284	129
464	172	220	127
466	171	229	125
468	173	179	126
459	165	275	128
463	170	226	117
471	172	176	123
460	162	263	130
469	171	205	120
464	164	257	119
447	163	259	133
461	172	173	127
453	164	168	132
461	170	251	115
465	174	155	124
456	171	231	122
460	171	163	131
460	170	246	124
467	176	160	126
457	170	300	118
456	167	231	134
453	167	210	140
443	161	323	139
459	158	251	155
455	162	321	131
463	162	252	147
465	162	314	129
459	156	222	154
449	152	311	140
473	159	300	136
471	156	250	151
472	161	316	128
459	148	297	163
465	150	301	147
470	156	277	143
474	158	319	122
452	151	292	154
462	151	334	125
463	148	254	156
462	153	325	145
460	148	270	155
462	153	334	135
464	149	226	161
456	146	273	146
460	149	326	154
470	154	212	149
458	151	333	142
452	150	233	158
458	154	294	143
477	168	309	130
447	149	247	166
446	154	218	160
479	167	310	140
442	152	266	170
441	156	311	168
446	160	333	144
455	162	276	157
459	173	332	126
434	157	233	165
462	170	329	138
428	153	245	175
462	168	275	146
461	164	334	135
424	146	311	178
422	147	298	175
416	145	364	180
418	132	295	211
426	151	312	172
424	150	285	170
423	149	265	174
441	157	197	163
466	155	177	156
448	148	253	153
442	151	211	158
458	156	258	152
452	154	255	159
443	148	198	166
462	162	174	143
450	148	335	143
434	143	216	168
463	164	286	145
456	161	344	127
429	148	223	165
465	166	284	147
442	159	359	128
432	150	250	161
449	160	356	144
427	152	227	163
466	171	249	138
462	158	214	157
447	150	351	159
443	156	262	160
437	151	259	169
432	153	315	168
441	159	364	134
438	150	246	168
441	158	369	149
449	156	239	158
445	146	367	162
432	147	294	174
436	153	304	172
438	157	369	153
449	152	327	167
450	150	359	155
452	149	317	175
448	151	370	152
466	156	293	169
465	167	353	136
436	149	349	172
449	155	350	154
463	158	300	163
466	167	358	126
444	156	273	160
447	151	269	158
443	151	286	162
446	153	209	161
475	169	310	135
452	162	371	131
435	153	227	163
472	175	198	136
459	160	341	135
432	158	353	152
457	167	356	141
436	161	263	141
446	165	355	150
458	169	224	129
459	175	264	136
464	172	213	148
452	168	223	152
447	169	229	152
448	171	227	152
441	167	207	156
468	176	317	132
438	166	276	148
445	164	307	147
458	172	196	153
453	158	325	142
440	166	272	150
438	148	310	158
446	159	207	161
467	159	226	147
459	158	305	153
467	171	187	147
453	154	339	143
462	160	301	151
470	171	178	141
456	156	268	149
462	166	193	147
463	154	253	152
463	168	207	142
457	154	191	154
472	160	245	140
471	165	197	144
461	157	187	151
471	168	220	136
465	161	196	146
475	171	194	133
470	167	260	126
478	172	203	136
470	167	189	141
486	173	293	113
462	171	210	137
488	175	236	130
486	172	247	133
488	172	331	122
472	164	264	153
474	162	363	154
491	165	368	116
487	166	362	136
473	162	408	130
479	147	397	146
475	151	392	142
487	150	407	147
487	152	318	162
508	157	384	140
493	148	364	154
497	149	403	150
488	139	411	160
510	147	364	164
510	140	420	141
513	148	382	153
504	139	405	155
516	146	330	167
519	150	386	141
512	144	345	154
519	145	387	148
514	143	301	172
524	157	352	134
510	148	398	138
508	141	271	164
518	154	383	142
514	146	246	163
508	147	385	163
532	155	328	143
534	153	361	145
515	148	214	173
541	150	321	137
515	151	383	151
528	147	396	124
524	150	234	155
514	153	383	137
530	149	391	125
519	142	303	157
529	146	401	140
509	139	301	172
510	136	418	144
526	161	322	139
541	148	405	131
532	142	386	155
514	140	418	136
528	143	404	135
513	137	423	137
531	135	401	142
511	137	415	144
537	132	400	149
514	138	418	146
545	135	397	145
520	129	412	158
544	142	406	135
524	127	415	155
547	121	393	163
519	129	418	155
547	134	399	149
509	127	435	161
541	132	395	152
528	117	417	171
548	138	400	159
517	120	441	167
546	140	407	164
517	119	454	179
547	128	418	179
540	126	413	172
541	120	436	179
552	145	403	152
515	116	446	183
536	110	433	208
562	139	396	171
504	114	456	191
535	118	432	210
567	118	395	187
532	138	424	177
533	142	435	183
540	145	419	188
525	141	434	185
540	154	410	185
523	151	425	175
535	147	434	176
534	151	422	190
529	154	443	182
536	152	405	192
535	158	433	169
536	150	422	173
538	148	410	189
536	153	416	178
541	154	383	176
539	152	417	179
546	154	302	156
546	153	306	162
545	149	206	155
553	137	191	162
559	144	189	149
551	132	206	157
560	141	202	147
552	135	214	153
559	140	202	149
555	138	214	151
575	143	197	149
560	131	197	161
579	140	195	151
563	136	192	156
582	132	198	175
552	126	210	175
575	134	206	184
555	126	210	186
576	134	195	193
561	125	198	192
577	125	192	204
567	130	199	185
578	134	378	172
571	133	383	184
568	142	356	184
563	145	449	155
537	126	492	178
569	140	432	173
535	139	495	166
535	132	477	175
549	141	465	165
528	140	487	164
534	140	479	168
532	133	485	173
537	138	473	172
535	144	473	168
529	146	489	167
529	142	478	169
525	140	478	176
526	140	469	178
520	134	494	186
520	139	473	175
520	135	487	182
520	141	481	184
514	139	459	184
513	137	490	189
511	137	465	198
522	149	440	184
517	141	468	189
522	145	424	186
529	143	469	181
529	140	363	181
525	134	506	206
540	149	441	199
545	132	424	215
544	134	299	190
525	108	484	235
549	129	402	237
545	118	452	225
566	129	416	236
578	119	396	249
613	118	382	228
606	108	408	217
639	108	379	222
566	101	455	218
600	110	418	205
601	103	416	214
641	105	382	210
569	98	461	218
606	112	423	203
558	100	476	207
593	114	438	187
539	111	501	186
580	121	463	181
539	117	510	177
546	120	467	189
545	125	452	181
540	127	497	166
515	106	521	194
532	140	461	170
519	116	516	178
509	120	539	179
506	121	534	179
506	112	549	185
501	122	528	178
514	112	534	187
492	116	543	182
509	130	538	174
488	115	569	183
501	110	520	195
505	120	528	195
481	113	561	184
486	121	530	193
505	119	535	193
474	125	546	180
496	124	531	196
488	132	519	185
492	122	537	194
474	122	530	200
500	123	531	192
475	131	473	213
490	122	317	246
484	137	322	217
493	139	522	158
491	126	514	207
489	129	466	198
495	123	338	239
494	130	355	225
490	125	418	220
492	124	334	231
490	131	301	222
493	133	495	180
487	120	361	228
486	125	327	226
485	127	311	217
485	126	441	204
483	116	303	232
485	130	373	209
486	126	299	222
486	134	323	209
486	137	304	206
481	141	272	201
487	147	311	193
484	142	270	201
483	148	301	193
482	147	274	198
479	148	301	195
479	146	277	200
484	150	295	194
478	141	288	205
478	140	322	205
475	131	279	214
482	137	318	205
472	124	300	222
477	129	331	212
470	120	348	226
472	120	392	228
474	119	284	233
472	118	475	223
477	123	292	230
473	111	355	226
468	112	368	229
469	110	310	233
471	108	368	223
470	108	338	228
462	112	381	224
471	113	321	227
465	111	290	220
471	111	308	216
463	110	293	216
475	112	291	213
463	110	292	213
467	112	289	209
469	114	302	207
463	114	290	209
468	117	310	208
454	114	293	212
460	119	314	208
454	119	293	212
462	124	301	208
449	123	292	210
463	128	294	206
445	125	302	211
449	128	294	209
453	129	304	210
440	124	301	218
448	125	304	216
438	123	300	219
444	121	311	225
435	117	302	228
442	118	312	228
433	116	319	232
448	115	321	233
436	112	375	223
434	106	318	237
449	105	328	241
434	106	441	220
443	99	357	237
434	98	386	236
433	98	327	236
458	103	317	231
438	105	318	227
466	107	304	225
441	108	307	218
472	107	328	221
449	102	304	228
471	107	315	223
455	106	305	218
469	106	319	220
462	106	304	221
479	107	313	221
473	106	323	223
495	104	320	229
483	103	312	231
518	104	312	231
486	104	310	235
525	105	309	235
496	107	320	249
534	112	319	243
513	110	314	251
527	116	324	267
538	107	296	273
538	102	361	285
501	106	376	272
519	106	354	265
536	108	484	235
536	88	419	294
515	90	753	210
497	47	602	341
516	100	418	345
588	76	435	304
551	80	355	300
603	101	271	269
562	82	511	269
556	61	683	313
684	131	269	283
609	116	420	238
596	91	550	254
646	59	591	243
568	27	677	319
681	86	295	300
611	69	326	295
557	78	350	275
601	81	381	270
563	76	440	288
544	64	735	306
654	94	375	316
597	85	294	314
597	99	284	274
591	92	286	281
565	100	308	283
590	89	262	283
593	94	266	305
563	94	339	276
541	115	327	254
573	96	321	270
545	122	321	238
561	114	355	245
548	114	322	249
546	119	344	240
545	110	367	250
540	115	325	246
533	107	363	249
529	107	335	248
520	104	397	247
531	108	332	242
520	97	390	250
529	106	335	235
529	96	375	241
541	94	338	236
543	95	393	235
527	90	343	239
528	94	385	232
533	89	347	229
529	91	365	227
531	93	361	228
536	95	358	229
537	93	360	233
541	94	355	233
541	92	343	237
556	100	337	230
558	103	332	227
558	103	341	229
573	107	330	227
556	109	348	228
578	117	325	224
568	127	343	219
569	123	347	229
574	108	346	248
572	99	335	259
577	97	349	263
584	89	314	269
585	87	341	289
601	87	302	277
589	85	333	296
611	85	311	286
599	77	308	286
620	77	309	311
612	73	304	292
627	66	317	329
628	75	301	287
617	69	313	299
630	72	282	284
634	71	297	301
631	77	285	273
647	77	286	291
634	82	289	265
645	79	291	283
641	83	285	261
639	85	287	266
638	84	282	259
641	79	281	262
639	69	280	275
630	64	277	268
622	62	277	268
611	59	286	267
602	48	293	275
583	44	311	273
569	42	311	270
565	51	300	256
546	48	308	260
527	53	319	259
509	56	346	257
511	62	352	255
503	58	363	260
505	61	374	257
506	56	379	263
507	58	370	260
499	57	377	261
491	57	382	261
482	55	379	262
473	56	379	257
461	53	384	256
452	56	393	254
440	50	406	262
435	58	408	254
423	43	426	270
428	49	425	269
407	40	443	281
400	42	434	280
393	44	444	279
387	35	466	298
386	47	430	282
388	35	702	364
371	38	445	253
443	49	768	366
308	10	494	309
333	19	698	370
322	9	824	397
325	1	665	351
296	9	959	445
326	0	833	498
349	10	844	478
336	12	697	426
349	14	729	387
314	2	909	433
408	5	685	499
445	68	784	370
359	26	920	327
374	17	905	386
390	28	755	440
391	24	832	364
379	35	900	290
371	55	908	265
368	56	911	235
374	91	666	316
361	85	741	315
356	75	608	420
360	112	437	398
338	115	550	356
309	101	905	211
331	142	808	215
320	120	562	379
295	130	984	134
319	162	681	241
292	172	835	161
304	168	717	233
294	175	851	149
297	176	752	193
301	153	774	197
303	155	561	322
293	153	753	207
286	152	460	373
332	86	381	426
344	115	352	425
356	58	334	456
359	95	330	450
367	47	325	469
373	79	329	461
386	32	376	339
424	35	310	314
441	40	286	289
439	63	293	302
438	60	291	334
446	60	282	361
453	60	265	395
446	62	277	407
458	55	288	414
448	59	317	414
454	56	333	417
458	57	348	430
467	52	360	436
474	54	364	434
474	53	380	422
484	51	398	413
499	42	423	401
509	42	441	390
520	31	462	378
519	28	493	360
520	29	506	362
522	31	522	360
529	33	528	363
539	31	532	381
542	25	550	395
548	24	567	400
560	18	583	415
567	16	596	405
572	19	606	396
579	20	611	406
585	19	622	405
592	22	634	409
602	18	637	441
612	16	640	456
613	22	649	462
612	23	658	467
610	29	650	484
608	29	651	488
608	31	657	498
613	35	649	481
619	29	659	493
621	34	632	479
625	30	641	493
629	32	639	486
631	26	617	496
628	26	608	503
628	31	619	493
626	31	634	482
624	28	636	484
618	36	661	476
620	36	658	468
618	37	661	464
620	42	659	460
628	46	651	455
630	48	639	459
634	49	617	452
652	48	576	461
673	43	574	468
658	45	588	459
683	35	579	465
665	46	599	460
706	29	541	473
683	39	587	468
725	22	529	475
710	35	546	466
738	33	511	477
739	32	506	477
771	25	471	490
768	33	486	489
788	32	462	491
791	36	471	489
795	36	473	497
810	34	459	496
815	38	454	480
829	29	440	479
826	36	439	457
846	25	423	485
837	39	431	466
860	24	411	474
855	33	416	502
871	30	404	470
870	36	405	499
880	35	399	467
874	39	405	492
890	33	389	467
893	35	386	505
901	34	378	467
901	38	378	507
908	35	371	450
899	39	380	461
911	33	368	434
898	40	381	461
914	33	365	453
910	37	369	457
911	42	368	436
909	45	370	447
910	47	369	457
915	49	364	442
908	56	371	410
909	53	370	412
909	53	370	395
906	54	373	388
910	53	369	397
903	55	376	398
904	56	375	393
901	58	378	393
895	60	384	410
899	58	380	403
889	60	390	399
888	64	391	389
888	62	391	396
884	64	395	391
883	64	396	386
876	64	403	375
877	60	398	377
877	58	399	377
876	56	391	371
881	54	386	370
878	56	382	360
879	55	400	383
874	53	389	365
876	52	403	378
871	52	397	361
873	51	406	371
861	52	409	359
866	48	407	365
863	48	404	357
858	47	415	358
857	42	407	352
856	43	414	348
853	41	405	346
853	39	426	348
848	37	406	342
855	35	403	347
850	37	405	338
851	34	417	350
845	36	403	341
848	37	406	338
849	37	388	334
848	39	431	346
850	39	395	344
850	43	393	341
852	46	393	344
852	48	389	345
853	51	386	342
853	54	390	343
857	56	383	344
861	58	371	337
862	59	392	355
863	61	373	344
864	62	378	346
866	62	373	343
866	64	381	349
870	65	370	348
872	65	363	342
872	66	369	346
876	66	371	350
874	70	370	339
878	68	369	348
881	70	365	342
883	69	362	342
885	71	364	343
885	73	358	333
884	74	366	342
885	73	357	331
884	74	360	336
883	72	359	329
883	74	362	333
883	74	352	322
883	72	367	339
883	72	359	323
882	71	358	321
878	71	371	331
879	71	368	320
877	72	385	330
874	71	383	319
875	74	391	324
873	76	384	318
874	78	396	323
868	79	396	320
870	80	392	324
868	84	398	322
870	83	384	320
869	84	399	328
866	86	395	321
868	87	395	327
866	84	396	328
863	86	403	330
860	85	404	330
862	85	406	332
856	84	410	332
857	82	411	340
855	82	409	333
852	83	420	338
850	80	418	334
850	78	426	340
848	79	417	333
847	78	428	339
847	78	420	336
846	77	421	342
846	77	422	343
845	76	429	343
846	74	428	343
847	72	427	344
847	71	425	343
846	69	425	343
847	69	424	338
847	67	428	339
845	69	429	332
846	68	431	334
847	69	431	333
847	69	429	332
849	70	423	330
851	69	421	333
853	69	418	336
855	69	417	338
857	72	414	340
862	72	414	343
864	73	402	347
869	75	404	357
872	77	392	353
877	77	392	359
879	79	382	355
883	82	385	362
885	82	376	360
890	80	371	361
891	77	368	362
892	77	370	368
893	77	369	366
895	76	369	369
895	77	369	368
898	78	374	371
897	79	374	366
897	80	374	368
899	81	369	365
900	80	369	365
901	81	370	366
904	81	371	366
905	82	367	360
906	80	371	365
907	80	367	357
907	78	361	347
905	77	363	343
905	76	367	347
908	75	368	347
909	74	368	346
911	76	368	343
911	77	368	343
905	76	369	338
907	77	372	332
901	79	374	334
905	81	367	311
895	84	379	316
897	85	380	305
894	86	380	312
891	89	379	303
890	91	389	309
889	92	387	292
892	91	387	312
885	92	391	293
888	90	385	301
886	91	390	302
884	92	393	296
881	94	391	296
879	93	398	296
878	93	397	293
878	90	401	297
874	89	400	299
875	87	398	302
875	88	400	298
870	88	406	298
871	86	405	297
866	90	413	292
864	89	415	295
864	94	415	290
863	90	416	294
862	92	417	286
861	90	418	286
858	91	417	286
857	89	421	285
855	91	421	283
855	89	421	286
854	89	418	288
852	88	412	294
849	88	414	303
852	86	421	300
850	86	426	303
850	82	421	316
852	82	421	318
852	79	422	325
853	76	418	336
855	77	402	339
854	79	411	330
852	77	404	338
855	79	405	334
851	81	405	332
855	83	403	329
858	82	396	334
855	83	400	337
855	83	394	340
855	82	395	342
855	82	398	345
855	84	395	347
853	85	401	345
849	84	407	349
847	84	404	349
843	84	415	355
840	81	412	351
838	82	417	355
837	79	412	354
833	80	427	358
833	81	418	352
832	79	433	358
830	80	427	352
829	77	437	358
826	77	427	354
829	76	437	358
826	76	433	356
826	75	438	361
822	75	441	354
821	75	449	358
819	73	447	353
823	74	447	355
822	75	442	348
818	75	453	354
821	75	443	344
815	76	460	349
816	81	453	339
817	76	452	348
815	81	451	340
815	79	456	344
815	81	450	336
812	83	457	337
814	84	455	337
813	83	454	339
814	81	452	338
810	82	456	342
809	83	458	335
808	85	458	340
808	83	457	335
805	84	458	340
803	85	460	336
802	86	461	336
800	87	462	333
802	88	459	334
802	85	460	332
803	83	457	338
799	83	458	334
801	85	457	333
799	83	458	332
796	85	459	329
798	83	457	327
797	82	456	329
798	84	455	326
798	81	455	325
798	83	451	330
796	82	454	325
796	83	454	324
795	81	453	324
795	83	455	324
793	83	451	320
794	83	451	325
795	86	447	319
795	86	451	321
796	85	448	317
796	87	453	321
793	85	448	319
796	86	447	320
793	87	448	318
794	88	447	317
795	89	446	314
795	89	445	315
796	91	443	310
797	91	442	314
799	91	440	312
799	91	439	309
799	91	435	306
800	92	432	312
804	92	431	310
807	92	425	307
810	93	419	307
814	94	413	307
820	95	406	306
824	97	403	304
830	97	393	298
832	97	381	295
832	97	391	299
835	98	378	291
840	98	374	290
843	100	372	290
847	100	361	285
851	101	369	285
856	99	351	277
861	98	347	281
865	99	348	283
867	97	336	275
869	96	334	275
870	95	330	269
873	94	327	270
874	92	320	267
875	93	322	269
877	93	317	265
876	92	315	267
877	94	316	262
880	94	305	261
882	96	300	264
882	97	304	264
884	98	297	256
884	98	297	261
889	99	294	258
887	99	291	255
884	98	287	257
885	101	288	256
886	100	289	260
887	100	289	259
885	100	290	259
884	102	296	260
880	102	302	255
885	101	297	247
885	102	286	234
886	103	274	232
892	103	262	227
897	105	256	233
889	104	265	231
888	104	266	233
887	104	263	227
894	104	259	243
891	106	259	222
894	104	252	224
892	103	249	214
901	104	250	220
891	103	250	205
904	101	250	217
893	98	250	209
903	96	252	221
895	97	247	204
908	98	250	214
891	97	251	219
905	99	258	218
892	97	250	195
910	96	246	221
891	100	247	196
910	100	247	209
897	103	241	206
901	106	256	197
897	107	241	188
904	109	247	187
898	107	244	193
898	109	251	188
894	110	239	189
902	110	248	189
891	110	243	193
897	110	252	192
892	111	237	195
895	110	257	195
890	112	243	201
897	111	248	197
889	112	241	204
893	113	256	203
890	113	240	204
890	112	254	209
891	113	251	220
892	112	249	215
886	116	242	208
893	112	251	238
892	118	248	215
894	118	245	229
890	114	247	228
899	121	229	215
906	114	234	245
907	126	227	222
909	115	227	241
904	117	233	229
906	127	222	219
909	106	219	251
905	123	219	222
900	111	220	237
894	122	230	228
890	106	230	245
882	126	232	219
885	110	228	243
876	118	239	224
870	118	244	233
864	123	247	225
853	122	259	231
847	127	272	231
843	130	272	223
852	129	280	243
837	129	269	216
853	130	274	249
832	128	266	213
850	131	271	254
841	131	252	214
862	134	255	251
841	129	253	223
853	134	265	243
813	135	281	216
841	135	273	232
823	137	285	221
838	137	278	226
838	138	268	216
817	137	288	217
825	135	279	224
839	138	268	219
828	139	270	209
838	139	266	220
834	137	270	218
839	140	258	205
834	138	254	211
839	139	253	215
835	136	252	206
849	142	236	206
827	141	245	191
852	140	226	206
846	142	227	198
857	140	205	187
857	142	210	198
852	139	211	191
850	146	222	201
821	144	249	196
844	142	236	212
812	148	272	208
828	145	269	221
813	149	262	192
837	142	247	224
809	146	267	198
813	144	272	215
811	146	291	219
810	146	283	202
802	144	298	211
803	141	298	218
796	141	298	211
815	142	280	219
807	144	303	221
809	145	302	219
809	145	312	226
798	144	301	219
802	144	307	229
791	144	325	228
798	142	320	236
792	143	321	229
794	142	331	237
784	140	342	235
797	138	314	232
793	139	331	238
786	138	333	234
790	137	329	241
784	137	332	238
790	137	326	242
780	137	337	242
785	137	326	241
779	139	334	237
785	138	326	240
781	140	332	241
784	140	330	241
781	141	336	242
782	141	333	240
781	142	333	241
780	142	332	242
778	141	332	242
777	140	337	246
779	141	329	243
777	143	338	246
776	144	334	243
772	144	338	246
771	145	343	241
769	144	342	246
768	145	343	242
766	144	343	246
766	145	343	243
764	143	340	247
761	144	345	246
760	144	343	246
759	143	347	248
757	142	347	246
756	141	351	249
755	141	349	247
755	141	353	248
753	141	355	247
751	141	356	247
751	141	357	245
750	141	361	244
751	140	357	244
750	140	359	240
751	141	358	238
750	141	359	239
750	141	360	235
752	139	359	235
753	140	357	231
752	139	360	231
752	141	360	228
751	141	364	225
752	143	363	220
754	143	367	218
753	144	365	215
755	146	367	215
756	145	364	214
760	146	364	212
759	148	365	210
761	149	365	209
762	150	363	208
762	151	367	205
764	152	366	204
765	151	366	206
769	152	363	208
773	152	360	209
776	152	361	209
777	153	359	209
782	153	358	208
783	150	356	212
786	152	357	208
786	148	358	209
790	150	354	206
793	147	358	206
795	146	353	207
796	146	354	206
798	145	356	205
803	143	353	205
804	140	353	203
806	139	353	202
808	140	351	201
809	139	353	200
812	137	352	201
815	136	352	197
816	136	350	195
819	135	346	201
822	135	350	193
825	135	346	195
826	133	346	198
829	131	346	197
831	132	345	199
834	132	341	203
837	132	340	204
839	131	340	204
843	131	336	208
846	131	329	211
849	132	326	215
851	133	324	216
854	132	318	224
856	131	313	231
858	132	310	234
857	131	310	238
859	130	309	239
861	130	305	243
861	131	304	244
859	130	305	246
858	130	307	245
859	130	304	246
860	130	298	249
860	130	301	254
861	130	303	251
862	128	305	252
864	126	304	252
865	126	307	251
864	125	310	251
865	125	314	248
866	125	316	246
868	125	314	247
864	125	319	244
862	127	319	243
863	127	318	243
862	128	319	242
864	128	318	241
865	128	318	239
866	130	317	236
867	128	316	236
867	128	315	233
868	128	314	232
866	128	317	230
868	127	317	229
869	128	320	226
873	127	317	225
872	128	318	223
873	130	316	222
876	131	316	220
878	134	314	216
877	134	316	217
879	136	318	214
884	135	317	213
886	136	312	213
889	136	312	213
891	136	312	213
895	138	309	213
897	139	309	214
899	140	309	213
901	141	307	216
903	140	311	215
905	137	312	220
907	137	310	221
910	136	309	222
913	136	309	223
912	134	313	224
914	133	311	225
916	132	312	225
917	131	313	226
919	131	313	225
919	129	316	226
921	129	315	224
921	129	315	223
922	129	315	220
924	130	315	218
922	130	316	216
923	131	316	214
922	131	316	213
922	131	316	212
923	132	317	211
922	132	317	210
921	132	317	209
924	134	314	207
922	133	315	209
923	134	314	207
923	136	313	206
924	138	312	206
923	137	312	207
923	139	311	205
923	139	310	204
923	141	309	205
923	141	309	204
923	140	309	205
923	140	308	207
925	142	306	206
924	141	307	208
924	142	308	207
921	141	309	209
923	143	306	206
919	141	310	207
923	144	302	206
922	144	305	205
921	145	304	204
921	143	303	208
923	144	301	209
921	141	300	210
923	142	299	210
921	142	300	213
922	142	296	213
923	143	296	210
922	141	300	209
918	140	298	214
923	141	294	207
920	140	296	207
918	138	296	209
921	139	292	207
916	137	294	210
920	139	286	211
921	141	275	204
925	145	270	202
916	144	275	203
921	145	267	205
923	148	268	203
915	147	271	201
920	148	263	200
921	149	259	198
921	149	257	198
923	150	252	197
920	151	253	197
923	151	250	197
924	150	246	198
926	149	244	198
927	150	243	198
928	151	239	195
928	152	235	197
930	152	228	196
928	149	230	197
930	150	229	196
932	151	226	194
930	150	227	193
928	150	230	195
928	146	230	199
932	150	225	193
929	146	229	197
933	147	221	194
929	145	231	197
932	145	222	195
932	146	226	195
928	144	226	195
926	145	229	194
926	147	227	190
926	148	225	188
925	148	222	184
923	145	221	182
924	146	218	172
928	154	220	161
919	140	219	170
927	151	211	156
919	139	219	172
923	145	204	148
921	140	215	167
920	145	203	151
926	147	204	157
919	137	205	163
927	154	205	150
923	147	202	157
925	157	201	145
921	149	206	159
926	160	196	141
923	156	204	155
920	153	198	148
921	159	195	145
923	156	190	148
923	161	189	151
921	154	182	147
917	161	194	161
915	159	186	150
924	164	183	156
913	163	181	145
925	166	181	163
913	160	177	151
926	166	166	158
919	162	167	155
925	169	159	153
924	167	157	153
923	169	156	152
922	172	153	149
924	174	149	146
923	172	148	150
923	170	147	153
917	171	153	152
907	168	161	157
911	171	156	157
907	171	156	149
916	177	150	154
897	171	164	154
904	174	156	151
906	170	154	158
897	173	162	155
900	170	157	149
895	174	164	155
888	170	165	149
891	172	166	153
883	175	168	141
885	176	173	149
875	173	173	145
867	173	187	149
871	173	181	146
870	174	185	148
866	175	180	145
863	175	185	144
861	174	185	146
866	172	183	146
863	175	181	142
860	174	186	145
858	172	188	148
855	172	186	146
852	171	195	149
856	173	182	145
854	171	189	149
854	174	181	143
855	173	188	148
848	173	181	146
854	172	191	146
851	174	176	140
857	174	185	146
848	175	177	140
856	173	187	151
843	173	180	145
849	172	193	150
841	172	183	148
846	171	194	152
837	169	183	147
850	169	188	153
831	170	187	149
845	170	190	150
833	170	186	150
833	167	200	151
829	167	189	154
837	166	195	155
831	167	182	152
833	165	193	158
825	167	182	157
831	168	188	155
821	168	187	157
817	167	206	155
817	165	192	156
814	166	202	155
813	165	203	155
812	164	207	155
813	164	195	154
810	165	200	154
814	164	199	156
815	165	190	155
810	168	198	152
815	167	192	153
815	168	192	154
814	168	186	154
815	168	190	154
812	170	189	152
810	168	191	155
805	168	191	154
809	169	191	154
804	170	189	153
806	170	194	156
796	170	192	154
809	171	186	154
799	172	187	152
798	173	191	155
796	173	190	153
793	173	191	152
791	172	194	155
783	172	195	153
790	171	191	159
780	172	194	152
791	172	188	161
781	172	187	154
789	172	186	160
783	172	182	154
790	173	180	156
785	172	180	152
783	172	185	156
776	171	184	153
785	172	178	154
774	171	186	153
776	171	184	152
774	171	183	150
772	171	185	149
771	170	182	148
772	171	182	148
770	171	181	146
771	172	181	146
771	172	179	144
772	173	176	143
775	173	173	143
777	173	168	141
779	172	167	145
780	173	166	142
781	172	163	143
781	172	164	145
781	172	161	141
780	172	161	142
778	174	162	140
778	174	163	142
777	174	161	141
775	174	163	143
773	175	165	144
770	175	169	144
767	176	172	146
766	177	173	146
762	176	178	149
760	176	178	149
758	176	178	152
754	174	182	157
751	175	184	158
747	174	189	162
744	172	190	164
744	171	190	169
741	170	195	171
740	172	196	173
737	172	198	177
736	172	196	179
732	172	201	181
730	172	204	181
729	172	204	181
728	171	206	184
726	170	207	186
724	169	206	187
725	169	206	187
724	168	206	189
723	167	207	189
721	168	210	189
722	168	211	188
721	167	212	187
722	168	213	186
721	167	216	184
723	168	214	183
723	169	217	181
724	170	216	179
722	170	222	178
726	170	220	178
724	169	226	176
726	171	226	174
724	171	231	174
722	172	235	175
724	173	231	173
721	173	236	174
725	174	232	174
719	173	241	176
720	172	241	179
717	172	244	180
717	172	243	181
716	172	243	181
717	173	239	182
715	172	239	184
714	174	237	184
713	171	235	186
709	171	238	185
707	170	236	185
706	170	235	184
705	170	234	186
704	171	234	186
704	171	232	184
704	170	230	183
704	170	228	182
704	170	227	180
705	170	224	180
705	171	224	180
706	171	222	180
708	171	222	180
710	171	222	177
711	172	222	176
714	171	222	176
717	169	221	175
719	168	221	175
721	168	221	173
724	169	219	172
725	170	218	173
728	170	219	172
732	172	216	171
732	173	217	169
733	174	219	169
736	175	221	167
737	175	218	163
738	176	224	163
745	180	216	156
746	179	220	160
748	179	218	158
749	181	220	158
750	180	222	157
752	182	223	155
753	182	224	155
754	181	225	155
755	180	225	155
756	179	228	155
757	182	220	153
756	180	233	154
758	179	223	154
757	180	231	151
758	182	226	150
759	184	233	145
762	183	228	143
763	185	230	144
765	185	227	140
765	188	229	139
766	184	231	142
767	188	226	138
766	186	234	139
766	187	227	139
766	189	234	136
766	187	235	141
769	190	229	136
767	188	238	138
769	188	230	139
768	188	240	139
769	189	226	139
769	191	236	137
770	190	233	138
770	190	232	139
769	191	236	139
770	190	229	141
769	191	236	140
771	190	227	141
769	190	238	141
772	190	227	141
771	190	236	142
772	189	228	141
771	189	235	143
772	190	226	142
771	190	236	144
772	190	228	144
771	188	235	146
772	187	228	146
772	189	234	145
774	188	229	146
772	187	230	146
773	187	233	147
774	185	227	148
774	186	230	147
774	183	228	149
774	185	229	147
775	184	228	147
775	184	228	147
775	184	227	147
776	185	227	146
777	185	228	146
778	186	225	146
781	185	221	146
781	185	220	147
782	185	219	145
783	183	218	148
784	186	213	145
783	183	215	149
784	184	209	146
784	183	211	147
785	185	205	146
783	183	204	151
783	184	203	149
784	184	200	149
784	183	198	150
784	182	195	151
786	182	190	152
786	182	187	152
786	183	184	154
786	183	182	155
787	184	179	154
784	184	178	155
785	184	180	158
783	182	177	157
783	185	177	156
781	184	176	157
779	183	176	156
779	184	173	155
778	185	174	155
776	184	174	155
774	183	175	156
773	183	174	156
770	182	177	155
771	183	172	152
768	182	171	153
769	182	171	153
769	181	169	152
768	179	172	154
765	178	168	150
768	180	168	157
766	179	166	148
766	177	167	157
764	179	166	148
765	177	160	152
761	175	159	146
764	178	155	141
761	176	154	140
763	178	148	134
762	177	144	127
757	174	144	129
762	173	132	123
758	173	135	130
756	169	137	129
755	172	138	131
749	168	147	137
740	169	147	120
737	169	162	144
731	168	154	117
729	169	169	148
712	165	172	124
729	167	170	143
709	161	173	129
727	175	173	144
707	168	175	132
710	165	190	148
687	162	189	137
717	171	175	134
696	165	175	137
703	169	187	139
682	165	183	142
700	168	187	140
678	165	184	139
699	167	182	141
676	168	182	141
693	168	182	147
668	170	185	147
681	167	187	152
656	169	186	152
676	171	190	150
652	173	183	154
671	175	189	148
650	175	177	150
668	176	182	148
649	172	170	151
664	175	172	155
650	173	163	152
663	179	164	154
657	176	154	146
669	184	156	151
642	183	157	142
654	185	163	141
635	157	168	173
646	171	186	151
623	174	176	152
627	167	191	158
636	176	142	145
629	174	176	148
616	160	206	166
607	177	146	145
592	167	162	150
600	173	211	155
606	184	129	143
586	179	199	138
593	191	201	129
591	181	193	143
587	177	193	147
579	174	204	149
579	179	195	145
573	174	180	149
565	170	168	148
552	165	143	154
545	171	218	148
554	170	176	152
544	161	171	157
534	165	168	170
531	165	164	175
529	164	160	182
532	161	153	180
522	162	135	179
533	156	139	157
515	166	132	171
529	166	143	135
512	171	122	191
518	177	111	173
507	187	113	191
502	194	118	178
489	202	112	210
484	199	131	213
461	213	133	200
467	219	135	213
443	248	151	184
439	263	162	178
431	266	173	182
431	275	151	149
432	278	169	168
434	287	146	140
416	289	173	147
424	295	162	134
412	294	175	137
407	296	175	140
406	299	169	138
406	308	155	128
403	308	155	126
401	302	155	130
400	294	157	137
401	285	153	144
400	274	153	158
400	261	155	166
399	251	156	176
397	240	159	183
396	227	160	191
395	216	162	196
394	210	165	196
392	198	169	198
388	189	176	204
387	182	181	202
386	172	182	206
380	163	191	202
384	157	188	199
377	148	196	197
378	141	194	193
377	136	194	185
378	132	195	181
375	128	202	177
372	124	208	173
369	123	221	168
375	122	228	160
387	121	229	157
390	120	221	153
392	119	228	150
396	120	230	144
403	119	227	142
406	121	234	138
408	121	237	128
414	121	234	128
416	121	237	118
420	123	234	116
422	121	235	104
417	122	243	107
420	120	245	101
420	122	254	107
431	124	248	103
433	125	243	94
431	126	245	96
434	128	243	97
438	131	236	95
435	130	238	104
432	131	235	108
432	129	230	105
428	124	262	122
435	119	241	136
448	119	229	135
469	125	214	132
470	126	219	136
471	125	197	141
466	131	212	135
462	132	214	132
458	133	196	134
449	140	175	129
463	151	172	116
453	155	148	108
467	163	130	85
459	156	129	95
459	155	148	100
462	159	179	106
463	158	164	102
464	157	208	127
462	159	236	122
464	157	172	118
463	159	245	120
466	156	180	121
468	161	187	110
472	161	207	113
477	164	245	122
480	162	212	126
479	166	246	125
476	165	239	129
479	166	208	122
483	172	252	122
491	171	240	128
487	172	241	129
495	169	223	133
494	166	249	130
505	170	243	131
507	174	245	123
514	168	239	130
522	169	233	133
525	170	234	135
533	167	228	139
537	166	227	142
535	163	231	147
542	167	224	146
536	164	232	148
542	165	225	148
543	161	226	151
545	159	225	154
551	159	220	154
544	158	229	155
549	156	224	156
550	158	223	152
549	156	224	152
553	161	221	146
547	155	227	152
552	159	226	144
558	158	221	146
553	157	232	145
553	158	235	144
560	162	230	138
573	161	222	139
535	162	261	136
567	165	229	136
560	164	238	136
576	164	225	137
541	159	261	141
570	163	229	141
578	160	225	142
565	164	239	139
578	160	226	143
561	159	246	146
590	158	218	145
551	158	261	146
589	158	218	146
597	160	214	144
552	154	262	153
591	155	220	149
599	154	216	152
596	154	225	148
580	154	244	149
606	156	212	147
550	148	271	152
592	152	221	149
610	152	208	149
550	145	275	154
592	148	226	154
612	152	212	150
551	146	281	156
596	152	225	154
611	153	212	150
557	144	275	156
601	152	221	149
616	149	213	151
570	148	271	149
615	151	215	152
562	149	281	153
611	153	212	151
586	139	245	163
617	155	217	149
585	150	255	155
620	154	216	151
581	152	267	153
610	154	230	155
564	150	286	159
612	165	223	147
562	134	279	181
597	162	233	150
568	132	265	185
595	164	240	148
578	135	258	182
608	162	230	152
549	124	292	197
581	156	244	161
587	153	249	167
607	149	237	174
604	153	251	171
609	153	238	175
609	151	248	178
612	151	230	179
614	152	246	177
609	151	243	179
618	150	241	181
616	150	226	180
627	150	236	179
617	150	216	174
607	150	249	177
627	148	237	182
624	149	217	182
625	150	242	176
617	148	204	173
596	150	223	159
593	147	187	152
586	149	220	161
592	148	220	153
594	146	146	119
586	146	262	182
602	144	234	163
589	151	155	112
590	149	271	183
602	146	260	177
598	149	272	176
603	150	254	180
606	149	266	181
614	150	218	183
611	152	232	165
597	154	244	165
601	151	184	140
588	153	239	178
612	152	156	144
595	156	265	186
607	151	253	188
617	151	261	187
612	152	219	186
608	150	180	146
588	147	263	192
618	157	156	133
604	145	260	198
610	148	263	192
618	149	250	191
623	150	240	188
618	150	256	185
624	149	237	187
619	149	257	184
623	148	244	187
620	148	260	185
619	150	250	185
614	150	261	183
623	150	250	184
633	149	238	183
629	150	241	181
621	152	254	180
630	150	245	183
627	152	251	182
630	150	241	186
624	151	248	180
624	151	257	184
628	151	249	187
626	151	259	188
625	153	250	188
630	151	248	188
626	150	261	191
621	153	256	190
628	148	263	194
633	150	242	193
627	140	271	201
630	147	232	195
619	138	265	202
618	144	242	196
636	141	219	195
628	135	256	203
630	141	220	202
620	115	259	228
641	133	205	212
612	107	226	241
639	142	205	187
611	104	255	251
631	145	211	188
619	110	165	216
635	137	165	184
620	115	198	214
634	138	144	169
601	116	289	223
637	140	211	195
614	107	185	224
639	138	131	173
600	123	283	218
634	140	189	198
598	106	163	215
626	136	220	197
606	124	166	201
627	139	257	213
629	143	169	204
592	120	197	212
624	144	229	210
611	128	259	215
616	139	269	200
621	143	218	202
609	132	168	202
612	144	280	217
617	144	175	214
586	121	308	215
618	146	178	194
590	127	271	218
614	143	208	196
605	136	245	197
608	143	221	188
612	145	234	186
616	143	190	186
601	143	221	185
594	144	261	185
610	143	159	188
578	143	311	194
608	143	273	202
618	142	206	204
615	136	181	195
593	144	255	184
608	142	182	186
585	138	293	203
610	139	289	204
623	143	261	200
614	147	281	194
611	147	284	196
616	146	285	199
610	151	285	196
614	147	285	200
610	151	291	198
612	150	291	198
610	150	296	199
609	150	298	200
609	151	299	198
608	150	302	198
608	150	302	196
607	151	307	196
604	152	308	192
605	150	307	192
599	150	314	189
598	149	312	187
596	151	312	184
591	151	317	183
587	150	321	180
584	153	323	178
582	151	326	179
582	150	328	179
584	147	326	181
586	146	327	178
572	144	335	176
587	145	316	169
544	142	360	166
584	141	306	173
552	139	346	165
589	140	302	165
527	137	367	162
562	144	314	175
583	151	302	179
560	154	335	139
520	141	362	191
540	155	261	190
526	146	376	156
573	153	319	159
521	154	372	142
566	149	342	167
514	145	383	148
561	150	329	174
518	152	373	145
546	151	338	169
528	155	357	148
511	145	378	168
552	152	328	161
499	149	379	153
538	144	345	149
491	136	385	152
525	135	349	158
486	122	383	166
518	141	334	166
513	137	362	153
479	123	388	164
507	141	308	176
501	142	377	139
469	129	382	162
486	122	376	163
501	121	282	214
469	127	401	158
493	122	292	210
462	122	411	159
488	109	324	210
464	109	396	187
470	100	363	222
455	99	386	230
517	140	301	204
491	136	385	145
485	116	371	167
493	95	366	205
489	135	348	188
480	120	375	178
483	101	335	230
453	100	367	241
439	103	352	249
517	149	315	168
448	134	422	158
475	107	232	284
481	142	356	173
478	123	282	236
438	134	424	154
468	112	303	233
438	130	405	177
452	121	337	226
430	126	375	188
434	133	352	209
426	132	385	171
445	149	267	218
464	162	282	176
448	152	258	232
454	146	243	219
444	151	290	201
423	150	273	227
455	159	270	190
436	153	296	196
420	148	326	198
418	146	270	248
449	157	320	174
445	148	205	258
452	144	258	214
430	144	314	202
414	141	259	263
442	156	333	163
443	145	207	255
445	150	269	203
418	149	233	249
432	161	239	215
416	153	236	243
426	160	229	212
409	157	233	233
424	150	222	217
422	151	219	224
429	150	238	202
400	150	264	206
418	146	273	189
398	141	277	218
395	144	268	210
383	146	408	154
401	123	289	235
379	136	282	216
392	142	291	193
379	140	272	204
408	144	240	193
398	144	233	203
419	139	219	206
405	145	236	204
418	146	251	190
402	133	340	174
401	121	293	253
399	138	402	160
423	118	317	246
394	123	397	187
403	112	351	239
387	117	319	255
434	142	298	196
414	140	359	169
422	131	382	159
387	113	329	241
364	120	420	188
379	126	379	222
374	127	413	187
383	111	409	215
385	134	319	245
363	142	447	164
398	129	326	230
371	134	423	175
394	128	359	211
382	124	417	181
401	135	258	259
353	151	360	216
342	143	371	221
342	138	371	220
342	137	406	202
350	129	468	167
381	128	334	226
363	134	452	157
352	140	452	166
374	138	397	189
381	125	442	174
336	135	333	256
377	157	278	220
349	139	473	152
363	131	418	188
379	140	440	153
345	131	469	175
365	149	416	167
360	136	444	159
345	133	470	166
365	145	441	161
334	127	500	167
351	145	473	160
327	126	510	175
371	142	438	171
326	123	503	178
370	155	455	161
340	141	485	166
324	136	492	174
366	156	454	163
333	143	500	170
320	143	482	181
352	149	448	176
311	137	504	184
351	141	449	188
307	137	475	193
341	139	458	181
305	142	473	192
339	138	458	176
305	146	457	194
331	131	477	173
307	143	469	192
335	128	472	178
304	144	476	192
335	134	468	174
305	148	489	166
314	139	488	164
300	145	494	159
323	148	474	155
301	140	504	158
304	146	470	167
308	138	476	166
308	146	484	163
299	140	463	182
326	144	465	152
300	150	491	158
296	144	494	160
302	144	484	162
299	146	476	167
303	144	424	195
313	147	391	193
315	145	357	210
301	146	256	263
320	161	241	247
293	177	255	244
318	168	244	235
291	174	254	269
309	144	273	275
301	170	394	191
305	157	256	283
317	169	248	244
289	172	264	252
314	144	262	263
288	160	355	216
278	158	400	215
281	151	302	248
303	155	382	199
301	139	252	289
311	148	246	252
291	151	363	229
283	151	333	229
277	152	442	187
297	131	260	273
314	139	257	244
285	149	334	231
283	145	447	188
308	132	257	247
290	138	463	187
317	143	257	246
280	146	470	182
312	138	276	249
281	149	324	236
290	149	377	202
291	146	525	161
286	155	516	167
281	160	500	164
279	149	436	200
293	141	300	256
276	156	383	210
280	158	531	156
279	150	489	184
289	149	444	205
287	160	395	202
289	152	282	292
301	137	343	255
270	147	329	280
277	163	487	168
264	152	394	229
257	145	318	289
292	175	384	203
287	146	248	302
287	157	262	265
267	158	282	276
292	159	256	260
255	167	282	269
287	162	272	255
260	169	287	242
293	144	258	263
255	167	295	238
283	167	263	233
261	167	291	228
257	174	289	221
251	173	298	218
245	174	298	217
265	165	260	225
241	172	297	232
254	177	269	217
256	170	264	217
237	176	290	218
244	165	277	225
242	166	282	228
246	163	258	225
232	173	285	240
250	161	258	239
236	167	278	228
253	167	278	235
224	174	298	224
260	161	302	232
233	160	320	245
219	162	306	236
252	155	299	239
229	156	317	248
234	161	317	230
221	155	345	236
219	146	350	240
222	144	346	240
218	143	332	237
248	143	373	215
241	137	363	227
233	139	348	233
234	139	490	190
263	140	290	215
238	138	350	224
234	138	450	186
259	128	518	174
241	126	341	216
263	132	310	204
247	127	348	202
249	123	313	207
275	126	349	196
267	124	303	210
258	126	284	205
284	131	277	201
260	129	294	202
287	131	265	202
263	130	311	202
289	134	290	200
267	128	292	205
296	136	284	199
275	135	304	201
282	136	347	199
283	134	298	207
305	141	535	168
300	140	469	211
324	146	350	191
317	141	570	171
313	141	551	181
305	136	579	184
314	143	578	176
315	139	580	182
315	140	566	186
329	149	561	182
321	141	561	204
328	153	521	192
338	157	461	203
354	161	307	227
338	153	531	194
355	155	546	181
352	154	531	179
354	150	547	175
357	151	529	174
358	149	442	219
379	142	299	271
401	136	274	300
404	129	424	204
414	112	333	283
401	119	364	285
411	113	394	249
440	93	372	246
455	87	336	269
477	80	293	300
500	59	286	318
501	56	289	310
511	54	292	293
511	61	311	263
516	69	315	254
532	54	320	251
531	52	271	310
562	26	280	278
554	35	303	233
572	26	305	190
587	43	279	169
602	47	261	169
608	50	264	159
616	54	269	164
620	53	242	179
622	63	235	175
621	67	273	163
620	66	320	155
608	66	363	152
614	63	368	160
615	63	379	166
615	62	386	178
623	58	387	192
623	58	403	196
623	57	411	201
632	58	420	199
634	58	431	206
645	54	444	212
645	53	452	228
667	50	440	241
664	59	460	230
672	60	462	226
688	59	458	227
701	58	456	228
709	59	457	227
726	63	452	219
738	67	448	205
740	71	461	202
750	71	458	201
757	72	464	199
759	74	482	196
757	75	478	199
774	73	475	193
790	74	461	186
795	76	463	181
811	71	448	175
828	63	435	177
843	60	405	187
849	56	397	193
854	54	395	197
862	47	391	189
869	46	383	184
875	43	375	175
888	40	361	174
899	34	351	161
904	31	341	160
911	28	332	151
911	28	327	150
914	24	321	143
919	22	312	129
919	24	312	132
928	21	301	123
906	25	326	128
928	22	301	115
914	27	339	130
926	24	308	126
929	25	296	123
927	26	298	128
927	30	299	120
924	31	297	126
922	34	294	125
918	37	293	128
920	39	296	131
917	40	299	126
918	41	314	136
920	40	311	131
919	40	314	136
921	44	317	135
921	43	325	142
921	50	329	143
926	52	329	148
928	53	326	148
927	55	334	149
930	59	333	151
930	58	334	157
928	60	340	159
929	62	340	162
928	68	343	162
926	72	346	163
922	71	348	172
916	78	355	171
919	83	350	174
915	81	355	182
919	85	354	185
917	82	359	191
920	83	359	196
925	80	354	204
932	80	347	205
933	79	346	206
934	79	345	209
939	75	340	211
940	70	339	214
948	64	331	215
940	56	339	221
948	50	331	220
950	45	329	211
950	35	329	202
947	29	332	199
949	24	330	205
954	14	325	216
957	8	322	220
958	4	321	227
952	1	327	229
957	0	322	218
951	0	328	220
956	0	323	200
950	0	329	192
955	8	324	183
962	15	303	155
970	23	309	152
970	30	303	152
971	41	304	151
967	45	310	154
968	51	311	152
965	54	309	148
965	58	304	133
957	58	322	129
957	55	316	129
961	55	312	126
959	52	314	130
958	48	316	136
966	46	300	134
958	46	315	141
967	44	302	148
967	43	299	150
969	43	298	150
973	43	299	149
976	43	297	153
977	46	294	153
977	48	295	150
980	49	292	150
976	51	294	149
981	51	285	149
982	53	285	140
983	58	283	124
987	61	273	126
988	59	270	111
990	60	279	120
985	60	276	95
981	61	292	106
978	60	288	88
978	61	289	97
975	61	297	83
973	60	289	95
972	63	294	86
973	63	290	89
968	65	296	89
968	67	288	93
966	70	285	97
962	71	293	96
960	72	283	106
952	75	281	120
959	76	270	133
955	79	273	128
955	78	268	140
950	79	276	138
948	80	276	145
942	82	277	142
939	82	276	141
933	83	280	138
928	86	240	156
915	83	242	165
904	86	249	168
893	85	243	180
884	87	241	178
875	89	238	178
866	90	230	175
856	92	235	168
847	91	234	167
836	90	227	171
825	92	221	174
813	91	220	173
802	91	224	171
789	91	225	173
776	92	233	175
764	92	268	155
761	88	233	192
743	90	299	158
742	90	262	194
731	88	369	151
726	110	308	180
724	99	361	156
712	109	383	165
705	114	400	139
700	116	423	146
698	121	384	147
688	116	393	170
685	127	411	150
682	118	395	169
681	127	402	163
678	121	372	201
670	122	373	216
673	117	359	229
678	116	356	234
673	118	356	237
672	118	349	246
676	118	348	249
675	118	337	260
682	116	327	265
685	116	304	280
689	119	301	271
696	117	289	269
703	113	274	269
712	107	261	266
720	100	250	270
722	90	247	271
728	78	231	272
731	66	228	294
742	52	224	294
737	47	227	300
745	36	228	300
737	37	235	288
737	35	234	274
728	39	261	259
727	39	258	257
722	43	284	228
718	51	297	217
718	55	297	205
716	59	296	219
714	62	296	208
715	65	301	225
714	67	305	213
715	74	294	231
713	76	299	221
714	79	286	263
713	86	297	243
709	93	304	245
714	102	300	252
717	108	297	245
725	111	275	245
729	116	273	240
732	121	260	230
731	126	247	217
736	129	242	202
733	127	242	205
739	127	229	194
730	123	238	187
732	124	227	179
732	122	224	174
724	118	237	174
721	117	242	173
719	116	247	172
718	114	245	172
718	115	244	172
713	116	252	172
715	117	262	174
715	115	264	178
712	114	287	183
718	112	296	185
723	116	304	191
724	112	325	194
730	117	336	184
726	113	344	188
729	122	337	183
720	110	350	192
723	125	337	183
718	109	361	188
717	120	345	192
713	106	351	208
710	110	357	206
709	104	354	213
708	103	353	216
708	101	354	218
706	99	354	219
704	99	358	218
702	99	359	218
701	99	363	223
699	100	357	224
698	99	361	227
695	100	366	230
691	101	371	230
688	107	374	228
686	101	374	241
682	108	377	233
683	105	372	239
683	107	373	239
682	110	376	238
681	108	376	243
681	111	380	244
682	109	371	252
681	110	372	257
683	110	374	257
684	112	368	258
684	114	372	262
682	111	373	269
685	112	369	271
687	111	366	275
691	112	367	276
697	113	365	276
705	113	353	272
704	110	355	274
711	110	347	271
717	109	336	267
723	109	331	264
730	108	324	264
739	108	313	264
747	110	298	256
752	114	294	248
760	115	284	243
761	117	280	240
765	119	273	236
763	120	278	232
763	120	276	231
763	120	273	226
765	119	273	223
770	119	266	225
772	119	266	227
776	121	268	216
782	121	268	212
788	120	266	198
792	122	259	188
798	121	256	181
812	124	244	172
808	124	254	172
821	123	238	166
822	125	237	166
821	123	242	168
833	122	234	168
810	121	251	173
837	120	223	176
810	121	252	173
836	119	226	180
817	121	249	176
833	119	227	180
829	121	238	177
816	119	250	178
819	115	239	180
821	114	236	177
820	110	240	181
807	107	251	182
808	102	246	184
806	99	247	189
800	97	251	185
799	96	256	186
793	95	255	187
789	96	260	188
782	97	259	188
784	100	270	192
776	101	271	200
772	101	271	210
767	100	271	220
766	102	268	216
760	103	275	219
753	104	281	217
748	105	283	218
739	106	287	219
731	106	293	222
722	108	296	224
714	108	304	224
712	108	301	225
706	110	303	227
702	112	301	225
693	114	300	226
693	115	308	226
691	114	300	229
692	115	299	228
688	113	299	230
684	111	297	231
685	110	289	230
679	108	290	230
678	106	286	231
675	105	283	230
677	104	278	229
668	104	284	227
670	103	279	226
668	101	279	223
663	101	283	220
663	100	279	221
664	100	277	220
665	100	275	220
663	99	273	224
665	99	275	225
665	99	269	228
663	100	264	228
666	101	266	224
663	103	252	236
665	108	255	220
660	108	255	225
661	111	250	224
662	112	249	223
661	113	245	223
659	113	243	222
654	115	248	218
649	114	250	217
647	114	251	214
643	116	259	205
644	114	256	209
640	114	258	204
640	116	259	201
640	114	261	198
638	114	262	198
638	114	262	195
633	114	269	194
637	113	263	196
636	113	264	196
636	115	261	193
633	116	266	188
631	120	266	185
631	120	276	180
630	122	265	185
628	123	268	183
627	125	265	179
627	126	272	176
630	128	268	177
631	131	265	175
631	128	261	182
630	132	261	183
627	132	267	185
631	133	262	186
629	134	262	186
632	131	260	193
632	133	266	188
630	136	264	187
630	133	260	192
627	133	260	195
632	133	253	201
626	135	255	203
629	134	253	204
629	134	248	204
626	131	250	211
625	131	247	210
624	132	247	208
623	130	246	207
620	127	254	210
621	128	249	212
620	128	251	209
620	127	250	209
619	126	247	207
616	128	244	204
613	128	246	203
609	129	249	202
606	129	251	200
602	129	252	201
598	131	258	201
600	135	260	198
601	140	254	191
603	139	252	194
603	141	253	191
603	140	256	192
602	140	257	193
604	142	258	190
604	146	258	186
608	147	257	184
613	146	256	183
619	147	249	181
618	147	252	181
618	145	252	180
621	148	258	179
626	145	254	180
625	145	261	181
629	146	258	178
631	143	257	181
636	144	253	179
636	142	251	179
635	141	254	180
638	143	251	177
636	141	255	178
637	144	254	175
637	140	254	178
636	142	256	175
636	144	259	172
635	141	257	171
637	143	257	170
638	142	259	170
637	146	256	164
639	147	261	165
638	149	253	162
639	149	264	161
641	151	251	157
642	151	261	156
641	156	255	153
641	156	261	152
639	156	258	153
642	157	259	152
640	159	258	150
643	161	257	147
643	161	257	150
643	159	257	152
644	162	257	151
643	160	258	153
642	159	258	155
645	156	255	157
645	159	252	155
644	155	253	159
645	157	248	158
647	153	250	161
646	157	247	158
648	149	252	168
650	152	244	162
649	151	250	165
650	149	248	164
653	150	242	163
651	147	249	166
655	149	244	161
653	146	251	162
657	149	246	159
656	146	248	162
660	146	245	162
659	147	246	161
665	147	244	161
664	147	244	162
668	148	245	162
669	148	246	162
674	151	244	161
672	149	244	162
679	153	247	159
678	152	242	160
682	149	250	166
687	153	239	163
689	151	244	166
694	151	242	165
697	150	243	168
700	152	236	167
702	150	244	170
708	151	235	169
708	150	242	171
713	151	235	170
713	148	241	174
718	148	235	173
720	147	240	174
726	148	230	172
726	148	235	173
729	148	234	172
732	147	232	171
732	148	233	170
733	147	236	171
734	149	232	168
735	147	239	170
738	148	231	166
737	149	239	166
738	150	232	162
742	150	234	163
737	154	239	157
745	153	233	159
740	155	237	155
745	153	232	158
742	156	234	153
747	155	233	155
745	158	233	154
751	159	228	152
746	162	233	149
749	160	230	151
748	163	231	149
749	162	229	153
749	163	228	152
750	163	226	154
752	163	222	155
750	160	226	158
751	159	223	160
751	159	222	159
756	160	217	158
750	162	224	157
754	161	221	159
749	160	222	162
751	155	220	167
754	156	215	166
750	155	221	168
753	155	217	168
752	154	220	169
752	154	214	168
751	152	216	169
751	152	214	168
752	154	211	165
753	154	218	164
750	152	213	164
752	152	216	166
753	155	209	160
753	155	216	161
751	154	215	161
753	154	212	163
752	154	213	162
752	154	217	160
754	158	212	158
753	157	214	160
753	156	213	160
752	159	214	157
753	159	213	159
754	158	213	159
755	161	209	157
755	162	210	157
755	161	212	159
756	161	210	158
756	162	212	157
755	162	213	158
754	162	214	159
753	163	217	159
754	164	215	159
754	165	215	159
753	164	215	162
752	165	217	162
752	163	216	164
754	164	216	162
752	163	217	165
754	164	216	165
750	164	218	165
753	164	214	165
753	163	215	164
755	163	212	164
754	162	212	164
756	162	212	164
755	162	211	163
757	162	208	162
758	162	207	160
754	162	210	159
759	163	203	154
754	163	211	152
758	163	207	150
754	164	208	147
754	164	207	147
756	166	205	145
753	165	206	144
756	167	204	142
750	164	210	145
754	166	202	141
741	165	214	142
751	168	205	138
734	165	221	140
745	168	208	136
738	167	212	136
739	170	210	132
732	167	214	134
732	167	213	135
729	167	213	135
727	167	213	137
723	165	213	138
721	167	216	138
718	167	217	138
715	167	217	139
713	168	220	138
710	168	218	139
707	168	223	140
705	169	218	139
703	170	222	139
701	170	220	140
697	171	224	139
697	172	222	136
694	172	221	140
693	173	221	138
691	172	220	139
689	176	222	137
686	173	224	141
684	176	220	140
680	174	228	143
680	176	222	142
677	174	228	148
676	177	223	143
674	175	226	148
671	177	227	147
671	176	225	149
671	177	224	149
670	175	221	151
667	177	220	152
661	178	229	152
659	179	228	149
658	177	224	154
660	178	223	151
660	177	222	151
661	177	217	150
663	177	215	147
662	175	215	148
665	175	213	147
665	176	207	145
669	175	209	144
670	173	203	144
673	175	205	142
677	175	195	142
678	172	198	140
682	175	191	139
682	172	195	141
682	172	193	139
682	172	192	136
683	171	192	133
685	173	192	131
685	172	190	130
686	173	186	124
688	173	185	124
691	175	181	121
693	176	178	118
695	175	174	114
700	176	172	116
702	175	166	116
704	175	167	116
705	174	165	113
709	176	157	114
709	176	164	114
709	174	161	115
712	174	155	111
709	173	153	112
713	172	151	111
712	172	148	111
713	171	149	113
711	170	146	112
709	171	149	116
704	171	156	114
704	170	158	120
699	169	163	119
694	169	165	118
696	171	164	115
696	172	160	117
695	170	158	125
694	169	165	134
684	165	157	129
683	167	174	142
672	160	170	133
676	167	183	146
657	158	182	133
672	163	184	152
659	160	182	144
661	165	203	149
638	165	202	144
665	164	195	150
642	166	196	145
670	167	188	148
648	166	188	147
669	168	188	147
644	160	191	153
665	166	194	149
641	162	194	152
664	166	195	150
640	160	195	155
662	167	198	151
637	152	197	163
658	163	198	155
636	159	197	154
659	168	195	145
638	156	190	147
659	163	186	149
641	161	182	130
662	167	171	128
654	167	162	117
668	171	162	111
660	167	157	109
663	171	164	103
666	172	160	104
663	171	165	103
651	171	171	103
633	166	195	112
627	167	198	116
630	162	201	125
623	158	206	132
618	155	208	134
616	158	201	128
613	159	201	111
615	165	193	103
617	165	201	102
619	166	195	102
619	165	193	98
623	166	209	107
620	160	205	110
623	165	198	104
622	163	199	108
621	163	200	108
622	166	198	104
619	164	200	105
620	164	198	106
619	165	195	103
617	165	203	106
617	163	196	104
619	165	197	104
620	166	193	101
621	166	197	104
623	164	182	97
626	167	211	113
624	164	189	98
627	165	189	101
628	165	192	105
629	164	183	100
631	164	188	105
632	165	182	99
628	163	186	102
632	165	188	106
634	167	174	93
637	166	180	105
636	167	181	100
636	167	183	104
637	168	180	99
635	168	184	103
640	169	181	104
641	171	180	100
641	172	177	97
640	171	178	99
645	172	174	98
635	170	184	101
648	172	169	99
637	168	183	105
648	170	171	103
639	170	181	103
643	166	178	108
646	170	174	99
645	168	174	102
642	164	177	103
645	165	176	101
646	167	176	99
643	165	179	100
647	164	176	101
645	164	177	100
647	165	173	97
649	163	170	98
649	165	171	95
639	164	181	97
643	164	176	99
643	165	177	98
641	164	179	98
639	166	179	97
628	161	190	102
634	162	180	100
634	162	181	101
623	160	191	104
618	161	195	103
617	158	198	109
618	160	198	113
613	159	204	116
614	158	200	118
614	158	205	124
615	160	186	106
617	160	224	146
614	158	211	134
616	163	195	124
615	160	213	143
615	161	197	126
616	162	215	144
616	162	203	133
619	164	203	135
620	163	202	132
621	164	201	133
620	164	202	130
620	165	200	130
618	161	198	126
621	161	207	139
619	159	199	128
619	157	204	132
621	158	193	125
619	156	217	145
617	153	200	129
618	156	218	142
619	154	198	131
620	154	204	133
623	157	185	121
628	157	231	161
619	154	210	131
627	156	187	120
632	155	212	146
627	154	202	131
636	159	186	121
637	160	187	129
635	160	190	127
638	162	186	125
639	164	185	127
633	163	190	129
637	166	185	128
635	167	185	128
637	169	186	128
636	170	190	131
638	172	188	129
639	172	187	129
638	172	192	131
638	172	187	130
637	175	192	130
638	174	186	129
636	173	192	131
633	172	196	132
632	169	196	132
628	168	201	132
630	168	197	129
629	166	198	130
626	164	198	128
628	163	198	128
630	165	195	126
630	165	197	127
633	164	194	127
626	163	200	128
625	162	199	128
627	162	197	126
623	161	203	130
624	161	199	126
622	162	201	125
621	161	200	126
619	160	197	124
617	161	199	124
614	160	197	121
621	160	191	123
617	161	197	122
618	161	193	120
620	162	192	122
611	160	203	126
619	161	191	121
616	162	195	123
613	163	200	125
611	163	202	125
608	160	207	128
611	163	202	127
605	162	210	130
610	162	204	128
604	162	212	132
607	161	206	128
606	162	207	129
602	161	212	128
608	161	207	129
607	162	208	130
603	160	212	129
606	158	207	130
606	157	207	130
612	159	203	126
605	155	215	133
612	155	201	130
608	154	211	134
608	152	207	135
616	155	202	130
610	152	211	134
610	151	209	135
610	151	209	136
608	149	213	138
610	147	209	139
608	147	210	138
612	147	206	137
617	147	204	137
617	149	203	135
619	148	203	138
618	147	203	136
618	146	208	141
620	147	207	140
620	148	208	139
618	148	209	139
621	147	207	141
616	149	209	137
625	149	201	141
614	151	209	138
625	156	200	135
634	157	190	134
629	157	194	136
633	157	189	136
643	158	181	136
624	159	195	137
618	158	205	138
620	158	200	139
624	157	193	140
625	159	193	140
621	159	194	142
623	160	195	143
618	160	199	143
617	161	197	147
614	160	200	146
608	160	202	148
620	160	191	149
615	161	195	150
621	161	190	149
626	161	189	152
624	161	181	151
622	163	189	150
611	162	200	154
609	160	203	156
614	159	198	158
594	154	224	163
600	149	212	159
598	148	216	167
595	147	222	165
598	146	213	163
599	146	215	166
594	146	222	162
603	144	219	165
597	144	225	162
590	144	215	157
583	145	235	175
587	145	234	161
585	144	236	168
579	144	239	166
592	145	233	169
583	145	230	167
589	149	236	170
585	148	232	157
588	150	238	175
590	150	238	157
583	148	251	179
584	147	243	162
590	152	245	171
588	150	248	163
583	147	256	172
581	145	257	169
585	144	255	174
589	146	241	159
595	148	239	165
594	145	240	159
596	144	238	168
592	143	234	159
598	143	226	144
600	144	227	147
597	143	234	152
596	140	238	152
595	138	232	144
596	138	244	163
596	136	234	143
597	138	238	149
600	139	228	140
599	139	228	137
601	139	242	150
601	137	230	135
603	138	241	147
605	137	227	134
607	138	239	144
609	137	227	137
611	137	243	151
608	136	237	140
608	134	243	151
605	132	241	147
602	133	252	151
602	131	251	154
600	130	259	161
593	128	264	159
587	123	278	174
580	120	275	172
578	119	292	186
572	121	298	182
588	122	291	184
580	120	285	179
584	120	296	189
579	121	281	177
586	122	290	183
584	120	290	183
587	120	299	195
583	125	278	168
592	122	284	181
587	118	284	180
595	118	280	186
598	117	272	176
592	116	291	184
584	116	270	167
583	114	285	173
576	112	294	177
577	111	297	184
575	112	290	179
578	110	297	186
573	112	285	177
585	113	286	181
590	115	276	173
581	113	291	177
582	113	288	176
579	114	291	176
574	111	298	179
573	109	299	181
578	108	299	186
571	106	300	187
597	109	285	185
579	111	271	176
606	117	263	174
588	117	280	178
606	123	269	166
582	118	281	180
611	120	266	173
592	122	264	178
628	128	246	167
602	127	256	176
636	139	240	155
615	140	239	160
617	151	255	148
592	144	287	157
662	157	213	145
656	162	198	148
669	162	201	137
698	162	160	143
712	164	136	144
695	154	157	150
703	161	153	147
711	154	138	155
712	160	141	148
699	159	153	151
705	163	150	145
706	160	150	150
704	154	155	156
670	161	188	151
669	159	210	148
646	153	218	167
622	128	262	179
632	126	248	178
648	128	219	185
659	135	219	175
626	139	233	186
609	142	272	172
601	140	284	180
596	141	288	180
596	142	280	180
572	148	303	174
578	147	292	171
569	154	299	171
596	162	270	162
542	135	325	189
568	147	296	180
608	167	254	153
491	115	370	208
552	145	304	183
562	153	296	170
574	167	283	155
568	150	286	171
577	172	279	149
545	140	308	183
542	153	314	169
550	154	305	165
563	163	291	151
561	144	291	175
563	165	297	150
566	144	290	170
556	157	307	159
582	155	280	158
542	146	326	168
591	163	274	151
531	117	338	195
587	126	294	188
550	136	337	170
562	136	319	176
559	139	321	172
571	148	307	162
591	160	284	148
569	121	305	189
550	137	334	174
535	137	347	185
606	132	275	185
564	143	328	174
582	159	299	159
618	173	261	145
565	149	316	171
586	166	293	158
581	144	300	178
553	155	334	170
595	169	287	155
584	157	298	168
579	168	307	155
591	159	292	161
589	177	297	144
595	166	291	155
566	168	321	153
630	177	254	140
617	171	271	147
635	178	254	138
594	161	294	150
571	152	319	152
637	178	252	122
601	158	290	140
681	185	208	108
603	160	284	134
675	176	210	111
630	164	259	127
717	195	171	87
636	178	244	111
709	199	172	82
627	175	254	113
714	197	167	82
694	189	190	96
662	176	226	106
685	182	202	100
637	169	251	114
674	180	211	99
707	192	177	93
690	189	200	99
710	201	181	87
694	188	198	103
718	204	177	86
718	193	177	99
698	190	201	103
716	196	185	95
682	180	220	111
721	197	186	91
700	182	204	106
709	188	196	99
713	187	193	98
668	174	239	110
707	181	199	99
715	184	192	98
707	179	200	103
710	181	195	100
708	181	195	98
704	176	195	102
682	168	215	112
650	155	246	124
575	128	319	149
587	129	301	143
643	149	243	127
531	113	358	162
549	104	333	167
594	117	290	161
537	109	354	171
553	98	337	162
550	113	338	166
553	108	333	166
540	98	348	190
569	101	328	177
560	106	344	185
553	105	359	186
573	126	344	177
533	116	385	176
581	122	329	172
544	109	371	188
608	131	306	176
571	127	350	180
549	134	365	169
529	143	377	160
501	157	392	149
507	153	383	163
501	158	387	163
502	163	405	162
503	158	382	169
505	163	402	170
493	153	395	180
513	154	397	179
499	150	393	186
503	153	391	176
501	152	401	181
503	148	394	181
504	149	393	182
509	149	413	183
505	143	405	172
503	147	442	186
518	144	408	174
497	146	415	162
502	143	455	188
522	139	412	178
500	147	421	167
518	139	427	181
515	137	413	175
533	122	388	183
623	136	298	191
638	168	297	159
620	152	313	170
651	180	285	149
600	155	328	168
620	175	310	149
699	188	229	137
528	141	401	187
684	182	238	141
655	166	268	163
648	156	273	176
678	165	236	166
609	140	308	195
700	171	227	166
704	165	227	176
715	165	216	181
707	163	219	185
706	165	219	188
702	163	216	190
702	161	217	193
702	161	207	197
695	161	219	197
694	162	216	200
690	164	221	197
671	159	232	201
621	152	282	201
628	157	271	193
551	130	347	222
681	188	228	164
507	127	395	233
646	176	267	179
520	143	380	213
662	199	247	157
478	132	431	232
560	138	355	217
546	156	370	201
636	190	280	169
476	147	433	221
596	169	315	197
499	137	417	232
582	158	340	220
568	160	356	214
633	195	291	179
532	151	389	231
648	199	282	181
501	149	424	235
612	167	319	217
612	168	319	216
626	174	306	213
620	179	312	207
637	183	296	202
560	139	374	248
693	210	252	174
622	149	323	241
623	138	322	250
607	108	346	280
551	76	392	303
616	130	344	252
574	79	370	305
622	124	342	254
581	89	346	290
595	107	372	285
555	91	374	289
635	151	319	229
637	184	302	198
651	175	293	211
588	142	355	244
552	68	405	318
569	110	388	262
543	76	422	300
574	104	392	268
550	96	404	272
594	114	379	260
546	103	375	266
577	110	371	266
524	100	421	271
585	110	367	263
572	142	350	228
569	139	366	238
546	131	389	251
505	117	422	263
500	123	422	249
489	120	436	259
472	115	444	256
479	120	438	255
474	119	436	250
465	117	447	254
462	114	446	254
480	121	431	249
463	112	448	258
461	109	449	257
459	107	454	260
457	104	455	266
468	102	443	267
463	102	448	267
461	100	448	266
458	98	455	275
450	96	455	274
458	89	457	286
449	85	461	287
454	84	458	293
454	79	460	292
449	72	477	307
459	72	477	308
442	72	472	302
467	84	460	299
442	75	505	315
460	86	457	300
462	80	481	311
431	75	470	299
456	84	460	299
455	76	475	308
444	81	452	287
461	77	458	298
463	80	455	299
452	75	460	302
455	73	445	295
450	74	463	301
463	78	454	299
463	84	444	286
470	86	448	289
477	92	442	283
465	96	457	278
491	98	434	277
481	105	450	274
496	100	445	277
497	107	426	270
539	117	394	253
533	109	369	260
540	114	385	249
552	107	365	257
542	104	368	257
535	103	382	246
549	101	369	246
544	94	362	255
582	91	340	246
582	87	302	264
605	98	308	243
572	100	322	239
609	101	314	220
578	120	320	211
616	114	302	191
596	137	305	185
581	122	332	166
581	118	329	178
583	125	327	167
584	128	322	157
584	140	317	144
590	123	303	152
588	137	302	152
587	125	300	163
580	127	308	171
570	121	317	184
556	117	320	205
535	109	330	238
522	105	332	254
532	102	328	257
532	103	325	265
529	104	335	262
533	103	331	263
508	104	350	267
544	104	330	256
505	104	350	265
546	105	325	260
506	107	349	268
546	107	329	255
507	108	345	271
546	108	320	264
510	112	339	282
544	108	317	273
514	116	334	287
547	110	320	281
506	119	343	291
542	116	331	287
551	126	305	297
569	130	313	274
516	133	347	302
550	108	339	309
537	132	334	317
562	121	341	309
528	140	353	325
557	115	351	329
565	161	320	309
581	126	321	333
535	141	357	338
564	159	348	308
571	171	326	296
589	144	327	340
561	143	341	340
581	165	345	313
573	145	331	342
592	161	343	334
602	164	311	333
612	160	314	341
625	181	292	326
599	157	331	348
615	160	309	343
609	141	325	367
610	171	320	333
596	137	347	363
598	166	349	329
618	138	366	358
549	113	408	379
584	149	392	339
613	154	375	329
558	112	410	373
594	138	404	349
604	136	373	346
624	164	380	322
