0.006246
0.035753
0.034444
0.032728
0.071115
0.046694
0.059369
0.035100
0.036475
0.047040
0.037803
0.043800
0.033770
0.054298
0.036662
0.050091
0.042916
0.046508
0.037335
0.034616
0.038924
0.032638
0.025798
0.028436
0.030843
0.037614
0.029360
0.029861
0.037565
0.032574
0.031857
0.029051
0.029409
0.029972
0.034172
0.030128
0.047257
0.051514
0.040656
0.030400
0.040324
0.033841
0.036095
0.033151
0.024745
0.048450
0.058851
0.037019
0.040739
0.034362
0.031420
0.039760
0.029931
0.037132
0.045509
0.031765
0.032265
0.032370
0.030238
0.033578
0.034960
0.031325
0.041120
0.039909
0.031798
0.034210
0.046016
0.049083
0.041971
0.043576
0.054039
0.038507
0.043120
0.044011
0.033967
0.033385
0.039235
0.036573
0.030831
0.035503
0.027699
0.034952
0.028183
0.030171
0.034215
0.038401
0.031275
0.032872
0.042224
0.030642
0.035236
0.050699
0.032136
0.031313
0.049736
0.033135
0.031389
0.034126
0.033865
0.033675
0.030157
0.036602
0.029927
0.031698
0.033587
0.039595
0.030647
0.038146
0.042883
0.044757
0.040253
0.025854
0.031281
0.036879
0.039488
0.034842
0.026830
0.033585
0.026069
0.024426
0.048941
0.027511
0.033592
0.032591
0.052359
0.029594
0.037092
0.044746
0.029358
0.043988
0.025842
0.028883
0.033211
0.038147
0.037640
0.051131
0.043351
0.033679
0.043988
0.037509
0.044859
0.047346
0.033129
0.031411
0.038633
0.030369
0.033620
0.045512
0.037367
0.036195
0.031131
0.026337
0.027903
0.032846
0.028934
0.026283
0.044734
0.041869
0.031063
0.033761
0.032634
0.030002
0.033641
0.029548
0.027730
0.025927
0.036478
0.031400
0.030648
0.033737
0.046772
0.033099
0.032311
0.048268
0.042027
0.029361
0.031341
0.028946
0.032733
0.039107
0.038263
0.034205
0.032537
0.029323
0.026678
0.038826
0.046348
0.041667
0.037783
0.033335
0.048979
0.029233
0.030789
0.041544
0.032520
0.035023
0.037489
0.030788
0.026644
0.036131
0.036506
0.030318
0.029472
0.031765
0.025286
0.036489
0.044881
0.030903
0.033896
0.040358
0.031474
0.029486
0.031699
0.029477
0.034820
0.036788
0.029899
0.033427
0.037338
0.034283
0.036659
0.035795
0.033354
0.030067
0.028942
0.028450
0.029276
0.046275
0.028445
0.037505
0.034416
0.034436
0.027574
0.043732
0.038264
0.050085
0.039641
0.035384
0.044154
0.038013
0.034578
0.041018
0.036325
0.034073
0.031077
0.044034
0.045154
0.036893
0.036214
0.039824
0.043633
0.026238
0.032591
0.030357
0.033705
0.030823
0.051488
0.039319
0.048001
0.038349
0.048264
0.046922
0.044533
0.032975
0.040327
0.034004
0.033648
0.031091
0.045552
0.032899
0.031942
0.041272
0.039197
0.030593
0.033222
0.030046
0.032938
0.055973
0.036759
0.049956
0.040712
0.038225
0.040685
0.046565
0.049866
0.037771
0.035085
0.038434
0.031392
0.045650
0.028867
0.028887
0.030652
0.032932
0.045336
0.050018
0.057765
0.039338
0.045058
0.034662
0.049123
0.031271
0.048775
0.046099
0.044779
0.039983
0.049901
0.033417
0.048911
0.041999
0.050012
0.042426
0.038108
0.042317
0.034357
0.036251
0.032795
0.031068
0.035926
0.032895
0.042617
0.033136
0.035185
0.044555
0.024929
0.027349
0.032568
0.029153
0.030659
0.049002
0.031930
0.030622
0.036542
0.045230
0.043147
0.032242
0.032096
0.035195
0.030703
0.031239
0.052660
0.033298
0.034037
0.042312
0.027562
0.035066
0.028738
0.035197
0.032567
0.029938
0.031279
0.033017
0.030952
0.038003
0.031944
0.029998
0.039618
0.033957
0.031563
0.032825
0.032691
0.047152
0.032850
0.044917
0.032026
0.039257
0.035077
0.042359
0.031747
0.030829
0.040722
0.030732
0.035585
0.031926
0.036000
0.040071
0.033672
0.031290
0.036817
0.042771
0.026985
0.025369
0.046535
0.043916
0.049188
0.033713
0.039329
0.041932
0.039793
0.032024
0.050900
0.029781
0.032633
0.043533
0.049158
0.034394
0.040586
0.030417
0.050538
0.045098
0.035765
0.038244
0.036874
0.032277
0.038790
0.030514
0.034671
0.032538
0.027785
0.030940
0.033118
0.035565
0.033582
0.037405
0.044861
0.036529
0.045676
0.045066
0.041265
0.030243
0.022444
0.022545
0.027602
0.033394
0.028020
0.032255
0.027396
0.029844
0.025907
0.029588
0.049914
0.045322
0.031147
0.039196
0.031235
0.034417
0.034310
0.036057
0.030025
0.030294
0.029449
0.049613
0.032461
0.033081
0.046959
0.037133
0.033574
0.044517
0.032753
0.034439
0.049335
0.048400
0.042276
0.030145
0.038531
0.028766
0.039405
0.044798
0.035654
0.030532
0.031149
0.033531
0.040588
0.039863
0.036912
0.034406
0.028650
0.030743
0.030224
0.032552
0.035969
0.034541
0.062230
0.033531
0.033940
0.047252
0.042082
0.041732
0.039444
0.044877
0.031567
0.052810
0.050000
0.047215
0.070082
0.030725
0.042693
0.028160
0.046658
0.030617
0.036635
0.050893
0.054141
0.033132
0.039918
0.036258
0.029948
0.037133
0.040062
0.031324
0.029158
0.028071
0.042100
0.041414
0.031742
0.038673
0.042505
0.047398
0.033049
0.032841
0.028290
0.046714
0.028974
0.038217
0.043606
0.029667
0.030878
0.030954
0.032500
0.042230
0.033928
0.028072
0.032364
0.029376
0.055819
0.054151
0.040319
0.038135
0.031065
0.032440
0.036627
0.056846
0.036978
0.032008
0.034204
0.044242
0.035012
0.033767
0.036453
0.041526
0.045822
0.036771
0.033143
0.036136
0.037275
0.037717
0.037800
0.032003
0.044622
0.035151
0.047823
0.029526
0.035473
0.050030
0.039881
0.037544
0.031079
0.031767
0.038972
0.032636
0.032302
0.035029
0.041618
0.044523
0.039451
0.039212
0.034482
0.030124
0.039191
0.042569
0.032629
0.037957
0.033278
0.031518
0.040090
0.054752
0.032638
0.038204
0.033324
0.054623
0.058958
0.030884
0.050875
0.032294
0.032623
0.053188
0.047738
0.034378
0.044627
0.043100
0.035757
0.032284
0.040982
0.043914
0.052086
0.031556
0.038092
0.034753
0.046916
0.032794
0.030382
0.045714
0.039653
0.037502
0.034743
0.029649
0.029606
0.033102
0.035156
0.037369
0.028747
0.034677
0.036265
0.043453
0.032989
0.035256
0.034458
0.032301
0.040063
0.032440
0.031677
0.030313
0.040395
0.036408
0.033109
0.037917
0.034232
0.042641
0.049201
0.033983
0.034510
0.037053
0.042405
0.039454
0.039595
0.031126
0.046699
0.038789
0.034806
0.032979
0.034235
0.030293
0.051224
0.035348
0.034076
0.037982
0.030101
0.049949
0.038523
0.038200
0.035291
0.043031
0.041569
0.035488
0.046461
0.035970
0.043289
0.031657
0.030470
0.033643
0.029776
0.031976
0.029831
0.029355
0.038097
0.044572
0.048421
0.048436
0.050089
0.036598
0.031902
0.038542
0.040001
0.048690
0.037157
0.034995
0.030953
0.053680
0.041866
0.035481
0.044911
0.035568
0.029333
0.041938
0.056628
0.035704
0.031354
0.039083
0.037761
0.031389
0.051147
0.042365
0.035548
0.035822
0.033111
0.030512
0.033240
0.038973
0.044360
0.025944
0.026814
0.027413
0.033184
0.042627
0.034070
0.042189
0.029841
0.032862
0.030187
0.028996
0.029742
0.025147
0.033704
0.038427
0.041810
0.030792
0.038146
0.029969
0.035813
0.035112
0.031274
0.031857
0.039276
0.037783
0.037114
0.031728
0.035772
0.038143
0.031870
0.028794
0.034297
0.037924
0.029892
0.024363
0.027231
0.022749
0.037129
0.026553
0.032124
0.035167
0.029183
0.039530
0.048070
0.030186
0.028935
0.031193
0.034354
0.044666
0.030950
0.035979
0.044976
0.038614
0.032065
0.034796
0.035569
0.035064
0.037459
0.041175
0.036097
0.044120
0.036763
0.051986
0.032027
0.031605
0.061368
0.044470
0.050007
0.032932
0.040985
0.035280
0.033533
0.031979
0.052037
0.030930
0.032026
0.037786
0.032040
0.044421
0.033144
0.032519
0.043262
0.034086
0.032941
0.039073
0.032242
0.032403
0.035343
0.041137
0.041031
0.032634
0.041106
0.035499
0.029933
0.041185
0.033389
0.033020
0.036456
0.043741
0.038894
0.043072
0.034030
0.031988
0.051143
0.047667
0.040024
0.030379
0.031435
0.034592
0.044411
0.031163
0.042671
0.038113
0.031826
0.032724
0.046888
0.045841
0.039877
0.029464
0.036500
0.047924
0.030456
0.029520
0.041148
0.042890
0.045410
0.042711
0.034753
0.044792
0.033051
0.029794
0.033852
0.046637
0.031776
0.043676
0.046542
0.045462
0.033234
0.042046
0.034883
0.038942
0.032576
0.036392
0.030716
0.027613
0.049458
0.043983
0.032214
0.031262
0.031927
0.033961
0.032876
0.032033
0.045607
0.051794
0.051026
0.038647
0.037519
0.042683
0.035447
0.034149
0.037915
0.032404
0.028966
0.031304
0.045630
0.038797
0.039516
0.034655
0.030512
0.050221
0.030660
0.029640
0.031636
0.026956
0.042350
0.048108
0.044192
0.028270
0.035212
0.032050
0.048271
0.035740
0.045089
0.033411
0.025789
0.038757
0.031073
0.033218
0.052304
0.050401
0.029157
0.025914
0.025855
0.045567
0.048536
0.038901
0.046278
0.027332
0.025851
0.030767
0.038272
0.034070
0.028060
0.034406
0.035823
0.031296
0.029505
0.046174
0.043092
0.034726
0.036126
0.041094
0.029531
0.027176
0.030013
0.037747
0.038822
0.034147
0.037028
0.029504
0.029788
0.033143
0.049831
0.044228
0.032290
0.040692
0.029334
0.050286
0.033226
0.031253
0.035267
0.026382
0.043214
0.032079
0.029581
0.030486
0.034034
0.043042
0.032454
0.041956
0.027982
0.029045
0.039787
0.043288
0.046017
0.032793
0.052696
0.052142
0.048083
0.033982
0.039795
0.039829
0.032169
0.029602
0.043063
0.036828
0.031258
0.033203
0.026162
0.028472
0.043145
0.035386
0.037394
0.039091
0.037633
0.036439
0.051271
0.060443
0.043984
0.051219
0.047768
0.035858
0.033720
0.030282
0.047358
0.044873
0.036942
0.032213
0.052341
0.050077
0.030778
0.034039
0.035495
0.026280
0.027488
0.043642
0.033386
0.041114
0.032291
0.034652
0.038447
0.041040
0.037336
0.032612
0.041741
0.042484
0.040906
0.032203
0.031888
0.027217
0.037640
0.042413
0.053090
0.032560
0.033747
0.039594
0.038125
0.046126
0.030163
0.027503
0.030835
0.055543
0.041411
0.032341
0.036589
0.036077
0.042764
0.058174
0.036744
0.051491
0.032701
0.055851
0.034214
0.032982
0.033964
0.028764
0.026783
0.030089
0.037588
0.026971
0.039477
0.031325
0.035425
0.032032
0.028646
