647	484	17	11
645	481	18	14
644	481	18	14
646	483	18	13
647	483	18	14
649	483	17	14
649	483	18	14
651	483	17	14
648	482	18	14
651	482	18	14
650	482	19	15
650	481	19	15
651	481	19	15
651	481	19	15
650	481	20	15
652	480	18	15
650	481	19	15
650	481	19	14
649	481	19	14
649	481	19	14
649	480	18	14
648	479	18	15
648	479	18	15
648	479	18	14
647	480	19	15
648	479	17	14
649	480	18	15
649	480	18	15
649	477	19	17
649	478	18	16
648	479	21	16
650	479	18	16
648	479	20	15
648	479	19	16
650	480	19	16
652	480	19	15
649	479	20	16
651	478	19	17
653	478	19	16
650	478	21	16
653	477	19	16
651	475	19	17
653	475	18	17
651	474	19	19
652	475	20	17
654	476	19	17
651	476	20	16
653	475	19	17
651	475	21	17
652	476	20	17
651	474	21	19
653	476	21	17
654	477	19	16
651	476	20	17
653	476	19	17
654	476	19	17
652	477	20	17
654	477	20	16
651	477	20	16
653	478	19	16
651	477	20	17
652	476	21	17
651	476	21	16
653	477	20	16
652	476	22	16
652	476	20	16
653	476	20	16
651	477	22	16
651	477	22	15
653	477	20	16
651	478	21	15
653	478	21	16
651	478	22	16
653	477	21	16
651	476	23	17
654	476	21	16
652	476	22	16
651	471	23	18
653	472	22	17
654	472	22	17
653	472	23	16
652	472	24	17
652	472	24	17
654	474	23	15
654	474	23	16
654	474	23	17
657	474	22	16
657	474	22	16
658	475	23	16
656	475	23	16
659	475	21	16
658	475	23	16
661	476	22	16
659	476	24	17
661	477	20	16
662	478	22	16
659	478	23	16
662	478	22	17
661	478	23	17
660	478	23	17
663	478	22	17
665	478	21	17
662	476	22	17
663	476	22	17
661	476	22	17
661	476	23	16
660	476	25	17
661	476	24	17
661	476	25	17
660	476	25	18
661	477	25	17
660	477	26	17
662	478	24	16
660	477	25	17
663	479	23	16
660	478	24	17
659	477	26	17
659	477	25	17
659	476	27	18
660	476	26	18
660	477	26	17
660	477	27	18
660	477	27	18
659	477	27	18
658	476	29	19
660	475	25	18
661	475	25	18
660	475	28	19
658	475	29	19
660	474	26	20
658	475	29	19
659	475	27	19
658	475	28	19
659	475	29	19
658	475	29	20
661	476	27	20
659	476	27	20
659	475	28	20
659	474	27	20
659	473	29	21
651	471	36	23
659	472	31	23
644	468	42	27
659	475	30	21
656	474	29	22
648	471	41	25
657	472	33	25
650	472	36	24
656	474	32	23
648	471	43	26
656	473	37	26
653	473	35	26
657	474	35	25
638	468	49	31
631	467	65	32
644	466	48	36
650	467	37	29
646	465	43	28
654	467	67	20
652	467	54	22
619	457	55	31
562	429	140	63
754	421	53	67
663	463	205	35
666	462	202	50
670	446	198	55
708	445	150	48
681	455	196	50
659	461	214	45
713	438	172	61
672	450	204	61
661	457	127	38
690	465	163	32
778	465	104	31
838	470	42	27
791	467	42	28
822	468	51	28
839	468	37	27
792	464	43	29
805	466	74	35
845	470	36	22
823	467	53	31
828	466	54	33
841	468	44	30
799	461	83	35
848	467	45	26
830	464	51	30
793	461	42	24
793	460	39	27
792	459	36	27
796	460	30	25
792	461	43	22
793	460	55	30
802	458	66	34
818	459	80	38
835	462	67	32
807	460	71	35
843	466	63	34
804	463	100	34
863	471	50	30
806	465	35	28
804	465	38	27
805	465	34	27
821	464	58	33
810	462	85	35
871	469	42	25
868	470	45	26
848	465	15	25
830	465	18	21
814	464	50	27
854	467	24	31
816	463	40	27
830	465	53	31
838	463	65	32
864	462	62	34
875	464	52	32
832	462	79	33
882	465	42	28
876	467	29	27
876	468	21	24
883	471	19	22
884	473	16	20
885	475	19	21
885	473	10	20
892	477	10	17
895	480	13	15
894	477	13	18
890	480	10	17
882	479	14	16
890	477	19	21
880	476	10	20
890	480	10	17
868	477	10	14
864	478	17	13
842	470	40	19
883	470	29	25
888	468	31	26
891	469	19	27
896	471	10	25
886	481	14	17
906	481	10	21
888	482	10	16
889	483	10	16
876	485	13	14
866	478	24	20
913	482	10	18
916	483	14	18
916	480	17	19
897	478	16	19
916	480	10	19
919	481	16	19
919	482	10	18
922	482	15	19
922	479	15	21
902	481	19	17
924	481	20	21
922	482	12	20
926	484	13	19
925	485	18	20
910	485	13	18
884	490	17	14
860	485	44	19
918	484	17	24
887	488	19	17
857	483	46	21
912	482	26	25
926	481	24	27
935	482	19	27
898	486	14	19
891	488	21	14
883	487	30	16
875	479	39	24
943	483	10	23
946	482	23	16
944	481	22	25
920	483	10	21
894	489	28	15
867	481	55	24
952	486	11	22
955	483	21	21
955	484	14	25
957	483	18	27
949	482	10	24
929	488	10	17
905	491	25	13
877	481	53	24
947	483	23	26
952	481	11	25
924	487	10	14
916	489	18	14
915	489	22	14
914	489	24	15
904	486	36	19
881	477	60	29
959	483	30	29
977	484	27	27
968	488	19	23
932	492	12	16
919	484	24	23
888	479	61	26
975	486	18	30
934	489	13	17
927	492	21	17
908	484	39	25
888	475	58	34
920	475	52	39
961	479	69	42
899	466	110	50
980	467	80	49
904	465	121	50
938	460	143	58
980	456	120	52
933	464	55	38
993	481	52	34
1009	482	27	32
1018	484	27	34
1018	481	26	37
1018	480	33	38
1021	485	32	34
1023	483	32	34
1025	485	33	36
1027	482	38	35
1030	479	39	40
1033	474	40	47
991	471	79	47
924	469	59	47
919	473	77	43
915	469	66	45
910	468	69	45
908	467	65	45
915	466	64	47
908	466	70	46
914	462	67	51
909	463	68	49
918	464	66	48
911	464	68	47
920	464	65	47
914	465	72	47
917	463	73	50
918	464	69	50
919	464	75	49
918	464	74	50
921	464	74	51
921	464	72	51
923	463	76	51
922	462	72	50
929	462	72	51
922	462	74	51
933	462	70	51
925	463	76	51
930	461	75	52
925	461	76	52
935	460	73	53
929	461	80	52
932	460	75	54
933	460	77	54
936	459	78	55
937	459	72	55
938	460	79	54
938	459	73	54
940	459	80	54
942	458	73	56
941	459	80	55
947	459	71	57
943	460	81	56
944	460	69	55
952	462	71	53
945	462	80	51
951	461	76	54
946	461	70	53
954	462	70	51
948	462	82	51
953	460	80	55
950	459	84	56
950	458	85	58
949	458	91	60
948	456	85	61
957	456	84	61
950	456	88	61
958	457	87	62
951	456	87	62
961	458	84	62
952	458	85	61
962	458	84	61
953	459	84	61
964	459	83	61
955	459	84	62
966	459	83	62
957	459	88	61
965	459	87	63
960	459	86	64
968	459	84	64
959	460	84	62
969	460	84	63
962	461	83	61
972	462	83	60
963	462	88	59
966	462	88	60
962	461	92	61
970	460	91	63
964	459	89	62
975	458	87	63
967	459	96	63
973	457	89	66
972	458	89	64
979	458	91	65
972	458	93	65
976	458	96	65
972	457	89	62
984	459	87	62
976	459	84	61
984	462	86	58
978	461	100	60
978	458	95	64
979	458	98	66
982	457	101	67
976	455	94	67
990	457	91	66
981	457	103	66
987	456	85	66
996	461	88	60
988	462	101	60
986	460	107	65
994	459	101	68
987	458	102	67
994	461	88	65
990	465	89	60
1002	472	95	55
998	471	101	59
996	467	106	61
992	463	107	65
994	461	107	68
995	463	86	65
1005	472	76	54
1000	475	71	52
1003	475	101	51
1007	473	95	56
1004	471	104	58
1003	468	108	58
1005	465	109	64
1013	464	103	65
1009	465	102	64
1022	473	96	53
1020	477	101	53
1018	472	104	59
1015	470	111	60
1022	470	106	59
1019	475	108	57
1019	473	108	59
1038	486	91	45
1024	479	104	54
1024	472	106	61
1062	490	73	42
1030	484	103	47
1032	477	103	54
1064	489	74	43
1026	476	114	58
1042	477	104	51
1026	474	118	59
1031	471	115	58
1038	472	109	62
1034	468	110	67
1029	467	112	66
1032	466	114	63
1031	465	104	68
1042	469	103	63
1036	469	112	63
1034	470	114	58
1036	469	114	60
1042	470	110	59
1040	475	115	58
1040	470	114	62
1040	468	116	61
1039	465	119	67
1037	463	125	66
1036	459	127	75
1044	458	120	74
1040	456	130	79
1043	456	123	76
1042	461	127	74
1044	461	126	76
1046	459	114	79
1045	462	120	76
1045	461	125	78
1045	460	124	79
1048	462	121	76
1045	462	129	75
1046	460	125	79
1043	461	123	78
1050	461	121	73
1049	465	127	73
1047	463	131	74
1051	462	120	77
1047	463	122	77
1050	466	115	71
1049	469	98	71
1051	475	125	65
1051	469	118	72
1049	469	124	72
1050	468	126	72
1048	466	127	75
1054	465	126	73
1049	464	126	78
1053	464	125	79
1052	463	132	79
1052	462	128	83
1052	461	127	84
1053	461	128	85
1053	464	132	82
1048	465	138	79
1049	466	140	81
1046	465	139	80
1051	466	138	78
1046	467	137	79
1046	464	143	79
1046	462	127	84
1055	466	128	80
1047	470	134	77
1043	469	141	75
1044	466	141	79
1042	463	141	86
1043	463	144	87
1037	463	142	86
1041	464	145	82
1038	465	145	83
1038	466	149	83
1035	469	128	83
1041	468	132	78
1043	471	133	72
1043	472	121	72
1038	467	129	77
1035	471	123	73
1033	474	133	73
1034	469	138	77
1032	465	137	77
1031	463	136	81
1033	464	143	80
1031	462	146	81
1037	468	126	78
1041	476	110	71
1036	469	121	79
1041	468	124	79
1036	467	141	79
1038	465	133	78
1033	462	123	81
1042	465	149	80
1039	463	136	82
1036	464	126	78
1043	470	139	75
1038	468	137	77
1034	466	135	80
1029	464	140	84
1028	463	147	85
1031	463	148	84
1030	462	144	87
1038	465	142	84
1032	470	152	77
1031	468	132	79
1029	468	163	83
1028	464	141	87
1024	464	131	84
1027	467	163	84
1027	463	120	91
1025	467	164	85
1024	460	162	91
1020	457	161	98
1020	458	151	98
1019	462	160	89
1018	458	164	96
1021	460	143	95
1024	468	129	85
1021	471	118	83
1027	475	143	77
1024	471	151	80
1021	466	155	87
1018	463	159	94
1020	460	163	92
1017	457	153	98
1024	460	156	97
1017	460	123	93
1023	463	160	90
1018	462	115	89
1028	472	150	78
1025	469	154	85
1020	464	159	85
1018	465	118	89
1031	472	148	81
1024	468	156	87
1019	467	139	89
1013	465	153	84
1010	461	159	94
1007	459	162	91
1003	455	172	99
1010	454	159	100
1008	460	151	97
1013	464	154	92
1007	462	163	96
1008	462	154	99
1008	467	138	94
1013	477	131	83
1005	474	124	87
1009	477	142	85
1003	473	154	84
1008	471	152	86
1003	467	163	89
1001	463	166	97
1005	465	159	98
1001	466	164	96
999	468	160	94
1005	475	154	90
998	471	158	92
997	472	165	85
999	476	163	86
996	474	159	84
996	476	162	85
1000	476	160	80
1001	485	158	71
1004	479	147	75
1007	488	143	70
1006	484	152	71
1009	496	151	59
996	485	171	75
1001	480	156	73
999	486	158	74
994	484	160	72
997	479	151	81
996	477	157	83
996	477	163	78
997	480	161	75
999	481	153	76
998	477	140	82
996	473	124	88
1007	476	155	84
1004	472	133	89
1004	473	155	87
1008	473	156	82
1005	472	156	90
1010	471	158	86
1006	474	163	86
1007	474	165	85
1006	471	168	89
1004	473	171	93
1005	471	172	91
1014	475	157	91
1017	481	159	80
1016	482	156	82
1017	483	155	72
1016	481	156	82
1019	482	143	78
1018	479	158	82
1017	477	154	83
1015	471	162	92
1020	467	163	98
1020	466	170	101
1018	465	172	103
1021	461	173	105
1021	464	167	102
1022	464	171	104
1026	467	166	103
1024	467	171	101
1032	468	166	101
1028	469	172	97
1025	468	178	101
1024	465	181	104
1031	463	171	104
1024	460	150	100
1035	472	160	92
1029	472	151	93
1026	470	160	94
1035	471	165	91
1031	471	170	94
1026	466	175	103
1031	463	143	103
1044	472	156	91
1038	477	158	88
1034	472	166	84
1033	466	168	98
1035	465	150	100
1038	471	121	94
1045	481	156	83
1042	477	158	84
1039	471	164	94
1039	469	171	93
1037	462	171	101
1044	461	161	105
1041	463	159	102
1052	467	105	98
1058	477	164	84
1054	472	167	89
1051	469	170	96
1045	464	180	98
1046	458	179	109
1057	461	161	109
1049	461	177	109
1057	460	164	111
1052	461	182	108
1056	462	178	110
1050	461	170	112
1053	464	157	108
1052	466	173	106
1053	468	139	106
1067	473	171	99
1061	475	165	99
1053	472	148	95
1058	475	178	95
1056	469	182	104
1055	465	169	107
1057	465	122	107
1068	474	164	94
1061	471	169	102
1056	467	132	106
1069	473	170	98
1062	470	171	104
1057	467	169	108
1068	469	166	105
1061	472	149	102
1079	481	135	93
1067	485	162	89
1064	480	116	97
1071	485	181	89
1070	478	150	99
1068	480	164	97
1066	481	136	96
1073	480	117	95
1076	485	169	88
1079	479	114	99
1075	483	139	90
1075	485	166	91
1071	485	115	95
1082	489	115	83
1071	493	110	82
1083	496	88	78
1082	501	99	73
1077	503	112	73
1085	501	111	77
1084	500	105	78
1086	501	114	79
1091	500	110	80
1090	500	113	79
1091	501	117	81
1089	501	120	79
1093	501	120	79
1092	505	128	78
1098	504	129	81
1102	503	126	82
1100	504	135	82
1106	503	135	86
1109	502	133	87
1108	504	143	87
1112	498	142	93
1114	499	144	93
1120	497	144	96
1131	497	139	97
1131	498	147	97
1133	498	142	98
1142	496	137	101
1145	499	109	91
1154	503	53	84
1152	525	54	65
1156	527	49	62
1171	532	39	59
1176	524	44	69
1177	521	46	74
1192	532	40	63
1200	528	41	64
1204	521	42	76
1216	534	40	63
1220	524	46	71
1233	536	39	64
1234	518	40	75
1246	540	33	55
1246	535	33	62
1247	544	32	54
1228	549	51	55
1222	561	57	85
1161	527	111	88
1005	367	91	74
879	389	185	49
786	292	320	137
585	459	148	112
582	501	111	63
613	442	127	64
485	428	209	133
515	436	194	127
588	483	108	82
525	439	165	123
585	483	124	79
507	431	184	132
576	480	134	83
551	460	142	99
597	493	108	67
494	422	201	134
569	498	143	61
543	464	149	97
589	504	114	59
471	415	138	74
524	461	188	72
570	483	130	66
552	476	143	80
550	443	150	118
590	494	124	64
470	416	223	146
559	448	151	117
568	466	129	83
525	449	177	104
589	488	122	71
468	422	210	131
592	478	114	80
515	443	175	114
583	484	121	77
496	431	191	124
579	491	123	68
469	428	229	133
523	421	185	127
589	486	136	64
477	418	226	136
527	455	189	106
576	475	146	73
532	452	163	105
588	489	119	70
482	433	212	126
592	484	114	81
489	440	207	117
585	494	119	71
462	422	236	141
516	411	195	153
582	497	153	65
504	440	202	121
572	476	144	86
483	415	227	146
561	479	166	87
479	409	223	146
499	417	221	143
510	420	227	141
603	474	102	92
580	447	123	113
601	493	121	62
652	417	95	104
593	479	123	76
566	451	141	106
601	489	122	68
514	410	192	151
573	467	160	92
564	460	148	91
552	455	169	100
593	479	137	80
451	401	276	158
616	450	123	105
597	484	128	67
536	437	176	119
597	489	131	69
483	428	233	131
551	445	175	122
592	486	146	78
439	410	271	140
590	490	126	74
447	417	230	129
575	477	159	78
569	452	152	106
607	504	128	56
791	387	10	90
730	480	11	10
713	485	26	14
703	480	36	20
710	484	28	16
709	482	28	17
709	483	30	17
705	481	33	19
707	484	32	17
710	482	29	18
701	481	38	20
705	483	34	18
707	482	32	18
703	481	37	19
707	485	32	15
695	481	43	20
711	485	27	17
707	484	32	18
706	482	34	19
712	483	29	17
716	483	26	18
712	483	28	18
709	482	33	20
713	483	31	19
713	482	29	18
707	482	37	18
705	481	38	19
704	480	38	20
715	483	28	16
706	479	38	21
717	485	27	16
711	482	34	19
717	482	29	19
721	486	25	15
721	485	26	17
703	480	46	22
714	482	33	18
706	480	42	21
723	485	26	16
724	482	25	17
718	481	33	18
719	481	30	18
723	480	27	18
724	480	27	18
723	479	30	19
724	480	30	19
725	480	30	18
727	480	29	18
725	480	32	19
725	479	32	18
726	479	31	18
725	478	32	19
729	478	29	19
726	477	34	19
727	476	32	20
728	478	31	18
727	477	33	19
725	476	35	19
728	475	33	20
733	475	30	19
730	475	34	19
733	474	32	18
732	473	33	20
736	476	27	18
735	475	31	19
735	474	31	19
735	474	31	19
735	475	32	19
737	474	30	20
736	474	33	20
736	475	34	19
738	475	32	20
739	476	32	20
737	477	35	19
741	477	31	18
742	477	30	20
742	476	31	19
742	476	31	20
743	478	32	19
739	476	37	21
744	479	32	19
742	477	35	21
745	477	33	21
746	478	34	20
746	477	35	22
746	477	35	21
748	477	34	20
743	476	40	22
750	474	33	22
749	476	35	21
748	475	37	22
752	474	34	22
752	475	35	21
753	474	35	22
752	474	37	23
751	473	37	23
708	472	46	21
751	474	36	22
714	471	18	18
711	472	19	16
713	472	16	15
714	468	25	18
725	469	26	19
726	468	23	19
728	467	24	19
732	468	25	20
748	468	38	20
745	466	42	23
750	465	36	23
750	466	34	22
754	465	31	23
758	464	28	22
760	463	24	23
763	462	23	23
766	459	23	20
774	460	17	18
776	461	17	16
783	461	14	14
787	463	12	15
789	467	15	11
787	474	22	10
795	485	13	19
787	475	20	19
791	475	25	39
784	486	41	57
700	452	28	28
665	451	64	27
749	375	23	30
749	374	23	27
723	408	10	23
748	386	10	24
750	381	17	19
749	382	18	21
750	381	19	24
750	385	18	22
750	383	17	22
750	383	18	24
749	385	19	22
750	384	21	22
751	380	20	23
751	380	21	24
752	380	21	24
753	380	20	23
753	381	19	22
754	379	22	23
754	382	21	20
755	379	21	22
753	382	22	21
755	380	22	22
756	381	22	20
757	380	22	20
756	380	25	19
754	380	24	19
756	380	22	19
755	381	22	19
757	379	22	19
756	380	22	18
757	378	21	19
755	380	23	19
755	380	20	18
755	378	19	18
754	378	20	18
752	378	19	16
751	375	19	19
752	377	17	16
749	378	19	14
749	377	17	15
747	377	23	14
747	376	20	15
749	374	17	16
745	375	21	14
744	375	20	15
744	375	31	12
744	373	21	16
745	374	24	14
744	375	25	13
742	377	40	10
742	374	48	11
744	374	31	11
741	372	50	11
743	374	55	10
767	357	47	21
841	299	10	27
821	328	17	15
832	311	10	42
831	299	10	66
799	328	25	47
770	334	58	40
764	330	76	53
790	454	83	21
836	492	18	41
831	485	26	25
830	485	26	22
826	486	26	21
824	486	25	22
819	484	27	26
812	480	28	25
812	480	26	24
807	483	28	23
805	482	26	24
800	480	25	43
798	481	27	45
792	481	27	54
790	480	31	54
784	493	30	42
784	482	30	43
783	471	29	50
780	483	26	50
779	482	28	46
774	489	26	40
773	487	27	40
766	487	29	41
765	485	29	43
763	483	27	42
758	482	27	44
757	482	29	42
753	483	25	43
751	485	27	39
751	484	24	43
748	484	24	44
746	480	23	47
743	485	24	41
741	482	25	45
738	483	26	42
736	482	24	45
734	480	25	46
732	478	23	38
730	479	25	46
728	480	23	44
725	479	26	45
722	483	23	40
720	477	19	32
718	476	17	37
715	479	19	44
710	486	23	39
708	487	22	37
704	488	22	31
702	490	21	31
698	493	22	29
695	491	21	30
694	495	19	28
688	488	20	35
686	491	22	30
684	494	19	26
683	496	18	24
680	498	16	25
676	485	19	36
673	492	24	29
667	491	28	29
664	484	29	40
664	489	36	27
660	489	31	35
661	489	64	32
652	472	75	52
623	478	106	48
625	478	102	54
593	478	133	56
540	485	167	54
509	474	169	59
494	489	126	51
535	483	116	52
499	479	185	64
486	484	178	55
488	492	94	59
486	490	63	63
475	493	71	57
476	494	69	60
502	493	90	47
482	495	145	55
467	485	194	59
459	499	91	61
616	484	27	55
546	486	21	31
506	486	52	34
510	487	47	35
514	488	40	33
502	491	47	31
498	496	36	38
491	499	31	25
488	497	22	19
486	495	24	18
483	499	23	18
479	499	23	16
468	499	21	39
463	505	21	37
455	502	28	35
446	507	31	48
418	510	50	81
418	533	79	40
337	512	189	39
252	475	208	131
234	511	209	99
217	525	223	96
197	510	234	122
191	520	237	97
154	520	258	112
129	509	276	96
109	532	275	86
264	530	112	90
117	503	264	97
296	512	41	89
243	498	54	52
227	503	66	88
185	518	67	49
111	436	147	179
136	497	148	126
74	503	122	93
98	543	82	53
0	503	40	56
41	565	61	55
152	467	28	27
155	452	55	38
120	425	95	64
29	327	207	129
115	188	320	298
409	444	237	112
341	337	212	201
241	258	486	264
425	415	228	116
409	427	143	115
428	461	104	78
432	483	61	43
482	473	43	41
459	478	54	39
429	487	65	43
415	488	76	43
413	482	70	51
405	483	76	50
398	481	75	51
394	479	72	53
389	481	71	51
384	497	66	35
427	477	39	51
401	474	65	56
365	475	94	58
349	492	113	44
341	485	114	58
343	480	112	67
336	480	96	67
329	491	113	57
325	494	117	58
321	490	122	62
324	493	120	61
303	489	139	69
298	489	143	71
287	496	139	69
274	491	150	77
276	492	150	75
275	502	152	71
252	509	172	66
238	500	174	83
185	481	227	95
228	504	179	77
203	500	125	93
190	497	211	92
190	503	199	85
160	498	221	97
164	489	205	98
145	501	223	85
152	495	218	98
144	492	222	105
117	493	244	110
83	489	272	107
197	499	144	90
181	495	137	99
150	496	154	102
134	499	172	103
95	509	182	103
111	476	170	143
155	440	107	137
150	462	77	82
153	474	50	70
60	461	115	118
64	465	71	74
48	433	81	137
37	408	77	79
43	416	71	61
47	413	58	61
47	416	46	52
45	420	40	44
44	421	46	42
41	423	46	40
38	425	60	42
39	427	49	45
37	428	54	44
35	429	75	48
39	427	92	52
36	422	70	60
39	425	93	55
34	422	102	61
27	418	101	68
26	418	107	68
23	416	105	72
26	415	103	72
16	415	119	72
13	413	108	73
9	411	106	75
13	411	94	76
14	412	110	73
11	410	83	76
35	414	157	66
11	404	165	85
11	400	189	76
110	419	79	56
6	403	65	72
107	418	59	68
0	406	93	69
104	411	92	67
0	409	178	63
102	423	92	47
7	434	25	41
12	443	68	44
101	414	46	72
42	424	130	55
94	417	73	62
96	419	65	58
75	413	76	67
94	418	49	61
137	439	50	47
119	437	63	43
48	434	123	36
67	410	110	65
67	406	105	67
68	409	100	62
85	413	82	60
78	414	78	53
62	401	99	66
63	406	101	61
59	409	98	59
67	411	82	56
46	396	96	68
48	399	78	64
41	398	55	62
31	392	56	62
41	396	41	65
43	398	39	53
40	415	30	41
36	412	75	47
30	393	82	64
20	411	47	45
18	416	39	37
23	392	73	63
15	388	94	64
24	394	88	60
27	401	79	53
19	396	89	60
18	395	73	62
11	392	81	63
14	396	73	59
22	403	62	51
36	419	79	42
24	413	78	48
26	412	103	49
18	412	54	46
19	416	48	39
20	418	47	37
11	418	48	36
8	419	51	37
13	419	47	37
16	420	54	38
13	419	47	38
13	419	89	43
10	412	162	55
147	391	118	64
85	387	87	75
118	411	106	55
6	413	72	40
98	408	44	58
11	430	32	28
24	433	60	33
87	408	50	47
9	426	106	32
84	402	73	63
55	386	111	78
88	387	79	77
137	410	53	55
219	424	44	51
287	431	44	35
287	432	66	37
285	432	43	41
290	435	48	36
314	440	64	35
246	432	91	39
271	428	55	49
350	445	35	21
362	452	25	22
359	453	24	20
359	455	22	21
358	455	21	19
356	456	23	19
353	456	29	20
351	456	32	21
351	455	32	22
346	455	34	23
343	454	38	24
341	454	39	25
339	453	39	26
337	452	42	27
341	451	38	28
339	451	41	27
342	450	39	26
338	449	38	26
308	448	64	28
303	441	67	38
239	437	64	34
342	448	16	25
306	447	41	24
271	437	100	40
310	444	59	27
307	444	69	32
306	445	53	32
303	444	53	33
296	444	19	35
274	448	79	32
283	444	10	32
251	439	70	39
292	450	10	31
279	461	50	15
245	440	112	41
301	448	64	25
257	442	116	42
296	450	74	26
301	454	34	25
302	453	71	33
236	437	84	45
284	447	58	35
217	439	67	44
246	441	91	36
215	435	49	48
216	439	55	40
229	441	69	33
263	443	74	31
233	439	90	39
223	437	126	45
202	422	175	52
441	465	27	79
461	463	76	49
517	476	93	38
492	479	145	35
546	469	53	56
587	472	67	37
521	469	83	46
439	462	184	51
438	477	82	78
430	469	119	77
557	466	55	53
468	469	139	46
401	496	205	21
361	459	247	57
398	489	106	81
393	473	118	91
493	479	107	59
444	501	127	34
503	483	108	45
407	464	45	36
452	488	28	55
440	508	35	49
440	487	34	77
426	536	38	40
364	475	95	93
279	469	178	119
229	427	220	153
206	428	219	169
145	432	274	170
125	427	296	182
176	455	256	163
275	491	118	133
250	446	146	169
211	434	166	208
165	425	193	224
155	413	193	257
86	411	201	282
134	386	136	132
106	434	117	65
75	467	45	43
28	482	36	37
68	443	37	31
67	446	34	27
71	447	30	25
69	448	29	24
65	449	33	22
64	448	29	23
64	448	33	23
61	447	32	24
58	447	34	24
56	447	38	24
56	448	33	25
28	441	71	35
24	437	73	39
42	438	45	35
55	445	26	28
50	449	30	24
48	452	25	20
48	454	25	21
48	455	17	19
47	457	30	16
47	455	31	20
47	448	31	27
38	444	36	30
41	439	29	34
38	446	30	25
34	444	30	26
30	442	31	26
25	442	34	25
21	441	34	25
18	443	36	21
19	440	35	22
17	435	32	24
13	429	33	30
9	435	35	22
6	426	34	31
1	429	36	32
0	437	37	23
1	432	30	26
0	434	29	22
0	423	31	28
9	426	47	32
21	427	83	20
117	423	23	38
111	421	68	19
116	425	71	24
145	418	85	65
288	436	22	29
306	434	41	35
331	436	66	41
309	434	115	43
234	437	136	47
260	417	126	68
194	398	203	73
38	390	148	88
93	401	103	78
218	416	53	67
274	426	81	64
177	404	167	82
29	384	226	92
108	390	224	94
60	314	215	155
97	84	197	286
156	386	243	80
45	231	162	230
163	354	227	131
99	230	321	203
517	423	101	69
632	472	61	46
675	471	10	46
677	478	17	18
677	479	17	15
679	479	17	14
676	478	17	15
675	478	19	17
679	479	19	16
677	479	24	15
680	482	18	13
681	481	23	20
718	480	16	13
695	483	58	23
751	472	41	37
739	476	60	33
687	478	113	34
749	479	53	25
749	481	52	27
756	481	46	30
754	473	52	37
687	480	121	30
764	476	43	27
730	473	80	39
763	478	47	24
754	474	62	36
683	475	25	35
689	476	39	22
694	477	69	36
777	453	41	64
687	478	104	37
713	479	39	40
724	459	82	57
774	477	55	39
760	457	65	58
783	475	52	38
768	471	63	42
747	477	85	37
767	486	63	32
742	473	89	48
749	483	69	40
754	483	83	43
769	493	69	32
715	475	126	53
769	489	68	28
760	480	88	43
779	491	69	34
758	475	101	53
791	491	69	28
790	476	72	48
788	478	79	47
790	478	80	49
797	478	77	51
795	478	81	52
796	479	84	52
801	479	83	54
798	480	90	54
808	479	84	58
801	481	93	56
813	480	83	59
806	482	77	58
814	484	95	56
816	483	75	60
820	484	69	57
826	491	81	49
824	484	82	58
830	485	113	58
832	480	102	67
843	480	118	68
845	476	113	73
853	476	118	74
854	474	96	78
861	484	128	67
866	480	121	77
877	478	135	81
893	479	124	84
887	485	123	80
901	483	158	85
902	482	163	90
915	481	169	96
918	484	172	94
957	479	161	104
960	492	172	94
958	487	146	107
949	488	236	105
997	504	154	102
984	496	163	103
994	493	166	109
1048	507	136	98
1032	502	166	114
1021	500	167	115
1044	500	178	119
1067	499	195	124
1091	495	139	132
1099	502	105	87
1193	477	75	52
1237	482	36	48
1216	533	46	50
1136	495	14	15
1158	496	12	15
1182	503	10	21
1181	510	33	31
1195	512	50	34
1133	479	101	44
1064	394	126	56
947	387	95	46
911	442	39	56
896	490	40	14
900	483	34	16
901	482	33	17
903	482	32	17
905	482	35	18
906	483	35	18
907	484	35	18
910	485	34	18
913	485	33	18
914	485	34	18
913	485	36	18
916	484	35	18
918	483	36	19
918	484	37	19
919	483	37	20
921	482	37	20
922	481	38	20
925	482	38	21
925	480	38	21
927	481	38	21
929	483	38	21
929	482	39	22
930	482	40	22
934	481	38	23
934	483	40	22
936	481	39	23
941	486	37	21
941	484	40	24
941	483	42	25
934	473	51	30
885	423	101	80
895	427	67	57
920	441	51	50
951	476	45	27
959	477	40	27
964	480	38	25
962	479	43	27
968	478	40	25
966	478	46	26
975	479	40	25
975	476	44	29
973	477	49	28
978	476	46	27
981	475	46	29
986	475	44	31
983	478	51	28
990	478	47	29
992	479	52	28
993	478	53	29
1000	477	48	29
1001	478	52	28
1005	478	54	29
1006	478	54	30
1013	479	50	31
1015	482	54	28
1018	481	57	31
1020	480	56	32
1029	480	50	33
1029	480	57	33
1034	481	55	34
1038	480	55	35
1042	481	55	34
1045	481	61	35
1049	483	61	35
1057	482	57	34
1076	478	53	40
1087	487	48	31
1083	490	56	29
1079	486	66	35
1080	487	69	36
1092	485	66	40
1093	484	68	40
1101	485	67	41
1106	484	70	42
1107	482	74	42
1115	480	75	44
1121	478	73	44
1127	478	76	45
1132	478	77	47
1139	478	77	47
1146	478	78	46
1154	478	78	46
1165	481	78	44
1164	481	86	46
1172	479	86	46
1176	478	92	48
1188	476	81	53
1192	478	73	50
1202	489	62	39
1209	486	59	42
1217	490	53	38
1223	490	46	37
1215	494	54	33
1179	494	63	36
1243	504	31	28
1220	504	23	27
1245	506	26	29
1243	508	34	26
1242	511	24	16
1241	511	16	13
1243	512	10	10
1243	513	10	10
1245	514	10	10
1243	513	10	10
1248	513	10	10
1252	512	10	10
1248	511	12	10
1250	510	10	10
1251	510	10	10
1254	510	10	10
1257	510	10	10
1259	510	10	10
1261	510	10	10
1264	511	10	10
1266	512	10	10
1269	512	10	10
1269	511	10	10
1268	511	10	10
1270	512	10	10
1270	512	10	10
1270	513	10	10
1270	515	10	10
1270	514	10	10
1270	515	10	10
1270	514	10	10
1270	514	10	10
1270	516	10	10
1270	517	10	10
1270	517	10	10
1270	518	10	10
1269	518	10	10
1270	517	10	10
1270	517	10	10
1270	516	10	10
1256	503	10	10
1258	500	10	20
1239	490	17	11
1225	480	50	22
1186	449	42	67
1093	464	55	56
1097	468	60	48
1104	470	62	46
1112	470	88	54
1128	468	85	52
1136	468	96	54
1141	466	95	55
1158	466	85	56
1159	465	99	56
1171	465	93	57
1175	467	86	57
1187	465	72	59
1196	465	73	56
1213	470	64	51
1222	472	56	48
1239	475	32	44
1250	479	26	44
1258	484	21	33
1266	492	10	13
1267	502	10	12
1267	508	10	10
1268	511	10	10
1270	513	10	10
1270	515	10	10
1270	514	10	10
1270	514	10	10
1269	513	10	10
1265	509	10	10
1265	509	10	10
1267	510	10	10
1269	509	10	10
1267	510	10	10
1268	510	10	10
1270	511	10	10
1270	510	10	10
1269	510	10	10
1270	511	10	10
1268	510	10	10
1256	505	10	10
1256	508	10	10
1257	510	10	14
1256	513	10	10
1259	512	10	10
1260	512	10	10
1260	512	10	10
1260	512	10	10
1257	512	10	10
1258	512	10	10
1258	513	10	10
1257	512	11	10
1258	512	10	10
1259	513	10	10
1259	513	10	10
1260	511	10	10
1262	511	10	10
1254	509	10	10
1254	510	10	10
1254	511	10	10
1255	512	10	10
1244	513	11	22
1216	490	11	22
1222	476	29	28
1181	477	98	38
1103	364	55	30
1095	339	74	72
1055	470	68	41
1096	463	50	36
1127	463	40	28
1162	463	48	38
1206	461	61	51
1144	370	104	207
1093	322	104	63
1123	336	69	42
1121	332	71	49
1130	330	67	50
1127	330	75	47
1133	327	71	48
1134	325	75	49
1141	324	74	54
1141	324	76	51
1149	322	74	52
1147	322	76	54
1158	322	72	53
1155	322	78	53
1165	321	64	54
1167	321	69	52
1169	320	75	53
1176	318	72	54
1176	319	77	52
1179	316	76	54
1185	315	71	53
1186	316	62	52
1193	312	57	47
1195	308	50	37
1200	312	39	34
1204	305	49	43
1202	317	45	52
1205	307	51	47
1210	310	43	67
1216	314	49	61
1228	325	36	43
1232	333	30	41
1235	319	36	50
1243	320	31	52
1237	300	32	40
1247	313	23	21
1251	316	19	21
1256	315	18	21
1248	335	26	28
1253	334	22	28
1231	343	10	32
1211	348	22	25
1219	344	22	27
1228	340	24	30
1237	335	26	33
1246	330	26	37
1253	327	22	41
1215	326	56	41
1140	341	45	53
1093	352	58	36
1050	366	102	23
1053	348	131	41
960	463	43	41
939	463	73	39
938	460	80	46
946	458	77	49
923	457	105	51
958	456	76	46
957	459	86	47
943	456	103	52
969	459	82	47
965	461	95	48
921	454	144	57
950	467	118	37
964	455	117	59
874	455	212	51
862	466	217	41
839	472	256	37
853	473	259	38
834	474	273	36
952	463	166	48
917	453	215	67
845	469	272	41
880	469	259	44
867	471	277	44
863	477	282	46
859	480	180	56
1049	465	24	49
986	464	40	29
1015	472	34	23
1029	474	28	27
1036	474	34	25
1052	474	30	25
1065	474	30	25
1079	474	28	27
1091	469	35	31
1115	471	27	31
1132	472	32	38
1154	473	29	32
1103	423	98	80
962	474	239	127
922	469	171	131
839	451	94	69
851	466	18	33
807	431	70	74
880	461	31	40
913	477	32	31
914	476	17	29
920	481	42	30
917	473	29	28
899	476	10	32
927	481	10	23
930	480	19	23
938	480	42	32
935	479	40	27
893	479	71	32
951	475	66	39
949	474	50	34
948	481	50	30
948	479	93	39
960	472	83	39
962	472	54	38
973	475	97	45
971	469	57	37
967	475	112	41
976	467	60	39
966	470	124	46
988	461	96	48
1001	467	57	43
924	468	194	53
1033	450	83	61
1001	468	61	43
934	470	26	34
891	474	59	29
891	471	55	34
901	471	48	36
897	475	53	32
902	478	51	30
902	476	53	33
904	476	53	34
906	476	53	34
911	474	50	36
909	477	53	31
911	475	53	34
913	473	53	36
917	475	50	31
914	477	52	29
916	478	45	30
918	477	54	25
919	477	52	28
919	475	53	30
919	474	54	32
922	474	52	31
921	474	55	31
923	475	53	29
923	474	54	30
923	472	54	32
923	472	55	30
924	472	54	30
923	471	54	30
922	473	52	27
922	474	54	27
922	472	54	25
923	472	52	27
922	472	53	23
924	472	50	25
921	467	53	29
920	472	52	25
920	472	51	24
921	475	50	24
910	452	60	48
823	465	46	42
754	468	96	34
803	474	55	31
758	472	67	28
762	474	69	28
765	470	78	32
769	476	88	27
764	469	48	28
761	472	51	27
760	470	48	32
767	471	48	29
765	471	42	30
763	472	47	29
762	471	44	31
765	471	44	31
764	471	43	30
767	471	48	31
765	471	47	31
769	470	48	31
771	470	50	30
769	471	52	31
779	470	44	28
771	474	66	26
778	471	44	26
775	475	88	27
781	471	45	25
777	473	54	29
780	471	44	29
775	472	54	31
778	477	33	22
764	473	82	32
782	480	42	21
775	477	77	34
780	483	39	22
773	479	80	28
782	482	42	21
816	479	42	27
778	478	24	27
779	474	24	29
777	472	27	28
771	471	33	31
797	475	29	32
789	474	38	36
785	476	91	38
788	482	57	23
782	478	87	37
792	486	47	23
783	479	57	33
794	486	83	28
796	487	46	26
813	479	71	35
797	487	50	28
838	482	56	36
800	483	133	36
812	490	93	25
861	485	74	33
802	479	131	40
858	488	76	25
804	472	135	47
872	484	64	33
816	474	123	45
887	485	56	25
881	483	69	31
895	483	53	34
899	485	53	32
892	483	63	35
911	487	46	32
894	483	68	36
907	491	57	30
846	480	121	42
906	487	68	27
879	485	98	34
808	492	166	30
896	480	87	38
853	484	128	37
921	491	64	27
862	478	127	45
858	485	133	36
860	486	134	38
869	491	125	35
862	488	115	41
872	482	133	50
879	492	131	32
883	483	126	50
882	480	130	51
892	488	136	41
883	479	148	56
907	483	124	46
868	490	146	47
815	511	75	34
854	491	21	59
870	496	11	55
878	495	10	57
894	479	10	74
871	519	24	38
863	501	37	56
797	504	109	58
828	493	94	73
1005	494	25	59
934	479	104	50
950	473	171	62
981	490	107	65
995	481	143	58
989	479	157	70
993	479	46	97
1067	489	71	48
1011	476	169	63
1042	484	152	67
1044	475	98	86
1125	499	85	52
1040	486	187	53
1129	497	94	58
1089	503	160	55
1156	503	81	58
1160	489	99	74
1197	512	73	58
1165	490	101	88
1116	491	91	138
921	463	304	177
908	504	197	135
940	525	137	116
964	480	105	134
995	463	112	128
1014	463	106	50
1034	459	27	37
1042	409	63	91
995	458	101	43
1108	453	19	50
1051	411	60	17
1022	429	37	21
1019	423	10	51
1049	404	10	34
1015	443	29	10
1046	411	10	30
1044	395	13	58
1025	404	39	69
933	471	29	35
887	480	19	21
889	478	24	23
891	480	20	20
893	481	22	20
895	480	27	21
898	481	19	21
899	483	19	20
901	481	18	21
902	483	21	21
904	484	20	20
905	481	18	22
906	483	21	21
909	480	28	24
910	481	19	23
910	478	26	23
908	479	27	21
905	480	37	22
907	481	28	22
907	478	31	24
910	479	31	21
909	476	35	25
906	479	42	22
915	479	34	24
901	478	48	24
902	476	47	25
912	479	37	21
919	482	33	21
895	481	60	23
901	483	65	25
920	473	19	31
934	486	26	26
922	487	33	22
929	487	36	24
938	487	31	24
950	488	25	25
950	489	24	25
951	488	21	24
953	491	33	26
957	491	24	25
961	487	27	28
963	489	30	28
966	484	30	32
968	485	69	34
971	474	68	40
976	484	61	31
976	481	51	31
976	479	49	33
982	479	75	35
985	477	80	38
988	477	77	39
998	481	69	37
991	482	80	39
995	482	77	41
993	482	85	42
1001	482	87	44
1001	480	88	44
1017	481	87	44
1025	479	81	46
1024	478	89	46
1046	471	70	54
1086	472	40	53
1019	475	103	46
1027	472	93	53
1045	478	88	47
1055	470	70	54
1055	481	91	43
1061	480	68	46
1028	397	110	128
828	445	58	66
845	476	42	30
842	481	49	34
838	480	51	32
841	481	50	32
838	481	46	33
838	480	51	33
834	479	49	34
837	482	44	31
833	481	36	25
829	480	32	20
828	483	36	20
827	480	38	18
827	478	38	24
825	473	48	31
826	483	37	21
831	484	31	19
828	483	31	21
834	484	31	23
843	486	12	18
831	493	45	24
859	485	52	34
860	485	57	33
867	489	55	31
822	486	48	27
828	482	46	32
820	481	74	34
853	486	65	32
874	484	26	33
824	488	21	18
806	485	36	19
806	477	36	24
803	477	36	25
790	481	48	22
786	477	50	24
746	475	89	28
831	480	19	25
800	478	36	24
797	481	35	21
795	476	37	27
799	477	30	26
796	476	36	26
795	477	34	25
798	476	34	25
795	477	36	25
798	477	33	25
795	474	37	27
799	473	31	26
797	473	37	26
797	472	36	26
800	476	35	22
797	474	36	25
797	473	35	26
784	473	52	26
798	474	35	28
751	475	81	27
798	471	39	30
771	473	62	28
796	474	37	28
744	476	84	26
794	471	39	29
757	473	73	26
799	478	36	22
793	474	40	27
751	476	83	25
793	474	45	25
772	472	60	28
