0.003711
0.029356
0.032188
0.033317
0.032984
0.041481
0.029227
0.039485
0.031680
0.042587
0.043234
0.041115
0.043988
0.040132
0.042796
0.037787
0.030661
0.046849
0.042698
0.033402
0.031888
0.035077
0.044341
0.042214
0.042751
0.032704
0.032961
0.030095
0.030725
0.032564
0.046789
0.034328
0.036274
0.046309
0.047068
0.038722
0.035540
0.047595
0.039360
0.031273
0.041552
0.047815
0.031764
0.030272
0.038406
0.032597
0.038559
0.043015
0.031572
0.033257
0.029058
0.030017
0.028609
0.028860
0.029307
0.035319
0.042719
0.035057
0.035848
0.037543
0.035289
0.030501
0.046479
0.038799
0.035127
0.036460
0.031596
0.043423
0.034067
0.031579
0.030727
0.029441
0.037626
0.035767
0.045215
0.034812
0.044808
0.030674
0.036512
0.028058
0.029267
0.029392
0.029989
0.030748
0.041320
0.035045
0.033430
0.033880
0.033390
0.036242
0.045040
0.039059
0.034472
0.035042
0.031833
0.032120
0.033082
0.043280
0.044941
0.041576
0.042138
0.041379
0.035265
0.034612
0.031824
0.033341
0.041667
0.044448
0.031722
0.029443
0.030058
0.033646
0.035418
0.036916
0.028191
0.034739
0.034230
0.039063
0.035537
0.040048
0.041182
0.030059
0.032582
0.041898
0.030550
0.042441
0.041138
0.047181
0.035092
0.031232
0.030401
0.032348
0.041241
0.034257
0.028433
0.035881
0.038220
0.031832
0.027461
0.030378
0.027203
0.029654
0.026276
0.028320
0.027657
0.033125
0.030414
0.042644
0.037757
0.033556
0.030214
0.038986
0.030289
0.043018
0.035661
0.032495
0.029453
0.030849
0.045112
0.034013
0.029905
0.031239
0.031626
0.043650
0.034742
0.032627
0.030252
0.032889
0.037214
0.043356
0.031123
0.039637
0.034469
0.031060
0.040801
0.041841
0.033754
0.038812
0.035504
0.030368
0.029525
0.043890
0.034355
0.029625
0.029385
0.037353
0.040347
0.043769
0.045298
0.043816
0.047155
0.039060
0.041082
0.032611
0.028331
0.032948
0.025509
0.043628
0.035911
0.031895
0.030822
0.029660
0.042045
0.034859
0.029482
0.046152
0.031107
0.029148
0.033642
0.039262
0.032869
0.042952
0.034724
0.031245
0.033815
0.036592
0.046358
0.045423
0.033703
0.031466
0.033773
0.032258
0.032870
0.032149
0.035055
0.036553
0.033514
0.031031
0.031841
0.034005
0.033231
0.045124
0.045515
0.046774
0.046163
0.041576
0.043359
0.037901
0.033507
0.029218
0.034052
0.036049
0.030641
0.042619
0.030643
0.031250
0.044940
0.032553
0.045216
0.033254
0.042596
0.036532
0.033478
0.030991
0.043162
0.037383
0.053985
0.046875
0.029654
0.032623
0.029639
0.036391
0.031901
0.035057
0.032983
0.031687
0.044834
0.042513
0.039553
0.034028
0.030806
0.032224
0.029997
0.029520
0.042331
0.032652
0.041327
0.037826
0.029517
0.032387
0.039750
0.028823
0.036959
0.029642
0.029200
0.042616
0.032356
0.031823
0.028248
0.029290
0.029455
0.028505
0.025476
0.036571
0.027986
0.026478
0.024405
0.024516
0.023875
0.023754
0.032336
0.030815
0.031465
0.045871
0.036986
0.043412
0.032296
0.025208
0.028791
0.034157
0.024068
0.023556
0.048433
0.041422
0.040224
0.034782
0.046941
0.043505
0.046796
0.026268
0.027075
0.040774
0.034114
0.031096
0.024689
0.030047
0.023625
0.023345
0.026394
0.022522
0.022332
0.022535
0.022453
0.024598
0.030773
0.025903
0.022854
0.022950
0.022073
0.022182
0.022223
0.023169
0.022468
0.022816
0.022277
0.023375
0.031681
0.028685
0.055473
0.044435
0.043340
0.045379
0.033832
0.028163
0.024959
0.026250
0.024844
0.036534
0.043521
0.042579
0.035415
0.032509
0.029685
0.029009
0.024951
0.025488
0.024320
0.025296
0.024030
0.022909
0.042848
0.032839
0.043427
0.031983
0.046485
0.035449
0.043496
0.039009
0.035928
0.035102
0.042655
0.036309
0.032005
0.035040
0.031531
0.044767
0.041557
0.041698
0.030035
0.031390
0.030272
0.043829
0.041374
0.034987
0.030902
0.042430
0.048324
0.032311
0.040866
0.031505
0.044886
0.044441
0.038253
0.029646
0.039244
0.051483
0.034956
0.029899
0.043569
0.036025
0.033319
0.050657
0.043336
0.039108
0.034868
0.039905
0.030130
0.029883
0.029718
0.030156
0.029750
0.033178
0.043366
0.043611
0.046571
0.035250
0.034912
0.033844
0.034210
0.032444
0.033415
0.030677
0.031107
0.032565
0.030562
0.031129
0.033121
0.031447
0.044988
0.030830
0.039021
0.032108
0.040858
0.045126
0.043372
0.032131
0.032209
0.031644
0.029770
0.028971
0.031509
0.034769
0.029910
0.038215
0.047935
0.032260
0.041089
0.029788
0.030161
0.042513
0.029781
0.034519
0.031106
0.031687
0.030164
0.030544
0.030811
0.032586
0.030386
0.025717
0.042388
0.031493
0.045510
0.036459
0.031245
0.028054
0.030758
0.025181
0.023475
0.025088
0.022612
0.029340
0.031529
0.032607
0.031818
0.031183
0.030477
0.044396
0.040259
0.034637
0.044063
0.033785
0.041282
0.035937
0.028958
0.046285
0.041030
0.029984
0.044161
0.034250
0.029622
0.030346
0.041916
0.035409
0.031252
0.030446
0.043072
0.042224
0.028772
0.034250
0.030844
0.027049
0.023309
0.022931
0.033546
0.041484
0.026942
0.025607
0.038629
0.023577
0.030613
0.043465
0.038430
0.047512
0.041358
0.040637
0.040195
0.040639
0.033099
0.030065
0.040668
0.043854
0.037794
0.039292
0.030959
0.038951
0.030985
0.036589
0.030325
0.052857
0.042264
0.039887
0.034711
0.033079
0.041042
0.030700
0.041958
0.042150
0.031248
0.029634
0.028285
0.029894
0.043432
0.034500
0.043324
0.035182
0.041965
0.046796
0.045610
0.036856
0.047000
0.033883
0.048251
0.034303
0.037436
0.045112
0.045912
0.033398
0.033674
0.033671
0.032332
0.034693
0.032236
0.031524
0.031749
0.032256
0.032598
0.034754
0.031507
0.035762
0.031625
0.031555
0.042417
0.045966
0.030433
0.046247
0.029517
0.043999
0.035704
0.032282
0.033766
0.033831
0.031989
0.031232
0.032019
0.030184
0.034650
0.040994
0.036916
0.030803
0.041317
0.029962
0.035349
0.030880
0.045884
0.034158
0.030963
0.044240
0.040238
0.034516
0.034692
0.042553
0.047460
0.038224
0.042312
0.046175
0.045759
0.035791
0.043931
0.040134
0.036921
0.038809
0.025908
0.025453
0.026716
0.024222
0.024232
0.023483
0.028366
0.027474
0.023256
0.023162
0.024907
0.029976
0.031881
0.023802
0.023549
0.021543
0.023398
0.022568
0.028465
0.024181
0.044747
0.025808
0.032917
0.026852
0.027857
0.029675
0.030105
0.038283
0.028221
0.027773
0.027437
0.026503
0.040198
0.037018
0.031886
0.027660
0.032600
0.027163
0.039650
0.041549
0.028085
0.024218
0.036087
0.032958
0.030570
0.029773
0.029912
0.030905
0.040068
0.034841
0.032128
0.046757
0.045408
0.041370
0.041840
0.034527
0.031056
0.030490
0.029278
0.029939
0.034039
0.030075
0.039126
0.047825
0.033540
0.034201
0.031946
0.031483
0.031682
0.050747
0.034175
0.029313
0.035403
0.030491
0.030670
0.036039
0.030010
0.033405
0.035361
0.033174
0.033127
0.032667
0.037769
0.030454
0.029299
0.032110
0.032004
0.033371
0.032221
0.033028
0.031377
0.031630
0.052743
0.047985
0.040831
0.034589
0.031473
0.032511
0.030230
0.034924
0.032388
0.042143
0.042573
0.051208
0.031205
0.031764
0.045116
0.033581
0.035798
0.030076
0.031581
0.029904
0.037417
0.033772
0.032766
0.046546
0.046331
0.037482
0.043444
0.033612
0.030021
0.029832
0.032440
0.029817
0.032715
0.031509
0.031348
0.030807
0.031195
0.051168
0.043506
0.046897
0.038387
0.037542
0.035818
0.039667
0.031595
0.038894
0.045526
0.032572
0.044016
0.032466
0.032622
0.044547
0.031286
0.036119
0.038324
0.032581
0.033213
0.032300
0.031570
0.033582
0.047152
0.045611
0.034473
0.030958
0.031065
0.033699
0.033404
0.032171
0.032484
0.032885
0.031881
0.030943
0.053358
0.043658
0.035876
0.030043
0.032349
0.044802
0.034788
0.031954
0.039911
0.033087
0.045440
0.030575
0.030566
0.030852
0.031960
0.029845
0.044355
0.052539
0.036366
0.030111
0.031182
0.054859
0.041692
0.044260
0.035715
0.028858
0.034621
0.030797
0.034593
0.030391
0.039180
0.034515
0.031049
0.041934
0.030829
0.031404
0.047133
0.032111
0.035295
0.034382
0.033174
0.036370
0.033114
0.032153
0.035267
0.033000
0.032727
0.033767
0.027422
0.027153
0.025496
0.031389
0.027136
0.029638
0.031137
0.028560
0.031646
0.029437
0.042173
0.039614
0.035012
0.042681
0.031194
0.035022
0.034806
0.030671
0.037902
0.024740
0.024517
0.025800
0.033034
0.030046
0.045220
0.030883
0.035155
0.041140
0.028877
0.037985
0.033516
0.041732
0.035301
0.038555
0.030399
0.032295
0.031529
0.030123
0.033764
0.045088
0.035590
0.033486
0.033750
0.032390
0.032725
0.034707
0.033770
0.034153
0.035842
0.030973
0.030775
0.041454
0.031779
0.042551
0.031483
0.031075
0.030185
0.030437
0.030846
0.033822
0.043655
0.034293
0.032555
0.040258
0.035684
0.045889
0.034887
0.032433
0.032221
0.034410
0.044264
0.033197
0.034692
0.035944
0.037316
0.042481
0.044783
0.035484
0.030958
0.041363
0.046629
0.045091
0.035156
0.033615
0.031507
0.029877
0.036905
0.030705
0.038863
0.043929
0.030396
0.032983
0.031038
0.033035
0.034978
0.031636
0.039378
0.032858
0.029771
0.040037
0.033931
0.032044
0.034873
0.032418
0.034421
0.033256
0.035455
0.031235
0.033780
0.030468
0.029774
0.030656
0.034639
0.044912
0.030870
0.028357
0.030783
0.036237
0.031485
0.031408
0.043191
0.040674
0.046774
0.031847
0.035857
0.031586
0.030800
0.029098
0.029844
0.025551
0.024666
0.029538
0.029342
0.029968
0.041201
0.032731
0.024366
0.028224
0.028493
0.026248
0.028582
0.030086
0.041899
0.031066
0.041833
0.038941
0.038429
0.034728
0.036141
0.038597
0.033709
0.029483
0.031830
0.029211
0.040259
0.040742
0.032841
0.030127
0.030433
0.033657
0.031691
0.042731
0.034029
0.032043
0.030967
0.029991
0.034113
0.029824
0.032463
0.030034
0.030220
0.033196
0.036494
0.032650
0.038942
0.043228
0.032813
0.038491
0.029602
0.030025
0.030914
0.032084
0.031938
0.033302
0.039885
0.044017
0.031511
0.048956
0.045473
0.044129
0.039532
0.039230
0.036463
0.048089
0.044195
0.029932
0.028841
0.044161
0.035598
0.038867
0.028219
0.033976
0.031526
0.032170
0.031770
0.043207
0.037255
0.031370
0.028320
0.028088
0.030629
0.028307
0.024281
0.025932
0.023003
0.029274
0.030070
0.028456
0.025704
0.026155
0.025275
0.036810
0.030589
0.029456
0.037016
0.022428
0.030142
0.033311
0.040224
0.043120
0.040925
0.041826
0.032218
0.040519
0.030938
0.033483
0.044969
0.034703
0.034815
0.048371
0.039852
0.034696
0.048106
0.047311
0.038098
0.035261
0.034069
0.036243
0.049718
0.037399
0.040471
0.033312
0.049367
0.035990
0.040937
0.031115
0.028851
0.030518
0.045440
0.043510
0.030492
0.031041
0.031071
0.030276
0.041580
0.033895
0.029862
0.033978
0.041740
0.040272
0.036941
0.034235
0.028255
0.031822
0.040370
0.037224
0.030984
0.032909
0.044494
0.030746
0.046247
0.032851
0.029607
0.029055
0.032477
0.031946
0.029901
0.039010
0.042520
0.037126
0.050886
0.041694
0.045315
0.033406
0.032924
0.036493
0.042388
0.042098
0.032205
0.031583
0.032482
0.031838
0.036062
0.031834
0.028706
0.028209
0.028602
0.037835
0.033350
0.047692
0.031755
0.029897
0.029792
0.042055
0.034968
0.044282
0.041885
0.029839
0.031461
0.029630
0.042010
0.029647
0.031386
0.031475
0.038433
0.029925
0.027996
0.029735
0.029257
0.030307
0.048363
0.034836
0.033937
0.049797
0.030726
0.031059
0.030953
0.031740
0.041646
0.035704
0.042148
0.042995
0.029904
0.043816
0.031393
0.031114
0.030563
0.047515
0.037175
0.030853
0.040520
0.032218
0.034117
0.048109
0.041664
0.041437
0.036545
0.056862
0.050541
0.043626
0.037501
0.045615
0.037409
0.044931
0.030926
0.030478
0.030578
0.046991
0.032371
0.030509
0.032479
0.031323
0.041091
0.032224
0.044781
0.031066
0.047735
0.042928
0.045819
0.047306
0.042899
0.045862
0.040146
0.048492
0.045056
0.036961
0.032129
0.031022
0.031328
0.031425
0.031540
0.030620
0.030916
0.032506
0.038679
0.030243
0.032363
0.043877
0.030592
0.030796
0.043086
0.034659
0.032375
0.040622
0.032910
0.028922
0.030509
0.027848
0.045008
0.046911
0.044800
0.036160
0.030168
0.043761
0.031566
0.028774
0.028806
0.028995
0.028926
0.029118
0.033210
0.032720
0.031806
0.030757
0.032891
0.030859
0.030748
0.031831
0.031480
0.029025
0.031035
0.045618
0.047084
0.037737
0.033231
0.028153
0.033558
0.042051
0.034872
0.044869
0.029707
0.030078
0.030214
0.045117
0.029088
0.032066
0.026785
0.028380
0.038463
0.026314
0.040465
0.040361
0.034877
0.022001
0.033206
0.027386
0.024124
0.032793
0.029644
0.040349
0.036630
0.026870
0.042237
0.026495
0.033484
0.041625
0.025004
0.025258
0.025368
0.026227
0.034786
0.026425
0.026585
0.023888
0.029579
0.024311
0.035981
0.044811
0.030463
0.031521
0.032462
0.029610
0.032712
0.031050
0.030956
0.024863
0.024702
0.023993
0.023607
0.022303
0.028297
0.024324
0.024882
0.022326
0.022931
0.024267
0.022441
0.032919
0.037950
0.030190
0.035228
0.041097
0.027451
0.023082
0.026725
0.037721
0.042018
0.024026
0.042611
0.045146
0.025878
0.024694
0.024724
0.045374
0.044263
0.026976
0.030658
0.038363
0.027340
0.029071
0.026017
0.023227
0.026811
0.028929
0.030806
0.024018
0.032942
0.024261
0.038307
0.038406
0.029638
0.023121
0.024713
0.024717
0.028922
0.044105
0.036035
0.025944
0.034319
0.027596
0.031282
0.041866
0.038133
0.031585
0.026971
0.027855
0.025605
0.035156
0.022024
0.028992
0.022798
0.026087
0.023804
0.035192
0.028515
0.025815
0.025264
0.026073
0.026291
0.030396
0.027198
0.024233
0.039839
0.027672
0.025342
0.024744
0.035765
0.024187
0.037770
0.041007
0.043436
0.041894
0.029886
0.040787
0.041773
0.042155
0.035771
0.033790
0.028092
0.027539
0.025353
0.025075
0.025453
0.030258
0.027019
0.023640
0.040430
0.023739
0.038180
0.032667
0.042683
0.044837
0.024834
0.036367
0.024991
0.030194
0.023887
0.022886
0.027832
0.027561
0.030255
0.024538
0.028984
0.028727
0.025995
0.031475
0.023189
0.031955
0.042491
0.033762
0.040901
0.027332
0.023791
0.030508
0.030329
0.038299
0.047354
0.041086
0.036526
0.039251
0.042081
0.041039
0.034073
0.030412
0.029949
0.031426
0.032854
0.034014
0.030734
0.029720
0.030839
0.032138
0.031019
0.031942
0.032227
0.030070
0.038861
0.040565
0.034543
0.030599
0.034084
0.034513
0.031570
0.031876
0.040357
0.041823
0.033890
0.043352
0.036299
0.027887
0.030415
0.029360
0.030626
0.041275
0.043582
0.040849
0.041262
0.030491
0.034939
0.031457
0.031570
0.029089
0.032212
0.032594
0.044251
0.029968
0.035798
0.031433
0.030515
0.041345
0.031744
0.032912
0.032575
0.045089
0.033629
0.032588
0.033414
0.033412
0.035307
0.034528
0.031795
0.031169
0.043833
0.030426
0.043129
0.036590
0.033687
0.048936
0.042531
0.033785
0.032847
0.042520
0.035183
0.033427
0.042826
0.037532
0.034743
0.042330
0.031604
0.033069
0.044522
0.030473
0.038540
0.039175
0.033143
0.030906
0.028390
0.044936
0.029034
0.031449
0.030725
0.029972
0.029389
0.030256
0.041787
0.027933
0.040545
0.038076
0.038025
0.043334
0.034921
0.044684
0.032209
0.038168
0.039058
0.037085
0.043228
0.043882
0.043086
0.043069
0.035717
0.030410
0.045333
0.030844
0.044746
0.033635
0.030881
0.033124
0.030706
0.042627
0.032514
0.041957
0.042635
0.036944
0.031544
0.041094
0.033607
0.030097
0.026117
0.030622
0.029192
0.028356
0.048744
0.033150
0.030174
0.045843
0.032524
0.031012
0.032905
0.031364
0.032729
0.033562
0.033418
0.033773
0.030209
0.031572
0.029514
0.043743
0.049557
0.043652
0.041947
0.042880
0.048750
0.033618
0.034008
0.043308
0.038863
0.038088
0.033236
0.030841
0.042507
0.036193
0.030279
0.042101
0.035716
0.032102
0.037392
0.045569
0.042498
0.036060
0.031207
0.032284
0.026953
0.027012
0.026931
0.029970
0.030014
0.029026
0.028623
0.030000
0.033714
0.030680
0.045870
0.041502
0.030472
0.034190
0.027200
0.029350
0.027119
0.039999
0.030476
0.043720
0.045554
0.031037
0.043897
0.043849
0.027344
0.042753
0.031263
0.029344
0.049809
0.041405
0.030987
0.030317
0.033560
0.030887
0.048506
0.034109
0.029326
0.035181
0.047056
0.047346
0.041524
0.043663
0.034070
0.030306
0.030576
0.031229
0.030009
0.030271
0.038760
0.030807
0.031607
0.031694
0.037138
0.032727
0.029510
0.030485
0.035656
0.041245
0.029675
0.031967
0.043620
0.033589
0.031221
0.041661
0.029166
0.043350
0.033362
0.032740
0.031537
0.042976
0.034583
0.030739
0.036651
0.032374
0.042454
0.044401
0.035120
0.030395
0.045599
0.040733
0.033281
0.032106
0.041394
0.030231
0.030386
0.029397
0.030211
0.030691
0.048422
0.046792
0.041421
0.030401
0.029657
0.033278
0.028986
0.032605
0.042004
0.031426
0.030010
0.030323
0.041534
0.042708
0.045780
0.036330
0.031330
0.032290
0.034959
