530	143	228	271
519	152	241	254
517	154	239	253
508	156	245	251
499	154	252	257
496	155	256	253
491	154	259	255
481	158	272	248
478	155	272	250
476	154	272	251
476	154	272	251
478	160	267	244
487	171	259	236
500	180	247	229
508	195	247	216
507	194	251	217
509	200	254	212
506	208	259	206
504	207	261	210
510	202	255	215
509	203	258	213
516	199	249	218
519	200	247	217
529	197	241	218
534	199	238	218
535	197	242	219
539	194	243	224
536	188	243	236
529	191	252	231
528	194	256	231
525	196	254	223
525	200	274	222
525	207	274	214
525	221	287	203
523	233	287	192
521	236	290	184
512	243	308	184
526	249	286	172
525	238	290	189
534	230	284	188
534	229	289	199
533	215	280	207
534	208	287	218
530	213	268	209
539	214	283	208
528	219	274	202
544	221	279	199
544	209	264	210
561	190	262	227
575	190	226	225
582	179	235	238
593	183	208	232
599	182	200	239
595	191	199	231
595	183	195	236
593	181	206	238
589	194	202	242
589	179	195	239
581	191	201	230
584	168	189	239
580	178	201	241
595	159	182	246
589	168	188	258
565	141	213	256
525	169	251	224
539	174	230	215
533	136	256	266
521	157	252	233
611	189	197	251
614	192	189	245
617	188	184	256
609	165	190	265
601	153	195	275
587	142	199	273
547	145	233	277
548	162	227	256
515	131	250	283
480	152	274	258
452	147	297	263
432	151	309	253
436	147	301	255
417	147	314	256
411	147	317	258
401	144	330	264
399	146	339	270
396	143	345	276
394	140	351	280
397	137	350	284
395	137	349	282
401	134	330	280
403	132	327	280
420	130	308	276
434	129	296	270
441	131	292	262
440	129	292	263
447	128	287	266
442	137	290	262
448	140	285	256
453	145	281	260
459	138	278	265
463	150	277	262
480	151	259	259
478	155	263	262
473	155	272	260
475	157	273	260
473	161	275	257
471	166	279	253
467	175	288	243
464	181	293	239
465	180	293	240
458	187	304	234
456	204	307	221
460	198	300	228
461	198	301	229
459	201	304	227
461	200	298	227
461	193	299	236
450	183	316	247
444	183	324	248
448	185	319	246
445	185	321	244
440	185	327	242
436	186	331	239
431	190	334	236
433	190	329	236
431	193	332	235
437	194	327	232
434	194	331	236
434	192	330	237
435	191	331	237
432	196	335	235
429	200	338	232
433	207	344	230
430	204	350	237
430	207	347	230
428	211	351	231
426	201	355	242
425	198	355	250
429	204	344	238
429	201	346	242
432	202	341	245
433	206	349	244
431	213	354	237
430	214	361	236
429	213	361	240
420	215	372	243
423	214	341	238
419	223	373	238
423	223	331	228
419	227	368	236
433	229	312	229
446	236	333	228
451	235	337	227
453	233	334	230
453	235	338	231
454	233	335	233
458	232	338	235
455	232	338	236
457	234	337	234
457	235	340	234
458	234	341	233
460	228	341	241
454	219	339	250
454	209	345	258
452	201	330	266
465	198	325	265
459	192	327	265
454	192	331	265
457	191	333	264
455	190	337	263
455	186	337	264
462	185	329	263
465	180	325	266
467	179	318	267
467	179	320	269
467	184	322	263
468	184	319	262
467	182	321	264
470	178	317	269
470	176	316	271
469	172	317	272
447	173	345	275
444	176	336	267
448	178	334	269
446	175	339	272
453	180	328	265
454	184	333	260
467	183	309	259
466	181	306	264
467	182	304	263
473	179	291	266
478	172	272	273
474	161	277	282
469	158	277	281
471	159	273	280
466	155	284	284
470	152	279	288
470	154	279	285
468	153	280	281
468	153	281	280
468	158	284	275
469	165	280	268
475	174	275	262
478	179	269	254
479	180	268	251
484	182	253	245
485	187	250	244
493	189	240	237
497	193	241	236
500	194	238	230
499	196	239	231
503	200	240	226
500	204	250	226
493	206	269	228
494	204	264	227
499	208	297	229
500	205	296	232
498	211	301	225
501	216	303	220
502	219	305	217
509	215	297	221
519	206	297	230
520	204	304	234
526	202	298	235
523	203	306	236
535	215	294	223
540	216	300	222
542	211	305	228
545	209	303	232
544	209	298	230
558	214	295	226
589	239	269	199
596	247	275	193
613	251	243	190
613	252	266	189
605	248	260	193
606	248	273	194
609	244	248	195
613	249	270	192
616	251	246	190
619	252	265	189
632	257	237	180
625	257	266	182
636	254	240	181
622	254	271	184
630	247	245	186
600	242	297	199
606	234	256	193
603	234	289	198
595	230	288	208
631	239	265	199
625	241	242	184
617	221	277	207
643	230	223	191
629	230	259	193
644	225	235	200
646	209	242	215
657	200	226	221
654	189	232	229
651	195	229	221
649	183	235	230
647	169	235	244
642	158	243	258
633	154	255	262
629	157	259	259
617	162	274	249
601	156	294	253
587	145	310	262
582	145	315	261
582	146	318	259
579	142	319	263
578	141	317	264
577	149	320	257
582	150	317	253
581	148	318	254
582	156	314	244
586	155	306	242
589	154	306	243
594	152	306	248
593	153	306	248
596	152	300	244
596	156	301	241
587	158	310	236
582	161	317	238
582	159	316	241
574	158	330	243
577	153	323	248
581	152	316	248
584	151	311	245
582	152	316	244
586	153	308	243
594	157	301	238
596	161	297	235
599	159	300	236
600	160	296	234
598	156	304	237
595	157	308	237
595	160	307	235
592	160	302	234
592	158	312	236
593	160	306	233
598	155	305	239
597	148	303	245
595	145	308	248
598	143	302	249
584	140	321	253
578	136	310	250
569	136	329	248
564	134	327	252
567	136	324	250
563	137	326	249
560	140	324	245
555	140	331	247
560	142	325	247
559	141	330	248
563	144	329	245
563	144	335	248
568	147	328	246
571	144	319	251
573	144	319	249
577	144	315	246
581	142	301	248
584	148	304	241
575	157	314	233
580	155	314	238
575	158	317	236
579	154	319	242
573	151	308	245
581	148	312	247
571	146	308	248
575	145	320	246
570	143	309	248
553	142	338	249
544	138	346	262
547	137	323	257
535	143	360	258
528	147	348	252
518	148	374	257
518	146	341	255
517	145	366	266
515	151	348	252
513	150	374	254
507	151	364	253
522	147	354	257
512	147	360	254
516	148	348	251
507	146	368	250
515	144	345	252
511	136	356	255
524	141	341	250
525	137	340	251
518	137	339	245
514	134	359	244
519	136	335	236
508	131	367	245
507	136	345	233
494	125	386	248
504	130	347	242
506	123	374	248
518	135	346	237
509	122	363	245
537	146	331	225
535	129	336	237
548	131	313	236
542	126	325	242
565	127	301	239
576	126	301	237
595	123	285	236
600	115	279	238
602	114	274	236
609	111	274	234
605	101	281	242
612	103	280	239
612	108	282	234
587	88	301	253
575	78	306	264
563	71	322	269
562	68	314	268
558	66	327	272
558	64	325	263
547	63	333	264
525	60	357	259
513	53	356	269
517	50	360	273
513	58	330	257
514	56	329	258
523	59	316	254
517	54	326	259
522	54	315	258
522	53	319	258
525	50	315	260
519	42	326	267
529	42	317	269
526	43	309	268
524	31	311	277
523	31	299	275
528	28	298	274
531	29	288	273
529	25	299	278
530	27	282	273
520	21	300	282
528	18	280	277
551	43	255	242
554	50	262	239
546	45	255	235
533	40	256	237
518	23	272	256
505	35	282	244
508	27	279	250
510	42	282	240
520	23	263	259
521	19	248	266
520	17	252	263
518	19	250	265
511	10	265	271
517	16	252	263
527	17	268	269
525	13	257	287
519	6	264	295
512	12	273	295
502	26	284	282
490	39	291	265
506	59	266	264
504	59	269	260
518	63	260	263
522	66	258	262
522	61	266	268
533	53	268	274
537	53	258	281
536	51	284	280
522	41	299	302
536	44	303	303
549	51	288	299
552	49	288	301
562	59	286	294
561	70	287	286
572	80	281	291
578	99	278	280
578	102	285	275
589	109	280	270
589	118	285	266
591	127	296	253
593	127	300	257
593	127	299	257
598	128	294	261
598	129	292	259
588	130	302	259
586	126	305	265
588	127	302	266
590	125	298	269
588	123	304	276
590	120	296	276
596	127	279	275
601	121	272	280
595	119	270	287
585	108	272	304
587	110	260	304
585	118	246	290
587	109	239	303
583	119	236	287
584	109	226	305
582	108	228	312
577	103	228	325
570	112	235	320
570	101	233	335
566	112	242	317
565	119	248	311
568	111	246	328
565	121	252	309
569	113	244	326
570	105	237	331
565	92	236	352
558	100	242	338
555	97	243	344
553	114	244	318
557	108	234	321
559	129	231	300
567	116	218	309
569	130	218	295
576	123	211	299
575	126	213	287
572	131	210	274
561	120	215	289
555	129	220	279
532	112	242	310
513	118	259	316
515	133	252	290
529	136	239	277
539	124	232	293
547	126	234	284
497	90	281	309
490	111	293	249
493	107	293	248
492	105	301	261
503	106	294	267
514	111	291	275
507	112	300	277
512	114	293	269
512	116	291	264
526	120	282	266
530	123	273	248
538	122	262	252
538	125	263	248
537	127	262	243
543	128	266	236
549	131	273	231
543	133	282	223
547	135	281	217
545	133	288	220
550	134	285	218
543	133	293	216
543	132	291	221
541	133	294	220
539	133	295	221
536	133	292	223
531	133	296	223
536	132	294	219
543	137	286	210
536	141	296	198
540	139	291	202
542	131	286	207
544	126	285	213
541	120	284	218
541	119	285	219
546	122	277	212
540	124	288	200
533	119	292	201
542	113	285	208
536	113	292	207
537	112	294	208
533	118	300	203
524	118	306	205
525	115	299	210
529	113	301	213
520	115	308	216
524	115	301	212
524	112	293	217
507	115	306	213
503	114	311	215
485	114	317	215
476	103	326	229
485	113	308	214
487	99	303	232
487	108	308	219
490	102	297	225
493	103	293	227
491	106	291	224
495	103	292	230
493	106	296	227
492	105	297	227
501	108	286	222
505	103	282	226
501	99	285	229
505	104	282	220
493	91	294	236
489	91	295	232
491	98	292	228
479	88	309	239
489	98	298	227
473	85	314	241
479	97	310	226
473	93	313	228
484	89	305	235
479	91	315	234
474	93	316	231
484	89	302	233
483	89	302	237
485	87	299	238
485	88	293	242
496	100	285	227
497	97	278	231
500	93	275	236
503	100	274	231
501	96	272	234
505	101	273	230
496	101	277	235
505	106	272	227
500	101	277	232
506	102	272	229
506	103	274	229
510	99	274	237
515	102	264	231
512	97	267	236
519	103	258	229
509	90	266	244
511	95	266	239
500	92	274	245
509	97	264	235
512	100	264	234
512	101	263	230
509	101	263	234
505	96	261	245
503	102	258	235
507	98	264	242
501	97	255	243
504	97	248	248
509	98	239	240
514	97	235	245
515	98	230	241
518	91	231	254
516	88	221	248
521	85	224	258
517	84	215	258
516	86	217	256
516	84	223	258
512	89	231	252
514	90	225	247
517	90	230	249
515	87	230	245
517	90	231	243
513	89	227	244
514	86	228	248
515	87	226	245
514	88	228	246
514	88	228	246
511	90	233	249
510	92	236	251
513	91	228	245
515	86	232	254
515	93	220	247
522	94	216	244
531	79	205	268
531	86	212	272
531	79	207	248
537	102	202	239
531	104	214	228
526	105	236	229
527	102	250	233
526	101	249	234
531	104	260	237
533	103	274	240
547	112	271	241
551	114	273	232
551	111	273	235
528	104	315	257
528	112	307	244
525	106	313	241
530	109	322	254
527	111	308	238
531	111	311	242
529	109	316	246
534	111	311	241
538	104	311	238
540	106	313	248
540	106	311	231
543	104	314	242
539	106	318	242
543	109	319	246
543	111	315	244
533	108	329	257
538	115	328	259
550	119	326	292
555	112	330	308
561	146	325	276
571	171	325	260
573	179	328	250
579	188	326	246
573	190	335	245
576	196	335	245
579	199	320	244
591	208	309	240
597	210	305	244
598	210	306	246
598	209	308	246
600	212	304	245
592	208	311	249
591	224	312	236
582	220	322	239
574	227	333	235
568	234	338	224
553	228	341	235
573	251	304	222
547	235	320	241
559	241	305	238
548	222	304	256
550	222	298	253
533	213	316	265
538	216	303	257
530	217	333	260
529	229	313	255
522	217	316	256
523	228	318	269
516	226	317	265
518	230	308	258
523	235	305	255
516	237	308	255
525	238	295	255
519	235	303	264
526	238	276	256
524	235	282	264
532	240	265	259
543	233	242	263
542	226	247	275
547	228	236	271
545	218	233	278
548	221	226	276
545	207	222	289
544	223	224	271
541	201	220	290
541	208	221	286
541	200	219	301
539	207	228	297
539	207	229	302
539	212	225	292
538	195	226	314
535	222	232	292
538	212	228	304
539	223	228	293
540	213	226	301
541	223	230	294
542	215	227	303
535	194	236	323
533	207	240	315
531	173	241	344
519	170	253	351
509	189	259	325
515	187	248	317
519	187	245	327
524	178	242	331
524	172	246	343
521	158	249	346
514	169	254	337
511	166	253	349
508	169	253	340
507	168	252	341
504	160	258	345
500	160	260	346
494	168	265	341
498	165	262	339
498	168	266	338
496	170	259	332
493	158	253	336
490	160	264	330
489	153	259	333
486	154	254	328
480	164	248	312
479	163	255	310
479	165	266	312
477	164	266	325
479	161	265	345
483	153	266	350
475	161	256	327
480	153	257	329
470	159	256	317
475	152	262	317
479	156	262	310
482	155	253	308
482	157	256	308
483	156	256	311
487	153	249	314
489	153	249	315
487	153	247	314
491	153	246	312
488	153	245	311
491	154	243	308
489	159	243	296
492	159	239	301
494	159	233	301
496	159	234	301
502	162	230	299
505	156	223	303
506	160	224	310
507	156	224	306
505	166	227	307
506	159	224	310
505	165	221	299
506	161	225	303
505	164	225	303
506	166	227	299
508	166	226	303
508	174	230	299
505	184	218	291
509	174	223	298
507	182	220	294
509	177	219	293
509	180	225	290
505	187	229	288
511	183	222	289
512	189	224	286
514	193	222	285
511	203	224	275
512	203	229	271
509	209	225	267
508	208	235	265
508	215	236	259
514	217	235	268
510	222	249	272
504	221	257	281
525	220	254	282
549	225	241	279
557	223	233	275
564	211	240	275
569	216	223	272
566	194	242	285
565	206	239	265
573	200	229	260
576	198	232	260
576	214	225	244
580	189	223	269
586	211	209	247
585	222	220	253
582	188	242	271
586	205	245	264
592	171	260	274
623	198	231	260
620	207	251	251
607	208	270	250
604	205	276	254
613	211	284	256
622	212	284	265
623	214	295	265
631	218	295	270
629	218	300	279
634	220	301	276
644	220	296	272
653	222	285	267
656	226	281	256
657	230	279	248
672	237	264	236
689	244	252	220
704	239	238	215
716	241	236	209
686	232	265	221
704	244	242	207
704	237	246	214
678	243	274	218
658	242	287	223
671	243	276	230
673	241	270	232
659	232	276	243
669	237	267	240
680	235	254	239
678	235	258	234
685	235	254	232
690	232	257	227
685	240	272	214
686	244	275	211
680	246	282	205
694	245	269	206
679	248	286	205
682	249	281	202
687	248	278	201
681	247	285	200
686	250	282	197
675	256	291	195
667	259	293	196
670	253	288	211
671	253	286	218
673	250	279	224
681	242	270	231
665	239	287	232
660	236	293	234
663	234	290	237
663	233	292	237
669	233	288	237
674	235	281	236
681	237	272	233
684	239	270	227
685	237	263	224
672	238	274	224
672	240	267	223
682	241	248	217
684	239	247	210
673	242	256	205
669	248	253	203
661	247	249	205
659	250	243	198
656	251	238	195
650	251	248	203
646	255	254	206
659	241	231	219
652	250	239	209
656	242	235	222
657	238	229	218
654	230	226	224
652	226	223	225
649	214	221	235
654	216	216	236
654	217	214	228
652	208	213	235
664	211	203	226
662	214	205	233
656	222	207	223
659	210	205	228
660	209	211	221
660	224	215	197
633	220	237	196
643	214	237	209
610	219	262	197
618	180	264	229
589	184	287	216
597	183	269	214
603	182	265	217
595	179	273	220
581	186	287	219
583	185	277	217
592	173	261	222
588	170	270	224
588	164	268	227
584	155	276	237
582	145	274	245
572	147	284	246
573	147	280	242
567	146	284	247
563	143	290	247
563	142	298	249
576	149	279	249
585	150	265	246
592	150	255	246
600	151	244	230
598	149	245	222
594	147	244	230
591	148	256	229
591	150	240	212
608	151	235	208
619	155	202	197
619	159	197	184
617	161	197	180
627	164	194	172
645	167	171	173
658	175	175	230
664	146	174	203
661	152	173	189
672	171	149	161
681	187	133	142
687	186	130	138
686	187	126	136
691	180	147	141
693	173	159	152
701	181	151	187
701	155	150	219
698	153	158	227
694	155	158	229
673	182	182	226
661	185	191	232
651	191	201	232
641	188	212	239
644	203	215	228
670	209	198	219
676	214	192	217
670	205	195	232
678	206	192	233
685	197	191	238
690	202	188	224
697	206	181	227
702	198	184	233
706	200	186	238
708	201	189	231
712	203	202	245
714	206	220	234
716	205	232	242
712	198	247	251
720	195	248	254
726	195	244	251
731	199	246	248
733	202	245	248
733	203	245	248
737	205	246	247
737	204	253	250
737	203	257	260
741	214	265	254
740	216	269	256
754	221	263	257
754	217	268	262
752	213	279	270
748	215	281	266
750	216	281	265
738	223	291	260
748	229	276	261
753	232	277	260
757	232	278	258
757	232	281	258
769	228	275	260
763	230	277	258
755	232	287	256
750	242	291	253
753	240	291	255
754	242	293	255
755	243	296	255
759	244	292	254
761	238	292	257
757	243	295	255
758	239	292	263
765	238	290	260
745	239	305	263
728	241	314	264
731	240	310	262
727	239	313	266
725	236	310	265
724	229	310	269
705	220	311	276
708	218	312	282
685	207	316	287
670	195	328	299
653	179	339	323
639	174	345	326
635	170	355	337
626	167	339	319
607	163	350	334
586	165	369	318
572	161	377	322
574	165	370	317
554	149	371	330
551	154	363	326
532	139	365	333
529	140	361	321
532	139	356	325
519	127	367	327
512	127	369	321
503	124	370	326
498	128	371	319
503	130	359	305
483	135	373	305
473	135	376	303
467	127	376	304
444	136	387	290
454	107	404	317
421	138	422	293
399	101	472	337
372	118	521	337
344	113	576	425
319	103	486	329
360	147	531	331
341	90	572	476
354	116	576	466
391	134	491	411
379	115	555	485
400	135	474	408
437	152	517	472
463	191	465	361
386	175	594	429
445	182	470	369
281	155	697	450
372	138	582	408
326	160	627	370
353	148	585	380
338	162	596	372
366	144	542	376
403	156	428	295
382	153	540	408
415	147	469	398
397	111	557	482
412	175	452	341
430	149	490	385
443	152	356	302
453	138	494	382
453	154	324	289
476	152	294	302
477	161	266	274
493	169	264	273
487	164	273	271
498	155	282	288
503	145	243	263
513	138	312	283
527	103	373	464
531	178	354	381
539	159	458	483
563	216	317	307
532	157	544	535
567	239	399	355
512	149	575	543
555	242	365	323
509	157	576	543
555	241	368	323
503	162	581	546
552	253	396	333
488	169	599	511
548	233	394	345
530	180	535	511
563	240	358	341
526	184	514	467
568	234	312	310
554	187	431	441
565	224	279	268
573	179	447	461
561	219	312	283
531	172	417	409
541	209	306	330
482	187	550	499
523	225	340	311
468	178	526	476
524	220	349	315
466	184	547	476
596	298	302	268
507	201	431	419
455	218	492	422
483	240	389	337
422	158	597	522
558	304	342	264
428	144	269	358
431	189	601	394
485	249	339	311
422	177	575	487
497	294	446	308
355	212	722	463
550	333	482	282
371	211	730	472
554	345	458	265
420	209	701	449
564	347	504	308
430	210	669	483
522	355	532	268
247	185	821	532
558	351	456	245
357	234	606	432
357	261	678	421
499	340	528	295
327	229	671	482
529	350	481	271
347	228	298	317
364	254	468	318
347	250	312	279
364	255	311	259
348	255	663	319
429	283	409	326
341	261	282	246
355	226	406	325
303	231	319	316
326	249	371	314
272	252	482	349
307	253	427	371
286	268	624	375
466	353	511	360
323	253	595	424
416	338	546	381
466	325	451	331
376	321	384	313
408	331	240	287
350	322	235	268
428	374	201	256
472	408	167	226
473	422	169	205
478	441	178	190
488	441	162	180
496	453	189	197
490	430	186	215
495	423	180	225
492	430	185	239
490	416	188	248
492	421	197	264
495	416	193	255
498	417	193	268
499	418	186	245
504	419	186	264
511	417	183	244
517	416	182	269
518	412	183	260
521	403	183	274
527	400	186	277
526	404	192	272
529	406	206	253
531	396	203	273
524	395	212	281
528	400	221	276
526	394	214	280
531	396	212	287
529	392	212	288
529	387	215	287
536	386	210	292
542	385	205	290
545	389	204	287
548	390	202	286
548	383	202	297
546	385	204	299
545	399	196	279
545	397	192	271
547	401	187	274
545	394	186	271
543	411	187	245
545	389	176	250
545	423	178	225
548	396	171	235
547	416	243	176
524	415	218	207
542	419	206	178
524	424	199	198
538	390	171	219
541	414	171	211
544	391	166	224
545	417	169	202
549	389	161	211
550	416	165	209
547	393	141	206
541	422	128	169
540	406	129	175
539	426	131	173
540	408	130	166
542	426	131	166
544	407	128	182
543	422	131	178
543	407	132	161
547	425	124	163
548	408	122	173
548	426	123	147
553	410	114	152
553	429	111	143
554	415	108	154
553	431	111	140
554	415	109	143
544	428	118	152
554	424	127	189
550	407	133	203
551	432	138	192
550	413	153	216
549	439	166	206
550	409	166	238
548	443	173	220
549	416	166	226
548	447	171	216
549	435	170	226
547	451	171	216
550	433	168	245
551	459	172	222
554	431	172	263
566	470	176	225
567	443	180	242
576	470	181	232
578	450	194	253
583	474	212	245
584	456	217	242
590	470	218	241
600	460	218	231
605	472	212	215
607	457	197	219
613	453	210	250
614	452	209	232
616	446	231	256
619	444	229	242
614	456	244	241
612	434	261	250
595	453	266	237
617	432	285	260
567	438	315	261
592	440	298	263
549	441	340	265
587	467	289	234
578	431	338	271
560	463	337	253
568	402	351	309
558	429	354	283
568	415	348	295
559	421	329	285
572	406	343	300
586	413	322	292
592	419	316	282
584	413	323	285
592	427	306	267
581	406	323	286
606	432	296	273
606	404	283	303
611	415	280	294
598	400	270	301
607	399	299	306
603	415	274	281
605	396	294	301
606	430	268	259
604	397	305	305
615	428	278	273
616	404	303	302
617	448	276	253
614	428	310	273
607	434	288	267
616	413	316	290
604	433	311	274
614	428	320	286
616	435	307	275
624	443	308	267
640	429	320	290
647	428	302	289
656	381	297	338
644	422	309	297
665	357	296	362
666	359	293	354
671	354	287	361
671	363	286	347
670	358	287	353
692	369	281	350
685	381	285	324
686	381	292	332
687	401	291	312
686	394	306	325
671	434	309	280
683	476	291	243
685	490	295	229
670	457	314	261
675	494	298	221
684	450	303	265
660	465	314	248
701	472	287	240
691	475	303	239
677	451	315	262
655	464	331	245
650	461	346	250
658	446	330	268
646	428	347	283
660	428	331	282
645	420	341	287
649	415	334	288
655	416	320	284
669	409	301	289
660	399	314	299
656	380	310	313
651	363	314	324
651	364	301	318
639	339	306	341
643	348	305	333
627	331	312	349
626	343	313	333
617	342	309	331
596	315	320	356
603	323	320	354
591	293	348	395
589	302	356	374
574	283	367	389
569	300	371	388
563	290	402	391
557	302	385	374
550	309	395	371
544	303	366	382
553	313	321	381
560	313	344	395
561	318	320	373
569	325	330	394
568	320	341	365
578	356	285	318
574	332	272	342
573	340	283	330
578	407	233	255
585	473	175	217
588	492	167	172
595	495	231	157
580	491	162	165
599	495	142	156
614	469	127	186
612	485	132	185
611	465	138	189
610	487	139	188
595	505	187	173
603	510	313	121
574	516	313	153
583	495	265	169
623	340	403	230
705	266	334	404
644	304	376	362
648	336	381	313
695	316	362	333
576	394	419	255
563	367	426	277
672	329	359	307
711	299	359	329
738	299	300	321
732	273	291	298
667	312	398	327
792	358	246	321
826	399	215	268
833	390	207	281
792	453	255	241
807	466	252	214
818	458	236	216
823	452	225	217
821	452	219	213
820	451	230	217
830	442	242	226
809	449	237	211
791	469	233	183
829	430	181	219
858	434	149	201
927	382	85	259
948	366	78	252
942	370	80	244
953	363	71	255
944	364	138	155
951	369	127	145
956	364	125	144
960	371	123	134
961	366	123	142
963	369	127	135
950	382	140	136
945	380	161	141
931	380	159	149
944	371	154	157
938	380	151	155
936	373	153	169
923	383	156	190
927	371	148	220
924	368	154	222
921	368	158	204
923	370	155	210
921	370	157	208
919	374	159	200
920	370	157	209
918	375	160	207
913	374	163	211
909	376	165	209
907	378	167	207
906	379	167	205
905	378	168	209
902	382	171	207
901	383	171	207
898	380	174	211
898	381	172	210
896	376	174	219
890	376	181	215
888	377	183	215
877	377	193	217
880	377	191	219
867	374	203	225
860	376	211	223
844	370	228	229
836	375	238	226
835	375	239	224
821	372	258	230
791	363	284	239
780	372	292	230
767	357	316	248
784	366	291	232
746	339	327	266
757	349	317	236
721	345	353	248
719	342	361	245
723	341	362	253
680	352	400	239
673	339	409	260
658	344	412	248
640	337	422	264
645	348	411	261
635	342	424	268
630	349	420	254
617	348	418	245
605	346	418	255
598	351	416	247
598	354	396	232
593	350	384	235
588	351	371	222
586	350	367	225
583	350	375	230
581	344	373	232
580	345	364	226
580	340	354	218
577	340	365	221
577	339	365	222
575	341	356	217
569	335	353	217
577	339	327	213
564	334	319	217
577	338	310	212
567	328	298	213
572	324	266	203
582	320	262	216
587	316	251	201
590	320	252	204
589	319	249	201
592	321	248	204
596	319	248	209
591	319	251	206
590	322	252	205
592	321	251	209
599	322	244	203
602	325	242	200
594	336	250	193
600	328	250	200
598	346	234	184
605	334	237	203
600	338	251	203
600	340	242	183
601	339	253	198
603	337	242	187
603	337	257	199
593	337	257	198
600	334	255	198
597	337	261	200
596	333	260	197
592	333	252	189
599	326	269	204
593	330	274	194
592	327	279	206
595	329	272	199
592	332	265	191
594	323	264	204
593	321	266	208
592	319	264	211
594	319	264	209
592	324	262	205
598	315	260	210
597	320	262	208
596	321	253	203
602	315	249	206
602	318	244	202
603	316	251	206
602	318	250	203
601	316	255	210
602	320	242	208
607	315	250	221
600	321	245	209
606	315	242	212
603	313	241	213
603	311	241	215
606	313	239	212
608	314	237	212
611	315	235	213
613	312	229	211
613	313	237	210
614	310	235	214
611	312	240	214
609	311	240	217
612	311	237	213
613	308	233	221
608	311	244	215
610	309	239	216
612	308	236	220
610	309	239	218
613	310	233	213
617	308	229	213
619	309	230	212
619	309	228	214
615	311	229	208
616	311	236	209
614	315	232	200
616	303	229	207
615	314	238	199
608	312	230	199
609	313	222	202
614	311	221	209
616	309	215	205
620	307	208	215
617	310	218	214
611	306	211	207
614	308	203	201
609	308	198	200
614	305	203	198
603	307	197	201
613	291	185	208
590	311	180	172
604	314	72	72
610	328	158	78
606	322	131	157
633	336	307	332
545	324	550	296
530	286	421	281
576	354	453	243
429	248	676	365
544	294	229	221
641	283	436	335
448	234	532	338
534	229	419	324
426	188	543	384
523	216	260	270
533	233	556	414
549	233	406	324
433	166	572	416
514	231	294	270
483	187	618	450
536	243	313	266
359	170	726	473
602	286	354	250
431	124	693	499
527	257	332	234
419	167	695	479
486	228	370	283
442	148	600	483
526	253	285	230
448	168	693	437
539	264	292	216
432	163	680	445
521	256	290	228
424	172	714	431
532	265	291	219
441	180	678	432
520	252	225	228
602	230	451	388
413	231	403	303
370	216	658	384
591	273	419	271
250	192	868	448
585	302	447	270
367	193	694	457
589	301	456	252
423	199	589	442
546	269	338	285
411	160	656	497
569	295	418	268
416	176	393	384
438	216	506	421
415	229	316	296
460	220	509	423
393	230	299	284
580	248	362	358
421	255	296	244
583	265	425	335
467	240	264	252
562	265	211	239
577	286	208	197
594	299	162	181
603	319	145	151
611	321	128	153
615	318	126	166
616	312	127	168
617	325	130	166
620	320	130	188
618	319	135	185
618	325	138	185
621	325	137	198
620	326	156	232
616	320	165	304
603	325	191	305
597	355	204	292
599	332	211	317
602	354	333	298
622	380	297	270
609	350	262	273
630	366	257	265
654	379	278	266
672	368	296	279
650	382	321	267
665	386	309	268
654	393	307	251
671	408	305	247
664	403	299	246
671	416	305	237
664	419	282	221
683	436	285	216
675	445	269	201
695	453	249	194
685	451	274	195
683	452	281	197
681	450	294	202
684	452	301	207
680	451	319	207
678	449	319	206
680	446	321	211
687	450	322	208
677	452	346	223
669	452	331	212
680	460	322	200
684	463	330	202
678	464	352	199
681	462	361	203
687	462	349	188
702	460	347	197
704	462	338	178
708	460	351	194
706	459	357	193
719	458	350	202
709	463	350	184
714	461	352	197
711	459	346	181
709	457	359	199
698	453	366	179
688	442	382	210
687	442	377	194
682	433	387	215
675	429	390	205
673	419	397	232
664	415	394	225
665	413	402	239
657	407	402	238
655	405	403	243
649	401	406	246
645	398	405	252
639	396	413	248
646	398	418	253
645	397	408	256
639	392	411	259
651	403	398	251
650	404	405	253
650	408	399	246
638	403	411	258
624	406	411	259
600	409	446	246
594	405	454	240
595	405	448	232
593	406	433	230
592	398	457	232
592	399	421	223
590	396	458	226
592	397	401	216
594	395	447	232
591	402	412	224
587	404	455	216
593	406	437	224
590	406	448	221
592	403	428	228
590	396	429	237
589	397	421	227
589	396	434	229
593	394	430	238
593	395	414	239
598	393	384	241
600	399	366	237
600	399	337	231
591	404	228	233
608	405	188	229
615	392	174	252
616	399	175	241
618	401	172	241
619	399	172	237
624	417	165	226
625	412	164	218
622	427	165	221
623	423	162	204
624	445	160	202
627	433	179	199
618	442	166	189
627	433	174	207
630	425	170	202
625	428	149	211
624	426	152	200
625	416	153	213
624	401	300	246
599	419	243	222
613	396	214	236
599	413	260	221
575	429	171	197
587	433	158	184
596	430	164	202
599	445	207	191
573	447	224	184
582	435	180	203
589	428	222	206
574	434	191	197
588	416	312	234
578	429	208	216
593	396	462	237
591	421	296	185
586	415	236	235
602	395	329	237
591	413	226	222
600	397	193	263
597	404	188	252
596	398	186	265
593	400	185	253
593	393	185	263
590	400	187	262
588	391	182	256
589	404	190	247
591	390	200	267
593	408	223	253
600	400	214	239
597	401	238	257
592	416	262	229
586	414	221	226
598	405	189	258
595	402	184	258
594	399	180	268
591	400	182	251
591	390	185	276
588	391	181	273
586	392	180	258
587	397	182	261
587	395	179	254
588	399	178	257
589	387	211	263
597	411	222	237
607	381	306	251
591	402	207	229
602	393	267	228
589	408	222	229
604	406	175	219
608	388	168	259
604	401	172	249
602	389	174	256
600	384	182	244
606	411	200	232
613	383	195	249
611	413	207	220
613	394	325	108
603	420	458	10
687	435	254	99
616	415	430	10
690	429	240	95
628	412	159	216
627	392	159	253
619	390	173	258
613	402	186	215
610	424	174	227
607	412	171	231
606	403	168	245
604	397	170	244
602	404	169	248
601	393	176	249
601	400	173	242
601	390	173	258
601	407	178	249
602	398	181	250
603	411	186	234
607	409	174	223
609	411	169	244
609	403	163	227
610	423	163	229
610	403	178	236
612	395	179	251
601	405	303	40
643	442	173	148
622	416	175	197
629	432	160	211
626	435	162	190
628	453	158	174
635	439	148	181
639	457	151	134
649	455	134	146
654	442	136	131
649	450	131	180
647	349	175	86
650	447	176	164
627	374	185	82
647	458	215	132
634	453	169	44
655	463	200	172
622	450	243	97
632	444	139	116
633	450	168	72
641	442	271	213
414	198	79	15
405	224	104	48
323	226	188	31
308	148	60	51
225	55	100	73
383	152	27	41
340	197	120	38
276	117	81	16
239	47	91	51
250	28	97	101
397	149	83	111
413	144	201	235
603	418	313	245
599	423	292	221
594	425	293	215
598	422	268	211
439	170	135	232
594	421	236	145
604	414	278	99
615	411	306	192
599	397	297	247
609	406	293	223
592	384	282	225
623	395	272	246
638	410	238	209
658	420	222	213
661	433	222	203
675	439	202	181
702	429	188	197
711	423	188	202
715	419	189	200
718	421	187	199
722	416	187	210
723	410	201	218
726	406	217	224
727	402	241	227
733	399	235	226
742	391	239	239
748	393	240	246
775	391	234	241
782	391	210	252
781	389	215	251
817	379	195	257
813	386	195	261
827	375	183	271
823	369	190	282
821	368	196	282
829	376	193	263
828	371	193	282
825	379	196	265
827	384	191	239
831	383	183	257
831	379	184	252
830	383	183	253
829	373	183	255
827	373	184	256
825	369	185	260
821	366	186	256
816	362	186	252
810	358	188	260
798	350	193	265
794	360	195	258
788	343	199	266
753	329	233	288
739	335	242	280
734	340	239	271
728	336	242	279
718	332	242	280
717	336	247	278
718	338	248	278
701	328	261	288
705	325	259	286
692	321	273	301
696	317	268	301
691	317	276	303
676	312	289	304
683	314	281	303
665	320	296	293
666	322	301	297
653	324	311	294
638	325	328	289
650	329	315	285
620	326	345	289
614	329	355	289
597	329	373	293
591	331	371	291
590	331	369	289
586	334	372	286
583	338	373	283
584	343	373	278
585	351	369	271
590	362	364	259
589	363	367	259
582	360	374	263
584	358	370	266
581	354	374	269
578	346	376	276
577	341	376	279
579	334	368	284
579	333	371	285
575	328	377	291
582	335	368	283
575	321	379	297
592	329	362	289
586	313	373	304
622	329	341	286
609	312	361	303
632	325	338	291
631	317	337	296
633	322	342	293
643	321	332	294
634	321	334	293
643	323	335	292
648	324	326	291
649	325	328	292
651	333	321	281
649	327	330	290
658	338	317	281
661	340	324	276
650	342	332	273
662	352	321	263
647	352	335	261
664	355	324	260
645	343	337	273
668	309	322	310
682	279	293	332
684	295	289	316
663	243	330	367
656	241	297	354
623	194	347	417
584	207	342	370
613	210	326	380
592	224	341	365
553	207	343	375
558	255	341	352
622	356	262	244
635	359	223	242
648	380	200	217
635	371	202	228
641	389	206	230
624	358	214	239
633	378	227	248
647	392	202	200
643	377	214	246
651	391	197	205
651	389	195	235
651	390	192	213
654	387	191	239
657	376	185	222
658	391	191	235
660	365	185	235
658	387	187	237
657	372	186	229
636	368	204	255
615	342	222	264
596	310	281	317
578	267	300	337
592	290	286	321
588	284	275	324
584	271	284	336
593	282	292	344
588	264	287	341
591	300	300	332
581	277	286	325
605	324	302	309
586	305	259	296
598	330	262	292
568	294	280	305
619	331	235	272
580	304	258	304
598	318	249	285
552	283	295	327
618	337	248	263
578	310	256	282
590	332	255	286
564	319	274	274
589	337	254	273
558	317	280	286
595	354	246	246
572	333	264	281
578	365	254	232
562	336	263	260
611	392	213	206
620	390	221	211
590	369	250	232
569	344	262	253
587	377	243	224
565	339	268	260
569	371	266	232
541	325	295	273
552	360	294	243
565	355	274	246
568	347	298	261
575	354	305	258
582	352	310	262
588	361	306	250
585	350	320	264
595	360	304	252
595	356	307	255
601	364	304	250
607	367	302	249
608	367	304	250
607	370	311	249
605	369	311	250
607	369	301	249
616	370	287	246
618	373	286	245
626	374	280	241
637	369	276	246
649	381	269	235
671	383	253	234
683	371	248	249
690	388	232	231
694	374	226	245
692	389	225	232
697	372	212	240
691	379	223	245
697	373	210	239
696	371	213	248
698	363	205	252
701	355	199	266
699	355	200	266
696	345	199	277
675	333	212	284
645	335	241	273
612	335	265	267
612	342	270	257
600	348	256	245
613	338	251	241
589	334	250	235
611	330	236	241
589	332	227	209
609	315	208	208
607	313	207	197
610	310	199	194
613	307	198	194
617	303	196	197
616	308	211	199
612	305	225	201
617	300	240	214
605	312	256	209
612	305	251	209
611	305	263	214
602	311	278	209
602	311	279	212
603	310	279	217
596	313	294	217
597	314	300	220
596	317	310	224
602	314	300	212
601	315	303	209
603	313	305	213
603	312	310	220
605	313	306	219
606	313	308	217
608	313	306	218
610	310	308	223
611	311	309	222
611	312	310	220
609	314	314	218
608	316	314	213
605	313	319	223
602	312	321	230
598	309	324	229
595	310	326	222
596	308	327	228
595	310	326	229
594	307	323	230
593	302	324	237
590	302	323	242
587	302	327	241
587	303	323	237
586	302	321	240
584	300	321	243
586	300	314	238
584	301	319	235
582	303	319	232
585	299	316	230
588	297	316	231
580	296	333	246
587	293	325	242
585	292	328	245
588	293	326	240
587	297	330	239
589	295	328	243
589	298	327	238
589	296	329	241
591	299	325	231
592	294	331	242
590	296	336	242
590	296	337	243
594	294	333	245
601	291	334	254
604	285	325	251
612	284	322	251
613	286	320	254
626	289	304	233
634	286	291	233
638	286	290	230
646	284	280	234
645	285	278	239
652	287	272	246
657	288	268	233
661	294	264	225
663	293	261	218
663	292	260	227
663	295	261	223
664	293	256	218
665	293	258	217
665	295	251	202
670	297	258	205
662	293	257	209
657	297	262	203
650	296	265	206
649	296	264	206
649	296	261	204
642	300	260	200
641	304	260	204
641	304	259	204
646	309	252	200
642	304	251	205
649	310	246	202
640	303	255	208
652	312	244	205
647	307	248	210
651	307	247	217
653	308	248	214
659	306	242	217
656	306	242	216
661	306	240	214
655	305	238	219
664	305	234	225
663	299	231	232
666	302	219	230
671	301	223	227
663	303	212	226
665	299	226	231
657	304	215	219
658	294	240	237
656	309	211	226
662	304	239	224
654	305	221	224
651	296	240	234
649	304	225	225
649	296	242	236
647	304	228	228
647	299	246	236
645	301	227	236
646	302	245	235
644	303	244	236
644	303	253	234
645	307	241	228
647	298	242	241
648	284	229	258
630	269	240	277
624	275	267	272
606	245	248	278
583	232	287	311
579	222	296	314
553	231	262	268
576	232	246	255
543	234	270	258
556	271	267	255
542	279	288	260
533	283	309	260
536	285	305	252
529	290	301	247
543	294	275	241
533	300	271	237
534	309	274	254
539	312	271	241
540	311	269	242
539	311	276	258
542	315	267	242
546	319	278	280
550	317	274	254
547	322	277	280
557	329	284	256
558	332	285	259
568	337	286	248
572	339	278	252
576	334	288	249
569	328	289	256
587	331	294	257
594	343	268	246
583	342	294	250
591	345	293	240
594	350	293	238
593	357	298	227
595	360	300	229
595	363	301	224
598	361	295	224
595	364	294	219
606	355	283	228
616	347	264	229
615	345	268	237
615	343	261	223
634	327	248	242
635	339	242	236
641	334	240	227
651	335	230	236
661	334	222	232
668	336	212	237
671	339	209	229
670	342	207	227
669	341	220	224
658	340	217	230
653	345	233	223
651	346	234	213
646	342	241	217
651	345	234	214
641	338	246	220
643	338	251	221
631	328	270	229
624	333	276	227
625	335	266	227
629	334	270	228
615	337	280	225
614	336	287	226
610	337	289	222
604	336	299	227
603	334	300	229
597	335	306	229
591	338	308	220
585	334	319	231
588	331	313	231
594	327	308	234
596	326	306	232
596	327	304	233
596	326	306	235
597	328	300	233
593	329	314	235
604	326	303	234
599	329	309	230
604	327	307	229
601	328	308	227
599	323	318	229
610	318	309	228
615	317	296	239
622	318	296	239
620	319	299	239
627	322	293	238
621	324	294	234
625	325	304	236
622	326	306	236
629	326	300	236
631	328	309	236
626	330	308	229
625	327	316	238
631	330	311	228
625	329	312	233
631	327	317	238
625	330	310	235
634	327	315	247
633	330	312	229
632	327	308	244
639	329	307	242
636	328	309	235
634	324	309	248
652	327	277	236
644	331	296	243
653	333	296	232
646	335	290	236
649	334	299	233
642	334	293	232
648	335	305	244
644	337	296	234
649	337	301	237
638	338	306	237
648	339	305	236
641	339	306	238
653	341	298	226
642	338	307	240
656	342	295	229
654	342	300	235
654	344	302	229
660	348	299	228
662	348	294	220
664	347	285	221
667	352	279	216
661	350	283	218
670	352	278	214
656	349	273	216
665	348	282	218
648	347	275	220
657	348	288	222
650	352	268	216
641	350	281	218
639	349	268	224
643	353	267	218
637	353	265	218
636	354	268	218
630	358	264	216
635	357	254	217
633	353	251	226
640	352	254	222
630	357	245	220
642	351	259	229
630	363	245	212
635	357	257	225
621	364	251	215
633	360	265	227
617	371	249	212
622	360	262	230
615	364	259	221
629	344	230	243
613	335	230	261
613	319	224	255
562	288	266	289
571	311	252	248
518	261	286	295
486	262	297	272
514	281	260	259
526	307	230	231
532	316	214	241
505	340	231	205
530	352	234	197
555	380	187	165
538	384	186	168
554	392	161	159
500	338	208	211
541	411	210	135
521	391	194	166
529	407	167	155
543	416	168	145
530	418	166	152
530	403	183	166
512	389	204	180
522	397	186	186
527	381	193	191
512	390	200	197
527	372	211	220
512	387	215	212
527	379	222	208
499	388	233	215
519	378	235	201
507	382	265	231
524	376	234	194
512	375	267	231
517	368	248	220
517	370	279	229
503	370	277	219
521	361	282	228
514	365	291	233
520	361	277	228
520	362	290	238
521	371	277	216
525	371	285	224
525	367	272	218
531	364	283	235
523	368	282	219
530	362	288	236
530	363	293	228
530	362	293	226
531	363	289	224
537	356	295	234
534	351	307	237
530	353	312	234
530	354	310	232
531	353	308	235
535	355	312	235
542	348	307	240
537	350	316	239
547	342	306	246
539	342	321	246
545	339	318	247
550	337	320	249
547	339	322	238
545	344	323	239
552	334	317	242
548	349	322	232
556	341	316	237
546	351	324	230
558	348	313	231
555	348	320	233
557	349	317	232
556	349	323	236
562	347	319	238
569	346	314	236
563	350	304	230
574	340	308	242
575	351	297	228
578	342	299	238
572	349	288	229
580	343	298	242
580	349	279	230
590	342	290	238
586	350	278	224
602	341	274	244
605	339	263	237
608	341	255	234
611	340	259	243
609	339	263	234
603	342	259	238
602	333	263	239
602	342	251	232
610	339	263	252
588	326	281	249
598	338	264	233
592	334	270	250
596	336	282	241
590	339	267	235
600	338	271	240
594	335	270	237
590	339	260	234
598	342	273	241
586	338	275	235
572	343	266	225
596	338	267	254
569	339	269	233
593	335	256	241
569	335	251	232
583	326	217	234
553	304	234	240
491	281	294	263
542	337	254	202
524	336	237	207
533	338	220	224
499	355	245	211
515	352	245	222
483	355	253	266
496	369	221	228
502	383	205	224
513	362	192	226
507	381	196	220
514	365	182	225
518	379	176	206
521	369	165	215
521	352	161	219
521	367	158	201
522	356	154	197
521	364	153	204
515	358	159	201
518	370	161	193
521	355	155	203
524	365	155	197
524	354	154	197
524	364	156	195
526	358	155	215
523	350	203	244
505	361	337	289
503	333	222	296
502	367	281	284
522	349	240	290
528	386	190	226
548	397	179	224
554	410	203	236
561	418	200	200
561	421	230	194
544	423	226	195
563	414	223	201
544	414	236	215
551	403	233	219
537	390	245	233
543	394	247	240
527	382	270	247
505	369	284	267
529	335	240	262
502	358	255	219
527	364	241	213
493	366	253	217
520	338	236	237
516	351	226	218
532	368	206	205
545	368	195	207
539	358	192	216
542	373	195	201
553	367	182	210
556	381	183	194
555	374	175	212
551	366	182	233
546	357	194	244
527	344	211	259
533	351	216	236
526	355	215	236
537	349	211	249
534	364	221	233
543	364	229	221
542	378	219	220
546	362	232	224
539	380	225	215
535	354	241	230
527	370	235	223
537	359	233	226
520	366	241	219
534	365	232	217
524	361	238	231
545	362	224	217
535	356	224	231
543	366	218	218
539	349	218	251
541	366	216	223
538	351	215	252
538	366	214	230
540	359	210	236
543	369	207	229
539	356	215	240
539	372	213	229
540	360	228	224
534	378	228	218
541	360	222	224
542	376	217	216
537	351	215	244
533	369	218	240
533	355	221	232
536	371	213	226
537	340	221	246
519	366	230	208
541	353	225	224
539	366	212	202
543	360	223	205
547	370	200	188
543	357	205	198
549	375	201	189
551	352	195	213
555	368	190	202
555	351	190	221
554	364	189	207
555	354	197	219
556	363	193	218
550	342	195	251
536	341	215	267
539	347	228	245
528	364	231	250
536	351	221	242
539	354	220	253
538	349	221	260
539	353	221	244
538	344	222	268
537	350	241	246
533	358	238	239
541	357	226	242
545	356	230	248
545	360	231	235
551	369	219	242
548	362	225	228
552	364	220	240
550	364	222	227
558	373	212	218
562	371	212	212
558	371	204	219
557	362	205	213
561	369	195	221
560	359	195	211
561	371	188	208
557	358	190	214
561	370	192	202
555	356	194	215
558	364	190	211
560	360	197	207
559	366	189	213
562	359	194	203
569	376	181	195
560	356	191	200
567	376	185	185
562	358	197	192
572	368	185	188
579	365	190	184
576	371	199	174
581	374	197	179
576	378	202	173
576	376	229	178
572	382	241	183
575	392	253	185
573	389	263	203
575	398	268	201
580	407	272	206
586	412	267	203
592	411	265	205
592	410	264	204
591	410	271	207
586	409	274	207
585	409	278	213
584	410	288	213
589	415	277	207
594	412	279	212
586	413	288	209
586	412	288	212
584	414	292	211
585	414	286	211
587	413	285	214
589	414	282	210
590	411	279	211
586	414	285	212
583	406	282	220
582	403	282	224
581	402	282	224
583	400	283	226
581	400	287	225
580	400	292	230
582	399	296	232
583	404	301	227
581	399	308	233
578	401	314	233
581	398	312	236
577	397	322	238
582	401	321	236
589	395	311	241
588	394	320	240
588	389	321	246
583	389	328	245
578	388	334	247
580	392	336	245
586	393	330	242
585	391	332	244
584	390	333	245
585	390	332	243
584	389	337	244
582	391	339	243
583	389	341	243
581	386	348	247
581	391	348	241
580	388	348	244
579	390	347	241
580	388	350	246
583	386	354	253
585	387	354	257
582	388	360	256
582	388	362	258
583	388	361	251
590	388	347	251
589	390	340	245
591	387	330	239
588	385	330	240
590	392	321	231
592	390	320	232
593	390	316	234
591	393	319	230
591	392	317	229
594	393	313	230
594	394	312	224
600	391	304	226
601	393	303	220
602	393	300	217
604	391	298	217
600	387	295	216
600	384	296	214
600	382	299	212
599	378	301	214
599	373	299	218
597	366	299	220
598	361	299	222
596	343	311	237
591	339	333	240
593	320	379	274
586	308	387	288
590	308	389	286
590	300	396	289
589	299	398	284
602	311	380	269
591	296	381	281
585	289	374	278
591	302	351	255
592	298	349	256
590	292	345	258
591	291	346	256
592	285	351	261
590	286	358	256
588	284	361	257
590	287	356	253
595	284	346	255
593	287	350	253
585	292	364	255
590	290	365	260
589	293	331	248
582	285	350	263
571	281	351	264
567	283	362	265
567	282	365	269
573	283	366	269
576	287	366	264
579	296	354	254
578	296	346	255
576	300	344	251
575	301	341	254
574	306	347	257
580	305	347	258
581	306	351	258
581	304	353	262
