593	374	139	91
604	368	119	100
603	369	118	99
606	370	118	99
603	370	118	99
604	370	121	100
601	368	121	102
603	368	122	103
600	367	123	103
601	367	124	103
601	365	124	105
600	364	124	106
603	363	122	106
606	365	126	103
600	364	123	104
605	362	130	102
605	358	123	104
599	360	127	99
597	359	131	91
594	358	129	94
598	359	128	95
598	358	129	96
598	358	132	98
597	358	129	99
598	358	129	100
597	357	131	101
598	358	130	101
598	358	132	101
595	357	133	103
592	357	134	103
595	357	133	102
597	357	130	101
596	356	128	102
598	357	127	102
599	359	128	102
592	357	134	102
595	356	130	103
600	358	127	103
599	358	125	102
596	359	129	103
596	360	131	103
595	359	130	104
596	359	131	105
595	359	130	107
596	360	131	107
595	359	129	108
596	361	130	106
595	361	129	109
597	362	125	106
596	363	128	105
596	362	127	106
596	361	128	107
594	362	132	108
594	363	131	108
601	363	127	107
595	362	128	106
601	362	126	106
603	358	128	106
589	363	135	99
600	363	126	101
594	365	125	99
602	366	112	96
601	369	120	92
593	369	124	93
602	368	121	95
593	368	126	97
597	368	125	100
596	368	126	100
597	369	122	100
596	369	127	100
594	369	123	98
601	369	128	98
586	369	131	98
597	368	130	99
590	368	129	98
601	369	124	99
593	366	133	100
585	365	138	100
594	364	129	100
595	364	125	99
593	365	126	98
594	365	127	99
596	366	123	100
593	367	127	100
595	367	125	100
595	368	125	100
595	367	126	101
591	367	127	101
594	367	127	102
594	367	126	102
592	367	128	103
590	367	131	105
589	366	130	105
593	367	126	104
587	367	130	104
594	367	124	103
594	367	125	103
592	365	131	104
589	364	132	105
598	360	120	105
584	364	130	100
584	363	135	101
596	359	118	103
591	361	121	96
594	362	122	95
590	363	123	94
591	363	124	95
594	363	121	95
600	363	116	95
593	365	121	92
597	365	119	94
598	365	119	93
594	364	124	92
603	359	119	97
604	357	111	97
590	360	126	93
601	358	118	96
587	360	122	92
587	360	127	93
587	359	122	95
586	360	127	95
589	360	121	96
590	361	123	95
589	361	127	96
586	360	127	99
590	361	123	99
592	361	120	99
589	363	123	98
588	362	123	99
592	362	120	101
587	363	123	101
589	363	123	102
586	364	123	101
592	364	121	100
585	365	124	100
592	363	122	103
588	364	121	100
593	364	120	104
587	362	121	106
595	358	120	100
587	359	122	97
590	358	117	96
591	358	113	95
590	360	119	90
582	360	125	92
591	359	120	96
582	359	124	94
589	357	117	96
586	359	123	100
584	360	128	105
584	360	125	107
586	360	126	108
581	360	131	109
584	359	130	113
579	360	127	109
585	360	133	109
579	360	128	110
583	362	124	106
583	363	120	105
584	361	124	104
584	360	123	98
584	359	122	102
587	358	111	101
591	360	112	100
587	361	115	100
588	354	116	109
584	355	117	105
591	355	110	104
584	356	126	108
586	353	120	111
584	353	121	110
587	354	120	112
584	356	125	116
586	356	124	119
582	357	128	116
585	356	122	117
587	357	120	115
586	355	124	116
584	356	123	112
589	357	117	108
587	348	126	116
590	349	121	108
593	350	118	103
578	354	136	100
594	351	118	98
587	356	124	91
594	356	116	95
587	358	124	95
595	358	114	95
586	359	121	93
596	358	118	96
586	359	127	94
591	358	117	96
590	359	119	93
589	358	121	94
590	358	119	95
592	357	119	96
591	358	124	93
588	358	136	92
580	356	135	97
584	355	137	101
584	348	136	107
590	350	122	104
581	356	125	98
591	356	119	97
585	358	132	94
586	357	126	96
591	358	126	97
581	358	136	97
587	357	126	101
585	358	133	100
585	358	133	101
583	358	134	102
585	359	133	102
579	361	138	102
584	361	129	105
580	363	128	103
583	361	127	105
579	363	131	103
583	360	126	114
575	363	137	112
577	363	147	111
587	359	142	99
577	357	134	102
590	355	129	103
574	357	121	101
587	360	111	97
589	363	100	91
586	366	110	87
582	367	115	91
581	366	109	92
587	364	104	94
576	368	112	94
587	367	102	94
579	370	117	93
584	369	111	92
576	371	121	91
582	368	104	96
588	370	113	89
575	371	125	92
580	368	106	98
577	360	106	103
580	363	108	98
581	362	118	95
570	364	116	111
576	367	102	107
578	361	108	116
576	363	106	115
576	363	106	115
577	367	104	110
579	359	108	121
578	365	106	123
577	364	106	124
578	367	106	120
579	364	108	122
577	367	106	120
578	364	110	119
576	369	109	120
577	364	118	119
570	369	118	120
574	366	111	117
575	366	114	118
573	356	112	125
578	363	115	118
582	347	114	122
577	356	113	113
579	355	107	112
573	361	110	105
578	358	112	103
582	361	104	98
570	364	124	95
583	355	109	105
569	362	117	95
579	361	114	102
568	364	116	96
580	362	113	108
571	362	120	107
580	356	106	111
580	360	113	100
571	363	120	96
583	361	110	97
567	365	126	92
575	362	109	100
581	348	102	109
578	357	109	103
564	362	125	94
574	361	116	105
570	362	116	102
577	360	110	103
573	358	111	101
568	362	119	96
572	363	115	97
569	361	119	98
565	363	123	97
569	363	123	101
569	360	115	103
573	362	118	101
567	361	118	99
569	359	127	103
563	361	121	100
572	360	124	101
559	362	130	99
571	356	125	107
565	358	119	101
572	361	126	97
559	361	131	96
576	346	127	111
556	351	134	128
567	357	113	114
576	361	115	104
580	344	105	116
567	355	118	100
575	357	107	101
571	362	109	97
577	353	104	104
572	361	114	111
566	362	112	104
576	354	108	110
565	361	126	100
566	360	124	101
565	360	127	100
564	360	122	99
577	362	118	104
557	366	126	100
570	355	114	120
562	353	120	115
570	354	108	108
559	363	135	137
564	357	129	126
566	357	122	133
569	363	117	131
567	356	121	131
566	365	122	134
567	357	118	117
561	363	129	115
563	364	117	122
569	353	119	135
562	361	126	130
568	353	119	132
556	360	136	135
564	356	122	137
565	354	121	135
556	359	135	140
562	352	122	140
564	357	125	139
563	347	121	145
566	358	117	126
546	365	134	117
560	350	127	130
562	358	117	118
563	359	120	114
550	365	133	113
564	361	120	118
565	366	112	111
570	348	115	129
566	359	115	113
552	366	132	112
566	351	124	136
571	358	113	121
558	359	126	129
567	338	126	144
561	352	127	142
566	343	117	138
549	358	138	128
561	357	128	121
561	353	118	130
566	340	114	137
546	352	150	115
553	347	149	125
557	347	130	134
565	350	119	126
569	336	127	139
567	346	122	123
562	349	130	120
562	350	126	123
567	346	127	129
565	352	122	123
567	347	135	138
569	350	124	127
563	350	131	129
567	347	130	137
567	346	123	130
559	349	134	125
565	342	137	140
570	341	125	133
561	345	130	123
571	343	125	124
557	349	135	112
570	337	116	124
572	343	125	115
566	349	125	108
578	343	128	110
574	347	122	104
567	350	131	105
580	345	115	111
560	351	138	115
575	351	119	112
575	344	123	116
570	349	134	126
580	350	114	119
569	351	144	132
581	341	122	135
566	348	130	117
578	350	128	126
571	346	126	122
580	345	123	98
566	346	143	122
574	341	122	125
575	345	116	113
565	347	139	105
572	346	129	113
570	348	120	109
580	352	120	118
563	356	129	107
577	344	120	115
567	351	137	127
579	344	115	128
576	343	123	126
569	349	129	120
575	348	116	119
581	348	121	126
571	349	124	118
578	348	120	119
574	347	122	116
581	352	116	119
579	350	118	115
581	351	113	113
577	350	119	117
571	350	122	114
580	351	118	120
581	339	109	123
578	350	110	107
586	349	116	118
574	348	120	110
584	340	103	114
587	348	116	111
579	349	115	106
587	345	114	116
582	349	112	105
589	343	114	116
582	348	115	106
585	349	117	113
586	344	109	112
586	349	123	117
584	345	115	114
582	347	123	111
579	348	121	108
588	341	111	115
574	346	121	104
582	349	131	124
570	348	133	118
581	336	114	125
582	341	115	112
581	346	135	125
573	348	132	116
586	341	139	122
573	345	141	117
586	342	140	136
569	346	146	125
582	337	138	133
572	344	161	142
565	347	154	132
580	333	163	141
564	339	163	133
574	340	166	135
568	343	157	130
579	340	166	133
569	342	160	129
572	343	174	136
558	342	171	135
563	340	186	135
557	337	183	138
561	337	201	137
546	334	210	142
553	331	132	134
575	333	172	129
561	333	163	128
577	335	140	125
587	331	159	128
567	333	189	133
555	332	193	136
549	330	201	138
545	328	191	142
544	328	205	140
539	326	215	142
529	322	239	143
523	314	264	145
522	304	278	145
528	315	266	146
528	305	261	146
521	313	334	134
486	298	357	173
478	290	364	200
468	282	317	210
486	292	345	196
464	285	365	210
441	272	349	204
480	303	227	120
524	338	317	140
497	318	331	175
493	303	343	187
495	291	351	185
509	315	353	186
493	300	366	210
474	292	394	235
452	282	398	238
435	280	415	241
454	271	410	225
452	295	437	225
409	273	438	250
416	257	511	306
408	245	545	261
435	289	514	269
481	290	475	224
456	276	456	235
0	262	573	224
436	250	515	279
419	257	442	193
467	279	462	212
386	263	534	237
392	259	515	189
345	236	605	257
360	262	560	279
345	234	549	230
364	255	564	250
310	223	603	224
349	256	563	241
303	221	593	212
316	237	616	244
271	203	634	232
362	257	542	229
282	221	619	223
353	212	604	285
281	196	657	387
273	177	585	391
293	205	542	375
282	222	470	362
253	224	611	323
234	206	641	367
233	192	548	407
217	200	552	396
185	197	626	401
138	189	600	422
138	192	544	423
147	191	560	418
158	200	622	406
46	181	795	436
180	160	983	491
146	123	989	563
116	115	1056	591
100	119	1104	518
102	149	1089	552
118	133	1072	502
121	139	1040	557
126	133	1040	544
121	165	1061	544
170	156	1016	464
141	171	1018	511
171	184	996	531
151	145	1034	515
145	125	1042	586
117	141	1104	572
117	120	1086	530
119	162	1060	548
112	130	1044	554
95	146	1066	573
84	149	1031	538
82	142	979	561
109	138	1002	581
66	133	1089	586
52	138	1122	575
84	121	1103	583
66	135	1140	584
60	123	1110	568
67	127	1111	592
60	131	1009	520
80	165	1043	537
77	143	1053	576
64	145	1078	566
57	133	1097	586
38	128	955	545
24	160	1136	549
30	157	709	425
100	175	1014	537
90	147	931	544
51	177	851	541
224	218	561	369
46	214	777	398
256	191	713	464
150	193	746	476
312	194	502	483
421	314	574	350
454	307	440	277
392	357	333	182
548	356	185	127
572	357	129	117
571	364	118	106
578	368	104	98
574	373	103	90
565	376	121	100
572	365	114	103
565	369	111	96
572	371	108	95
565	373	107	90
565	375	110	90
564	375	106	91
563	373	106	91
562	371	106	91
562	372	105	89
560	371	107	89
558	369	110	92
564	369	102	89
561	367	106	88
553	369	111	84
560	368	112	85
563	369	95	87
556	373	110	85
551	374	104	84
557	373	108	84
562	374	90	83
565	377	92	77
558	376	97	78
556	372	97	81
556	367	95	83
556	365	92	82
554	366	99	77
553	366	96	77
554	366	96	77
554	366	94	77
553	367	95	77
553	368	95	77
553	369	97	77
553	369	98	77
552	370	96	77
554	372	99	77
551	373	95	77
557	374	93	76
556	366	96	82
554	367	96	78
554	366	92	81
556	370	87	84
561	359	95	90
547	364	101	79
557	364	89	80
554	367	92	78
552	369	94	83
552	371	95	83
553	371	91	84
552	372	98	84
551	369	92	86
553	368	95	88
550	368	93	86
552	363	94	90
549	364	97	85
551	360	98	85
535	362	104	79
536	359	105	80
548	361	82	79
540	362	87	73
547	360	93	73
537	357	92	74
506	364	135	71
557	368	88	123
534	355	109	101
543	355	94	103
548	361	87	92
553	360	79	83
549	366	85	71
549	367	89	68
542	367	95	70
547	367	94	74
537	368	95	78
547	368	94	78
535	370	96	76
546	366	92	81
533	370	96	77
544	371	96	77
530	373	98	78
539	370	97	86
530	373	97	79
540	372	99	78
529	373	98	76
531	376	105	96
523	370	104	96
526	375	115	92
534	374	94	91
539	374	86	86
533	379	88	74
537	382	96	70
526	381	94	71
530	382	100	74
519	382	98	74
528	382	100	73
518	382	98	74
523	382	102	73
512	382	98	74
420	372	126	92
456	373	160	100
475	367	132	112
482	372	133	97
489	372	109	95
441	368	146	91
269	367	188	128
222	366	357	142
482	371	144	153
242	378	249	103
308	363	188	160
136	366	425	82
477	350	111	87
490	380	93	84
490	384	79	77
483	388	96	67
475	387	95	69
484	386	93	70
473	384	92	70
474	381	95	72
467	382	102	71
467	381	106	73
467	379	98	75
443	379	57	91
457	379	87	75
464	381	94	71
458	380	103	71
450	379	112	73
449	380	97	72
440	380	93	69
453	381	92	69
443	381	100	68
447	382	97	69
446	383	101	69
450	387	94	66
455	387	96	66
447	386	103	68
456	384	88	72
452	386	99	68
452	384	101	71
462	382	98	73
450	381	98	72
397	379	161	74
455	381	92	52
458	384	84	61
466	379	84	66
456	380	92	64
465	379	78	61
417	374	79	46
471	375	81	65
476	374	84	65
467	375	84	64
476	376	85	65
475	376	85	64
478	376	83	64
476	377	87	63
472	376	85	65
480	376	88	68
476	375	90	68
480	375	94	69
474	372	94	72
478	370	99	74
471	366	97	78
480	368	102	75
478	370	103	73
476	356	108	87
488	357	102	84
491	354	101	86
487	357	103	80
496	362	101	77
487	366	100	72
499	355	96	84
502	361	101	85
502	360	99	84
504	358	98	84
510	356	101	85
508	360	97	79
515	355	100	83
513	360	101	78
521	360	101	78
514	365	100	74
524	362	99	78
522	366	99	74
531	362	100	78
528	369	99	70
540	359	92	82
531	370	97	69
541	369	95	71
542	365	97	75
542	364	90	75
549	366	89	72
550	364	90	73
549	364	90	71
555	364	85	71
556	367	84	68
560	368	88	69
560	368	87	70
565	369	87	69
562	370	83	69
566	371	89	68
569	370	85	70
570	371	84	69
572	372	86	67
574	372	83	68
573	372	85	67
575	371	89	68
577	370	81	69
577	370	79	69
582	370	81	68
583	372	82	67
582	373	82	66
584	374	86	68
581	375	83	66
586	376	82	69
587	377	82	69
589	376	80	68
588	376	79	66
591	375	82	69
591	374	83	71
592	373	83	72
592	372	83	71
592	373	85	71
592	372	86	72
592	373	89	75
594	371	86	75
593	372	92	72
603	370	87	76
597	372	86	74
600	372	85	73
602	371	88	71
598	369	95	70
605	369	82	78
604	370	84	74
604	371	86	73
602	371	85	73
603	371	83	72
605	371	85	74
605	372	85	73
605	373	84	73
606	373	83	74
604	374	86	74
605	375	84	73
606	375	83	72
606	376	83	70
607	377	82	67
606	377	82	67
606	378	81	67
609	376	76	68
610	375	75	67
611	368	72	70
612	369	73	66
606	371	77	64
610	371	78	64
607	370	74	63
612	370	70	62
610	371	74	60
611	370	73	62
611	370	73	62
611	370	72	62
609	370	73	62
611	370	74	63
608	370	78	63
610	370	77	64
608	371	82	64
606	372	82	64
605	372	87	69
603	373	87	68
606	371	86	69
604	372	84	66
608	372	80	66
605	373	81	64
606	371	83	65
606	369	78	65
606	369	83	65
602	369	88	64
603	369	88	66
602	369	90	66
602	370	89	66
601	370	91	67
599	371	93	68
597	370	94	69
599	370	89	71
598	371	89	71
597	371	92	72
599	371	87	72
596	371	92	71
597	369	95	74
594	369	94	74
595	369	92	75
596	369	92	76
597	370	93	78
601	366	106	79
595	367	98	78
597	369	87	80
601	372	77	74
604	368	70	73
602	369	70	67
602	370	81	72
599	369	78	68
600	366	79	69
598	367	80	68
600	365	82	71
597	368	80	69
602	367	83	71
597	369	82	68
600	369	82	68
598	369	83	67
598	370	88	69
601	368	82	69
603	368	79	68
604	370	85	66
601	367	87	69
599	367	88	70
600	366	87	69
606	368	84	67
606	369	81	66
607	371	83	64
608	371	83	64
608	371	82	64
609	371	85	65
607	370	85	65
608	370	86	65
609	369	86	65
609	368	88	66
609	368	86	66
609	369	89	66
606	368	98	70
603	367	102	73
603	366	107	76
603	366	112	78
600	365	113	80
600	364	114	82
602	361	108	86
613	362	98	83
608	364	107	78
613	364	99	73
614	364	99	70
612	365	106	73
611	364	108	76
613	366	112	76
611	367	119	78
609	366	121	82
608	367	121	84
609	367	112	84
621	367	107	84
616	368	111	82
626	367	104	83
617	369	113	81
622	367	111	84
619	367	113	84
628	366	114	84
627	365	125	82
624	363	145	86
622	358	120	95
636	359	103	91
642	356	105	80
635	357	116	78
633	356	115	82
641	357	109	82
638	360	110	80
640	361	106	80
644	364	100	77
645	366	102	75
642	367	109	75
645	367	110	78
648	366	114	79
641	366	120	80
652	364	115	84
642	364	130	84
650	362	127	89
652	362	124	90
657	363	128	89
646	363	122	91
662	364	119	90
651	364	142	89
658	364	117	92
669	360	120	94
656	361	143	91
654	359	143	96
652	357	130	100
666	355	128	100
651	357	129	96
666	355	106	95
649	359	134	86
664	355	114	92
649	357	127	87
667	354	117	92
652	355	118	89
667	354	117	88
653	355	116	88
668	354	131	87
657	352	142	101
698	343	194	90
666	339	183	105
684	340	331	79
647	348	168	100
901	310	71	101
922	303	57	90
934	298	144	63
1011	294	146	70
928	312	227	52
927	314	89	86
933	296	200	68
916	314	94	82
921	300	116	108
739	346	71	91
671	357	92	88
678	361	98	81
666	363	99	81
677	362	97	83
667	364	98	84
676	364	101	87
664	366	103	83
676	362	104	86
665	364	104	83
677	359	104	86
674	346	99	97
681	352	98	84
678	355	98	79
686	356	81	77
687	356	81	74
693	359	84	78
680	361	94	78
688	356	90	90
681	355	95	86
689	348	96	94
674	353	104	84
686	346	99	94
680	344	107	92
686	344	106	92
671	345	120	90
686	343	114	95
672	345	124	91
688	344	117	94
674	346	118	91
687	347	119	96
692	345	149	94
682	344	123	99
680	349	113	93
690	353	116	91
679	356	120	90
694	356	113	90
679	358	117	91
693	358	112	90
680	360	115	90
694	359	109	90
679	357	116	90
692	356	109	90
677	356	120	90
691	355	111	91
676	356	122	91
691	354	115	94
675	355	123	95
681	354	129	96
670	353	140	98
680	350	135	102
670	349	136	102
688	350	134	101
671	350	132	99
689	351	125	99
677	352	129	81
674	348	119	93
689	349	112	93
675	351	121	95
670	348	135	96
662	346	137	98
672	345	134	99
658	345	131	100
675	345	125	98
659	346	126	97
656	347	136	96
647	346	130	100
663	347	122	102
646	350	128	105
660	350	130	102
643	351	132	101
651	352	124	100
647	353	117	98
649	354	114	95
638	354	136	91
648	351	129	95
637	351	124	95
649	352	117	94
633	354	122	92
641	354	117	92
628	355	126	91
635	354	123	93
624	356	127	92
624	356	126	94
615	356	132	94
621	354	121	97
609	355	130	95
623	352	119	102
607	353	136	98
609	351	131	102
608	351	132	102
600	353	139	103
597	354	141	105
599	355	143	107
593	355	138	106
595	356	140	103
590	358	128	102
590	356	131	106
585	356	135	101
591	354	135	104
587	352	132	105
584	349	131	106
584	344	131	111
584	342	135	112
584	339	141	115
580	339	137	112
587	340	130	114
580	342	133	110
585	345	125	109
585	349	122	103
587	353	119	98
589	355	123	94
587	357	119	96
595	359	119	95
583	361	121	96
585	360	126	97
583	358	119	99
585	359	113	98
591	360	121	95
583	359	127	98
583	357	123	101
583	358	120	99
583	359	123	98
583	358	124	99
581	358	127	100
583	359	125	101
581	360	126	100
582	361	129	100
583	362	126	100
583	363	127	99
580	363	130	99
582	363	131	100
575	362	135	102
574	360	138	106
576	361	130	106
580	363	132	104
570	361	143	105
576	357	139	108
568	359	130	106
580	360	127	103
566	361	131	101
578	362	125	102
567	362	129	100
578	362	123	100
567	363	130	99
573	362	131	105
565	361	142	109
570	361	131	110
567	361	136	113
562	360	136	112
570	361	133	110
556	360	143	109
566	360	140	120
558	360	140	112
570	362	124	116
564	366	122	107
566	366	130	104
562	365	134	108
570	367	126	115
564	367	131	115
563	364	136	119
568	366	128	116
566	367	129	117
568	367	129	117
569	366	128	116
568	367	128	115
568	366	132	115
568	362	136	119
564	364	136	117
565	363	139	119
565	363	139	118
564	363	138	118
564	363	141	119
566	362	142	119
565	363	142	118
564	363	144	119
571	362	134	122
571	360	136	123
563	361	147	117
569	362	126	115
575	365	126	107
573	366	144	107
564	364	142	111
569	365	148	113
571	365	142	114
577	367	135	111
580	369	139	108
577	368	143	109
578	367	143	111
579	366	142	112
582	367	141	110
583	367	149	109
579	367	154	112
577	366	157	113
586	366	151	113
578	367	157	112
591	367	148	113
581	368	165	111
585	359	166	120
589	357	151	121
587	359	171	116
583	357	155	122
593	353	162	124
587	353	157	122
592	354	167	120
586	354	171	121
591	355	167	122
587	355	172	122
599	355	169	124
588	355	168	124
606	355	166	124
595	356	172	123
596	355	184	125
594	353	188	130
593	351	191	133
597	351	201	136
596	348	205	142
599	347	211	145
600	344	205	149
604	343	209	150
602	343	210	151
616	346	190	148
631	348	156	141
644	350	170	130
625	351	169	128
643	352	170	126
625	353	167	126
641	353	167	125
631	353	162	124
649	354	159	123
638	354	151	121
650	355	156	117
641	356	146	119
645	358	155	113
649	358	151	114
650	358	166	112
637	355	175	118
646	351	164	123
640	354	151	121
643	357	157	115
630	355	157	117
645	355	158	116
627	355	156	120
638	357	164	118
622	358	163	121
628	358	173	121
616	357	168	126
628	358	173	125
613	356	166	127
630	357	168	125
613	357	164	126
626	357	169	125
611	357	166	128
622	355	172	128
606	354	171	130
620	353	174	130
606	351	170	131
616	350	173	133
604	349	168	129
612	350	171	132
602	349	166	121
617	347	165	124
602	347	163	123
618	348	157	119
614	349	158	116
618	349	149	114
612	351	145	111
625	352	137	109
615	356	147	104
613	360	156	102
608	360	157	106
611	362	156	108
607	361	154	110
613	361	148	111
607	362	154	110
608	360	147	112
610	359	156	112
597	357	174	113
616	353	152	120
601	355	166	115
591	354	159	118
609	353	149	119
595	355	152	114
605	357	147	113
595	350	156	120
602	349	149	121
593	354	154	116
593	354	153	119
590	354	155	121
591	354	158	126
585	355	151	129
592	355	147	126
586	357	149	124
588	356	149	121
581	356	153	124
585	356	142	126
582	359	146	122
583	360	145	121
579	360	145	122
578	360	144	124
574	357	146	133
576	361	139	140
575	353	139	111
576	358	148	116
568	364	140	112
570	366	128	112
568	368	138	103
561	367	136	108
565	365	140	105
561	364	139	108
557	363	139	113
557	361	139	114
555	359	136	119
556	359	136	120
552	356	138	126
554	356	140	127
550	356	134	129
551	354	136	122
549	357	138	124
545	357	134	126
546	359	127	128
543	356	135	137
545	362	131	123
541	362	133	112
541	362	134	129
547	363	136	139
544	355	134	141
546	356	131	143
546	361	129	140
544	361	130	137
543	361	130	138
544	360	131	136
543	359	128	137
542	360	129	132
542	356	127	134
540	352	129	140
538	351	130	139
534	351	135	145
534	355	135	144
535	353	133	142
532	356	135	141
528	355	135	136
532	360	125	138
523	356	141	123
522	361	138	118
522	361	139	119
513	366	134	118
522	366	143	116
515	368	145	111
514	367	151	112
509	364	145	115
519	365	146	113
524	366	128	111
531	368	129	105
532	369	126	103
533	370	123	99
528	369	127	98
533	369	125	98
525	369	136	97
531	366	135	98
522	365	146	97
516	361	147	105
516	368	141	117
530	372	126	113
520	368	143	113
519	368	141	114
528	370	131	121
535	366	125	113
524	367	137	105
528	367	136	112
525	366	133	120
526	364	133	106
525	366	138	106
523	367	142	111
519	368	140	125
524	366	134	116
522	369	140	129
524	368	132	107
517	370	147	114
518	369	143	143
520	360	138	144
521	366	137	140
514	366	141	124
522	367	144	146
517	363	142	140
508	368	147	113
514	358	139	123
508	362	139	127
517	366	128	118
503	367	144	122
498	368	138	103
503	367	148	108
492	366	142	113
505	364	145	112
489	366	143	112
492	367	154	113
481	367	145	116
496	366	147	113
482	367	144	112
491	366	149	111
478	365	142	112
484	365	153	109
478	363	155	108
482	363	139	122
466	365	145	112
473	364	155	111
461	361	151	110
476	362	152	107
464	362	143	109
476	363	139	107
461	363	138	105
474	364	139	104
463	363	133	104
476	363	134	103
461	362	133	103
473	359	132	104
461	359	132	103
473	358	129	102
458	358	132	101
467	358	127	100
454	359	131	100
459	359	137	99
445	356	140	104
455	356	134	104
444	355	137	106
451	355	133	105
446	353	145	106
438	352	135	109
452	353	134	108
435	352	136	127
446	356	115	139
447	353	135	93
434	355	128	123
436	362	119	112
433	366	129	105
436	366	118	107
441	368	115	99
448	371	103	94
436	359	122	101
437	359	117	99
439	354	125	101
431	345	123	109
436	348	124	102
413	336	146	111
422	335	130	110
371	337	174	134
403	336	149	133
379	337	168	124
420	338	141	112
401	336	158	115
404	330	154	122
400	324	171	133
418	350	137	107
437	347	134	110
433	343	129	111
435	344	140	108
436	348	127	104
447	348	132	106
440	348	128	105
445	353	135	103
450	349	126	107
451	355	132	101
453	356	129	102
462	360	128	100
460	358	125	103
465	360	125	101
472	366	118	97
478	359	113	103
484	362	112	97
490	364	108	92
497	364	108	94
488	362	109	96
500	364	113	93
509	363	107	89
512	361	106	91
518	362	103	92
524	362	105	100
519	363	103	97
527	364	108	99
533	367	103	100
539	368	101	98
544	371	100	97
549	371	98	93
549	373	95	91
555	374	98	88
561	373	97	87
563	374	104	95
566	373	107	97
571	369	96	102
572	368	96	100
575	370	99	94
580	375	94	107
582	377	93	103
586	381	90	103
589	382	92	100
591	381	89	107
593	382	90	103
596	382	93	100
598	377	92	108
600	376	96	104
603	379	101	97
605	379	99	97
607	376	104	99
607	377	105	98
611	377	105	97
613	379	107	95
615	376	106	99
611	377	111	98
617	376	106	101
613	375	107	113
618	371	112	82
628	371	98	83
635	374	83	98
635	374	80	92
635	370	97	88
624	373	100	81
635	375	100	79
625	373	98	80
635	374	96	77
626	373	94	77
636	373	97	75
630	372	92	76
638	372	94	74
632	371	91	74
640	371	91	72
634	371	92	71
640	371	94	73
635	371	95	72
644	371	95	71
639	372	88	71
646	369	91	77
641	367	89	79
645	368	93	73
644	365	89	78
642	367	88	75
645	368	89	74
641	368	87	73
645	368	87	74
644	367	90	75
643	367	89	74
646	367	91	74
643	368	88	73
648	369	90	72
643	369	89	73
650	369	86	72
645	370	86	73
648	371	85	72
644	369	85	72
646	370	86	72
643	370	88	72
643	369	87	73
643	369	88	73
643	368	90	77
636	369	89	78
643	367	78	73
643	367	82	67
637	368	87	67
638	368	84	70
635	368	81	69
636	369	84	69
631	369	85	70
632	369	85	70
631	369	84	72
631	370	84	72
628	371	84	71
629	371	87	71
625	372	87	73
627	372	90	75
627	372	85	73
622	372	90	72
627	373	79	70
624	375	86	67
616	372	97	75
614	371	100	81
605	371	102	81
600	369	111	83
597	370	113	85
597	370	108	85
593	371	111	84
593	371	112	84
592	372	106	84
597	372	107	86
594	373	105	86
592	373	107	86
588	371	107	88
590	371	108	91
586	374	106	87
587	372	106	90
585	374	100	87
583	376	111	95
581	376	103	91
584	378	105	91
582	374	100	92
585	372	95	89
589	373	88	84
591	377	80	98
589	370	81	103
588	370	81	98
579	371	88	86
584	375	82	82
573	373	92	85
573	374	104	102
562	367	108	103
566	372	105	101
565	368	104	104
562	369	105	99
558	364	108	101
562	368	98	93
558	366	95	90
563	369	93	85
554	371	99	81
554	371	110	114
533	371	124	105
535	372	124	101
537	372	115	99
539	371	117	97
542	372	109	95
544	367	111	95
543	369	103	90
548	372	105	85
544	373	98	83
549	372	106	83
539	372	103	82
545	373	100	85
539	375	97	82
544	375	98	80
536	375	97	79
544	374	102	80
532	374	102	80
538	374	92	79
529	374	98	78
538	373	98	79
526	368	99	83
532	369	98	85
523	370	98	83
533	370	94	93
513	363	107	94
515	368	95	113
507	363	120	106
504	368	114	98
504	371	122	91
496	371	117	92
500	372	113	91
496	372	115	92
489	369	117	93
494	369	120	91
483	367	119	93
482	366	127	92
472	365	121	107
482	368	117	98
468	365	120	102
478	367	121	98
465	365	121	95
465	366	110	108
461	367	123	100
455	367	119	103
454	370	120	97
453	370	127	95
442	366	135	99
460	364	122	102
447	363	122	104
441	367	133	97
436	366	130	99
445	366	129	98
436	364	130	102
428	364	131	102
434	364	126	102
421	366	126	104
435	368	126	102
419	369	128	104
434	371	128	100
417	372	129	101
418	374	141	100
404	371	136	108
412	372	144	106
384	371	153	122
401	372	157	118
380	367	158	122
339	358	216	130
333	352	217	144
331	351	191	162
335	356	217	151
336	350	191	165
343	350	201	142
334	351	184	121
341	343	191	138
342	348	203	141
335	349	182	168
346	344	202	154
340	347	182	180
351	345	195	159
351	347	173	180
358	348	188	161
344	345	183	192
354	342	199	176
368	345	167	175
369	341	169	177
379	343	177	156
380	350	168	141
375	348	190	127
387	352	177	128
402	358	174	128
397	351	165	141
415	354	164	131
410	347	161	141
419	354	161	136
412	344	171	143
427	352	165	142
432	354	156	128
440	353	149	125
444	352	158	123
435	351	158	128
449	354	158	127
456	354	153	124
462	351	150	124
471	347	146	126
478	348	137	123
477	347	136	120
487	346	139	115
491	348	129	113
494	349	139	119
501	354	127	118
502	351	141	104
502	349	143	109
508	345	142	116
515	349	136	117
519	352	135	115
521	354	136	116
523	354	138	118
524	356	137	120
528	356	136	121
531	355	137	125
537	356	135	127
539	357	134	122
539	356	139	123
539	356	138	122
548	353	127	131
550	357	137	132
544	350	139	118
553	352	141	123
553	348	133	137
553	348	134	133
559	347	139	133
559	349	136	129
561	349	145	123
561	351	146	122
562	350	154	123
559	351	149	124
563	353	156	123
563	352	156	123
564	355	159	124
567	354	159	123
566	354	162	126
568	356	156	126
568	356	168	127
566	357	168	126
572	354	168	133
571	350	166	133
575	353	162	135
575	350	164	136
570	352	166	129
579	355	161	121
578	356	162	129
582	349	162	126
574	351	179	120
573	353	175	116
578	352	176	121
577	354	175	123
582	351	173	126
581	354	176	122
581	355	178	126
581	354	177	125
579	357	183	128
580	356	180	128
576	360	184	125
578	358	187	115
583	356	185	127
584	356	184	125
589	357	172	130
587	365	187	120
585	359	187	122
587	361	177	129
585	366	181	128
589	367	177	127
588	360	174	131
593	366	172	124
591	364	175	127
591	364	177	126
588	361	179	129
590	363	174	128
589	362	176	127
591	360	177	129
589	358	178	129
590	360	176	126
588	358	182	129
589	359	177	129
588	358	183	130
589	358	178	131
587	359	180	129
585	354	183	132
590	354	175	133
589	353	174	134
594	354	169	127
589	360	162	120
598	356	158	123
593	349	155	127
594	351	161	121
593	353	159	118
592	348	158	122
596	350	158	121
593	348	159	129
590	351	158	129
591	351	157	128
590	351	157	128
592	351	161	128
589	349	154	126
593	348	161	123
579	348	164	122
585	346	164	123
581	346	163	122
587	351	168	122
589	359	158	115
590	352	157	123
590	351	152	127
592	361	157	119
595	360	153	122
591	359	153	123
587	356	157	126
586	355	155	126
583	356	160	125
581	355	163	126
577	354	166	127
573	354	168	127
570	352	173	130
566	351	179	133
559	352	177	137
563	353	180	137
552	354	180	139
561	348	186	146
545	349	186	146
546	351	194	147
533	359	200	142
539	340	197	162
540	354	194	144
528	354	200	140
522	355	202	139
513	347	217	141
513	353	217	123
511	357	199	117
508	355	199	118
507	361	192	118
499	348	189	131
498	356	181	124
489	352	183	133
485	353	198	138
490	353	193	140
473	353	204	140
480	357	208	137
466	355	220	141
455	359	230	142
461	360	222	149
456	363	224	151
445	365	221	152
442	355	211	162
436	355	218	158
431	359	231	159
427	357	225	162
427	355	223	162
422	360	217	157
418	360	215	158
412	358	215	160
412	363	206	155
403	353	227	164
416	363	205	152
405	353	231	169
404	361	218	163
396	355	239	170
398	358	217	169
389	351	242	177
402	357	219	172
387	349	217	179
404	357	228	175
381	346	225	185
392	354	229	174
383	343	225	184
402	353	231	173
390	349	218	177
389	357	208	165
385	346	226	173
388	360	207	159
391	351	218	175
387	357	207	167
390	353	214	168
380	352	213	167
396	356	222	168
382	351	210	171
378	352	233	167
379	353	210	168
398	356	211	165
387	359	200	170
375	354	224	170
379	358	205	165
376	360	214	160
373	360	215	162
382	360	206	162
384	358	209	165
374	357	203	170
383	358	204	175
386	353	213	175
380	356	203	172
390	353	205	179
381	357	196	173
385	361	195	177
392	363	197	170
389	363	187	171
391	364	189	178
393	363	194	173
390	361	183	173
391	364	184	179
391	367	195	168
390	365	189	173
388	366	193	170
382	360	191	179
397	361	207	170
375	361	206	182
392	364	206	172
387	362	189	172
398	363	189	172
405	366	167	164
408	367	169	167
408	361	171	185
382	357	188	191
391	362	187	174
395	362	173	180
395	358	170	191
400	362	190	169
402	361	173	173
405	357	173	178
408	358	169	177
413	359	162	176
409	352	169	191
405	348	178	192
401	354	194	180
405	353	183	177
397	359	190	184
400	357	184	176
404	357	197	174
407	359	205	174
410	359	184	173
413	358	200	180
415	358	186	175
418	358	195	178
412	360	188	174
422	361	197	171
421	361	182	172
428	355	197	179
420	356	188	179
427	357	197	175
425	353	184	179
429	357	200	173
428	353	186	178
432	358	200	177
435	355	181	176
441	356	185	176
439	352	185	180
441	351	188	179
443	354	179	175
440	344	177	181
444	348	190	181
436	346	186	181
439	356	182	175
438	354	182	172
441	355	182	163
444	356	181	165
439	355	183	170
440	355	183	165
438	354	177	161
443	352	182	169
440	355	180	172
445	346	170	174
440	349	170	170
443	348	166	171
443	344	185	181
432	348	188	191
442	351	168	174
443	349	167	169
435	350	175	180
439	351	193	187
429	341	188	187
438	346	184	197
436	345	176	182
439	335	209	225
416	330	220	211
427	342	199	185
441	349	172	176
442	346	175	202
441	345	173	182
444	345	174	190
439	341	171	182
441	343	163	179
447	345	159	183
448	346	154	176
450	344	159	186
441	344	163	176
444	346	167	181
439	347	165	167
443	343	156	166
438	344	172	170
423	341	176	167
447	348	175	154
445	352	160	159
448	352	146	150
455	361	132	138
460	357	118	125
467	366	105	105
474	366	99	98
481	365	87	100
474	367	97	103
480	361	86	90
470	368	99	76
473	369	95	76
472	370	98	74
464	371	119	82
471	369	101	113
465	360	103	111
469	370	108	92
461	369	127	85
435	363	48	94
418	353	162	87
448	350	134	105
433	350	134	106
437	350	132	104
446	350	135	102
417	344	152	112
441	350	140	106
456	351	116	106
450	356	127	98
448	358	135	96
448	359	128	102
449	364	129	99
437	367	128	100
452	369	127	97
437	370	126	107
450	373	127	100
437	374	125	100
444	374	131	97
431	372	128	138
435	373	121	151
435	372	124	156
424	361	139	170
424	355	135	164
423	361	135	157
424	355	131	153
427	356	137	145
400	357	158	161
405	355	194	151
377	364	199	187
371	353	189	187
370	357	206	167
380	355	175	168
390	359	188	166
382	359	178	169
383	359	173	171
379	360	172	174
383	362	169	174
383	359	164	182
380	358	187	173
371	356	180	167
388	359	195	160
369	358	193	161
388	357	153	159
400	361	140	125
415	364	138	113
426	358	114	106
435	362	122	97
424	360	119	98
436	352	123	103
422	355	123	101
434	355	115	99
418	359	119	99
430	356	122	99
415	358	123	101
427	357	126	101
414	359	125	110
424	356	109	117
418	363	111	111
423	357	110	113
406	366	120	117
407	360	137	121
389	364	142	149
383	365	142	160
389	354	130	176
389	359	142	157
389	359	136	156
377	360	154	152
384	360	159	164
356	353	178	165
362	360	157	179
358	352	167	175
334	359	182	188
333	361	218	171
331	357	194	173
320	362	215	161
323	361	198	162
332	365	206	156
321	363	193	177
331	367	210	160
323	365	193	164
327	368	210	157
317	366	196	161
323	364	218	159
327	360	190	166
339	353	207	178
338	360	187	170
345	363	191	169
314	360	204	173
320	357	228	180
335	344	190	191
327	352	206	180
320	352	217	179
334	356	204	175
328	355	190	177
322	353	232	175
345	357	179	171
358	355	166	197
364	349	158	182
363	341	157	216
359	353	164	178
353	351	169	204
315	346	203	187
319	345	235	182
316	343	210	186
275	343	239	179
342	349	199	173
349	352	176	180
293	341	244	192
298	344	262	186
284	342	259	189
306	342	261	190
310	345	250	188
320	347	260	189
304	348	242	190
340	349	231	185
327	351	219	181
352	352	223	176
340	352	209	182
351	348	218	179
338	350	209	191
355	350	222	181
353	350	202	183
354	350	226	175
360	346	202	180
346	344	214	180
368	342	200	179
371	348	185	177
373	348	185	173
368	351	191	178
353	351	194	185
366	350	218	175
392	353	170	176
404	356	159	183
411	352	146	181
418	349	138	190
427	346	132	164
434	344	130	147
443	348	116	91
456	352	115	96
447	352	117	93
461	355	115	91
454	355	121	91
468	355	116	91
464	357	112	89
477	359	113	86
471	360	114	87
468	358	116	89
480	357	115	90
477	356	111	91
485	359	116	104
483	355	106	131
485	351	102	129
486	355	109	80
491	357	114	101
492	360	106	107
499	364	120	100
497	364	110	121
499	360	106	118
503	365	111	106
505	363	110	117
505	359	110	114
508	358	113	107
512	358	109	103
507	360	112	100
516	361	114	94
514	358	106	123
515	359	105	117
516	355	108	111
521	358	116	105
515	357	115	106
517	357	108	103
525	362	106	102
522	359	105	106
526	364	105	102
529	365	105	103
528	365	104	106
528	364	106	109
528	364	107	111
528	365	106	111
531	364	110	113
529	364	110	115
530	364	107	116
529	360	111	118
530	362	110	115
530	360	108	115
531	361	108	115
531	358	108	114
528	359	113	115
524	351	115	124
528	354	119	116
527	353	114	112
530	363	113	122
523	355	117	134
522	359	119	129
522	358	117	113
527	360	107	104
526	362	112	113
525	362	112	117
523	362	115	121
522	362	117	123
521	364	117	118
522	366	114	113
517	360	117	118
518	364	120	106
505	362	129	106
512	362	124	105
512	360	126	108
511	362	127	118
505	364	125	110
508	366	128	104
505	363	128	106
509	364	123	104
508	356	117	111
510	364	123	100
507	366	117	98
512	368	122	95
506	366	117	96
509	366	124	96
505	365	118	98
507	367	126	96
494	364	126	101
500	366	129	100
494	366	125	101
497	367	129	100
493	367	128	102
492	368	135	104
488	368	133	106
493	371	133	104
494	370	128	105
491	369	135	105
482	368	137	106
477	368	151	106
477	369	145	111
472	373	134	138
481	367	150	117
477	373	138	110
469	373	151	105
467	371	151	106
469	368	142	117
476	366	130	117
467	367	136	111
468	365	148	109
458	365	140	113
465	365	151	111
451	364	145	118
459	365	153	112
450	364	143	123
459	364	154	115
448	364	145	137
447	370	164	138
432	359	161	167
434	362	175	159
430	361	167	159
434	356	173	166
426	362	176	167
435	355	170	169
437	365	160	153
444	355	141	155
440	362	143	145
446	356	141	133
450	362	126	90
469	362	119	90
484	363	91	89
491	368	90	79
476	368	97	82
486	370	96	77
473	365	98	83
484	367	97	78
471	369	98	77
477	368	101	77
466	368	99	78
475	368	100	77
481	369	84	83
477	365	85	83
481	371	76	73
466	374	95	65
477	372	89	68
466	372	92	68
475	372	92	69
465	371	91	69
473	367	88	72
460	367	91	70
451	378	104	58
467	358	91	82
454	362	96	74
465	364	92	72
455	365	92	71
460	366	83	90
459	356	87	91
435	363	111	80
448	364	29	173
415	410	91	74
450	365	51	136
438	357	88	110
421	354	126	101
410	353	123	102
391	344	148	129
384	346	163	150
386	354	145	198
386	339	145	230
381	345	155	207
382	344	152	218
380	342	154	201
382	348	151	206
382	348	151	193
385	348	146	195
385	353	145	158
392	355	131	159
395	343	125	99
410	345	128	101
412	346	116	100
421	350	108	101
418	356	103	92
425	360	107	91
415	361	106	160
410	356	116	153
405	362	120	86
420	357	110	91
410	351	107	107
417	357	105	95
417	355	98	107
420	348	107	101
420	354	98	97
427	358	87	89
419	356	92	88
427	356	88	86
422	356	90	88
427	357	84	91
422	361	87	96
421	355	89	101
407	357	110	89
414	358	105	87
415	358	100	89
414	362	102	86
411	364	115	114
388	364	131	142
390	355	128	152
389	357	133	151
388	358	129	170
389	358	127	187
385	359	134	199
386	355	136	177
388	355	133	192
387	351	136	196
385	345	140	197
381	361	145	185
384	347	141	174
386	365	150	167
387	363	141	189
386	356	143	171
391	359	149	191
388	353	151	191
391	345	145	126
403	367	119	92
417	367	90	114
418	362	88	106
420	369	83	114
420	357	102	104
427	365	89	89
433	371	80	77
438	373	89	93
429	375	92	83
438	374	87	83
444	371	73	80
447	374	83	72
451	375	72	73
454	373	77	71
447	376	77	71
454	369	78	75
454	374	72	71
458	375	65	71
461	376	76	64
464	377	66	61
466	378	74	57
460	378	73	61
468	379	73	59
470	379	78	59
471	379	76	57
480	378	67	58
471	380	76	57
480	368	73	68
483	371	64	61
488	372	69	56
488	373	63	55
493	372	68	55
487	373	67	56
494	374	71	56
496	375	75	58
500	375	68	59
501	377	78	57
506	376	80	58
499	376	76	59
508	376	77	59
511	376	77	60
517	375	79	61
516	375	78	60
524	376	78	65
515	377	79	69
523	379	84	82
530	383	71	96
530	374	141	130
577	187	49	231
541	329	88	156
576	240	104	171
535	369	112	130
539	380	103	105
546	372	89	95
549	378	80	83
554	380	76	84
557	375	70	86
558	381	80	76
559	383	75	72
565	383	80	69
564	385	78	73
570	387	86	82
564	388	85	93
568	378	94	95
574	385	82	106
575	385	84	94
578	388	94	82
576	390	87	81
582	391	90	76
581	393	84	78
588	388	91	79
580	391	89	86
588	384	99	88
586	388	91	94
592	385	84	92
595	382	97	89
582	387	101	91
593	389	100	89
597	386	87	90
602	382	98	90
585	386	106	92
597	390	107	86
591	391	100	83
602	390	104	82
589	391	106	82
610	392	99	80
614	393	86	77
621	392	73	75
626	395	83	60
632	394	70	60
634	396	77	67
628	396	76	67
635	396	81	63
631	396	75	62
640	397	78	59
633	397	78	59
643	397	77	58
642	397	79	58
640	397	77	58
649	397	77	58
642	397	75	61
650	398	77	54
652	397	75	55
658	397	76	55
652	397	74	56
656	397	71	60
663	398	71	52
658	399	75	53
662	398	75	55
658	397	77	56
661	397	78	57
662	397	78	58
666	397	75	58
664	397	78	57
670	398	76	58
666	398	79	58
667	398	81	58
669	398	78	59
672	398	78	59
671	398	77	58
674	398	79	58
674	398	81	59
671	398	83	59
675	398	81	60
678	399	78	59
679	399	77	59
682	400	79	58
678	399	84	57
681	397	82	59
684	401	85	58
680	400	81	57
691	401	76	53
684	401	73	56
687	402	76	59
683	402	76	59
686	402	79	58
683	402	84	59
686	401	80	61
684	401	83	60
688	400	75	61
685	401	80	59
687	399	80	60
683	399	82	60
692	399	75	56
685	399	74	56
691	399	77	58
683	399	84	58
691	396	77	62
686	397	78	59
690	397	75	59
686	398	74	58
693	396	75	59
685	396	74	57
694	393	74	59
685	394	74	57
693	388	72	61
687	387	71	59
692	387	74	57
686	387	74	57
691	385	75	57
685	385	76	57
686	385	80	57
685	384	78	58
690	383	75	58
684	383	76	57
689	382	75	58
683	382	74	57
692	378	74	61
682	379	77	58
690	380	78	59
684	381	75	61
630	423	119	33
680	378	77	60
689	378	75	59
680	379	75	58
687	378	76	58
680	379	74	58
688	379	75	58
680	380	75	58
679	380	81	57
678	380	77	59
685	380	75	58
678	381	74	58
682	381	77	57
679	381	74	58
675	383	70	63
682	372	75	69
678	376	73	63
678	378	78	59
669	375	77	62
675	375	76	61
675	377	71	61
680	379	64	65
680	374	71	66
672	377	75	61
675	374	75	64
670	372	75	64
674	373	74	61
669	370	71	67
672	373	77	60
665	373	76	60
670	372	80	60
665	373	76	62
669	374	81	59
663	374	80	60
663	374	81	61
661	374	81	61
663	374	77	61
660	375	76	60
659	373	84	61
652	373	79	62
662	374	79	61
653	375	79	60
661	376	74	64
649	377	86	63
659	376	70	65
648	378	87	60
648	376	90	63
647	375	88	65
649	375	85	65
643	375	93	64
646	374	81	67
649	375	82	65
639	376	85	67
648	376	86	66
637	376	86	66
648	376	86	66
637	375	87	67
620	342	115	100
550	164	213	88
488	137	263	133
486	116	268	167
469	103	303	188
486	91	332	294
505	83	286	217
515	98	428	389
458	65	332	278
490	74	266	188
504	96	276	176
506	87	243	191
521	87	259	187
472	88	294	187
501	83	291	210
527	113	385	356
476	43	296	206
499	76	270	222
524	94	273	316
506	47	231	238
517	69	256	201
527	73	243	196
476	81	297	184
520	72	259	200
521	86	254	183
506	109	252	160
519	99	257	175
485	84	271	192
499	82	269	194
488	81	255	196
495	85	280	188
476	85	283	192
486	87	282	200
494	127	336	279
484	81	377	315
493	97	308	345
479	103	298	230
472	98	438	438
469	125	357	554
463	95	369	608
447	82	403	629
438	127	464	592
447	125	432	545
458	140	435	579
455	146	418	521
463	126	386	586
455	109	384	610
442	95	374	579
436	91	392	625
422	81	456	633
427	182	404	483
432	104	355	556
425	100	381	595
414	73	389	511
434	121	361	525
440	129	370	563
436	92	365	560
437	179	375	514
428	120	364	537
433	141	374	560
425	96	379	537
420	158	385	522
428	111	364	517
441	138	355	535
463	103	344	593
448	137	376	575
435	188	323	443
473	130	391	549
450	171	399	548
467	184	384	483
474	136	362	576
474	167	355	473
475	128	349	566
465	126	353	562
460	138	363	558
460	125	346	524
466	126	349	559
463	110	340	562
455	110	363	588
442	87	374	601
443	147	386	560
445	129	330	503
470	96	312	528
461	83	336	458
473	69	412	619
456	177	429	542
462	114	397	550
469	207	388	510
479	141	332	513
479	132	348	548
479	101	384	595
449	103	584	599
413	154	500	522
434	107	356	553
438	79	371	612
434	104	386	598
426	86	347	551
437	110	336	556
436	93	379	587
427	84	387	621
416	64	389	619
411	86	400	624
394	90	386	556
414	117	376	577
410	88	336	514
450	151	308	493
475	81	344	589
457	121	362	571
446	97	383	618
432	141	377	498
444	89	399	605
433	88	416	631
438	250	392	424
458	70	275	270
476	68	400	494
445	114	340	540
438	86	386	601
429	99	402	620
419	65	392	618
406	57	410	659
390	107	407	573
397	65	398	646
385	68	420	622
388	95	423	620
387	79	428	572
405	131	411	587
404	77	409	586
405	106	413	609
398	91	395	548
411	211	400	485
432	168	339	477
437	100	441	590
435	149	333	512
437	101	400	590
428	79	336	585
409	146	396	538
410	100	292	518
456	214	289	438
449	124	391	552
443	95	356	583
427	84	379	619
410	106	354	544
421	143	449	546
430	93	303	542
428	115	327	531
420	110	368	529
416	143	376	531
419	96	371	567
412	86	405	616
401	104	369	535
402	120	485	566
411	153	351	478
421	106	449	571
425	130	404	554
424	71	399	635
408	80	402	617
396	87	390	592
389	120	404	587
385	86	372	547
392	139	393	518
408	94	389	607
397	66	388	608
388	135	418	573
389	84	397	566
390	98	415	601
385	86	359	558
393	120	462	551
408	144	376	528
414	108	430	602
411	167	375	469
426	114	465	587
426	168	320	465
432	172	429	504
441	116	296	517
447	163	299	492
443	184	404	495
439	172	292	464
437	199	305	399
448	268	286	306
478	229	300	326
482	169	246	375
472	299	240	224
507	348	176	117
545	361	112	99
554	364	101	91
551	366	102	86
549	366	103	85
551	365	102	86
550	365	102	86
551	365	102	88
551	367	99	85
548	362	97	89
550	363	102	84
549	363	103	85
551	363	101	86
549	362	106	91
542	364	112	85
545	362	110	84
546	361	109	87
544	361	109	87
546	360	107	87
546	361	106	86
543	361	109	87
546	360	106	86
546	360	106	86
544	360	108	87
545	360	105	86
545	360	106	86
547	361	105	85
549	362	102	83
549	363	104	87
548	366	108	86
545	366	111	85
542	364	110	89
543	364	108	86
545	362	106	89
550	364	96	85
545	365	102	84
546	364	103	85
545	365	101	85
547	365	99	84
545	365	101	85
543	365	103	85
542	364	104	85
543	364	103	85
545	364	103	85
542	365	105	83
542	363	105	85
541	364	106	85
539	364	109	85
539	364	109	86
538	364	110	86
546	362	104	88
540	358	111	93
539	360	111	90
539	359	110	91
538	360	111	91
540	361	115	94
534	362	116	88
534	361	117	88
539	361	113	90
539	362	112	92
538	364	114	91
540	365	115	90
539	365	111	91
539	365	113	90
544	366	107	88
545	365	103	87
548	365	102	84
539	360	107	89
546	360	105	91
539	357	108	89
542	357	105	87
536	356	113	92
538	357	113	91
536	357	113	89
539	358	109	85
544	355	101	89
540	357	101	88
545	358	102	87
543	358	100	87
543	357	99	89
541	359	100	88
537	360	106	90
537	361	106	88
535	360	109	90
536	360	108	89
533	360	112	90
535	360	110	90
533	359	111	90
532	359	116	89
531	358	115	90
532	358	117	89
531	357	117	90
531	356	118	91
521	355	126	92
531	354	119	94
519	354	122	92
530	352	121	94
521	355	120	90
536	356	119	91
520	354	122	92
525	354	129	91
517	353	123	95
528	354	126	95
515	354	126	95
526	354	126	96
513	355	126	96
522	355	131	97
516	355	122	97
523	356	129	96
512	356	125	97
525	357	123	96
512	357	128	93
526	357	125	94
512	357	123	98
523	358	126	96
514	359	120	96
525	359	119	95
523	353	109	100
515	357	124	104
517	346	116	112
520	352	118	103
511	354	116	100
517	349	121	105
510	352	117	102
517	351	121	104
521	353	106	101
523	353	102	105
522	351	106	105
526	356	97	100
526	352	100	105
521	353	101	104
520	351	100	107
522	352	98	106
521	355	98	105
509	349	110	109
516	351	99	104
519	354	103	103
500	346	116	108
509	350	114	102
513	354	100	106
500	349	112	123
504	348	114	113
490	353	121	102
500	352	118	107
491	354	121	105
496	355	115	108
495	357	115	104
494	358	116	106
491	356	118	108
497	358	109	109
487	356	118	109
490	355	114	114
481	354	118	109
488	357	126	101
475	351	131	127
477	349	129	128
470	351	133	131
469	340	135	136
469	347	136	120
465	345	138	120
454	341	145	142
463	343	144	135
465	343	142	134
455	348	142	126
465	350	146	121
456	349	140	127
456	348	153	123
450	348	145	126
446	348	161	122
452	348	142	125
455	350	152	119
442	348	151	126
443	348	167	122
438	348	150	144
438	351	166	125
432	348	158	115
457	348	149	130
427	342	164	156
417	344	179	151
428	347	174	165
411	343	179	175
424	340	185	178
414	349	182	168
414	347	175	164
408	350	181	176
415	345	185	179
407	346	181	179
411	344	183	175
425	347	158	162
439	343	138	151
437	351	153	125
450	352	124	128
456	345	133	125
452	352	126	127
460	357	111	117
465	356	123	107
443	358	133	107
458	359	103	131
459	348	102	133
453	360	122	106
439	362	124	108
449	361	126	104
411	353	151	111
431	355	148	128
439	359	125	123
448	356	121	109
454	361	104	102
458	365	117	97
441	356	122	112
452	362	126	110
436	363	130	122
447	359	126	117
453	363	109	115
455	356	120	112
436	362	129	108
449	362	131	105
439	364	126	110
450	361	132	109
450	363	117	114
436	354	130	116
448	360	130	106
447	361	118	106
457	358	122	105
439	362	127	109
451	366	112	102
450	370	128	90
439	368	122	94
454	361	120	102
437	363	124	97
452	364	124	96
450	363	124	96
460	362	122	95
436	362	133	94
421	355	157	103
383	348	181	117
354	340	223	132
362	335	223	141
352	331	204	169
348	335	234	197
348	339	214	186
350	344	229	173
354	343	208	174
369	346	218	181
361	350	208	179
350	352	207	186
366	344	226	184
352	345	218	193
364	345	212	188
367	351	206	182
371	350	216	172
352	348	224	185
361	337	218	190
362	341	208	194
364	336	221	188
356	340	212	200
365	342	234	185
354	343	220	184
368	344	228	181
354	342	221	193
369	341	232	187
352	345	230	194
376	343	221	187
360	344	225	186
379	346	229	179
358	347	237	182
368	348	222	180
356	348	238	176
369	346	240	179
352	343	251	184
376	342	234	185
355	342	238	188
375	343	233	182
351	339	244	184
368	337	250	186
353	336	253	189
377	334	250	190
360	333	243	193
384	335	249	191
365	334	247	194
369	335	239	183
351	335	278	182
361	334	277	187
347	331	266	192
364	328	276	202
378	331	233	197
372	334	270	195
358	334	264	198
404	335	245	195
385	337	240	190
368	337	273	180
363	332	265	183
403	337	240	176
395	338	238	170
417	336	224	159
392	336	246	162
436	335	207	158
469	342	169	139
488	350	141	123
491	355	139	111
487	355	149	108
487	354	145	110
489	353	143	110
503	353	136	108
503	354	134	105
494	353	139	105
497	355	127	103
494	356	138	100
421	339	185	118
495	339	132	111
508	345	134	101
496	346	135	100
511	346	133	100
497	346	139	99
506	345	142	101
498	344	142	103
514	344	133	104
499	345	142	102
515	344	133	104
499	347	143	102
516	346	137	104
504	347	147	102
495	347	167	105
499	354	146	112
490	356	170	110
496	355	167	116
479	355	178	118
504	354	164	122
495	359	158	123
497	362	166	119
488	366	159	119
501	366	154	117
491	366	165	118
498	364	162	120
498	364	158	122
503	364	157	122
502	362	162	123
503	361	159	123
508	361	157	123
507	359	160	129
515	359	154	132
515	359	160	132
519	359	161	132
516	357	153	138
520	357	162	137
517	362	153	138
523	361	156	134
523	365	159	124
525	369	151	119
525	370	155	118
520	359	163	129
527	359	156	126
528	362	158	121
531	363	150	118
538	362	157	118
532	362	154	118
546	361	152	117
547	359	152	119
548	359	150	118
543	359	159	118
552	358	145	120
544	359	154	117
555	358	153	118
542	359	155	117
557	358	150	121
542	380	157	100
552	372	156	111
547	370	169	114
562	363	148	124
567	364	157	121
552	366	164	120
569	364	154	121
557	365	165	119
563	366	159	121
563	365	158	121
567	364	158	122
571	362	153	122
568	362	162	122
575	360	151	124
570	360	158	123
573	360	159	122
570	360	157	125
578	361	160	124
576	360	158	125
575	359	165	127
575	359	161	127
578	357	162	130
578	359	167	127
590	356	154	132
573	362	179	123
579	357	175	129
577	357	176	130
593	353	160	133
588	351	177	129
578	351	183	130
591	353	174	130
585	354	175	130
587	355	178	129
589	355	172	131
589	356	171	130
589	356	170	130
595	355	165	129
586	355	174	129
591	354	166	131
595	352	165	131
597	353	148	129
608	358	147	134
614	360	160	127
594	356	174	140
607	357	160	139
605	359	161	145
612	373	156	127
606	369	158	134
607	373	149	130
607	370	151	133
615	374	147	129
601	352	157	150
611	355	150	141
615	360	143	138
614	357	151	148
616	359	141	140
615	361	141	141
620	365	138	138
614	358	143	148
619	362	139	140
616	360	145	150
618	359	140	145
616	357	141	146
614	361	141	147
619	373	137	140
608	356	154	151
607	362	156	135
620	367	131	132
614	371	139	134
607	364	148	133
609	358	132	133
607	358	138	125
603	361	141	134
603	365	135	129
600	365	145	130
603	365	138	126
604	356	148	131
607	357	140	134
603	360	143	133
608	359	149	135
603	358	149	137
609	362	156	133
604	360	148	141
611	360	157	143
592	352	178	146
610	353	147	148
600	349	148	163
607	364	142	136
596	363	164	138
606	370	143	129
599	375	137	126
600	379	140	120
599	380	144	118
596	378	149	122
595	377	154	125
595	376	151	126
594	377	151	127
592	375	151	130
595	376	145	129
597	377	144	130
595	376	147	127
599	376	143	128
600	376	144	128
600	379	145	122
601	381	147	121
604	381	147	120
609	383	135	121
613	387	152	116
601	387	173	117
606	384	172	122
599	383	177	124
601	381	176	128
596	380	183	130
596	377	167	134
611	379	142	128
598	384	175	117
606	381	166	123
591	380	159	124
607	376	157	126
596	378	180	122
604	375	166	128
612	376	167	128
596	376	201	141
636	372	184	147
610	375	227	141
596	368	235	154
600	362	219	161
592	357	215	158
597	354	203	155
582	362	190	149
604	364	137	133
607	372	138	118
609	375	151	111
597	374	151	114
611	374	148	115
595	374	149	114
612	375	136	112
595	376	159	108
600	374	162	114
589	373	170	121
599	372	146	126
605	376	165	117
590	375	158	121
608	376	160	119
590	377	161	119
607	377	182	112
596	372	172	123
590	371	159	126
608	373	219	120
602	363	203	141
611	361	214	150
618	355	226	157
627	343	191	171
636	350	190	154
607	354	209	131
594	350	213	139
618	349	198	144
596	349	271	160
588	338	236	180
616	339	240	178
589	335	238	182
604	335	215	180
607	339	200	167
595	345	221	152
593	343	229	156
617	341	226	163
629	325	260	208
635	311	287	255
581	308	321	248
616	310	309	264
576	305	334	257
616	307	305	252
635	254	242	287
562	327	287	195
583	341	233	187
568	351	222	172
569	354	207	164
583	357	187	152
601	360	166	132
613	363	160	119
602	363	161	118
616	363	156	118
604	364	150	118
610	367	142	116
624	368	125	111
634	365	112	109
638	366	112	107
635	363	113	106
639	367	111	98
650	358	107	103
646	364	125	92
633	365	191	129
666	312	262	227
623	310	268	222
561	216	334	319
603	244	276	270
615	269	246	233
628	286	241	220
591	324	259	171
596	323	225	178
593	325	254	190
622	305	210	200
620	302	213	181
623	308	204	173
635	312	200	173
644	295	194	190
633	312	222	185
646	293	210	212
631	308	242	227
637	288	222	230
595	310	239	188
626	306	212	189
633	301	186	167
600	332	201	155
624	326	160	117
625	336	176	126
607	336	169	134
625	335	163	133
606	337	165	133
623	335	165	133
604	339	165	132
620	339	163	131
604	337	160	136
614	338	170	132
606	336	158	134
618	337	161	129
605	338	157	132
611	339	170	128
603	338	157	134
612	341	169	127
597	344	163	135
614	333	168	141
597	342	167	128
617	334	156	134
625	324	133	140
603	332	148	121
617	325	149	126
619	325	130	122
615	330	156	138
608	332	148	134
604	332	142	130
614	331	152	137
604	333	148	136
608	334	141	133
603	338	145	122
613	332	135	126
607	336	135	115
617	332	126	119
617	339	121	110
627	338	128	129
604	341	141	122
614	345	128	113
604	345	150	108
594	343	140	112
609	344	142	110
604	342	131	111
608	347	132	103
610	349	130	99
612	351	124	98
613	356	125	94
616	356	119	95
621	358	113	92
614	360	121	90
619	360	114	91
616	361	117	90
615	361	115	91
616	362	116	90
617	362	113	90
614	362	113	89
617	363	110	88
614	362	111	89
617	363	111	88
615	363	111	89
606	361	115	89
603	351	114	98
610	353	109	94
600	352	113	88
606	350	106	89
602	350	107	86
603	349	107	86
595	346	113	89
597	346	110	88
596	345	110	88
594	346	108	87
594	346	108	85
591	347	108	85
592	348	108	86
588	350	108	84
589	350	105	85
585	352	115	84
581	349	120	87
585	349	108	92
579	352	106	87
590	351	99	86
581	353	110	84
590	354	93	84
589	357	99	87
583	357	98	84
586	358	94	82
586	361	93	81
587	362	93	82
580	363	96	80
583	364	92	80
581	365	94	82
580	365	93	81
