613	313	91	101
625	303	101	93
631	294	111	103
646	290	114	114
666	296	120	111
682	309	131	102
708	323	123	103
739	330	115	85
761	334	128	88
791	344	119	86
810	345	124	78
828	348	126	89
842	351	135	95
869	354	133	98
879	360	159	99
914	370	165	98
874	351	233	134
968	373	168	130
976	377	176	123
1020	410	134	99
1022	420	135	83
993	422	158	77
952	397	193	84
949	384	174	85
959	370	125	96
906	352	128	93
806	351	176	88
627	343	320	84
582	319	322	91
576	299	291	96
668	303	164	87
640	280	168	102
668	290	147	93
653	328	90	85
634	315	83	89
622	307	92	86
616	320	109	88
627	336	84	78
632	339	73	76
637	356	84	69
646	375	88	67
679	391	69	65
679	394	83	73
629	398	147	80
596	393	196	94
610	384	214	112
704	411	146	81
762	422	95	61
777	400	92	84
786	406	104	82
803	409	103	79
821	406	98	74
750	394	179	96
665	382	264	109
677	392	208	112
689	372	205	125
696	373	187	119
690	365	247	131
672	363	261	143
682	376	249	146
699	401	209	142
639	376	247	185
627	369	242	196
655	359	201	205
681	421	166	153
629	371	185	204
681	481	145	125
723	493	145	100
742	495	147	96
599	436	325	159
717	460	209	151
598	430	341	155
669	434	233	150
676	436	266	117
606	396	334	150
634	391	298	162
690	376	240	132
793	353	100	130
609	341	348	94
621	281	305	150
560	288	309	141
563	281	298	112
599	254	247	116
574	253	228	132
528	231	247	164
493	260	255	157
483	243	237	204
509	246	190	208
509	262	184	211
516	302	171	178
480	346	188	141
467	354	207	138
451	389	236	108
433	372	237	126
434	360	229	142
462	367	187	132
487	359	221	137
479	374	212	122
478	374	222	109
487	390	217	105
504	380	216	110
518	373	200	122
534	373	197	131
537	380	210	132
546	391	193	127
543	406	194	116
534	421	190	108
526	437	185	98
510	431	202	103
487	430	191	98
483	426	179	105
470	416	165	116
430	410	180	123
404	403	180	132
368	397	193	137
345	413	191	121
387	436	127	94
425	449	78	64
413	443	80	73
401	447	81	71
401	447	81	72
403	445	78	72
398	448	80	70
397	454	81	75
403	457	79	75
401	456	80	74
411	460	82	73
412	465	80	74
416	465	79	77
421	470	79	74
422	473	79	73
421	474	80	74
425	475	77	72
428	473	77	75
425	471	80	75
425	466	84	78
419	459	95	82
405	456	101	82
392	455	107	82
376	456	115	82
368	458	120	80
386	456	96	77
383	456	92	77
382	453	85	77
385	454	77	72
384	449	74	74
384	444	73	74
384	437	72	77
380	438	75	70
367	438	83	70
367	436	79	74
357	437	86	72
358	436	84	73
357	435	87	75
355	433	84	75
358	430	83	76
357	431	81	72
356	428	83	73
360	424	87	74
365	420	84	76
368	421	81	70
358	413	92	75
354	412	102	76
351	412	109	76
363	407	101	77
369	405	94	80
367	407	99	77
375	409	102	73
383	406	94	77
369	415	99	72
387	410	92	71
390	417	100	65
395	414	94	70
395	416	85	72
396	419	94	72
416	423	76	78
417	432	73	78
410	446	80	72
389	447	95	76
272	413	216	113
249	413	226	123
252	424	205	118
244	415	185	132
252	414	154	146
258	417	131	170
230	389	144	210
206	375	141	218
155	432	180	174
101	474	201	130
53	491	207	141
10	508	225	117
82	458	227	134
70	414	221	179
45	407	215	32
159	414	97	161
171	408	89	182
15	441	177	184
26	449	193	174
50	344	192	248
29	440	346	140
190	281	231	313
48	325	315	252
46	322	240	192
73	347	449	221
125	336	398	173
145	320	418	188
129	334	459	177
96	406	410	134
86	452	122	129
67	474	156	130
52	501	275	118
69	488	163	148
37	505	257	117
45	496	341	134
142	433	267	197
44	486	181	138
19	473	139	86
10	468	125	96
15	465	120	100
35	479	117	105
54	490	130	85
73	483	216	121
65	487	137	110
82	471	179	111
108	449	223	112
111	429	317	130
128	404	323	140
137	393	299	127
158	396	123	96
151	395	123	74
155	384	212	104
158	351	289	118
170	349	297	117
154	308	325	131
166	332	322	111
163	318	300	106
186	341	165	65
192	339	99	59
188	329	186	122
180	329	232	112
181	341	121	88
166	321	118	75
167	311	100	79
175	301	146	112
217	311	197	130
189	298	239	126
187	283	234	118
191	263	168	100
220	257	178	122
242	250	164	131
265	240	135	130
280	229	146	130
303	230	143	119
319	222	139	109
337	216	141	103
359	215	131	94
376	219	123	89
392	228	114	88
400	239	97	90
402	255	84	82
404	263	94	81
413	265	108	75
417	262	116	75
383	256	120	71
352	255	167	77
325	261	168	74
297	260	188	86
264	273	166	79
241	283	163	76
228	296	173	73
206	304	189	77
188	310	172	84
175	327	129	77
177	328	112	80
202	296	96	99
214	316	85	72
230	338	73	61
253	338	68	67
271	344	99	66
313	345	99	67
342	348	92	70
382	341	88	75
419	346	92	69
462	354	98	64
494	362	111	58
527	368	108	56
563	370	105	55
593	366	90	58
608	366	90	58
622	365	88	57
633	366	93	57
648	365	96	57
658	367	91	57
665	374	96	55
670	381	95	57
672	375	91	57
668	369	88	57
664	360	87	56
662	354	88	56
659	352	90	56
657	354	90	56
655	355	92	56
654	356	90	55
652	358	92	56
653	356	93	56
654	355	93	56
654	353	92	58
651	354	90	58
648	355	91	57
647	356	90	56
645	355	90	57
640	358	92	56
640	357	92	57
638	357	92	56
636	358	91	56
636	359	92	57
636	357	91	57
633	360	92	56
635	361	93	56
633	362	91	56
628	361	92	57
631	361	88	59
634	360	84	61
632	362	84	59
632	362	86	60
640	361	88	61
633	356	96	64
631	359	93	61
635	351	95	63
646	345	91	63
642	337	108	65
647	329	119	78
676	340	101	74
676	332	112	88
642	314	160	105
662	323	153	105
652	316	174	110
643	314	187	116
634	315	208	120
639	319	212	122
640	333	213	113
668	344	189	108
713	357	152	84
741	368	128	64
790	364	79	60
791	363	75	59
793	364	65	53
790	361	65	54
783	355	66	51
762	344	78	48
750	335	77	45
666	331	146	37
665	321	124	44
650	320	129	41
683	306	83	60
674	294	80	66
660	295	80	63
645	290	84	62
637	290	79	62
634	295	71	66
641	303	61	64
633	324	63	57
649	353	47	55
651	373	52	59
653	399	48	50
661	417	47	54
666	425	55	57
678	424	52	53
682	426	59	49
687	429	61	53
691	438	65	62
705	443	67	60
724	449	67	61
747	463	54	55
751	466	59	62
751	474	69	74
733	482	91	78
716	472	128	78
705	449	133	104
682	427	177	132
769	464	105	100
784	488	88	75
793	510	91	57
767	486	129	92
704	471	209	115
753	487	143	97
798	494	106	72
799	477	97	79
801	467	97	79
802	461	85	83
798	459	81	73
793	448	79	77
773	453	88	70
758	451	88	75
742	451	95	74
723	454	95	75
708	463	97	84
694	475	97	76
671	476	98	81
654	476	95	80
654	474	81	73
640	459	65	66
625	454	60	62
612	444	67	66
599	448	69	65
586	448	76	68
598	446	67	70
583	447	78	76
591	470	70	69
600	474	79	78
615	477	78	81
621	466	69	90
617	475	86	91
582	473	136	86
511	468	192	100
580	460	132	107
661	455	81	73
658	433	97	80
657	435	109	79
663	432	107	85
676	431	106	83
688	431	101	82
698	433	97	79
708	440	86	73
715	445	79	70
709	460	77	72
714	473	69	64
709	475	64	64
697	461	67	68
679	449	80	57
685	422	68	65
663	400	78	66
644	385	83	73
627	382	80	69
613	368	79	78
599	364	84	74
597	349	79	79
592	356	86	73
600	368	67	65
605	371	69	68
601	381	68	71
589	392	64	80
615	403	56	73
630	412	40	67
584	421	79	52
626	403	33	85
633	392	53	44
626	377	54	49
619	365	55	87
616	359	60	66
628	351	45	96
631	351	39	94
609	370	97	35
621	368	87	34
647	362	59	46
616	365	92	71
628	362	90	90
624	350	112	98
624	350	123	99
636	348	106	103
642	362	118	80
633	372	109	73
648	374	128	61
646	375	153	54
637	377	176	61
629	366	180	74
636	355	171	98
632	351	185	110
642	352	186	115
653	350	187	119
672	360	156	109
720	374	121	86
720	380	105	71
709	373	126	74
702	369	122	81
694	373	126	81
698	374	116	81
694	376	112	78
691	373	105	83
686	361	100	92
681	358	98	91
669	356	101	90
649	357	106	87
643	353	101	89
627	349	109	92
608	357	96	88
588	369	110	78
571	373	89	74
540	378	101	66
532	381	158	64
513	377	143	71
514	383	169	67
497	381	90	79
487	377	92	75
487	376	97	71
477	374	91	62
487	371	78	64
485	370	73	61
486	372	77	57
485	375	82	63
481	381	77	64
491	393	83	57
496	396	73	55
505	396	79	57
511	392	79	61
519	386	79	67
530	384	71	66
542	384	73	63
551	383	67	60
562	383	79	61
573	382	99	70
579	382	104	72
586	383	106	72
591	383	110	72
600	384	106	69
612	390	100	62
619	391	106	64
613	388	76	66
612	389	97	66
615	388	92	66
614	387	94	62
610	386	89	62
623	387	80	61
605	387	101	60
620	387	93	63
619	386	91	66
608	386	105	66
605	387	100	66
599	385	106	69
603	380	73	60
592	363	109	88
591	360	94	81
586	353	82	67
570	346	132	103
560	339	188	106
554	328	166	112
540	323	189	89
540	322	161	86
533	323	151	88
521	333	137	78
494	338	139	76
489	343	131	77
456	355	156	71
459	365	144	71
445	368	157	75
438	370	150	75
437	374	103	75
427	371	173	55
443	371	163	66
453	362	172	57
443	363	184	45
450	359	164	46
447	361	132	57
451	366	96	59
449	368	87	60
461	373	122	65
460	381	92	56
461	376	130	63
464	382	147	65
470	376	137	67
474	385	142	64
483	373	150	70
489	383	129	66
496	376	150	71
503	385	137	62
507	382	151	63
517	387	110	53
522	383	130	64
527	391	145	62
533	392	121	54
537	394	96	54
538	392	77	58
536	395	72	50
542	394	72	52
539	397	69	50
537	402	66	51
534	404	69	50
532	402	71	53
526	401	72	53
520	403	75	51
516	400	69	52
511	398	74	53
511	400	72	52
517	399	70	53
511	396	72	55
506	397	71	53
505	397	71	53
510	399	65	51
509	396	67	53
514	399	62	50
513	398	61	51
516	400	72	49
511	395	71	52
512	398	66	50
516	399	61	49
517	398	83	50
515	398	88	51
515	396	100	53
519	397	93	55
524	397	118	52
531	398	75	50
529	395	68	54
531	396	61	53
525	393	62	54
521	390	61	55
523	391	59	53
523	393	77	57
519	392	81	59
517	393	83	56
522	394	78	58
523	396	76	58
519	398	79	59
519	401	78	59
515	401	74	59
510	402	73	59
505	402	75	58
499	401	81	59
496	397	83	59
503	398	71	56
512	398	75	58
516	384	81	63
508	380	75	61
502	374	75	64
506	373	70	60
500	373	70	59
502	376	84	64
503	380	75	59
503	377	70	60
506	377	73	58
515	380	75	58
525	383	77	59
538	388	75	54
549	393	82	61
561	400	107	63
573	408	80	58
585	412	120	63
598	407	132	58
605	398	72	64
602	393	86	64
594	388	112	65
589	382	112	63
584	385	110	55
569	378	115	64
568	384	76	46
567	383	70	50
563	386	84	55
558	393	90	58
555	402	79	52
555	409	83	55
557	416	69	49
559	416	65	50
553	418	76	54
544	419	89	51
539	418	66	43
532	415	75	55
525	417	82	50
523	413	106	60
519	416	69	41
507	412	79	52
509	413	71	46
509	415	77	53
506	417	69	47
504	417	68	49
509	419	71	50
514	417	75	46
515	415	69	45
517	413	60	44
524	411	57	44
521	405	56	42
524	403	52	44
527	402	47	40
531	396	47	42
529	394	45	42
531	392	48	43
535	389	53	45
538	389	51	46
541	388	58	47
547	386	55	43
555	380	54	43
563	375	54	43
571	372	55	46
580	367	57	44
596	355	56	45
609	343	55	45
618	341	55	46
623	342	56	45
624	342	51	44
627	347	47	42
621	353	50	46
618	356	52	43
610	359	57	47
601	360	68	49
591	357	68	54
584	355	66	55
576	355	86	60
572	354	83	55
565	347	75	52
548	347	68	55
542	346	78	59
541	343	69	56
535	341	69	56
529	343	69	54
522	339	71	59
517	337	70	59
509	332	107	76
502	327	77	56
496	326	123	78
499	324	86	63
496	325	129	86
509	331	121	86
506	333	77	59
502	340	80	60
513	347	62	53
521	350	66	59
528	353	66	55
535	360	59	55
539	369	56	62
542	375	57	55
546	378	58	48
545	372	57	54
536	366	61	56
526	361	64	53
521	352	61	58
513	350	64	53
511	349	60	56
516	353	55	60
519	352	58	56
523	346	53	56
520	341	54	57
523	338	58	55
525	338	58	55
529	341	61	52
533	344	61	49
539	345	55	51
540	347	57	56
543	351	57	55
547	354	61	58
552	357	56	53
557	358	67	61
560	365	59	52
567	370	81	73
573	372	68	54
571	373	63	54
577	370	63	55
579	367	59	56
579	369	58	53
570	364	65	59
568	359	61	60
569	359	58	57
564	354	61	60
557	353	64	57
553	350	61	55
555	350	58	55
554	354	92	80
561	350	68	61
564	346	58	51
559	340	63	56
565	337	64	55
561	332	67	57
563	326	63	53
554	324	81	66
545	325	71	52
551	326	134	129
558	323	189	124
543	309	177	131
529	319	183	119
527	314	198	125
523	313	185	120
525	320	175	107
524	324	173	122
521	320	172	119
530	325	150	113
528	330	161	129
523	325	152	126
529	329	138	118
527	329	145	120
534	329	137	117
541	332	125	111
535	333	130	108
543	333	121	106
538	334	98	86
542	334	58	62
537	338	124	112
538	337	77	74
538	335	67	60
530	337	112	96
531	334	72	67
520	339	148	109
527	330	90	86
517	343	88	66
511	346	110	85
508	340	72	75
510	351	66	61
501	353	72	59
505	353	62	63
501	354	67	62
492	356	84	70
499	353	68	70
500	358	71	63
493	360	76	62
501	360	70	61
493	362	73	60
502	361	76	62
509	360	72	65
508	361	87	68
518	356	128	85
526	354	70	67
516	359	76	74
527	361	66	67
532	365	60	61
531	365	61	67
534	363	66	70
533	366	68	64
535	366	75	64
534	366	71	63
537	367	121	70
540	348	133	92
548	360	84	63
541	360	122	74
557	348	164	98
548	354	173	84
550	357	145	78
553	360	77	69
545	363	75	66
534	365	80	62
537	364	70	63
527	363	76	61
525	360	73	62
518	355	75	65
518	354	74	62
510	354	75	60
512	353	79	61
506	347	76	66
504	347	75	72
498	352	76	75
501	357	70	79
495	365	73	78
497	371	68	70
484	375	89	64
497	372	76	67
497	372	73	70
493	371	87	69
487	372	84	68
499	372	94	67
497	371	86	70
505	371	120	71
509	367	116	79
517	367	77	80
509	371	127	70
519	367	68	80
503	374	84	76
517	372	79	74
512	374	78	73
516	374	80	74
514	373	108	72
520	370	120	76
526	372	73	77
517	373	98	71
522	372	143	73
527	373	122	77
531	368	75	84
526	369	85	76
533	370	72	73
537	373	65	78
542	371	63	76
542	373	63	70
546	374	72	76
544	372	69	71
540	372	69	70
544	374	65	69
545	370	64	73
543	374	64	70
545	375	71	75
544	369	69	75
542	373	71	79
544	372	70	73
542	372	69	72
543	372	64	68
542	373	62	67
543	372	60	66
533	371	68	69
538	372	63	66
541	370	63	73
536	371	74	80
539	368	68	76
539	374	69	79
542	372	64	73
540	373	66	73
532	376	76	70
540	375	65	69
536	373	68	72
540	377	66	71
533	370	75	75
540	375	70	74
534	375	75	68
534	378	70	75
534	373	74	74
530	376	76	75
535	376	73	71
523	380	81	75
533	377	69	73
524	376	88	68
527	378	70	66
521	372	75	68
524	370	67	63
514	366	72	61
510	363	70	58
515	362	57	57
505	361	64	55
509	361	55	54
506	364	54	52
508	363	47	49
508	367	55	54
498	366	65	50
506	366	55	54
503	366	56	52
505	367	54	58
508	362	62	58
509	365	57	62
502	361	64	62
505	358	83	72
504	362	65	61
497	353	69	67
488	356	71	57
482	353	82	59
477	350	75	54
473	350	69	54
468	349	69	54
466	346	62	56
463	345	60	54
456	346	62	60
451	341	62	61
454	345	55	54
444	343	61	52
453	349	48	47
446	351	71	61
455	350	69	61
470	342	43	46
465	328	78	88
480	322	40	60
477	329	38	37
480	320	34	47
480	319	34	46
470	310	32	23
498	309	10	29
508	303	27	30
511	297	31	32
515	290	35	46
515	284	36	53
512	279	39	49
517	277	81	84
505	282	112	89
496	285	110	88
496	289	103	100
489	296	109	94
474	301	127	103
460	314	141	106
453	316	158	103
443	313	155	107
434	312	165	109
432	317	149	104
419	320	149	100
420	325	141	98
402	322	155	102
364	317	171	108
351	312	186	114
341	310	133	99
359	313	162	97
360	307	160	104
358	306	136	98
368	310	167	105
366	308	168	110
374	306	153	111
391	308	150	108
397	308	156	108
404	307	156	109
421	306	148	108
419	308	146	103
436	316	135	98
439	317	143	98
458	314	130	93
477	315	140	97
481	314	140	95
494	316	140	94
501	315	137	92
503	314	143	91
516	315	120	84
525	315	140	87
516	311	112	77
527	316	90	78
536	323	141	83
524	317	107	73
537	326	89	75
545	344	101	61
538	333	61	74
533	348	70	52
533	347	62	52
533	345	74	52
539	343	55	54
527	347	89	53
537	334	107	68
528	313	116	88
505	312	113	82
516	314	102	81
510	313	136	88
498	305	120	85
500	308	150	102
487	308	107	78
497	316	150	94
487	314	102	75
488	321	164	86
487	314	101	80
495	315	154	86
491	312	100	82
492	318	150	80
490	317	112	84
504	330	105	70
502	333	99	69
509	338	120	64
509	329	144	77
517	326	125	85
526	324	126	86
519	330	136	83
522	332	112	81
529	335	142	79
527	328	140	88
526	326	140	89
529	326	137	88
528	335	114	79
527	351	136	64
530	348	123	70
532	346	150	75
540	333	164	94
535	325	171	103
531	317	166	107
533	314	150	102
531	315	157	100
530	311	132	92
534	327	113	80
528	327	122	77
527	328	125	76
526	326	126	77
525	325	146	79
524	318	139	90
519	316	148	91
524	314	129	88
529	326	128	83
525	324	124	81
527	322	143	82
527	317	103	81
525	324	147	91
520	314	137	93
535	327	98	78
531	328	147	80
529	319	135	89
531	313	122	92
537	320	151	110
526	315	132	91
542	334	142	94
534	320	154	104
526	313	141	100
542	333	109	80
537	327	153	86
532	321	155	97
532	317	154	103
538	316	144	103
528	316	147	101
535	321	144	96
526	319	140	97
532	329	136	88
527	326	150	92
523	322	144	95
533	322	143	95
526	318	153	98
523	316	152	100
532	319	148	97
528	316	147	99
534	322	145	94
530	319	146	96
526	323	152	92
527	324	149	94
541	321	137	95
533	328	141	88
538	326	147	91
541	323	146	94
546	324	139	90
548	329	143	86
552	327	139	88
552	328	140	87
552	333	139	84
554	335	141	85
556	334	141	88
550	337	140	86
557	342	138	81
553	339	146	85
555	339	146	86
549	341	139	87
546	337	149	86
549	334	149	84
548	335	153	80
542	339	132	64
541	342	66	63
533	346	147	24
530	343	76	56
525	343	79	55
521	343	77	60
517	344	72	62
515	346	76	59
508	347	71	59
500	348	78	57
492	347	147	58
481	342	136	65
480	343	88	56
474	337	85	64
464	336	87	64
455	335	93	65
451	337	84	63
444	339	82	61
446	346	70	54
440	349	79	66
429	361	81	67
435	362	70	64
424	364	164	58
416	349	99	76
419	359	108	65
416	355	140	73
420	347	121	85
412	342	156	93
413	350	147	86
411	340	88	70
420	349	70	67
398	351	132	66
425	354	159	69
413	362	175	74
402	374	179	72
401	369	171	83
416	365	171	94
416	365	161	90
410	366	178	92
403	376	186	89
380	359	108	78
359	365	131	67
349	370	147	74
348	379	209	83
335	390	168	85
333	403	93	74
328	410	70	64
322	422	65	58
310	420	68	52
302	417	69	52
298	414	64	57
291	414	67	57
284	419	67	57
285	420	66	58
294	430	61	61
297	434	55	59
304	433	61	51
313	418	58	48
310	412	62	53
316	403	65	51
325	393	67	63
348	398	60	53
371	385	50	59
390	382	56	53
415	373	93	66
446	357	88	74
466	335	81	89
488	320	87	109
501	310	66	96
514	304	62	78
523	310	62	74
532	299	75	104
537	300	79	102
539	314	112	118
558	318	129	101
558	317	144	100
545	315	154	103
548	325	164	93
571	319	113	79
588	319	86	56
592	319	72	47
600	323	68	52
609	327	68	47
620	324	66	48
629	325	64	48
632	333	68	53
634	337	63	49
642	343	65	51
641	349	74	55
641	356	68	51
649	358	71	50
656	357	72	50
654	351	81	55
649	347	78	55
646	345	77	58
640	337	80	53
633	338	81	52
615	339	84	53
608	337	78	57
595	340	81	66
583	346	86	58
576	350	123	66
567	354	105	66
560	351	120	69
555	341	101	68
547	337	135	82
541	328	93	65
532	329	91	58
529	331	88	59
532	334	81	61
533	341	78	56
535	349	80	65
535	357	73	59
533	367	73	62
538	377	75	67
537	392	86	58
533	389	124	60
535	384	153	74
535	375	180	89
536	368	180	98
530	366	179	93
509	360	194	99
504	364	180	86
492	359	211	95
489	360	192	86
492	348	143	90
487	339	93	62
488	327	75	58
494	312	72	61
493	301	71	58
496	297	63	58
501	286	69	67
505	286	61	60
505	287	57	58
506	288	57	62
506	291	60	60
504	295	57	54
502	305	54	50
503	317	49	49
507	329	44	47
511	334	39	49
513	332	97	71
525	321	97	88
524	324	104	81
523	324	114	83
522	324	123	92
509	321	150	94
502	321	167	98
494	327	181	96
487	341	152	75
481	344	157	77
476	355	156	74
468	354	151	56
452	355	151	56
450	336	134	67
450	328	128	77
447	318	125	83
440	319	127	84
432	314	136	86
432	309	103	76
427	314	130	94
430	306	132	96
439	313	110	87
446	326	116	72
462	334	108	65
474	340	101	60
488	317	92	87
500	329	97	94
520	341	93	89
554	332	98	92
562	341	109	80
580	345	113	75
598	335	116	83
613	340	114	75
625	342	112	74
644	347	127	72
668	342	128	81
691	346	125	81
709	347	125	85
722	342	134	93
730	341	139	96
729	340	154	101
734	340	161	107
740	340	163	112
730	347	150	110
718	343	140	110
719	346	133	106
715	351	123	102
702	361	122	94
695	359	120	96
692	366	120	99
680	365	119	95
676	370	119	92
667	362	118	93
658	372	125	90
645	380	127	92
638	386	139	87
640	387	141	90
637	390	133	91
632	392	127	90
631	390	126	88
625	392	122	87
620	392	135	97
620	382	135	101
622	385	136	96
623	382	126	95
619	383	137	93
622	378	136	98
621	380	128	92
624	377	132	96
624	371	128	95
620	373	130	95
617	370	135	99
617	367	143	100
617	368	137	96
615	370	143	95
620	370	138	95
619	375	137	91
617	379	138	91
611	371	141	98
617	372	136	97
608	375	136	93
607	372	141	96
608	370	142	96
608	375	142	92
612	377	139	91
617	374	129	92
610	382	131	82
610	378	133	88
609	383	130	83
607	378	129	86
612	383	127	83
608	382	129	85
610	384	130	85
608	384	129	85
608	383	131	87
611	384	130	87
612	384	131	88
617	386	125	87
614	391	127	82
623	398	121	80
622	397	121	83
620	399	125	83
619	399	125	84
617	400	124	83
610	402	128	83
607	400	130	84
605	402	133	83
608	401	131	85
604	402	132	83
602	400	130	83
599	400	134	84
603	399	130	85
601	397	134	85
597	397	136	86
600	395	130	87
599	392	132	86
600	393	133	85
598	392	135	84
611	396	125	83
607	393	132	85
616	395	127	84
612	395	130	84
614	390	136	88
614	384	134	91
606	378	146	98
605	365	151	112
599	357	161	117
593	354	155	104
586	346	155	101
576	340	157	104
565	334	153	112
525	275	175	159
508	246	176	195
482	252	144	164
489	258	136	161
481	245	146	189
482	258	133	164
470	251	139	181
466	261	139	178
483	333	120	117
483	374	140	77
484	383	142	75
478	390	143	74
464	384	143	78
454	380	153	76
431	381	176	77
424	386	113	81
415	398	167	56
415	398	122	74
410	410	106	69
401	415	92	63
394	413	158	47
393	418	171	42
390	416	91	58
385	415	74	61
395	420	71	55
396	426	74	60
390	425	75	65
388	425	91	79
385	435	123	86
378	447	95	95
382	463	91	93
390	469	99	83
396	471	154	77
397	465	157	87
416	467	122	78
411	468	112	78
415	471	100	71
408	473	94	69
402	476	99	78
405	480	92	93
396	486	106	85
394	485	104	86
400	468	121	82
391	463	211	79
407	448	183	106
422	442	155	116
417	442	131	113
401	443	122	90
389	442	116	78
376	431	111	85
363	431	117	83
349	441	114	78
336	449	108	93
321	458	112	96
312	469	110	81
326	468	105	72
318	449	212	113
314	438	184	112
307	430	137	97
320	428	119	96
303	419	119	82
293	423	210	119
286	431	111	75
282	429	124	65
293	440	99	75
306	454	89	77
315	466	77	73
326	469	80	73
338	467	88	37
351	452	60	56
353	456	72	51
367	455	66	70
377	451	82	73
368	452	86	74
356	460	94	83
349	463	92	77
345	463	93	82
339	461	99	89
327	451	102	84
320	439	163	91
321	418	224	116
320	387	157	121
313	380	118	90
311	371	116	84
318	366	95	73
328	368	97	84
317	385	99	77
329	395	94	78
347	391	95	82
371	380	91	75
386	366	90	78
401	364	107	97
419	354	162	114
417	333	192	127
413	349	135	92
434	360	95	82
429	365	95	77
421	373	96	90
427	384	95	78
445	372	85	85
456	364	84	87
445	374	131	99
431	388	238	104
449	376	226	120
458	377	227	114
485	380	221	110
483	376	228	115
478	384	234	118
481	400	236	116
491	411	234	119
494	423	234	119
491	435	238	120
492	430	239	132
497	423	240	139
501	415	240	137
507	410	220	132
522	402	211	136
526	393	207	128
531	387	209	130
533	382	199	131
538	378	197	137
551	371	196	143
551	364	194	145
552	359	183	148
553	354	180	148
564	348	173	150
572	339	164	151
573	336	160	156
574	331	156	162
582	335	150	160
590	329	156	164
599	326	145	168
604	327	142	173
609	330	138	176
612	335	138	177
616	344	136	182
622	350	133	178
626	352	133	177
621	364	132	172
618	368	129	169
625	375	121	163
628	374	139	174
622	382	135	165
633	382	131	170
643	378	119	178
650	378	106	173
653	377	109	182
659	372	102	192
664	373	89	188
669	374	86	188
669	373	80	181
664	371	79	167
661	373	74	143
660	373	58	81
656	377	58	64
649	382	60	58
644	387	60	56
637	392	60	55
634	394	62	54
631	395	64	54
631	398	64	55
624	402	66	54
624	406	63	58
623	408	60	52
625	407	55	49
623	408	54	49
617	408	55	50
609	402	60	54
604	395	58	71
604	398	61	68
601	399	59	63
595	398	63	62
602	401	61	78
599	405	68	95
589	418	69	68
589	410	96	150
581	428	106	170
589	414	87	171
581	419	84	163
590	413	81	158
582	423	90	146
587	401	95	177
574	416	96	154
572	405	97	158
583	401	91	168
584	398	95	162
578	398	96	170
572	394	102	163
578	394	99	161
579	394	100	162
573	393	102	163
567	399	108	161
571	394	108	163
576	392	109	151
580	394	110	123
583	396	109	99
579	400	109	83
577	403	109	95
563	406	128	95
559	405	129	126
553	408	134	149
561	402	132	155
561	403	130	156
546	403	141	158
543	404	143	157
544	402	144	159
537	404	148	158
530	401	150	162
529	405	146	155
527	405	146	158
530	404	143	158
527	403	145	164
528	404	145	163
527	407	144	159
524	405	148	161
523	405	146	157
520	406	148	158
522	409	145	158
522	407	146	162
514	413	151	162
512	415	151	162
506	416	152	162
506	415	151	162
507	416	148	161
500	417	156	157
500	418	155	155
497	419	154	161
502	417	150	162
498	418	155	157
493	417	154	160
501	412	149	156
495	410	153	157
491	408	155	157
499	410	149	154
493	409	154	153
499	408	153	155
494	410	154	154
497	409	153	157
503	407	151	156
499	408	153	148
497	410	156	147
493	410	159	149
499	406	157	152
489	413	163	153
505	406	152	156
491	411	164	152
501	408	153	148
488	410	162	148
501	402	153	151
488	403	160	155
501	399	155	154
494	404	159	150
509	402	150	151
502	405	154	150
509	399	154	152
505	398	157	148
499	396	158	148
506	392	153	146
502	390	157	148
500	388	157	149
501	390	157	147
511	379	154	147
497	377	158	146
478	383	165	145
462	387	167	145
472	383	155	149
467	387	160	148
455	395	166	151
455	401	162	147
444	399	166	149
431	397	167	149
423	389	165	149
408	382	167	148
394	375	168	148
387	367	165	146
376	357	166	154
368	348	166	151
368	335	158	154
375	324	153	149
372	322	154	143
363	319	159	144
354	324	161	141
343	330	160	144
331	339	166	138
320	346	172	140
313	353	173	144
310	358	172	150
333	360	161	143
329	363	163	132
320	366	171	135
334	367	168	135
360	359	159	129
366	351	168	116
364	349	162	119
359	349	158	124
353	351	170	127
351	352	171	137
356	354	167	133
356	354	159	126
362	351	164	124
372	344	158	120
363	341	155	122
368	333	160	108
361	327	162	112
372	320	149	113
347	316	171	99
313	332	187	102
315	328	186	123
327	324	180	130
333	322	166	133
337	321	152	123
314	320	165	117
289	321	180	132
288	328	186	141
304	335	183	138
310	345	185	139
325	349	181	140
319	356	189	142
331	358	179	140
349	358	174	131
368	352	162	121
346	350	178	110
345	346	182	118
342	343	185	130
351	340	185	131
362	338	183	132
371	335	182	128
373	333	183	130
392	328	175	128
399	321	182	123
400	318	185	130
401	317	188	133
394	321	191	136
388	327	191	138
399	329	186	140
420	329	177	139
423	328	186	133
415	330	174	134
406	340	179	134
412	340	188	133
424	337	185	137
424	337	177	135
426	336	186	132
429	333	188	129
441	328	181	127
457	324	173	120
470	318	168	110
459	313	186	109
465	306	185	120
449	303	195	125
442	301	208	133
440	298	207	141
448	296	207	141
444	297	214	142
440	296	217	149
438	302	211	148
434	305	214	148
438	309	206	149
440	312	211	148
435	318	217	148
436	322	212	151
433	324	216	149
435	328	209	151
445	328	203	149
440	329	211	150
438	332	207	153
437	335	207	151
447	335	198	149
450	336	199	146
446	335	195	142
445	335	203	140
441	334	210	144
433	337	216	147
438	336	210	151
438	336	209	152
440	337	208	152
448	337	203	149
447	337	211	147
449	336	207	150
449	336	207	148
448	336	207	145
445	336	215	142
447	338	211	145
439	339	215	151
432	337	213	160
422	335	218	163
408	333	221	166
394	332	223	165
382	334	220	157
367	343	240	144
361	354	242	132
357	359	237	132
416	378	179	122
415	371	157	134
453	394	98	116
409	383	127	120
390	344	120	198
380	348	126	213
358	346	137	222
334	345	148	212
318	365	163	203
279	413	157	174
249	443	138	153
239	471	144	140
230	491	157	133
222	503	155	143
193	519	171	142
153	536	187	152
129	548	281	120
141	541	233	147
90	273	125	59
177	139	82	112
344	54	40	110
411	45	73	81
482	45	26	120
568	29	15	78
550	45	76	49
618	37	77	126
675	83	120	54
794	68	92	57
909	8	66	106
1027	17	72	102
1148	22	75	105
1089	90	145	66
1170	83	109	59
1064	145	141	78
911	99	270	158
697	210	248	346
214	452	272	173
243	449	248	165
240	408	237	155
227	380	218	158
217	358	223	144
219	338	195	159
238	313	171	156
239	285	171	112
244	250	175	115
248	232	177	127
254	208	186	136
256	195	192	138
277	188	173	133
302	183	162	134
331	177	171	140
352	167	166	147
359	173	144	142
347	201	149	125
359	227	124	106
385	232	87	94
418	222	78	91
445	211	164	206
459	211	253	220
467	191	238	227
484	176	219	225
500	166	180	217
510	170	163	227
504	171	162	224
506	171	156	209
514	176	160	223
513	171	156	203
500	194	139	192
483	218	117	181
468	239	108	160
459	252	113	146
451	262	120	126
447	265	122	123
439	271	109	125
426	279	113	133
407	285	129	131
411	286	137	132
421	295	153	125
420	309	164	124
403	327	191	119
409	323	188	130
427	315	190	136
450	309	166	134
464	300	127	132
472	302	141	126
484	298	143	128
498	294	139	127
509	296	130	123
516	297	125	126
524	298	120	124
527	296	110	131
530	302	92	129
541	305	85	118
543	305	82	113
544	308	75	110
559	305	63	112
562	298	67	100
553	289	68	105
537	283	72	101
534	276	75	97
532	269	77	98
533	268	76	100
535	259	75	100
530	252	80	111
518	248	71	117
514	253	75	115
525	255	64	117
527	257	65	117
528	258	67	116
522	259	66	118
515	263	72	113
511	265	74	107
510	265	76	106
507	264	76	102
504	262	77	100
504	255	74	102
506	239	72	111
507	236	71	112
508	233	70	110
513	231	64	106
517	227	64	98
511	226	61	92
509	226	68	94
516	222	68	99
514	216	73	104
510	218	76	102
507	215	86	103
498	217	100	99
480	226	111	93
470	242	108	84
471	244	110	84
458	251	116	77
436	258	126	81
419	260	149	82
415	259	158	85
410	268	164	78
407	276	166	73
409	270	186	84
413	279	163	66
421	287	187	66
426	281	192	76
435	294	182	66
446	280	189	71
455	292	183	67
457	291	183	59
462	296	182	55
466	287	188	61
477	296	179	59
467	288	194	63
481	297	185	63
472	287	198	66
485	297	178	63
477	292	196	64
485	298	184	63
477	293	188	70
487	303	173	59
488	298	179	63
497	299	166	65
489	292	176	76
494	286	161	86
495	280	140	87
498	286	148	77
495	287	125	73
493	285	76	69
495	289	66	75
494	291	68	80
496	292	65	84
508	291	66	86
512	295	84	82
511	294	73	92
512	298	81	94
511	306	77	92
501	310	79	90
492	316	72	88
489	332	69	83
483	338	71	83
472	340	78	84
456	339	82	92
447	343	74	89
428	345	78	91
415	330	130	75
382	340	123	88
371	327	124	96
355	323	140	96
343	312	137	104
337	310	158	104
361	306	157	113
387	299	141	114
409	293	160	99
438	285	154	100
442	289	119	100
457	284	165	79
462	266	122	76
480	253	114	87
491	247	114	111
494	258	123	117
499	272	122	134
501	285	124	117
490	295	123	107
468	310	130	108
427	329	125	103
391	348	248	97
373	362	167	123
368	367	154	115
356	366	204	115
350	360	238	128
335	355	161	119
320	359	153	111
317	358	141	108
301	367	144	119
278	379	154	109
264	390	147	115
250	399	146	116
254	411	309	110
263	417	166	117
256	416	180	104
251	403	152	95
250	394	145	104
253	387	141	99
250	366	148	110
254	351	135	110
257	345	151	114
256	346	156	112
264	353	138	109
290	366	131	97
323	372	116	94
339	376	118	87
353	381	119	93
367	377	119	89
383	363	116	79
402	348	124	96
392	336	119	84
386	330	116	74
396	312	119	97
390	312	111	90
404	303	96	90
415	294	135	113
432	280	181	152
443	266	146	140
450	255	121	118
460	246	128	121
464	240	77	89
464	238	74	79
485	250	67	75
493	270	81	59
494	289	72	56
509	309	53	49
532	327	59	18
554	340	35	35
563	354	40	34
553	358	45	32
548	354	42	57
554	326	50	66
570	298	54	69
571	295	76	84
552	324	117	128
540	343	124	132
542	340	141	123
542	344	132	118
527	351	135	109
509	339	135	118
496	347	129	133
484	359	132	136
493	360	146	124
507	340	152	139
479	317	170	153
449	284	384	132
534	234	522	250
449	153	414	218
483	140	697	324
489	95	535	299
488	81	407	253
853	221	407	240
843	208	375	229
669	169	389	215
502	145	356	160
801	218	321	234
566	146	366	190
1088	317	151	163
1085	333	149	121
1128	321	129	131
1023	294	209	164
938	342	222	127
974	380	113	79
1123	399	59	53
1109	376	140	144
996	363	82	97
1064	340	127	88
1136	355	72	69
1021	238	201	182
952	296	196	156
858	197	309	247
494	273	96	157
476	313	162	75
479	330	175	75
485	341	165	83
465	342	183	90
454	342	165	99
448	331	177	91
461	305	160	92
450	285	151	107
403	292	157	114
386	319	148	106
405	316	150	111
427	308	158	110
438	301	160	109
424	308	156	102
421	307	170	101
427	313	167	92
429	319	169	89
428	308	173	95
428	306	165	96
429	298	167	105
429	292	163	112
445	296	126	110
451	306	100	99
454	331	115	80
470	349	30	29
492	342	49	58
481	347	60	56
468	364	53	49
471	365	47	49
470	365	53	52
460	364	59	51
455	357	94	62
469	348	141	73
479	337	135	88
476	333	130	90
466	335	121	83
457	330	134	84
451	319	128	85
418	335	146	68
408	344	154	58
396	339	179	60
411	351	165	61
412	362	154	50
404	370	169	46
475	347	101	69
439	329	144	83
490	350	100	52
429	327	173	75
461	338	136	75
455	356	146	63
449	339	151	77
454	331	133	82
475	327	112	79
489	304	100	85
488	309	97	80
471	319	107	80
438	290	195	133
370	282	142	138
377	266	183	153
374	264	161	143
380	265	145	138
391	264	238	150
391	262	171	157
404	264	142	147
412	263	246	153
412	277	140	147
444	273	217	144
433	299	163	134
452	299	220	143
440	304	228	156
429	345	222	141
461	339	212	164
484	355	179	155
495	354	213	153
487	351	239	169
485	352	167	134
507	327	186	152
507	326	194	166
491	327	199	183
503	335	146	165
510	323	181	167
519	314	147	139
518	304	207	166
498	299	144	152
508	283	125	129
506	277	120	124
488	279	130	113
494	253	112	135
481	263	121	153
472	242	100	193
464	239	97	195
452	309	114	152
454	264	116	205
455	275	99	223
455	335	109	168
469	338	103	172
483	286	148	192
487	271	157	227
484	270	208	224
490	274	208	217
505	283	222	208
524	271	221	217
528	283	207	225
537	258	215	234
548	293	215	207
564	268	196	232
572	252	203	237
584	247	191	241
592	236	202	244
601	231	185	261
602	218	184	279
604	208	189	281
608	202	182	290
600	195	186	293
600	195	189	287
604	200	198	265
615	218	225	229
641	222	166	268
648	224	172	290
662	255	168	268
702	241	133	288
685	249	135	270
651	263	129	260
616	298	178	226
674	253	72	271
519	424	250	102
505	372	290	167
492	386	181	119
506	374	270	134
502	367	122	115
486	394	297	114
501	340	306	182
487	331	234	166
489	293	112	182
488	401	280	103
505	273	317	247
467	262	198	226
491	326	134	138
472	380	275	113
482	396	174	94
474	382	238	106
458	398	261	114
436	406	188	92
436	422	264	107
516	376	214	94
411	426	220	96
415	443	217	97
419	446	245	106
429	458	270	108
489	381	237	193
454	404	251	158
437	413	229	155
423	417	262	154
549	368	164	173
413	397	247	137
403	395	258	145
395	382	233	123
391	377	275	140
390	362	281	130
406	375	178	155
373	375	86	229
252	521	94	112
269	531	102	115
368	456	19	184
321	581	89	56
315	590	105	73
337	577	116	96
474	398	44	189
497	395	82	86
508	400	66	80
512	400	75	85
523	394	79	82
526	388	74	79
526	386	73	80
533	393	78	82
542	401	81	79
542	405	83	75
532	411	91	67
528	414	88	66
523	408	90	71
521	404	90	73
512	399	88	76
506	389	198	128
508	380	109	99
492	395	106	83
489	396	138	85
480	388	172	94
463	380	158	96
444	378	123	100
428	383	97	73
414	374	68	70
400	390	85	75
384	406	112	84
357	415	102	81
343	429	165	89
337	439	255	87
336	449	275	93
359	451	230	111
384	452	202	118
406	457	179	115
411	442	188	117
458	429	157	133
482	446	159	110
523	434	162	120
546	439	174	113
587	434	174	112
651	437	161	114
687	434	111	115
711	431	118	109
736	430	118	131
734	427	126	137
750	419	135	141
770	419	179	179
795	413	175	175
823	422	128	162
834	414	124	166
846	425	76	79
873	417	86	92
878	425	91	150
826	431	147	181
815	424	166	181
806	433	167	164
795	429	167	151
773	432	173	136
750	433	174	153
737	433	169	157
735	426	157	157
715	427	162	162
710	424	153	168
689	415	157	175
689	422	146	162
689	415	139	166
687	413	136	167
666	419	137	164
666	415	132	175
650	417	145	174
672	425	118	162
654	409	110	123
671	409	84	94
665	391	60	77
635	386	65	59
620	385	60	63
599	374	63	70
579	369	65	79
546	357	79	86
527	352	157	166
494	363	193	144
471	361	222	149
452	357	217	149
430	353	210	148
410	356	229	138
399	345	234	149
384	343	232	146
373	339	213	146
363	338	206	138
349	338	212	137
334	334	212	140
327	331	227	124
321	341	234	116
283	331	232	108
258	341	242	109
264	335	228	124
250	323	239	128
240	316	228	137
225	314	193	119
203	331	225	108
187	338	236	102
155	324	251	93
143	329	246	105
150	342	231	102
145	331	213	100
148	342	169	87
147	335	152	78
161	334	131	91
161	334	84	67
172	328	74	80
167	330	178	109
200	319	179	96
205	332	215	90
216	317	196	93
230	316	184	105
259	314	159	111
282	295	160	112
305	291	153	112
322	287	151	93
328	279	153	105
351	254	107	103
367	283	115	97
391	279	111	98
399	264	119	108
408	277	119	91
408	270	135	96
409	272	129	95
396	274	95	88
410	291	78	58
407	278	66	58
397	286	53	50
385	294	63	56
369	291	75	64
357	298	79	58
350	306	82	54
362	296	77	61
366	298	80	56
359	295	81	50
373	290	82	52
374	275	76	61
377	279	81	60
381	280	78	56
