0.009232
0.046541
0.039308
0.056600
0.038858
0.037216
0.036316
0.031940
0.032550
0.032846
0.033060
0.029662
0.037902
0.036893
0.050930
0.046829
0.032685
0.038734
0.040070
0.028063
0.030437
0.037738
0.041542
0.034337
0.035872
0.033609
0.037042
0.031317
0.046696
0.032937
0.039488
0.027117
0.049279
0.032515
0.031798
0.031021
0.035962
0.033563
0.034196
0.028036
0.042521
0.040928
0.042700
0.041091
0.027966
0.037582
0.040201
0.035856
0.035165
0.035493
0.042921
0.048167
0.048882
0.032763
0.050287
0.032223
0.041914
0.046279
0.041667
0.040153
0.030417
0.042662
0.045220
0.042905
0.035718
0.038038
0.034403
0.040057
0.040269
0.036997
0.041723
0.036340
0.034867
0.044847
0.039469
0.035637
0.030909
0.029169
0.041517
0.037148
0.041431
0.036124
0.031026
0.027071
0.024687
0.032273
0.037175
0.033956
0.030448
0.028317
0.030123
0.036988
0.028822
0.032792
0.039190
0.039986
0.034739
0.045990
0.048747
0.028301
0.035529
0.029932
0.035107
0.035668
0.047535
0.040404
0.042862
0.034726
0.045090
0.042562
0.040920
0.037156
0.038824
0.048661
0.040797
0.032296
0.037247
0.043909
0.043222
0.029807
0.031066
0.046923
0.028549
0.033186
0.061082
0.033679
0.035380
0.046236
0.047126
0.031118
0.042887
0.031114
0.027414
0.043206
0.032178
0.033494
0.039922
0.037936
0.046112
0.032368
0.053484
0.035144
0.034617
0.043003
0.046658
0.034555
0.045830
0.049019
0.037309
0.033626
0.042299
0.031305
0.036701
0.041054
0.044157
0.038615
0.031906
0.055823
0.045706
0.032367
0.041981
0.034683
0.042410
0.040753
0.037099
0.058007
0.040602
0.034208
0.047938
0.032638
0.031301
0.038906
0.035024
0.038450
0.061467
0.034993
0.035961
0.036949
0.034985
0.055917
0.032067
0.031990
0.032614
0.033225
0.035672
0.039950
0.041749
0.036978
0.033072
0.033438
0.032871
0.040715
0.041154
0.047619
0.030356
0.042079
0.043651
0.041894
0.035595
0.029629
0.035157
0.038473
0.030735
0.032669
0.042009
0.036030
0.053117
0.038713
0.033218
0.030662
0.044588
0.033131
0.035880
0.050687
0.032037
0.042203
0.032300
0.041476
0.038116
0.043911
0.042741
0.042759
0.036641
0.048406
0.032442
0.030657
0.036499
0.033159
0.031836
0.031130
0.041271
0.036606
0.033267
0.033569
0.032566
0.057449
0.048740
0.042710
0.031822
0.034683
0.039922
0.030609
0.034005
0.028613
0.029305
0.039385
0.030889
0.033183
0.037371
0.038719
0.033244
0.026826
0.027655
0.028963
0.061586
0.032299
0.054229
0.033439
0.035819
0.056209
0.036455
0.037541
0.034470
0.043019
0.038085
0.037441
0.035657
0.039359
0.031741
0.044148
0.033574
0.028778
0.029641
0.054744
0.042687
0.044769
0.032747
0.035742
0.047941
0.038476
0.044591
0.044198
0.033422
0.041534
0.034399
0.031564
0.046003
0.039401
0.031831
0.038910
0.049845
0.030962
0.030488
0.056931
0.035550
0.032853
0.034115
0.040453
0.048840
0.040141
0.039550
0.036817
0.039914
0.031133
0.058761
0.051696
0.046077
0.031477
0.035752
0.030062
0.032248
0.040601
0.033136
0.034900
0.038345
0.030159
0.030779
0.042055
0.034397
0.042929
0.045446
0.041131
0.034061
0.029346
0.033621
0.038878
0.029969
0.032198
0.039670
0.031843
0.031945
0.033353
0.029825
0.045233
0.040093
0.046993
0.037731
0.033595
0.034382
0.029769
0.026232
0.020049
0.044765
0.030078
0.027301
0.038581
0.041018
0.042184
0.035192
0.031214
0.034878
0.028638
0.029267
0.036194
0.034515
0.042388
0.042530
0.036657
0.045450
0.031988
0.036849
0.050188
0.039097
0.035784
0.051432
0.034506
0.049914
0.032812
0.047519
0.058043
0.037440
0.048217
0.039661
0.046082
0.050200
0.032583
0.057257
0.034345
0.028806
0.032131
0.039093
0.052956
0.033137
0.047164
0.036709
0.028880
0.051269
0.031492
0.036299
0.044484
0.046859
0.047991
0.040477
0.031817
0.031861
0.032212
0.030145
0.053605
0.045976
0.038639
0.040460
0.037927
0.056395
0.027850
0.029131
0.033833
0.036799
0.038170
0.030518
0.031997
0.032915
0.031242
0.029749
0.031779
0.044034
0.040038
0.038235
0.037618
0.054669
0.032109
0.031701
0.033993
0.034864
0.052784
0.038013
0.031600
0.038715
0.035986
0.030445
0.033422
0.039603
0.034993
0.040409
0.039865
0.038936
0.038970
0.031237
0.029264
0.032577
0.030813
0.054293
0.040637
0.032774
0.043708
0.041088
0.037964
0.032392
0.040293
0.039164
0.031847
0.043344
0.037851
0.028786
0.028281
0.031227
0.029073
0.038700
0.044358
0.032541
0.042125
0.039242
0.047084
0.042683
0.033522
0.038431
0.041476
0.030308
0.042663
0.033814
0.033256
0.050134
0.036395
0.048450
0.040677
0.042873
0.034646
0.032278
0.047700
0.038219
0.032609
0.030392
0.033175
0.042271
0.037187
0.043525
0.042173
0.041953
0.042965
0.052601
0.040541
0.037235
0.031880
0.029858
0.031343
0.029678
0.040148
0.033558
0.036660
0.037194
0.028644
0.043288
0.037416
0.030598
0.037306
0.038897
0.036957
0.034878
0.029969
0.036552
0.030893
0.028800
0.028459
0.062396
0.032637
0.039262
0.036290
0.035951
0.032944
0.048083
0.032267
0.049343
0.047954
0.030065
0.037425
0.037827
0.046979
0.045866
0.034814
0.046245
0.040958
0.044137
0.031362
0.027814
0.034062
0.041090
0.031063
0.037367
0.049435
0.041459
0.049782
0.026922
0.026554
0.042370
0.032937
0.037982
0.046426
0.038409
0.040933
0.029853
0.023544
0.036815
0.051900
0.032891
0.033549
0.032758
0.046299
0.037173
0.030448
0.033858
0.032691
0.057392
0.048106
0.042119
0.031592
0.044383
0.048040
0.029711
0.027488
0.041196
0.046295
0.048073
0.045424
0.038345
0.029562
0.032786
0.033940
0.047684
0.029681
0.033066
0.029966
0.031823
0.030151
0.028815
0.031533
0.032461
0.032782
0.056847
0.033532
0.046257
0.032324
0.033516
0.033469
0.033742
0.028719
0.033748
0.028176
0.036753
0.034444
0.042432
0.050636
0.040808
0.045132
0.034734
0.042391
0.039862
0.030202
0.045750
0.037816
0.036864
0.034996
0.033394
0.031058
0.034931
0.040753
0.029706
0.037526
0.040934
0.033255
0.037704
0.037165
0.036733
0.038598
0.039200
0.034791
0.037779
0.047082
0.047955
0.048183
0.040030
0.056099
0.042372
0.030006
0.032439
0.050360
0.038993
0.040776
0.046236
0.030703
0.044172
0.049530
0.050278
0.035192
0.033079
0.039005
0.034584
0.038988
0.048361
0.043949
0.047565
0.043410
0.033125
0.032683
0.042087
0.039505
0.032233
0.032326
0.026932
0.030387
0.032431
0.036157
0.043872
0.033586
0.032242
0.032870
0.035412
0.041831
0.035631
0.047256
0.031121
0.041786
0.033138
0.036295
0.041019
0.032860
0.032784
0.035100
0.032655
0.033706
0.042405
0.047218
0.044772
0.035362
0.034536
0.034791
0.036368
0.034153
0.035829
0.031325
0.033272
0.031381
0.032286
0.042297
0.032292
0.045040
0.035341
0.043362
0.040205
0.036429
0.042699
0.027565
0.026545
0.044956
0.038377
0.031176
0.039147
0.046484
0.044531
0.044495
0.035539
0.030392
0.029794
0.033861
0.034141
0.031700
0.039354
0.033866
0.035616
0.033213
0.047102
0.034789
0.034899
0.051692
0.049797
0.034341
0.039754
0.034218
0.037411
0.053408
0.042542
0.039142
0.034306
0.031047
0.030108
0.039666
0.034453
0.040770
0.031534
0.036454
0.032187
0.046796
0.033225
0.052685
0.031157
0.039197
0.042760
0.033224
0.050014
0.039698
0.043949
0.034412
0.037446
0.034031
0.042987
0.038089
0.033835
0.035176
0.030966
0.033234
0.039173
0.038683
0.036107
0.030927
0.059720
0.031833
0.044040
0.031544
0.032330
0.050690
0.041369
0.034336
0.032781
0.049469
0.037396
0.033488
0.041692
0.032962
0.042909
0.047274
0.039328
0.045722
0.047852
0.047571
0.030306
0.045030
0.041449
0.039154
0.037611
0.033006
0.026153
0.027728
0.053850
0.031393
0.041971
0.030704
0.033077
0.035661
0.035000
0.039137
0.054096
0.040592
0.032528
0.041426
0.040384
0.034523
0.028441
0.029881
0.031751
0.031870
0.042081
0.045117
0.028156
0.037776
0.040927
0.039582
0.028589
0.037865
0.040526
0.027285
0.030073
0.026768
0.030116
0.029377
0.041873
0.030863
0.033871
0.036350
0.030181
0.032787
0.034769
0.035895
0.051013
0.051038
0.043789
0.046077
0.024653
0.037804
0.036098
0.033344
0.040378
0.038156
0.044660
0.030576
0.032369
0.049925
0.049448
0.030678
0.036430
0.031747
0.033542
0.036049
0.040088
0.030151
0.033408
0.044399
0.033960
0.032625
0.029693
0.028940
0.032051
0.031075
0.042629
0.041265
0.056056
0.034788
0.037259
0.032150
0.029980
0.032292
0.031680
0.044747
0.036454
0.036007
0.040605
0.025765
0.031904
0.028906
0.029203
0.032001
0.037578
0.027529
0.032156
0.028240
0.031714
0.031482
0.030056
0.046380
0.043252
0.039271
0.052398
0.046702
0.033422
0.032940
0.043747
0.039286
0.045701
0.033366
0.030429
0.034846
0.036781
0.051606
0.037504
0.051800
0.032941
0.033242
0.046399
0.034079
0.035095
0.043361
0.032036
0.037565
0.033363
0.036528
0.034780
0.035924
0.038503
0.034381
0.029760
0.039855
0.038253
0.038669
0.028468
0.034511
0.045252
0.038744
0.031900
0.028837
0.027949
0.033439
0.043835
0.045701
0.046941
0.050601
0.047706
0.034672
0.039537
0.033324
0.038202
0.033745
0.038704
0.029621
0.043129
0.038816
0.032206
0.031819
0.032423
0.037793
0.047316
0.055067
0.043517
0.041949
0.032371
0.032702
0.059849
0.030061
0.030243
0.038799
0.043320
0.043502
0.032108
0.039300
0.053762
0.038732
0.034454
0.028241
0.036376
0.045915
0.033138
0.046447
0.050266
0.033680
0.047512
0.028487
0.043430
0.029324
0.044019
0.030284
0.025730
0.033681
0.031402
0.030289
0.029252
0.032033
0.028048
0.042262
0.033070
0.041784
0.033288
0.032386
0.027422
0.026880
0.037078
0.037244
0.045525
0.043136
0.033115
0.042912
0.033335
0.030216
0.031259
0.033687
0.041505
0.028590
0.045291
0.047631
0.033270
0.032905
0.027017
0.034215
0.043647
0.046186
0.039073
0.048450
0.033957
0.044398
0.040015
0.030641
0.037893
0.028914
0.045641
0.045134
0.032559
0.042171
0.037710
0.029844
0.030879
0.046626
0.033267
0.039022
0.038709
0.038163
0.030850
0.041409
0.037129
0.030748
0.054056
0.044924
0.031771
0.033302
0.052781
0.031249
0.033380
0.039889
0.038888
0.050518
0.046737
0.035732
0.038520
0.036323
0.039258
0.052447
0.036327
0.043633
0.038267
0.047094
0.055837
0.034580
0.035435
0.039286
0.040593
0.037589
0.035903
0.036474
0.038897
0.042512
0.049547
0.057155
0.047211
0.040774
0.042118
0.049610
0.031771
0.033102
0.030773
0.046769
0.034389
0.033374
0.035055
0.033586
0.034701
0.047727
0.047327
0.034820
0.045671
0.040717
0.051561
0.047579
0.035345
0.040982
0.032465
0.035831
0.040178
0.039739
0.043468
0.037399
0.043015
0.036658
0.045539
0.031213
0.038218
0.042317
0.044218
0.032416
0.039985
0.032451
0.031339
0.047673
0.026680
0.043329
0.048856
0.044091
0.042533
0.050395
0.051775
0.046701
0.037657
0.035601
0.028877
0.037129
0.035785
0.028554
0.024787
0.027380
0.053620
0.041113
0.028984
0.038964
0.031469
0.033379
0.039941
0.034384
0.033684
0.037816
0.029475
0.050840
0.030911
0.042718
0.039634
0.052852
0.037145
0.039487
0.028971
0.028419
0.046729
0.029317
0.037925
0.039528
0.039472
0.030510
0.045491
0.027490
0.030522
0.052989
0.027879
0.024899
0.039432
0.041065
0.043316
0.035215
0.033797
0.038244
0.029058
0.046747
0.031381
0.029490
0.034961
0.032340
0.031490
0.029773
0.032946
0.032869
0.049162
0.031080
0.033282
0.039342
0.030270
0.034925
0.044326
0.043538
0.051778
0.032955
0.043776
0.041862
0.036729
0.042902
0.046687
0.034730
0.047632
0.036537
0.034162
0.042825
0.043931
0.036950
0.043985
0.037960
0.031100
0.036958
0.040054
0.035539
0.039956
0.038690
0.033726
0.039798
0.029231
0.041632
0.045708
0.033871
0.044886
0.051380
0.039381
0.037784
0.039221
0.038635
0.046859
0.029856
0.028849
0.035173
0.033688
0.039154
0.030081
0.034858
0.045151
0.033627
0.047479
0.048092
0.039985
0.030798
0.034628
0.034875
0.034201
0.046042
0.043118
0.035775
0.044833
0.034036
0.033830
0.042731
0.032728
0.031368
0.030900
0.036834
0.047511
0.044760
0.038112
0.034686
0.038554
0.035540
0.034933
0.033619
0.046106
0.045856
0.055630
0.029993
0.032182
0.030340
0.032771
0.034427
0.041401
0.038647
0.045414
0.033065
0.043723
0.031745
0.033228
0.045049
0.035547
0.034905
0.042387
0.027475
0.032659
0.035715
0.030344
0.043413
0.037509
0.027871
0.028538
0.036760
0.033332
0.038206
0.028112
0.040862
0.041719
0.028074
0.030330
0.033767
0.043082
0.048539
0.044977
0.041619
0.047878
0.032165
0.038138
0.039002
0.032098
0.044618
0.051733
0.040323
0.033943
0.031186
0.047313
0.031977
0.032111
0.033202
0.039981
0.038380
0.032007
0.037295
0.031136
0.031415
0.046148
0.037066
0.031739
0.044694
0.031443
0.032060
0.036586
0.038346
0.032780
0.039441
0.030931
0.037972
0.045335
0.034237
0.048299
0.051310
0.050132
0.057565
0.045751
0.033654
0.026608
0.039439
0.041789
0.030534
0.042381
0.034322
0.032065
0.033146
0.036014
0.031495
0.045032
0.031855
0.034409
0.037567
0.038425
0.029546
0.033259
0.025714
0.032930
0.031695
0.031801
0.029877
0.037102
0.041936
0.027197
0.032009
0.036340
0.032031
0.036100
0.029691
0.038637
0.047099
0.034037
0.053702
0.037986
0.044734
0.031418
0.033118
0.033095
0.032252
0.033577
0.030789
0.037196
0.044564
0.048226
0.040874
0.034375
0.031729
0.044096
0.030943
0.029002
0.036935
0.033352
0.032024
0.037887
0.040358
0.041619
0.038081
0.039410
0.034243
0.042013
0.039463
0.028797
0.028758
0.034642
0.046335
0.033423
0.031399
0.033703
0.027692
0.040035
0.034822
0.038139
0.033878
0.040875
0.030182
0.030440
0.029431
0.030586
0.033865
0.043766
0.031703
0.031919
0.028903
0.039387
0.034028
0.034072
0.030136
0.040121
0.029323
0.031623
0.039487
0.030203
0.029222
0.039653
0.049150
0.032066
0.034990
0.039960
0.036802
0.032375
0.031604
0.038428
0.030138
0.038738
0.043482
0.032673
0.031530
0.041888
0.032486
0.027774
0.037283
0.026190
0.044950
0.030573
0.041286
0.032892
0.030009
0.042116
0.045357
0.031867
0.039672
0.029499
0.049564
0.028592
0.043994
0.040561
0.047764
0.057357
0.029609
0.039788
0.029264
0.034693
0.029910
0.039154
0.038956
0.036143
0.052629
0.037885
0.047008
0.037016
0.047260
0.051934
0.037526
0.039984
0.031022
0.032246
0.030745
0.043866
0.044205
0.034655
0.040244
0.038088
0.035478
0.031438
0.035084
0.037697
0.027635
0.029615
0.033853
0.034308
0.031087
0.043156
0.047247
0.027097
0.032973
0.028329
0.045629
0.042115
0.035601
0.028084
0.027386
0.027417
0.038994
0.036317
0.026741
0.047642
0.041197
0.031302
0.043099
0.040102
0.032957
0.052961
0.048476
0.045342
0.045492
0.038828
0.050657
0.032988
0.039219
0.034747
0.031675
0.032624
0.035172
0.032698
0.028426
0.031478
0.044386
0.055490
0.034184
0.049708
0.033943
0.032798
0.037698
0.029812
0.030258
0.045269
0.043734
0.045064
0.036407
0.051722
0.036345
0.050129
0.031547
0.047404
0.052004
0.030753
0.032218
0.052208
0.031042
0.029779
0.034988
0.031695
0.044154
0.044418
0.032618
0.040350
0.029580
0.035062
0.039002
0.038779
0.030527
0.043002
0.043342
0.038147
0.030704
0.060408
0.042034
0.040126
0.032521
0.034617
0.036746
0.035082
0.044827
0.045230
0.031667
0.029534
0.033164
0.034633
0.033363
0.032614
0.032235
0.034935
0.042160
0.032800
0.031987
0.026915
0.032606
0.030144
0.033678
0.031293
0.032724
0.045118
0.042652
0.035245
0.038283
0.031363
0.032651
0.030821
0.043779
0.033376
0.033116
0.041239
0.052207
0.027251
0.028172
0.049145
0.027784
0.046039
0.027664
0.053888
0.041925
0.027744
0.045179
0.027452
0.032029
0.031301
0.044040
0.031818
0.049910
0.040567
0.039017
0.038529
0.045463
0.037002
0.045906
0.038039
0.040191
0.039521
0.029159
0.049192
0.041620
0.035907
0.037232
0.041105
0.039489
0.030419
0.037469
0.039101
0.040850
0.046491
0.036188
0.032921
0.047078
0.035461
0.034348
0.039291
0.038130
0.032065
0.037855
0.031195
0.040972
0.030874
0.028811
0.030423
0.033532
0.049250
0.033470
0.041641
0.030599
0.046328
0.039714
0.035073
0.035873
0.033701
0.038909
0.031781
0.027867
0.032085
0.029404
0.033758
0.036697
0.033934
0.030962
0.032118
0.031703
0.051685
0.042560
0.029291
0.031941
0.034101
0.035465
0.042986
0.038597
0.029951
0.031543
0.038022
0.040922
0.043650
0.027406
0.038065
0.034530
0.041806
0.039391
0.026990
0.030855
0.032584
0.033772
0.032843
0.033274
0.030998
0.040672
0.038980
0.032189
0.041216
0.039451
0.041024
0.029052
0.028245
0.030658
0.053441
0.045293
0.024585
0.033818
0.028107
0.033667
0.046160
0.030744
0.031581
0.030700
0.043269
0.048034
0.044035
0.036646
0.035454
0.042753
0.037746
0.044403
0.044188
0.032237
0.042446
0.043949
0.048536
0.030254
0.045046
0.042899
0.040215
0.053752
0.036712
0.031167
0.031823
0.037538
0.034654
0.043943
0.034119
0.031044
0.028734
0.039574
0.040275
0.051926
0.047920
0.044762
0.038499
0.034305
0.031808
0.035994
0.037885
0.032834
0.033289
0.029454
0.043867
0.040865
0.035367
0.040165
0.034275
0.042424
0.043447
0.052343
0.038347
0.034732
0.031886
0.045551
0.049903
0.034720
0.029588
0.038392
0.034567
0.030007
0.029761
0.031475
0.031052
0.047849
0.044887
0.037013
0.057004
0.042130
0.029710
0.049321
0.039778
0.033021
0.050934
0.047647
0.048687
0.044405
0.035555
0.030460
0.039078
0.051056
0.044322
0.028421
0.037276
0.049881
0.039243
0.054726
0.037032
0.045718
0.030706
0.033288
0.031392
0.034577
0.031304
0.039862
0.040764
0.041013
0.042461
0.047272
0.041388
0.031648
0.030252
0.029192
0.042063
0.032952
0.029379
0.030830
0.031066
0.049545
0.038053
0.036505
0.036941
0.035040
0.035806
0.046842
0.037433
0.042179
0.043384
0.041037
0.029895
0.043977
0.037888
0.030493
0.037834
0.034359
0.038298
0.035056
0.031717
0.030852
0.036283
0.036648
0.038546
0.033880
0.027460
0.027949
0.037483
0.027215
0.026504
0.025798
0.038535
0.031767
0.033108
0.035126
0.046853
0.034260
0.032357
0.028408
0.038373
0.032792
0.039464
0.045802
0.035686
0.030099
0.030946
0.029320
0.037155
0.029073
0.031578
0.039598
0.048374
0.044036
0.035346
0.034770
0.043807
0.030499
0.043431
0.028797
0.038553
0.033087
0.032645
0.046502
0.035969
0.037771
0.038017
0.042349
0.031265
0.033591
0.030573
0.033134
0.031816
0.040225
0.033824
0.037943
0.047768
0.051002
0.030703
0.036102
0.035099
0.031563
0.029464
0.034821
0.039815
0.036813
0.051454
0.041610
0.035168
0.052569
0.037087
0.033402
0.036539
0.040784
0.042905
0.035262
0.036044
0.049230
0.049122
0.036578
0.037714
0.032578
0.044887
0.040457
0.034761
0.037279
0.037665
0.037366
0.036563
0.041376
0.033052
0.032198
0.031644
0.033090
0.036815
0.029680
0.030117
0.054637
0.030784
0.029365
0.030596
0.039598
0.033756
0.031275
0.031345
0.042574
0.031018
0.033245
0.055090
0.039457
0.039966
0.041669
0.033292
0.040576
0.030538
0.047751
0.035600
0.030449
0.045888
0.042696
0.045237
0.043188
0.040337
0.037549
0.030082
0.039196
0.030869
0.041129
0.046182
0.033118
0.043218
0.051344
0.039831
0.044143
0.033798
0.049731
0.049033
0.039105
0.040763
0.043017
0.032394
0.031976
0.034986
0.032773
0.034903
0.036218
0.033926
0.040788
0.049652
0.035301
0.050926
0.029718
0.044877
0.030374
0.033921
0.034471
0.041408
0.044598
0.031662
0.031930
0.033764
0.032518
0.031090
0.038146
0.046312
0.032396
0.028936
0.031658
0.030962
0.042691
0.037309
0.039976
0.050545
0.040704
0.058233
0.033758
0.054755
0.031591
0.036280
0.031718
0.031312
0.032749
0.043051
0.035273
0.031801
0.037970
0.031875
0.042727
0.027679
0.043663
0.038875
0.031503
0.035966
0.046707
0.026809
0.028136
0.029209
0.044254
0.032473
0.033096
0.048065
0.042017
0.043657
0.031574
0.043130
0.031244
0.036883
0.049266
0.031283
0.030364
0.040194
0.033658
0.033220
0.029324
0.037149
0.033135
0.025949
0.042982
0.051818
0.027799
0.043485
0.048396
0.048280
0.032120
0.045941
0.036130
0.035908
0.038691
0.043322
0.048415
0.033416
0.031228
0.027212
0.033139
0.026817
0.034096
0.035556
0.039760
0.030579
0.029348
0.047242
0.031911
0.045709
0.040921
0.031785
0.050948
0.035251
0.030265
0.039354
0.030593
0.030247
0.029595
0.033776
0.044748
0.035090
0.036243
0.045219
0.044857
0.045350
0.034057
0.037543
0.033477
0.029970
0.050421
0.034933
0.033404
0.032182
0.045156
0.031661
0.034031
0.036129
0.039383
0.034390
0.032310
0.031044
0.044032
0.030150
0.034588
0.035833
0.048822
0.031100
0.031176
0.036523
0.034358
0.035197
0.039253
0.039344
0.049117
0.039848
0.043212
0.030719
0.032405
0.039681
0.038131
0.037401
0.044239
0.035973
0.047609
0.028790
0.030321
0.033458
0.055515
0.034623
0.051523
0.028563
0.030098
0.045496
0.035558
0.032478
0.034553
0.030509
0.031735
0.033490
0.026634
0.029603
0.035893
0.029679
0.031090
0.031587
0.027002
0.028556
0.028181
0.045504
0.033353
0.034754
0.031066
0.041826
0.042357
0.037265
0.051029
0.036133
0.031734
0.031976
0.034600
0.047415
0.032348
0.047719
0.044664
0.032233
0.047500
0.041856
0.045603
0.049436
0.037987
0.042220
0.027486
0.034838
0.030943
0.030688
0.027467
0.035147
0.033308
0.061979
0.051497
0.032706
0.034849
0.032779
0.042878
0.061532
0.042298
0.037685
0.032795
0.030800
0.035055
0.031976
0.042552
0.026269
0.023264
0.052076
0.037332
0.042772
0.050094
0.052509
0.044757
0.029847
0.031017
0.035192
0.040597
0.043017
0.031331
0.049230
0.031148
0.046789
0.045073
0.036531
0.044441
0.037763
0.037046
0.047412
0.038746
0.031267
0.050148
0.034930
0.029999
0.038876
0.032056
0.033427
0.029848
0.034793
0.034784
0.045531
0.037966
0.039212
0.042662
0.036743
0.035326
0.040663
0.036986
0.035156
0.053810
0.029660
0.040040
0.031259
0.031789
0.035089
0.051149
0.027789
0.030845
0.042370
0.032565
0.046945
0.044074
0.059898
0.042885
0.043471
0.061509
0.046698
0.042157
0.030927
0.035191
0.030141
0.033338
0.034014
0.033145
0.048078
0.033849
0.038666
0.037979
0.034017
0.040513
0.039436
0.040016
0.042758
0.037295
0.043024
0.032364
0.030769
0.046184
0.034236
0.034064
0.047235
0.043647
0.037110
0.029151
0.030503
0.037035
0.038417
0.027682
0.041840
0.027102
0.035939
0.029442
0.032113
0.030195
0.031961
0.026116
0.051313
0.030051
0.041062
0.030610
0.034965
0.042794
0.036635
0.035788
0.029118
0.033165
0.041260
0.033317
0.040521
0.028761
0.031910
0.046206
0.036052
0.045768
0.038077
0.030970
0.028684
0.040024
0.029242
0.040026
0.036659
0.031113
0.027767
0.034409
0.030089
0.030252
0.041523
0.045199
0.038249
0.031043
0.040679
0.035274
0.038167
0.042949
0.039792
0.038303
0.053435
0.039039
0.044173
0.049001
0.032183
0.039983
0.036478
0.034498
0.033953
0.045825
0.054576
0.046632
0.034954
0.036671
0.048644
0.044675
0.048872
0.043732
0.029897
0.043330
0.036296
0.044237
0.043949
0.030748
0.038670
0.051094
0.037361
0.053475
0.037349
0.034273
0.034870
0.051723
0.049891
0.033722
0.054609
0.046445
0.045656
0.033787
0.041082
0.034506
0.035742
0.031157
0.036302
0.032073
0.039428
0.032214
0.033594
0.044983
0.048536
0.038299
0.034871
0.034169
0.032671
0.041199
0.035432
0.030536
0.042366
0.038288
0.042597
0.047494
0.041244
0.036848
0.040220
0.040003
0.043798
0.040947
0.037006
0.032779
0.033940
0.035635
0.040241
0.033711
0.039803
0.031823
0.034562
0.041341
0.036141
0.062739
0.032099
0.041571
0.029092
0.030416
0.037024
0.048523
0.036782
0.030762
0.056779
0.032422
0.045519
0.030698
0.048002
0.033443
0.031613
0.036423
0.030486
0.039978
0.055144
0.043748
0.041236
0.039217
0.038513
0.030881
0.031916
0.051085
0.064403
0.033273
0.032627
0.037858
0.038829
0.044114
0.036397
0.022847
0.032460
0.026085
0.031680
0.027505
0.030716
0.038659
0.044484
0.045227
0.035025
0.031313
0.036848
0.044224
0.034371
0.044224
0.039784
0.027334
0.031468
0.037551
0.037612
0.036467
0.029432
0.043925
0.030679
0.030793
0.033714
0.034845
0.037447
0.041795
0.032778
0.044472
0.040627
0.042668
0.036985
0.036557
0.045269
0.041766
0.037237
0.036935
0.037343
0.034583
0.041235
0.039148
0.034171
0.039680
0.031195
0.026192
0.032918
0.036515
0.030410
0.044774
0.044997
0.030425
0.044596
0.033726
0.030240
0.057045
0.036364
0.052566
0.039642
0.035626
0.044650
0.035749
0.035176
0.031376
0.044699
0.037698
0.031427
0.033874
0.032400
0.037678
0.034500
0.040375
0.039406
0.037609
0.034801
0.029929
0.029801
0.049362
0.045900
0.047551
0.037034
0.037391
0.042209
0.051486
0.048944
0.045693
0.034530
0.045860
0.023168
0.024398
0.034729
0.040416
0.056310
0.047919
0.042711
0.033073
0.043986
0.044237
0.036685
0.038405
0.046184
0.036896
0.032555
0.038376
0.040954
0.046069
0.032557
0.040196
0.032483
0.033476
0.037736
0.038322
0.051949
0.038129
0.036578
0.030482
0.031891
0.033539
0.029614
0.034522
0.039445
0.034298
0.035575
0.054115
0.048438
0.035173
0.029819
0.044755
0.041206
0.032713
0.044931
0.042104
0.041314
0.049652
0.036659
0.032634
0.037334
0.043983
0.048072
0.047532
0.034359
0.036212
0.035306
0.054993
0.035516
0.034337
0.033111
0.031244
0.031260
0.056727
0.043767
0.041731
0.034243
0.037477
0.030897
0.035447
0.034001
0.027006
0.028045
0.049099
0.037638
0.035135
0.043506
0.036555
0.040413
0.048328
0.033021
0.031546
0.035991
0.030282
0.037397
0.037276
0.030717
0.037406
0.035693
0.030690
0.031057
0.049345
0.047887
0.048693
0.034601
0.030109
0.035577
0.028558
0.030761
0.035285
0.030070
0.048002
0.044115
0.031728
0.045186
0.038123
0.036854
0.045396
0.034946
0.039932
0.034864
0.035044
0.047735
0.038219
0.035583
0.037045
0.034719
0.039117
0.040286
0.039185
0.030307
0.049254
0.030097
0.030804
0.034797
0.028774
0.030051
0.031802
0.046605
0.043940
0.035230
0.034310
0.028852
0.037536
0.032589
0.041611
0.033875
0.029206
0.046983
0.040623
0.037553
0.033198
0.035204
0.038840
0.038021
0.039151
0.058349
0.050391
0.031659
0.051461
0.031371
0.048434
0.048935
