744	99	406	239
753	78	369	257
754	76	382	255
752	78	368	259
753	81	379	257
753	82	370	257
752	85	376	256
751	85	376	255
753	87	375	253
757	88	372	253
758	89	374	250
759	89	372	251
760	88	372	251
760	87	369	251
763	88	370	252
765	87	366	254
768	87	362	257
769	90	364	257
768	90	363	263
770	90	354	267
770	93	360	267
770	93	355	268
769	92	362	266
770	93	352	268
769	93	351	267
770	91	356	267
770	91	341	268
770	90	349	265
769	90	345	263
770	90	349	263
770	90	345	264
772	91	348	263
771	92	349	264
771	93	349	264
776	96	347	262
774	98	347	258
776	100	348	257
776	101	348	256
779	103	346	255
778	104	348	255
778	104	350	255
778	105	350	253
777	104	350	255
777	103	350	258
777	102	349	256
778	102	347	259
777	100	350	259
776	98	347	260
774	98	345	262
772	99	352	260
771	99	347	258
774	99	346	258
774	99	344	258
776	99	342	257
778	98	337	257
779	97	336	256
781	99	334	252
781	97	331	250
783	98	333	246
784	97	332	244
786	96	334	243
788	96	334	241
790	95	333	240
792	95	333	239
794	96	332	239
796	98	331	237
800	99	330	236
803	100	325	237
805	103	330	238
804	104	331	238
806	106	333	237
808	106	330	238
810	106	331	238
813	106	329	239
818	105	329	239
818	105	325	242
820	105	326	241
822	105	325	242
825	104	327	242
827	102	324	246
829	101	325	246
829	101	321	247
830	100	323	248
832	100	321	246
831	99	320	247
833	99	315	245
835	99	313	244
834	98	314	244
834	98	313	240
835	98	318	237
838	98	314	236
841	97	309	236
843	98	309	234
844	98	308	235
845	98	307	234
846	99	308	233
848	99	305	233
850	101	306	233
851	104	303	233
849	106	306	233
846	107	309	233
847	107	309	232
849	108	307	234
849	110	307	234
848	111	307	235
850	113	305	235
849	113	304	237
848	112	304	238
847	111	306	239
848	109	301	241
847	110	305	240
846	109	299	241
846	110	304	238
846	108	302	241
846	109	302	238
847	108	300	239
847	109	300	238
848	109	299	236
850	108	299	235
851	108	298	234
852	107	297	233
853	107	296	232
853	107	297	230
854	107	302	228
854	108	305	227
856	108	304	226
857	108	302	225
858	109	305	224
863	110	303	223
866	112	296	220
866	115	299	218
867	117	297	217
866	119	295	218
868	119	297	218
869	120	292	221
868	121	294	221
867	121	291	222
867	123	298	222
867	121	292	225
870	122	297	224
869	120	289	227
870	121	296	227
870	119	290	228
870	119	296	229
871	117	290	228
870	117	292	227
871	116	290	228
871	116	291	226
872	116	289	225
874	114	286	225
875	116	290	221
873	114	284	222
875	115	289	219
874	113	285	221
875	113	285	219
875	114	285	218
876	114	284	218
876	116	283	217
875	117	281	216
875	118	283	215
875	119	279	216
875	120	282	215
874	121	276	215
874	123	281	214
872	124	276	215
874	126	273	213
872	125	273	214
871	126	274	214
869	126	274	215
869	127	275	217
868	127	274	219
867	127	275	220
866	127	276	221
866	126	277	222
865	125	275	224
865	125	279	224
865	126	273	223
863	125	280	226
864	125	279	221
864	127	275	223
863	126	281	223
863	126	278	221
864	126	280	221
864	126	277	219
867	127	277	217
869	127	272	214
868	128	273	213
868	126	275	212
871	127	277	209
872	129	274	207
871	129	278	205
872	128	282	204
872	128	285	205
871	128	289	204
871	127	289	205
872	127	287	207
873	128	286	208
874	130	284	206
876	132	282	206
878	132	279	206
878	134	278	206
877	135	278	205
876	135	279	206
877	135	278	208
878	138	275	207
878	138	272	208
877	139	268	208
878	138	268	208
881	139	265	208
882	137	261	209
882	138	260	208
882	138	259	208
882	138	257	208
882	138	254	207
883	138	252	206
884	138	252	205
883	137	248	205
883	138	250	202
882	138	246	202
881	138	248	200
882	137	245	197
880	137	245	193
881	138	242	192
881	139	238	187
882	140	232	182
883	142	227	181
882	143	225	178
881	144	222	176
881	145	219	175
881	147	216	172
881	150	214	168
881	151	211	166
880	151	211	166
878	151	209	165
877	153	208	166
877	152	207	167
876	151	205	167
875	151	203	165
873	150	199	164
873	151	193	160
871	148	186	160
869	148	186	159
868	149	184	157
868	144	182	159
870	148	180	152
869	146	175	150
870	145	168	147
868	144	163	145
868	143	160	143
867	143	161	143
867	141	161	145
864	138	158	145
862	137	167	153
861	133	160	150
856	134	171	156
854	129	168	157
852	127	173	163
851	126	168	157
845	123	177	166
844	121	174	163
842	120	179	169
838	119	178	168
838	121	185	175
835	116	181	176
835	117	185	182
831	115	184	180
827	116	186	181
828	114	183	183
825	113	184	183
824	112	185	188
823	107	184	191
824	113	182	186
823	111	182	191
821	108	182	193
819	109	183	196
818	108	183	198
815	105	185	203
809	104	191	207
804	104	196	209
800	103	199	210
801	104	196	207
802	105	193	206
802	105	191	209
802	108	190	208
801	115	189	204
800	122	187	197
800	126	185	192
803	132	181	186
806	138	175	177
804	134	174	178
807	146	170	171
806	140	168	175
802	148	169	165
799	141	171	169
795	150	174	160
787	145	186	167
793	149	181	165
785	149	184	164
791	153	181	161
784	151	182	163
790	156	180	162
784	149	185	172
791	156	179	165
785	151	179	170
791	155	176	166
792	155	170	167
788	149	174	173
792	157	168	163
787	149	166	168
793	160	162	162
783	146	167	170
792	157	159	162
782	145	162	165
791	158	151	153
780	145	158	164
788	159	152	150
782	144	155	164
786	156	150	149
779	144	156	160
784	155	149	148
777	145	155	155
783	155	151	147
775	145	158	155
784	155	151	144
774	147	157	151
783	154	148	141
778	149	151	147
782	152	147	141
780	150	148	144
781	152	146	143
780	150	147	145
781	151	151	150
778	149	148	146
783	156	148	151
774	148	156	160
778	155	158	159
779	150	155	161
778	155	156	158
776	154	159	166
777	157	159	162
777	156	163	169
773	153	172	171
775	157	174	168
774	156	176	174
774	156	181	173
777	159	176	170
779	154	177	179
777	155	174	176
776	150	176	183
775	151	179	180
775	151	180	182
773	151	178	181
770	152	181	179
770	155	181	176
768	156	182	176
766	156	184	177
765	156	186	176
766	156	183	174
765	157	183	171
766	157	181	171
764	155	181	170
763	156	181	169
762	157	184	168
761	159	184	166
758	160	187	167
757	160	190	167
755	161	193	168
753	161	196	169
750	161	200	170
749	163	204	170
747	164	207	171
746	163	211	173
745	164	216	175
745	164	214	175
743	164	220	177
743	163	222	178
742	163	221	178
743	164	221	177
744	162	221	179
744	162	216	177
742	162	218	178
739	161	220	177
739	161	218	177
737	161	221	178
736	161	221	177
735	160	220	176
734	161	219	175
734	160	219	176
733	160	221	177
731	159	223	176
731	160	223	176
729	159	224	177
728	159	223	176
727	158	224	177
725	158	223	176
725	158	223	175
724	159	221	173
723	159	222	172
720	160	223	172
719	159	226	172
719	160	224	172
719	161	225	171
718	163	225	169
718	162	224	170
719	162	223	170
720	163	223	170
719	163	222	170
721	164	224	168
721	164	221	170
722	165	221	170
723	165	220	170
724	165	219	170
725	166	219	169
723	166	222	170
727	166	219	168
726	165	220	169
727	165	219	169
727	164	220	169
728	164	220	170
729	164	220	169
730	164	221	168
730	164	221	167
730	163	223	166
732	163	222	165
730	161	227	164
732	159	224	165
734	160	223	161
736	161	221	160
736	163	221	156
737	163	221	156
737	162	222	155
738	164	220	153
736	165	224	153
738	165	222	154
739	167	221	153
738	169	224	152
739	171	223	151
737	173	224	149
739	172	225	151
738	173	223	149
738	172	226	152
738	173	222	152
737	172	223	152
739	171	223	152
739	172	221	152
739	171	220	153
740	170	220	154
738	170	221	154
739	169	220	155
740	168	221	155
739	168	221	154
740	169	221	153
738	168	223	153
740	169	223	151
740	167	221	152
741	167	222	150
740	167	222	151
740	166	223	151
740	166	222	152
742	166	221	152
742	166	220	152
743	166	219	153
743	166	219	152
744	167	219	153
746	169	218	153
747	170	217	153
748	171	217	154
748	172	215	154
751	174	216	153
750	175	212	153
750	175	217	154
752	176	211	154
751	176	218	154
754	177	211	154
756	177	216	153
759	177	211	154
760	177	209	154
761	177	210	154
761	176	212	155
761	175	211	157
762	174	213	156
762	174	214	158
763	175	213	157
762	175	214	158
764	174	214	157
764	173	214	158
765	173	213	157
766	172	213	157
767	173	210	157
767	172	213	157
766	172	211	158
766	171	211	157
767	171	211	155
768	171	210	156
768	171	209	156
767	171	212	155
768	171	209	156
767	172	209	155
767	173	209	155
767	173	209	155
765	174	210	155
766	175	209	154
764	174	210	155
764	174	208	155
763	174	205	155
762	174	206	156
761	174	207	156
760	174	206	158
756	173	209	159
755	173	209	160
751	171	211	161
750	171	211	161
749	171	213	162
747	170	212	162
742	169	218	163
741	169	218	164
742	169	217	164
739	167	219	165
741	167	216	163
739	167	219	164
739	167	217	164
739	166	218	164
738	166	218	164
738	167	218	164
738	167	217	163
738	167	218	164
737	167	215	163
738	168	217	162
737	167	215	162
738	167	214	161
739	167	212	162
739	168	212	162
740	167	211	162
742	168	211	161
742	168	211	161
743	169	208	160
743	168	209	159
744	169	207	159
744	168	207	159
744	169	206	159
745	169	204	158
747	168	200	157
746	167	197	156
747	166	194	155
748	165	190	154
748	164	186	152
750	164	181	151
750	164	178	150
753	165	172	146
754	164	169	145
757	166	161	137
757	165	155	133
758	162	148	128
761	163	138	121
763	160	134	121
765	164	131	119
763	159	133	123
766	164	124	102
765	161	128	117
766	163	127	104
766	159	131	126
763	158	138	127
751	160	152	128
744	161	162	134
732	162	177	135
726	162	184	135
717	162	190	137
719	163	177	135
702	162	190	134
696	163	191	136
686	165	197	134
683	164	193	136
677	166	207	136
674	167	201	134
669	168	207	132
665	168	184	130
665	170	205	126
660	169	179	127
662	172	173	120
658	176	130	114
665	178	119	107
659	179	127	104
659	179	126	105
658	178	128	106
657	179	123	107
655	178	133	109
655	180	136	108
654	180	139	109
654	181	135	109
653	178	136	113
654	179	137	110
652	178	146	111
650	176	154	112
649	177	149	114
648	174	141	117
650	173	150	113
648	177	157	112
646	174	164	116
644	174	207	111
641	169	182	125
640	170	187	121
640	170	179	122
641	170	181	121
639	173	173	120
642	176	197	116
637	178	171	119
641	178	172	119
638	179	206	111
635	182	200	109
634	185	196	104
635	187	211	97
637	190	219	85
641	188	171	107
637	188	158	111
636	185	153	110
635	190	146	106
638	187	155	103
635	191	148	108
638	185	142	111
636	191	148	107
637	188	140	109
636	187	144	108
636	192	144	103
637	188	149	104
632	194	142	102
639	185	139	107
632	192	142	102
634	187	134	106
636	187	131	107
635	189	130	104
635	188	135	102
632	190	133	101
635	190	133	100
633	189	136	101
630	192	130	100
634	191	147	95
627	195	136	100
630	191	137	100
626	197	129	98
631	191	127	103
626	195	128	100
627	196	128	99
624	197	131	98
622	199	127	98
622	197	129	98
619	199	125	98
620	197	121	100
617	199	124	98
616	198	122	98
613	199	124	97
613	199	120	98
612	198	117	98
612	199	113	97
612	197	112	98
610	196	112	97
609	195	114	96
609	195	110	97
608	193	116	97
607	195	111	93
607	193	120	95
604	195	116	94
605	193	113	95
604	193	110	95
602	191	109	96
599	190	110	96
599	190	118	96
600	189	113	97
599	189	115	95
599	189	117	95
597	189	119	95
593	190	115	95
593	190	109	94
590	190	110	92
587	193	114	91
587	193	107	90
586	193	119	91
586	197	108	88
584	197	113	88
582	198	110	89
581	201	113	86
579	203	111	85
580	202	114	86
578	204	109	84
578	204	116	84
576	205	109	84
576	205	115	84
576	205	109	84
576	203	114	85
574	205	110	84
574	203	118	85
575	201	106	87
573	200	118	87
572	198	108	89
573	198	119	88
572	198	107	88
573	196	121	89
571	195	109	90
573	193	115	91
570	193	107	91
573	193	115	92
571	190	106	93
569	192	114	94
570	189	106	93
567	189	111	94
568	189	106	93
568	191	109	93
566	190	106	92
566	191	110	92
564	189	107	92
564	190	111	92
561	190	109	91
562	192	110	92
559	192	105	91
559	194	114	90
556	193	106	90
558	196	114	91
556	198	106	88
556	199	111	91
554	201	106	89
556	201	109	90
555	202	105	92
557	202	107	91
554	203	106	92
554	204	107	90
555	204	106	91
553	204	107	93
552	204	108	93
550	203	107	94
548	201	109	96
547	201	107	97
546	200	110	99
545	199	109	101
544	198	109	103
542	196	108	103
541	195	112	105
540	193	110	107
539	192	112	109
538	190	114	110
537	190	116	112
537	189	114	110
536	189	115	112
535	189	115	110
534	190	114	107
532	189	115	106
531	191	114	105
529	190	117	103
529	190	117	101
529	191	121	99
530	192	114	100
527	193	119	98
528	194	116	96
526	195	117	93
525	196	121	93
526	198	117	91
527	200	124	90
528	200	114	91
528	202	123	88
528	202	114	90
526	204	125	89
527	202	115	91
528	203	124	89
529	203	114	91
529	203	120	89
530	203	115	89
528	203	121	90
529	201	117	92
529	200	123	93
529	200	118	93
528	198	120	94
530	198	119	94
531	198	120	94
530	195	122	98
530	195	119	98
529	196	120	97
528	196	121	98
529	195	121	98
528	193	122	102
528	193	121	103
528	194	119	100
527	193	120	99
527	194	122	98
528	193	120	99
528	194	120	97
527	195	119	96
529	194	121	97
527	195	116	95
527	196	126	94
528	196	117	95
527	197	122	94
527	198	120	94
526	200	124	94
525	200	122	96
525	200	123	96
524	202	126	96
524	202	126	98
523	202	125	100
522	203	125	102
520	203	126	103
520	203	127	103
518	203	128	107
517	200	129	108
516	201	130	108
516	199	129	109
514	198	130	110
514	197	130	111
511	196	131	110
512	194	133	111
511	194	136	110
510	193	141	110
508	192	153	108
504	192	154	109
504	190	163	108
502	190	154	111
502	188	158	110
500	187	151	113
501	185	151	113
501	185	147	114
501	184	156	112
496	186	144	114
496	185	143	113
496	186	143	114
494	185	147	112
492	187	141	114
494	184	142	115
490	188	142	114
490	188	142	114
488	190	148	113
486	191	148	113
486	193	147	113
487	193	145	115
487	195	142	114
485	195	145	114
484	196	143	115
485	195	150	115
485	196	144	118
484	196	147	118
482	195	143	119
483	196	149	118
482	193	146	119
483	194	146	118
480	193	150	117
481	192	142	117
481	189	144	117
482	188	146	116
481	187	144	114
480	187	150	114
478	188	144	112
483	183	143	115
479	186	145	111
480	184	145	112
482	183	142	112
480	183	144	111
481	182	142	111
482	181	140	111
481	181	142	110
481	180	142	109
482	179	143	111
479	180	146	109
479	180	144	109
479	180	142	109
481	180	142	109
478	183	146	106
479	181	143	109
479	182	148	108
480	183	145	108
477	185	149	106
475	187	151	106
477	186	151	108
475	187	146	108
475	188	149	108
474	188	149	108
475	187	148	109
475	189	148	109
475	189	148	108
473	190	148	108
473	189	149	109
472	190	147	109
473	189	145	111
473	188	145	113
474	187	148	113
473	188	157	110
475	189	154	110
476	186	151	112
478	184	152	114
479	184	154	111
475	183	159	110
477	180	154	113
472	181	153	114
468	181	158	114
469	178	157	118
469	177	153	118
462	180	161	115
466	177	156	119
462	179	160	118
468	180	155	118
463	181	158	116
466	182	157	117
466	184	156	116
467	184	154	117
467	184	156	118
466	186	158	119
466	185	159	122
464	185	164	124
464	184	167	125
464	183	167	126
467	181	170	127
464	180	178	124
465	178	172	129
466	173	171	133
464	176	176	130
466	171	175	133
466	172	177	132
468	170	181	132
468	166	176	136
470	162	172	139
468	163	176	138
469	160	171	140
470	161	175	140
470	162	170	138
472	157	183	142
467	161	171	139
476	160	177	139
472	162	166	136
475	160	180	138
469	163	171	135
477	161	174	136
475	163	165	134
474	166	169	134
475	168	165	131
475	169	167	131
475	172	160	129
477	172	158	132
476	173	160	132
476	176	161	130
474	178	160	132
472	180	163	132
472	180	164	133
470	183	167	131
473	184	167	131
471	187	167	127
470	186	168	131
470	188	171	129
471	188	169	131
473	188	173	130
470	187	163	132
473	188	172	130
470	189	162	133
468	188	165	137
464	185	177	138
464	183	173	139
463	181	171	141
464	178	174	142
462	177	170	143
464	176	178	141
461	173	168	144
464	173	174	140
464	170	173	142
460	172	173	140
463	170	175	139
462	174	174	134
461	172	175	136
461	171	176	136
462	170	172	137
460	177	170	130
465	172	169	135
462	176	170	131
463	177	169	131
465	178	170	129
463	177	169	133
463	180	169	130
467	178	170	134
464	180	174	135
465	177	174	138
465	180	177	136
464	175	180	141
467	178	186	138
464	178	188	137
464	176	183	141
467	176	188	141
467	175	180	144
471	172	193	146
467	174	178	146
473	169	181	149
469	171	178	149
472	170	193	147
471	169	177	150
473	168	188	149
468	175	175	146
473	167	176	151
475	167	186	148
471	172	172	146
470	167	171	149
471	166	173	150
471	164	177	149
472	166	174	147
470	168	176	143
469	171	174	141
470	173	171	139
469	176	173	135
470	179	172	133
470	182	173	130
470	180	176	131
468	181	176	132
469	184	173	131
469	187	175	128
470	188	176	128
470	190	175	129
470	192	176	129
470	194	178	130
470	193	177	133
468	192	179	136
464	193	178	136
467	193	185	136
464	191	185	139
464	189	187	141
463	188	187	142
464	185	189	145
462	184	189	146
464	181	184	150
465	179	187	149
465	176	182	151
470	175	180	150
465	176	188	147
468	172	184	152
466	172	186	150
469	168	181	151
466	171	183	148
469	165	179	153
467	170	178	147
469	168	183	148
467	169	178	146
469	171	187	143
469	171	181	145
470	173	182	141
472	174	184	140
472	172	181	142
472	176	186	138
477	176	182	139
474	179	187	137
478	180	183	137
479	178	184	140
481	180	183	138
482	181	183	138
482	182	185	139
486	178	180	143
485	178	185	142
487	174	182	146
490	175	183	145
493	174	182	147
501	170	180	151
502	172	173	153
504	168	182	153
509	168	175	155
511	163	180	158
514	163	176	160
515	160	176	164
522	159	176	166
521	159	179	166
525	158	178	166
532	159	177	163
530	159	179	162
537	158	192	158
535	156	204	158
520	160	208	156
539	151	209	157
524	157	218	155
521	153	221	155
523	153	205	156
528	152	191	157
531	151	192	155
531	155	185	151
531	159	210	144
533	159	187	146
536	157	200	144
532	162	184	143
537	160	201	143
536	163	181	144
540	162	194	144
541	163	176	144
542	164	207	142
539	164	187	144
543	162	206	148
538	163	191	147
539	164	222	141
539	163	234	142
539	164	231	143
540	164	249	141
542	167	214	147
550	164	275	132
549	158	240	152
543	166	231	149
549	166	324	123
538	160	308	145
549	162	355	120
543	156	341	134
542	156	373	131
542	151	345	147
547	148	368	143
546	145	351	150
550	142	330	156
552	143	368	150
542	145	362	149
553	138	358	152
550	138	366	149
553	136	368	151
559	139	375	143
566	142	370	143
556	150	378	135
590	149	355	135
610	143	297	156
605	149	330	141
629	146	296	150
620	143	308	156
618	145	324	153
644	150	311	146
637	161	307	134
618	166	326	137
731	183	218	119
600	183	329	113
710	182	218	118
654	174	284	132
623	184	302	129
647	184	273	125
623	193	273	120
593	195	265	128
637	182	235	137
570	187	287	136
613	189	248	136
604	178	244	147
578	181	262	143
563	176	209	154
563	169	213	157
571	176	198	147
563	163	221	158
563	172	227	148
562	160	216	161
560	164	207	155
564	156	215	161
559	156	204	159
568	154	203	158
561	156	194	153
568	153	206	153
567	151	188	155
573	156	197	146
573	152	190	150
577	158	192	142
580	159	184	140
584	161	188	138
584	157	184	143
594	170	173	130
589	154	180	147
594	170	171	136
587	148	186	158
593	166	171	145
587	143	186	167
588	150	171	172
589	145	168	175
585	146	170	184
588	142	240	170
570	152	358	140
586	141	372	149
559	145	321	167
593	157	391	135
599	154	369	143
615	159	359	136
663	160	310	137
603	165	384	135
649	165	324	140
589	168	379	142
609	162	368	146
620	163	335	154
623	156	341	160
643	167	315	153
598	163	339	162
596	161	354	157
607	162	327	156
616	163	282	161
591	157	327	170
608	157	299	164
612	157	314	164
671	160	236	157
665	151	283	166
642	157	326	164
598	150	367	172
655	155	327	163
601	146	308	160
654	157	303	158
572	144	401	178
592	136	410	188
741	165	254	171
568	143	395	186
554	129	435	195
573	129	435	194
555	122	432	211
566	124	451	203
597	131	408	213
666	152	355	169
722	160	269	171
655	142	333	184
757	163	271	159
613	138	391	182
641	131	392	181
627	120	388	197
681	129	357	185
641	120	389	185
679	124	361	182
667	123	363	179
676	125	358	178
640	123	386	177
652	129	388	173
670	130	345	171
653	139	369	160
667	142	344	156
629	150	394	142
636	151	352	149
682	141	326	148
623	155	391	133
652	154	364	132
602	161	373	134
636	157	364	135
609	158	385	132
627	159	336	143
630	159	376	133
603	161	374	136
620	149	379	145
573	152	365	158
563	160	382	151
553	167	364	152
542	173	362	145
552	174	369	149
536	186	355	142
565	173	316	160
543	177	370	147
527	179	341	160
546	182	326	155
539	172	330	166
534	172	324	169
538	170	339	166
513	164	312	189
510	164	339	177
508	168	318	183
504	159	304	197
503	151	327	204
498	146	307	217
498	139	314	223
499	136	302	226
498	140	309	221
502	142	310	215
497	141	311	212
495	140	331	205
490	139	300	212
496	138	330	209
487	135	291	219
497	126	311	224
487	136	292	213
494	130	309	217
485	139	291	208
494	137	306	210
482	141	287	208
493	145	303	203
482	149	287	203
491	143	300	208
483	153	287	200
487	146	304	206
484	155	289	200
487	147	303	207
485	151	293	206
488	147	305	210
484	151	284	207
490	144	316	211
487	146	302	213
485	137	314	221
485	134	308	226
487	133	314	226
485	125	313	235
483	126	313	233
480	122	320	236
482	121	313	237
483	118	322	238
480	120	313	235
482	112	317	239
485	115	310	235
487	108	312	239
490	116	300	229
488	105	314	236
491	114	299	227
488	116	300	223
487	118	298	221
490	119	302	218
483	118	301	219
484	120	302	218
480	121	306	217
478	119	302	221
479	120	307	220
479	124	298	218
477	131	315	211
479	133	302	214
474	138	315	211
474	137	302	216
471	139	318	216
465	140	305	218
467	140	311	219
464	133	322	226
460	130	304	231
464	134	317	225
460	130	314	231
461	129	309	231
460	126	323	233
459	121	320	239
458	113	332	245
455	119	334	238
456	108	341	250
455	107	338	251
459	102	327	254
461	102	331	251
466	99	343	247
460	100	330	249
463	100	344	244
467	94	325	251
466	93	334	247
471	93	347	242
470	95	332	241
474	93	342	240
477	91	333	241
479	94	330	238
477	100	343	231
472	94	331	242
480	91	332	243
481	94	326	240
491	94	324	240
497	88	316	246
507	85	309	250
512	81	317	257
496	73	318	268
520	85	314	257
519	84	309	269
520	92	316	261
533	103	312	260
523	103	333	256
533	103	346	259
521	115	377	243
519	95	347	272
544	100	389	252
519	104	614	211
504	93	401	284
543	97	313	287
554	106	450	241
546	107	532	221
555	96	314	302
577	89	361	278
542	111	400	263
557	78	329	305
584	81	298	289
573	77	372	273
549	92	377	278
585	63	293	310
594	50	294	313
587	45	293	328
596	49	281	318
598	41	279	331
597	40	287	323
595	37	287	341
591	43	296	319
590	34	320	342
590	39	325	325
574	50	325	322
608	49	303	323
570	83	325	308
588	64	334	312
560	86	335	284
572	82	333	291
555	109	341	267
555	132	340	242
568	123	475	251
560	118	319	271
550	114	362	265
537	120	332	258
563	107	399	267
543	119	330	260
540	108	389	265
524	108	345	266
536	91	369	277
525	96	358	268
529	76	351	284
533	86	346	266
527	86	361	263
529	77	341	268
537	71	372	267
521	78	353	255
533	68	435	263
519	86	359	231
519	79	402	241
511	80	348	233
524	74	358	238
509	75	365	237
510	73	372	241
519	70	361	244
520	66	362	248
531	74	356	240
537	86	352	231
545	93	348	230
552	98	344	231
562	107	333	227
565	112	330	227
570	117	333	229
569	112	336	241
576	107	331	253
578	103	342	262
577	95	339	276
577	88	342	287
575	84	336	296
583	80	333	300
585	75	340	307
590	72	333	309
605	71	318	308
603	67	321	317
614	64	304	323
618	63	304	327
615	63	303	329
622	68	300	321
615	66	304	326
622	67	299	317
626	70	299	321
627	70	298	314
630	76	301	309
633	73	301	306
628	73	303	300
622	79	307	294
619	73	306	296
605	72	319	294
605	60	318	301
596	47	322	312
592	49	316	304
581	26	323	327
589	26	311	314
567	16	329	323
570	21	320	310
554	24	322	306
543	25	318	295
542	27	315	286
527	30	326	286
523	32	331	278
512	31	360	279
512	32	368	283
510	31	358	286
505	33	374	282
497	39	371	279
486	45	387	275
469	42	399	282
468	46	405	280
464	48	408	280
449	41	425	287
438	47	422	283
438	37	439	292
420	38	428	294
416	28	456	298
397	36	458	287
395	33	466	292
404	32	454	293
449	43	494	297
537	54	341	267
667	77	507	360
495	76	566	302
433	45	539	293
542	64	514	310
446	37	549	305
462	38	479	301
374	29	750	363
474	44	347	261
563	41	586	357
578	35	520	338
375	32	434	338
364	35	872	331
332	29	428	305
581	40	627	297
640	51	619	309
408	26	649	350
452	57	771	275
351	55	767	299
333	56	866	269
324	56	705	314
369	58	799	247
379	68	875	233
325	61	792	262
311	54	932	223
357	74	681	301
338	74	815	249
368	70	897	213
324	80	722	268
338	83	698	279
335	96	704	262
297	145	703	227
365	157	857	107
477	138	734	124
529	141	609	154
450	160	707	118
447	167	653	135
467	155	698	108
535	132	597	138
607	113	559	143
603	43	531	222
358	68	796	191
359	40	508	390
312	57	618	322
330	46	374	463
353	34	520	324
367	32	542	215
398	24	494	214
412	20	440	231
419	16	408	246
422	16	405	230
437	13	382	270
440	20	361	270
456	22	384	268
445	21	364	277
454	25	383	293
450	24	374	312
455	25	358	359
457	23	397	340
458	29	380	384
461	24	410	355
469	25	418	370
470	24	474	342
470	28	476	353
476	30	461	396
490	24	443	437
496	20	458	437
506	19	464	448
502	27	482	441
512	23	479	471
519	22	509	471
527	18	532	463
531	17	533	473
544	14	537	475
548	19	534	490
557	11	540	482
567	17	578	477
584	14	545	493
592	18	567	480
597	21	587	492
602	19	599	491
605	26	593	505
611	26	600	520
604	31	606	516
617	30	578	520
625	27	587	529
625	31	580	521
628	29	584	527
631	23	591	533
633	29	590	528
640	23	583	532
636	24	583	537
641	19	566	536
642	24	578	543
642	22	594	529
637	33	604	518
645	28	625	517
645	34	604	511
648	34	621	508
648	42	603	500
659	41	615	506
658	43	579	500
669	48	571	499
671	53	560	487
683	51	565	494
684	49	550	479
695	44	566	506
700	47	536	480
714	41	548	518
721	33	538	495
728	29	547	522
737	33	505	496
747	28	497	551
753	28	492	506
765	23	497	560
770	31	478	514
785	28	464	565
789	29	473	531
800	34	465	569
805	30	466	536
815	25	452	563
819	25	460	563
828	25	444	558
834	21	445	546
841	23	433	557
844	22	435	550
850	24	429	549
853	30	426	548
857	32	422	532
863	25	416	558
864	24	415	557
868	26	411	576
870	36	409	557
876	33	403	558
883	31	396	561
887	34	392	556
889	33	390	576
888	36	391	571
890	33	389	575
891	32	388	579
891	32	388	532
896	25	383	533
897	30	382	515
895	29	384	500
896	27	383	489
898	28	381	487
899	31	380	481
897	33	382	473
897	29	382	486
895	29	384	464
895	34	384	449
892	35	387	452
892	35	387	447
889	38	390	456
890	39	389	450
886	39	393	452
887	38	392	441
884	42	395	441
884	40	395	433
878	39	401	434
874	39	405	431
871	35	408	433
867	36	412	422
866	36	413	414
867	34	412	407
863	36	416	403
864	35	415	411
862	34	417	417
863	34	416	414
861	33	418	422
860	32	419	425
859	32	420	420
857	32	422	417
856	30	423	414
855	26	424	414
857	24	422	409
856	22	423	407
857	24	422	403
853	23	426	401
854	24	425	398
854	23	425	397
853	23	426	400
853	24	426	403
854	24	425	406
852	25	427	405
852	28	427	405
852	26	427	405
851	30	428	402
851	34	428	401
854	36	425	401
850	36	429	395
853	37	426	402
852	39	427	396
856	42	423	398
856	43	423	395
858	44	421	397
857	43	422	400
859	43	420	402
860	44	419	399
859	45	420	397
859	43	420	394
861	45	418	395
861	44	418	393
863	44	416	389
869	45	410	385
873	45	400	389
873	46	406	389
875	43	404	389
877	45	398	389
875	45	404	389
874	47	394	386
874	48	396	380
873	47	392	383
873	49	390	384
874	50	389	377
873	50	384	377
872	47	392	376
872	48	396	373
871	46	394	370
872	49	392	371
871	46	391	372
871	48	389	370
868	50	391	373
866	53	389	369
860	52	393	372
861	54	390	372
859	56	394	374
859	56	394	378
858	56	390	384
862	57	382	385
856	59	392	381
858	61	391	385
854	65	394	382
852	63	394	387
854	62	392	393
852	64	398	389
848	65	401	394
850	62	401	396
847	65	400	399
847	64	407	394
846	63	402	397
845	62	407	398
844	63	411	391
842	61	419	397
841	61	427	392
841	60	416	394
842	59	417	398
842	58	423	401
841	56	427	394
844	54	418	406
842	53	425	396
842	51	428	402
841	51	421	393
841	50	430	395
841	49	432	389
840	51	432	390
840	51	434	383
841	50	425	385
843	50	418	388
845	51	422	385
843	50	420	390
848	50	418	389
848	51	421	394
852	53	427	392
853	53	420	395
858	54	415	397
860	55	409	401
866	58	408	400
869	60	400	399
874	63	403	400
877	63	398	396
881	64	390	405
883	63	384	403
885	63	381	412
887	62	385	405
890	62	381	413
892	62	380	405
897	64	375	409
896	59	383	409
896	63	379	411
899	63	380	407
898	66	381	414
900	65	379	407
900	63	379	413
900	61	379	416
902	60	377	415
901	59	378	418
901	57	378	409
898	60	381	400
897	60	382	400
898	58	381	404
899	57	380	404
899	56	380	404
900	54	379	404
896	56	383	405
897	56	382	393
890	57	389	378
890	58	389	372
889	60	390	370
888	59	391	369
884	62	393	362
886	64	393	356
880	66	399	367
878	66	401	350
875	67	397	350
872	65	402	343
868	66	406	341
865	64	411	341
865	65	407	337
864	64	413	350
860	64	408	338
858	66	404	346
860	61	401	346
862	61	397	348
860	63	392	343
862	64	392	343
862	62	391	346
861	64	383	345
858	66	393	345
855	65	399	352
857	65	391	354
857	65	406	356
858	64	405	360
858	64	408	359
855	66	396	360
855	65	394	359
854	63	402	359
854	63	387	367
853	63	382	367
846	65	397	367
848	61	397	371
848	52	415	375
844	58	403	376
845	51	429	375
841	56	417	376
841	54	437	376
841	51	433	384
840	53	421	387
841	53	429	382
839	58	421	385
841	60	417	382
836	62	425	379
834	64	424	377
838	63	425	375
839	64	420	380
841	63	422	382
840	67	416	381
844	64	411	388
841	66	425	385
841	65	424	392
840	66	420	392
841	64	420	391
836	63	428	396
834	62	433	395
832	59	436	400
830	60	436	396
831	56	439	399
830	57	431	398
829	57	425	401
825	57	436	400
824	57	438	399
822	56	441	398
820	56	437	395
821	57	442	398
821	55	436	392
821	55	438	392
820	54	436	390
819	56	442	388
818	55	441	386
818	56	443	385
816	57	444	380
815	58	448	380
816	58	445	378
814	58	449	377
814	61	453	377
809	61	452	371
811	61	454	372
810	61	456	371
810	64	456	368
808	62	456	369
804	67	462	366
803	64	460	366
802	68	461	363
803	68	462	363
804	67	462	363
803	67	461	364
803	66	461	366
803	65	461	367
802	65	461	367
802	66	460	365
801	66	460	367
801	66	459	366
800	65	459	368
799	66	460	365
799	66	458	365
798	66	456	364
797	65	457	365
796	66	457	362
798	65	455	363
799	66	451	361
798	67	453	360
798	67	451	358
798	70	452	352
798	68	449	354
799	71	449	349
801	64	446	357
801	69	449	352
798	67	446	355
800	72	449	348
800	65	447	357
801	71	444	352
801	66	445	356
802	69	440	354
802	71	444	351
803	70	443	351
801	69	443	351
802	69	442	350
800	70	441	350
802	70	436	350
803	70	436	347
805	71	433	347
806	74	430	342
808	73	431	341
809	76	428	335
807	74	430	338
809	77	426	335
812	74	420	337
814	76	414	334
818	78	415	332
826	74	404	334
830	80	393	323
831	83	387	318
835	83	383	319
838	85	371	313
844	82	367	315
849	83	356	309
849	83	353	309
852	83	348	306
857	84	344	303
856	85	343	300
860	84	344	301
864	85	334	294
866	85	331	294
868	86	329	291
870	87	326	286
873	85	322	285
874	84	322	284
872	83	321	282
873	83	318	278
876	83	310	276
877	83	310	279
880	83	309	276
878	77	305	284
880	76	305	286
880	77	304	285
881	77	304	284
881	76	303	282
881	78	302	281
885	79	298	279
881	78	302	279
879	79	300	278
881	81	293	270
878	80	293	273
879	79	294	272
880	79	290	260
887	80	275	249
894	84	263	250
892	78	261	246
898	87	251	233
895	80	253	240
897	85	247	226
901	84	248	236
900	87	242	218
899	87	243	235
897	81	239	216
900	91	230	210
898	81	232	220
904	91	225	200
905	86	236	221
904	89	230	203
902	79	231	219
903	83	231	209
902	84	234	215
903	83	236	214
904	83	232	214
904	83	236	214
902	82	233	212
902	84	235	207
901	87	234	205
904	92	231	197
903	96	230	199
908	104	225	184
906	103	231	197
911	112	225	173
904	107	228	190
908	115	228	178
902	107	230	186
909	122	222	173
899	104	238	196
907	120	230	176
902	109	234	191
908	119	229	181
902	111	234	193
911	121	227	186
901	110	239	193
911	123	223	183
899	112	238	201
913	129	224	182
897	113	241	207
913	130	214	175
899	118	238	207
909	130	224	190
902	124	235	208
897	124	232	190
908	131	223	205
897	121	238	211
919	135	210	192
918	131	214	215
912	129	213	205
913	134	216	213
905	128	216	210
906	130	214	214
900	130	210	204
899	127	220	225
894	127	214	214
891	124	219	224
883	123	226	228
875	122	229	226
871	126	224	212
875	126	220	220
868	119	231	226
863	126	233	220
867	122	229	222
867	125	226	218
863	123	226	223
871	126	218	225
858	123	224	220
869	126	222	232
853	121	230	227
868	131	222	224
864	130	213	216
866	132	220	228
861	128	222	221
867	131	216	218
851	127	232	217
868	133	218	208
871	138	211	209
869	135	214	203
879	143	200	195
879	146	200	194
882	145	198	193
882	149	196	191
880	150	198	185
887	152	195	187
876	150	197	183
881	154	192	176
887	158	185	173
882	158	191	175
877	157	194	172
881	160	193	170
888	167	180	160
897	167	173	163
892	170	176	159
892	169	177	161
895	174	171	157
893	172	171	159
899	176	165	156
909	182	152	152
909	180	153	156
910	182	150	153
912	184	150	152
914	187	149	151
915	186	147	150
918	188	145	147
910	186	154	152
916	185	151	150
912	184	154	155
914	184	153	153
908	187	158	154
906	186	171	159
903	183	164	158
908	184	169	168
899	185	174	163
900	183	182	171
880	181	193	168
875	177	214	184
843	173	244	189
826	165	270	198
818	159	284	206
824	161	282	203
817	161	291	206
809	156	299	208
810	159	303	207
800	153	310	212
814	161	301	207
795	150	315	219
813	167	301	206
793	150	318	222
809	167	303	207
793	150	319	226
807	165	303	211
793	150	321	231
801	160	310	216
796	151	318	230
804	162	311	218
794	147	319	236
804	164	309	217
800	147	313	237
805	162	307	220
802	155	312	232
796	150	316	234
794	156	322	232
787	152	330	238
788	154	326	234
790	156	329	236
784	155	334	239
782	153	334	241
776	150	342	245
778	153	343	244
775	149	343	248
776	149	343	248
774	146	346	251
771	144	347	252
768	142	352	254
767	140	356	257
764	140	356	255
760	140	361	256
755	139	366	255
754	136	369	258
755	136	365	258
753	132	372	260
755	132	366	258
757	133	366	255
755	135	368	252
756	134	366	251
753	133	369	249
753	133	368	246
753	133	368	243
753	135	370	240
752	135	369	239
751	137	372	238
752	137	371	235
752	138	373	235
754	139	370	233
753	139	373	235
755	140	372	233
755	141	374	232
755	143	375	229
758	146	374	227
757	148	375	226
758	150	377	224
763	151	373	223
766	152	373	224
767	153	373	227
769	153	374	230
772	153	369	228
773	154	373	230
772	153	378	232
773	152	380	232
778	149	378	235
780	148	382	238
786	146	370	237
788	146	375	238
790	141	371	240
794	141	369	240
791	139	373	239
794	138	372	241
796	138	370	240
797	138	370	239
799	138	370	236
800	139	366	235
806	137	369	233
808	137	356	239
814	138	354	233
814	136	355	234
817	136	351	237
821	136	345	236
822	138	341	238
826	137	341	234
824	137	346	238
828	136	333	240
829	138	340	240
832	137	333	244
833	137	331	246
834	138	330	248
833	137	336	248
835	134	330	255
837	132	336	260
837	131	340	264
837	132	346	265
837	131	349	269
837	130	350	272
835	129	353	274
836	130	355	275
837	128	352	279
836	127	355	280
836	127	356	281
836	126	357	283
836	123	362	287
835	121	362	288
834	119	363	288
835	119	363	289
837	118	361	288
836	117	363	289
836	115	364	289
836	116	362	288
836	117	363	288
835	116	363	289
838	117	361	287
839	116	361	288
841	114	358	287
840	116	362	283
839	114	365	283
835	114	368	280
834	116	374	278
835	112	376	279
834	113	378	278
834	114	379	274
836	115	381	273
840	117	380	269
842	119	378	266
845	122	377	261
846	125	377	259
847	127	376	256
850	129	375	254
853	131	372	254
856	132	368	251
863	134	364	252
865	136	363	247
872	137	357	248
877	142	353	245
878	142	351	245
884	143	346	244
889	142	342	244
894	142	338	246
901	140	330	250
906	140	328	250
907	140	326	249
910	136	323	251
910	140	322	250
914	137	323	251
917	136	319	248
919	138	319	248
921	136	318	250
921	138	319	246
924	137	315	246
926	135	311	245
927	136	312	243
926	139	312	239
926	140	312	236
928	141	311	235
928	142	309	232
928	142	308	231
928	143	307	230
930	143	304	228
931	143	303	229
931	143	303	228
933	144	298	226
932	145	301	224
933	146	300	223
933	148	299	221
932	149	300	221
931	150	299	218
934	152	297	216
932	153	296	217
936	155	295	216
933	152	295	217
934	153	293	218
933	156	294	215
934	154	291	214
933	155	293	213
931	156	292	212
929	153	294	213
930	155	288	212
931	156	286	210
928	154	289	210
930	155	281	210
929	155	282	213
932	154	281	212
926	153	283	213
928	151	280	212
931	153	279	212
929	153	276	213
929	150	281	217
927	149	281	217
927	149	284	217
927	148	280	215
929	151	274	211
925	150	280	210
927	150	273	211
924	149	275	213
924	147	276	217
924	150	273	214
924	148	276	215
924	150	268	213
928	151	260	212
926	151	264	212
926	150	260	208
928	154	257	207
925	154	257	205
927	156	249	203
927	156	250	205
931	156	246	203
933	159	243	202
932	157	239	203
933	158	241	201
934	157	232	199
934	158	230	199
937	158	228	199
937	156	225	200
939	158	222	197
939	153	226	203
941	156	219	192
943	160	217	188
936	154	224	194
941	154	219	192
939	155	224	189
940	152	222	190
938	154	222	185
938	155	220	182
936	155	223	182
936	155	224	179
935	154	220	176
938	156	215	171
936	156	213	167
938	155	205	159
938	155	197	154
936	159	191	136
931	156	198	144
936	158	179	128
933	159	191	135
932	154	177	125
932	157	185	132
933	153	171	125
935	157	184	128
934	154	173	127
935	158	179	125
938	162	175	123
940	166	172	120
940	169	170	117
940	170	170	117
938	168	172	121
938	168	171	121
938	170	170	123
935	169	170	124
936	171	165	122
935	171	169	126
935	170	167	127
934	171	166	127
934	171	165	128
936	172	161	129
934	172	163	134
934	171	157	132
933	172	159	137
933	170	158	140
935	175	151	132
934	169	150	142
934	172	146	136
933	171	146	144
934	177	146	141
932	176	143	143
929	175	144	145
930	179	142	141
927	178	147	150
924	178	146	147
922	179	149	149
921	176	147	147
920	185	146	142
912	178	153	146
915	180	152	142
910	177	159	145
905	175	161	143
912	180	151	139
903	178	161	144
900	176	164	143
903	178	162	139
904	182	159	138
898	181	162	137
892	181	167	134
891	182	168	134
886	180	173	137
886	184	168	131
885	183	173	133
880	184	174	130
880	187	175	128
873	183	179	130
873	184	181	130
869	184	179	128
868	184	179	126
865	184	180	128
865	186	175	123
865	186	176	129
869	190	172	122
871	191	168	122
876	194	162	124
877	195	159	122
890	199	146	120
891	201	143	118
905	203	128	118
920	208	112	118
925	214	103	113
920	214	106	114
917	213	108	115
915	211	111	117
914	212	112	116
905	209	121	120
893	203	132	126
891	200	138	126
866	191	154	129
847	189	177	129
847	183	171	120
837	177	180	142
841	179	168	111
852	188	158	128
843	187	167	127
846	187	159	120
835	183	172	141
843	182	156	117
833	180	172	143
834	177	161	113
826	172	174	147
826	169	169	123
842	179	153	131
827	176	173	137
830	175	167	129
834	180	165	132
831	180	166	129
835	182	164	130
837	187	161	124
826	185	178	134
844	185	149	116
831	187	167	135
832	184	166	130
827	185	170	128
827	185	168	128
825	185	172	137
826	183	168	131
822	185	173	136
822	184	174	136
818	184	172	135
821	187	168	137
814	185	172	142
815	177	173	153
812	178	170	147
813	176	165	153
808	174	170	156
808	174	168	156
805	173	167	157
804	174	165	157
802	173	164	158
799	173	165	156
797	173	165	156
793	172	167	158
791	171	169	156
789	171	169	159
788	170	171	158
785	168	171	158
783	169	172	157
781	167	173	157
781	167	172	156
780	167	172	157
779	168	169	152
780	167	164	152
779	168	165	152
778	169	164	149
779	169	161	147
779	170	160	145
779	169	156	143
778	169	158	147
777	168	158	144
777	169	158	144
776	168	159	143
774	168	159	142
772	169	158	141
771	170	156	137
769	170	155	136
767	171	156	136
765	172	157	139
764	173	158	138
762	173	163	142
761	173	163	141
759	175	164	144
759	176	165	143
756	175	166	144
753	175	170	149
750	174	171	149
747	174	174	152
744	174	175	154
742	174	179	159
738	172	183	165
736	172	187	170
737	171	187	172
734	170	190	175
733	172	191	176
730	174	195	177
729	173	200	181
726	173	201	181
723	174	207	184
722	171	207	187
719	170	212	189
719	171	208	187
720	169	210	190
720	168	207	190
719	168	213	190
719	169	212	189
719	169	214	190
718	167	219	190
717	166	224	192
716	168	226	189
715	167	228	189
716	168	229	187
717	168	230	186
718	167	231	187
721	169	230	185
720	168	233	184
723	170	230	183
722	170	234	183
722	172	233	183
722	173	232	183
723	174	232	183
723	173	235	185
722	173	237	184
720	172	241	185
719	173	240	185
718	172	239	187
716	172	239	187
717	171	237	188
716	171	238	190
714	172	237	190
714	171	233	190
711	171	236	191
711	170	234	191
710	170	233	193
710	170	232	194
709	171	229	193
709	171	232	191
708	171	229	193
709	170	228	192
710	170	226	191
710	170	226	189
709	171	228	189
709	171	228	188
709	171	230	188
710	170	228	187
711	171	229	186
714	171	231	185
715	170	231	186
718	172	232	184
719	170	237	185
723	171	236	183
726	172	231	183
729	174	230	182
732	175	230	180
735	177	229	179
737	178	228	177
739	177	231	178
741	180	229	175
741	181	228	176
742	182	228	174
744	183	226	175
745	183	227	172
748	183	226	173
749	183	229	171
749	182	226	174
750	182	230	172
752	182	229	172
755	180	228	172
755	181	229	170
754	179	229	171
756	180	230	169
754	178	234	170
757	178	233	168
759	178	231	169
761	178	231	166
761	179	231	163
765	180	228	162
765	181	229	162
765	181	229	161
766	182	230	160
766	183	230	157
766	183	229	157
766	183	231	157
767	182	231	157
768	182	231	159
769	184	232	157
770	184	232	156
770	184	233	156
770	185	230	156
770	186	233	156
770	186	230	156
771	187	232	155
770	187	231	156
772	186	236	156
772	187	231	158
771	187	233	158
772	187	232	159
772	187	232	159
773	186	231	160
773	187	230	158
772	188	233	158
775	187	230	160
776	188	230	160
775	186	230	162
777	187	229	162
775	185	230	163
779	185	228	164
777	185	230	164
779	184	227	165
778	183	227	165
779	182	227	165
778	182	228	165
780	182	227	165
781	181	227	166
782	183	226	164
781	182	227	164
782	182	226	164
781	184	226	162
781	181	225	162
782	182	225	162
782	182	224	161
782	182	225	159
782	184	224	159
782	184	224	159
783	184	222	159
784	183	221	159
785	182	218	160
786	182	215	160
786	183	212	158
786	182	209	159
786	182	206	160
784	182	204	159
785	182	201	159
785	181	201	159
786	182	199	160
785	181	195	160
784	180	189	160
784	182	186	160
783	182	185	161
782	183	184	162
782	184	182	160
783	184	181	161
780	184	181	161
778	184	182	162
775	185	181	161
775	186	180	159
774	184	181	160
774	185	176	160
773	183	178	161
771	184	177	159
771	183	174	159
771	183	173	157
771	182	171	158
772	181	169	157
770	180	167	156
770	181	165	152
769	180	159	146
770	179	152	144
768	177	149	141
768	177	145	138
769	179	141	131
767	177	141	135
767	178	136	125
768	176	132	124
766	176	128	119
766	174	124	118
762	173	124	115
761	175	122	111
758	174	120	109
756	174	117	105
752	172	126	109
747	171	122	107
744	170	141	114
736	168	134	112
733	169	152	120
733	168	138	117
726	167	160	134
723	163	152	119
720	170	166	136
710	161	165	123
708	167	175	136
707	165	167	129
706	168	174	134
702	165	172	134
702	167	173	134
700	167	176	135
698	166	176	134
696	166	174	134
695	168	177	134
696	168	172	134
695	168	176	135
694	168	164	133
693	167	173	141
689	166	162	141
690	166	171	146
682	167	166	144
686	166	170	150
680	167	165	146
680	166	167	153
681	167	155	148
680	165	159	161
676	165	152	152
677	166	152	159
672	165	148	153
665	164	154	160
668	166	142	151
666	168	150	162
667	174	126	147
661	170	142	166
656	173	140	152
646	174	148	152
639	172	151	159
638	178	143	140
622	173	145	138
621	178	148	144
608	182	143	121
613	184	85	113
611	197	84	90
605	203	104	107
602	199	98	102
595	203	88	93
594	202	124	112
586	195	93	105
586	196	107	117
582	196	120	112
575	193	103	117
575	188	99	126
571	184	105	131
567	180	101	134
561	178	104	144
555	172	108	155
549	169	112	164
541	164	121	171
537	160	126	176
535	158	135	180
532	159	146	183
527	160	127	201
520	155	143	204
518	158	164	193
518	162	147	190
511	171	138	188
506	171	141	182
499	184	129	197
498	181	131	193
484	199	139	184
485	204	133	207
479	204	137	220
476	213	141	218
462	230	150	207
450	239	166	206
439	259	174	183
430	266	178	181
429	273	175	175
418	278	175	158
414	288	168	144
411	286	171	144
402	290	179	139
398	291	183	141
394	291	177	140
381	294	180	132
387	296	163	129
387	298	161	127
386	289	166	137
386	285	161	139
391	282	159	142
385	269	167	153
389	257	161	163
387	244	167	178
387	227	167	190
388	212	168	199
387	205	167	200
387	199	166	201
391	192	162	198
392	186	164	200
392	176	164	203
391	169	171	203
393	156	170	209
393	152	175	205
393	146	178	200
393	141	178	192
394	139	176	188
393	134	180	185
391	131	185	178
391	128	186	173
390	127	189	171
392	125	193	167
395	123	198	163
399	122	194	160
403	122	191	155
404	122	197	149
409	119	190	148
411	121	192	141
414	122	187	138
416	120	192	135
423	119	196	128
416	118	203	126
425	117	202	121
420	120	223	113
421	119	241	106
427	119	241	101
429	120	238	100
431	115	244	102
432	115	241	101
436	120	240	97
438	119	236	95
442	122	232	93
445	126	223	84
447	125	220	77
446	130	229	72
456	134	224	72
472	136	213	68
462	137	212	69
471	138	215	59
467	142	162	89
475	140	136	108
476	144	137	104
472	150	124	101
473	156	123	100
470	155	127	100
469	156	137	101
467	155	130	103
468	156	160	102
463	152	152	110
466	154	141	108
468	155	169	106
465	154	149	112
468	156	134	109
470	155	164	108
466	155	160	111
468	157	154	111
469	157	141	112
473	159	200	113
477	159	183	116
478	162	169	115
474	163	234	117
481	166	173	120
478	163	211	123
483	170	204	119
485	167	218	122
487	170	174	124
488	171	207	122
493	171	194	123
493	170	187	124
496	172	236	124
502	170	220	135
506	167	231	141
514	168	223	141
516	160	230	151
518	172	202	142
517	160	229	153
521	167	211	148
520	163	231	153
525	162	211	156
527	158	231	157
527	156	214	162
528	156	222	160
528	157	214	159
528	154	231	161
529	155	214	162
529	152	208	164
528	153	213	160
531	157	230	156
533	153	218	161
532	155	226	158
536	155	214	159
539	156	224	157
540	158	227	154
542	160	218	153
543	159	222	153
547	161	257	149
547	163	238	147
548	164	226	148
551	163	262	149
547	161	236	151
551	157	244	155
553	155	237	157
554	156	236	157
552	158	239	157
555	156	245	159
557	155	240	159
560	157	240	157
561	158	236	154
563	157	241	154
564	156	240	153
563	155	243	154
571	155	232	156
565	156	240	153
567	153	236	155
563	152	237	157
567	152	238	158
568	150	236	159
566	151	238	155
567	149	242	158
567	151	236	155
569	149	242	160
572	151	232	156
569	148	238	160
568	149	233	160
579	147	234	160
566	149	243	158
573	151	237	157
575	149	225	162
576	150	232	156
567	149	232	158
576	148	243	159
575	156	222	153
564	145	260	160
577	159	214	150
559	145	248	154
580	152	222	146
566	151	221	132
569	151	196	126
559	151	203	139
558	152	139	105
570	159	156	109
563	153	196	138
558	152	134	99
573	161	154	103
567	155	178	129
560	151	159	112
578	156	138	109
576	150	136	117
579	153	130	111
580	147	128	116
582	150	130	110
583	146	128	113
583	147	127	112
585	144	132	117
587	147	121	109
588	143	130	109
591	145	120	106
590	142	131	108
590	143	126	107
594	143	128	105
592	141	127	105
594	141	128	104
595	141	124	104
597	140	124	104
600	140	117	103
598	140	115	104
600	140	114	104
599	140	112	106
599	141	111	107
599	142	110	106
599	141	112	108
601	143	113	107
602	143	109	111
602	142	110	111
604	145	107	113
605	146	105	111
606	147	103	118
607	145	106	117
607	146	104	119
607	145	108	121
606	146	110	123
607	144	112	123
608	147	111	124
608	143	110	125
608	147	114	127
607	146	112	122
608	145	109	126
608	146	110	124
608	146	112	125
607	146	125	132
607	148	114	125
608	145	133	139
605	147	111	127
606	144	132	144
605	145	111	132
606	144	149	150
598	146	117	129
604	143	153	149
600	145	120	132
604	143	163	153
601	150	121	129
606	143	196	170
603	146	147	141
605	142	130	143
607	145	208	174
604	150	170	149
605	148	132	139
609	147	232	187
603	156	247	164
608	155	205	155
603	153	148	154
609	144	113	145
610	145	203	183
602	150	166	155
612	146	124	145
613	144	213	188
608	150	214	161
605	145	147	156
612	142	111	140
614	139	139	156
614	138	114	142
615	141	119	142
618	138	120	148
619	137	107	139
619	135	111	144
619	135	112	144
619	137	110	143
619	130	109	146
618	134	110	139
620	132	107	141
620	131	107	142
619	132	108	140
620	130	107	140
619	133	107	140
619	132	107	139
619	132	108	141
619	132	109	141
618	133	106	138
619	131	113	152
617	133	103	141
617	135	108	151
616	130	111	150
615	135	109	144
615	133	112	150
614	138	109	148
614	134	112	156
613	137	112	157
611	132	122	168
609	135	115	154
610	136	122	169
608	135	127	158
607	137	135	163
605	135	106	152
604	135	148	173
599	141	115	148
602	135	163	180
595	146	122	138
600	134	161	179
597	145	117	141
599	137	174	181
591	146	121	146
599	137	140	164
599	142	112	146
599	139	172	178
589	142	123	151
596	137	118	161
596	137	123	160
595	137	139	162
596	137	139	159
595	134	171	171
582	136	160	159
592	134	179	169
581	137	167	161
590	135	168	167
588	133	190	169
580	137	258	186
577	142	269	186
578	143	278	188
578	144	297	191
575	144	302	196
579	144	295	200
576	144	307	202
577	143	295	204
576	142	321	204
577	143	295	202
567	140	342	206
579	138	292	203
567	140	346	202
568	138	310	200
566	138	339	203
569	137	311	198
562	139	347	196
559	139	323	191
559	141	353	189
553	142	336	186
552	143	337	190
559	140	305	196
553	139	319	193
551	138	320	193
552	138	318	192
553	137	272	194
542	142	300	171
546	141	274	172
541	144	368	168
549	137	309	186
546	138	244	189
534	150	392	153
540	142	364	168
544	145	350	176
544	151	333	174
540	158	296	170
540	156	242	173
534	157	336	154
535	161	304	163
537	162	228	172
527	159	283	162
530	163	340	157
527	164	275	168
523	159	352	155
523	166	271	168
520	167	313	150
523	170	225	171
528	167	289	145
520	164	280	165
519	167	280	163
515	164	267	165
510	174	279	155
511	172	289	146
515	166	247	165
507	171	325	129
501	163	227	180
497	170	287	140
505	173	334	121
491	172	232	167
493	170	255	155
493	177	233	157
493	172	286	138
501	169	341	121
480	169	218	183
516	169	271	144
501	162	259	170
488	164	368	125
480	170	258	171
480	176	247	165
485	175	261	157
481	183	260	149
482	176	287	147
485	178	339	126
501	165	202	200
482	181	278	146
486	181	306	133
502	172	314	140
488	171	234	186
471	192	252	148
478	196	294	131
489	182	271	146
484	181	292	141
486	183	246	168
472	182	282	140
475	183	236	165
462	191	216	175
474	178	230	186
454	182	225	188
471	170	201	218
467	175	194	212
471	170	183	239
468	169	185	219
464	174	182	240
463	170	183	228
458	173	184	248
457	169	198	236
460	172	191	236
456	170	193	249
455	167	206	240
447	170	210	239
444	167	216	245
443	163	221	242
445	158	218	247
444	162	220	239
444	157	210	252
442	163	211	234
444	158	222	246
433	172	221	220
432	168	237	221
424	169	226	214
425	167	231	220
429	158	219	221
423	157	229	229
420	158	221	217
425	147	243	221
409	152	236	215
422	150	236	214
415	154	224	209
426	143	230	210
415	151	220	208
416	146	218	205
416	151	224	196
417	158	208	192
425	145	211	198
423	158	203	194
429	148	198	200
434	163	185	187
438	160	188	191
438	152	178	204
440	152	185	199
435	155	181	210
439	161	178	200
441	161	171	205
443	167	169	203
441	169	167	199
445	184	159	200
445	181	159	197
441	185	159	208
442	193	161	187
433	190	165	211
435	184	166	198
432	193	165	210
433	190	178	194
415	183	208	196
420	187	261	167
406	175	237	190
416	172	258	189
397	177	252	189
407	175	258	187
393	176	260	190
403	166	251	198
395	167	262	198
392	169	263	191
392	170	268	192
391	165	267	191
392	164	234	203
401	166	311	173
391	160	280	200
383	165	275	188
385	167	237	200
398	162	264	188
385	157	231	203
396	160	290	172
387	168	220	196
403	162	233	184
388	173	284	159
386	171	257	171
392	168	299	158
391	179	255	159
400	177	293	147
401	168	255	171
387	181	271	155
389	183	256	156
414	174	230	168
404	178	265	167
393	173	229	183
397	181	268	164
383	177	222	193
398	177	267	172
379	170	222	210
386	173	274	181
365	159	211	232
364	162	252	215
349	161	237	225
360	157	240	230
341	154	238	238
344	151	236	243
340	153	241	245
340	148	243	245
337	149	243	247
342	146	243	244
335	152	247	236
340	150	248	233
337	156	253	226
336	153	260	224
328	157	251	221
346	157	241	219
336	164	250	213
340	164	248	212
332	170	240	212
332	173	238	210
333	174	232	212
325	180	226	209
330	179	229	213
326	184	223	214
330	179	226	221
325	182	219	228
331	180	216	231
325	185	215	234
329	186	230	223
315	194	221	226
328	194	227	225
316	201	221	236
326	193	246	227
300	205	240	230
320	189	240	239
321	188	217	256
324	187	219	254
320	189	223	252
320	192	221	244
317	190	222	261
317	191	224	239
316	183	233	253
316	185	225	241
316	189	225	247
314	188	226	240
317	187	243	227
306	178	239	241
317	169	230	240
311	167	246	246
316	159	228	246
317	154	243	250
306	151	244	259
315	136	238	267
317	126	230	284
314	127	234	277
314	120	234	286
314	138	234	267
311	127	245	273
316	154	244	246
311	150	240	254
312	159	244	245
312	158	241	250
313	162	246	244
300	170	251	243
309	165	243	248
305	168	243	253
305	166	244	251
300	175	243	252
298	174	251	250
291	172	251	260
300	164	251	267
280	177	262	255
292	166	256	266
284	178	252	256
290	178	261	254
277	179	254	256
289	169	265	263
275	174	256	258
284	172	252	265
279	184	243	255
287	180	273	247
273	181	260	247
288	169	243	264
279	179	257	249
285	182	262	238
271	183	255	242
283	177	271	239
269	180	261	232
279	179	258	234
261	187	260	223
275	181	275	223
254	182	266	223
270	182	274	221
251	188	264	218
270	181	270	220
248	190	269	219
264	183	276	220
248	190	266	219
264	177	282	227
239	185	278	226
256	180	286	226
237	182	284	236
251	172	281	241
234	180	283	237
255	165	294	246
231	173	294	252
247	154	294	262
233	161	303	260
238	145	304	269
228	152	305	262
239	139	309	266
227	149	318	263
231	141	323	264
227	137	325	267
233	136	312	262
240	133	323	261
232	137	332	252
243	127	317	261
236	131	326	256
248	127	312	255
250	126	315	251
252	131	309	241
261	125	305	243
252	133	308	232
277	121	286	238
267	128	294	227
267	124	292	229
278	125	291	225
271	129	299	221
284	124	290	226
275	133	296	216
285	131	293	220
282	135	293	216
289	127	292	223
290	128	293	221
288	130	301	220
291	127	300	226
297	129	296	224
299	129	298	225
298	131	303	223
307	127	309	229
302	131	306	226
311	127	312	231
312	128	297	232
320	127	307	234
318	131	296	235
317	128	311	239
329	132	299	239
329	132	301	240
329	138	312	237
330	146	320	232
336	149	320	231
338	151	322	236
352	161	313	226
357	176	309	221
360	173	304	230
368	175	302	238
381	171	273	254
384	175	293	246
387	174	270	263
401	178	327	209
402	176	356	202
427	139	368	187
469	132	361	165
500	79	276	249
514	39	317	231
529	41	326	227
539	31	323	231
542	24	318	234
542	24	323	235
544	23	322	238
549	22	320	241
548	19	315	245
549	20	327	248
550	19	322	251
551	19	333	240
554	14	325	229
564	11	307	226
569	12	315	221
575	14	300	219
582	16	314	215
586	21	324	213
589	21	333	215
587	19	353	220
594	19	365	225
595	16	380	233
596	21	390	233
593	27	400	233
604	28	396	232
610	30	403	233
612	34	418	233
628	30	417	242
624	37	435	236
627	39	438	238
641	34	435	246
645	34	443	249
653	37	447	241
657	41	449	235
675	37	440	243
680	39	446	234
680	46	459	227
687	44	461	228
698	48	459	223
714	47	455	226
716	50	460	219
724	55	458	214
734	55	463	216
739	55	463	215
738	58	472	211
746	57	472	215
756	54	466	218
766	53	461	218
773	51	461	217
794	46	445	217
797	44	446	209
800	43	446	208
808	43	437	208
812	43	433	209
822	41	418	206
824	36	414	207
827	35	414	204
835	31	403	199
845	24	395	205
853	27	383	195
851	23	382	189
851	26	388	172
850	23	393	169
849	24	398	163
839	25	404	160
861	23	380	159
846	24	394	154
866	24	375	155
844	31	402	147
872	26	369	152
854	33	391	147
866	29	369	150
851	35	395	147
876	29	361	155
870	33	369	153
864	37	373	155
891	29	343	164
874	34	369	163
888	34	369	168
894	28	353	181
900	28	344	185
902	29	345	187
908	25	342	192
905	28	344	193
916	26	331	199
915	31	337	195
919	31	334	197
920	31	333	199
926	31	329	202
924	33	335	203
921	38	340	198
922	44	335	198
915	43	342	204
921	47	331	206
923	47	325	211
932	47	311	215
931	48	312	217
936	49	312	222
943	49	310	223
942	46	316	228
948	49	317	226
955	49	311	232
955	50	319	233
955	47	322	235
959	45	317	236
959	42	317	241
958	43	321	239
954	39	325	243
954	35	325	241
951	31	325	234
958	29	321	232
957	26	322	229
959	22	320	226
963	21	316	222
960	18	319	217
967	15	312	216
963	11	316	207
958	6	321	205
959	1	320	199
963	4	316	193
957	2	322	193
966	3	313	189
962	15	317	175
961	18	318	169
960	25	319	159
959	30	319	160
958	35	318	160
956	36	319	161
953	38	317	159
954	38	310	160
955	38	308	159
957	37	301	160
956	38	304	160
957	33	305	167
958	32	307	164
955	32	309	162
959	31	307	163
955	31	309	161
958	30	307	162
960	29	307	162
959	31	312	161
961	33	310	161
963	35	306	160
966	35	303	163
966	38	302	162
969	33	298	166
968	39	299	162
972	34	287	167
975	39	282	160
977	34	283	161
976	38	283	155
983	35	273	154
974	35	280	151
976	40	279	146
975	34	277	151
972	40	276	143
970	37	276	145
962	40	279	142
963	38	279	147
960	41	278	144
958	43	273	148
960	43	262	153
959	44	260	156
956	45	259	159
952	49	256	161
953	53	253	162
952	53	248	167
951	56	242	167
950	57	243	169
948	57	242	173
947	58	239	177
944	57	231	183
939	59	233	186
933	56	237	187
928	62	228	189
922	62	222	191
915	65	216	197
907	68	214	199
899	69	218	205
890	70	215	208
879	73	225	202
867	72	213	215
855	74	227	201
844	73	209	216
833	76	205	210
819	77	213	202
807	78	207	206
793	77	197	212
781	74	251	187
774	69	274	189
766	65	249	214
753	64	332	179
736	67	349	170
729	74	324	180
731	69	347	169
718	89	279	204
714	85	347	171
712	90	320	195
707	94	342	186
702	97	328	201
695	104	344	196
690	105	341	205
688	106	331	230
684	114	330	233
681	120	327	237
677	124	324	241
672	124	328	256
667	123	334	259
661	123	333	264
658	125	329	271
659	126	329	278
658	126	333	280
659	127	323	280
665	129	309	282
674	121	290	285
684	112	274	287
688	104	273	293
693	85	272	303
703	75	268	303
706	67	262	303
709	54	257	308
712	42	258	314
713	38	258	312
715	33	256	310
717	30	256	304
716	27	259	299
716	24	264	301
716	25	266	298
716	26	270	290
718	27	276	275
716	32	279	259
715	36	280	258
712	40	281	263
711	42	280	268
710	45	298	251
711	47	288	264
711	54	277	277
710	61	282	274
711	66	282	280
711	73	285	283
713	82	284	274
716	98	271	273
720	113	257	263
724	124	242	256
729	128	236	250
737	131	221	243
741	129	214	233
745	131	212	220
744	132	213	206
746	130	206	198
750	128	196	189
753	129	189	181
758	126	184	174
759	124	191	166
760	124	187	162
758	124	192	156
756	125	199	156
753	124	208	154
754	123	200	158
755	125	211	160
746	126	217	160
747	128	215	166
747	128	224	169
742	129	225	179
740	132	229	185
735	133	234	202
726	130	264	204
724	131	275	205
722	130	281	214
721	129	301	208
726	126	309	211
722	123	307	227
722	120	319	231
719	118	321	235
719	113	328	236
720	110	335	231
719	103	329	233
720	100	335	231
720	97	333	238
716	96	337	243
711	98	343	238
711	100	349	236
706	98	349	249
700	102	351	249
700	104	355	252
700	108	355	252
693	105	362	257
694	107	360	258
692	107	355	259
694	108	362	262
692	111	357	261
691	113	363	264
689	112	361	271
693	112	361	277
694	112	359	276
693	115	360	276
696	115	358	280
699	116	359	282
701	114	352	283
703	117	356	284
704	111	350	289
708	109	352	295
712	108	338	295
715	110	342	292
719	109	332	293
724	106	324	293
727	106	322	289
735	105	312	288
743	102	307	289
744	101	307	282
755	99	293	284
759	100	288	280
766	110	276	265
766	111	271	259
767	114	267	250
772	121	263	249
763	115	266	246
769	119	268	241
772	120	257	234
777	121	255	234
781	120	249	229
787	125	247	216
793	127	248	195
806	135	235	173
817	144	221	153
823	142	219	155
830	141	213	154
840	141	203	152
846	143	198	146
852	141	199	149
859	146	201	144
851	142	209	146
852	141	209	146
845	137	215	150
842	133	215	150
845	132	219	152
836	126	222	156
840	126	225	155
834	121	227	158
835	118	228	159
826	114	230	159
839	120	221	153
829	113	226	155
829	114	224	150
825	108	226	154
827	107	221	153
824	106	218	150
818	101	213	148
818	107	203	140
815	111	208	139
804	106	205	139
804	110	207	143
799	111	212	151
789	108	216	157
787	112	216	163
779	111	228	178
774	110	238	191
768	107	247	198
765	111	254	206
756	108	258	216
746	109	266	220
740	110	268	221
736	108	268	223
728	112	271	226
724	114	276	227
715	111	283	234
704	116	288	230
700	115	289	235
700	116	287	236
698	116	288	235
695	115	289	236
689	113	290	238
681	111	288	237
673	110	297	239
667	105	295	243
659	106	296	242
654	104	302	245
647	103	301	245
641	100	304	247
638	100	300	245
635	102	297	241
630	101	300	239
628	100	299	240
631	101	295	238
629	102	294	237
630	102	288	238
632	105	285	235
630	107	285	234
629	108	279	234
630	113	276	229
629	115	277	229
627	118	272	228
627	119	267	228
628	122	268	223
627	123	270	225
624	124	265	229
625	124	257	229
620	125	257	228
618	123	267	225
614	126	270	225
616	123	261	229
615	124	266	227
612	122	267	225
611	123	273	221
611	121	276	222
606	120	284	222
606	121	281	221
608	119	283	221
603	122	280	220
609	121	284	214
606	124	277	212
611	125	277	207
607	128	282	203
607	128	283	202
609	129	281	201
609	132	274	203
609	132	282	196
609	134	274	202
605	136	284	197
608	135	276	198
607	136	278	201
610	137	277	199
607	138	277	200
612	136	278	203
608	138	276	207
613	137	270	207
614	136	268	211
610	137	270	210
610	136	273	215
612	138	276	212
606	138	275	216
608	138	272	216
612	135	266	218
607	136	265	220
603	137	268	217
604	135	261	219
604	131	264	222
605	131	262	220
605	131	257	219
602	134	257	214
602	127	254	220
599	130	256	215
599	130	253	214
597	134	254	210
596	133	258	210
596	133	253	209
594	129	258	212
590	137	263	204
593	136	261	206
597	137	259	205
599	142	256	200
597	138	262	205
602	143	259	201
596	139	269	204
596	145	269	198
594	146	273	196
593	148	271	194
598	146	277	196
603	148	271	195
602	149	277	193
605	145	274	198
609	148	281	192
611	143	275	196
610	142	279	199
611	145	281	195
616	142	275	197
621	143	274	198
620	141	272	198
620	143	274	195
621	144	273	193
620	142	273	195
621	142	280	194
623	141	272	193
622	141	273	194
623	141	271	192
622	141	275	191
625	141	271	191
627	141	269	189
627	143	267	187
629	142	265	187
627	144	262	186
631	148	263	179
636	149	255	177
640	150	251	176
641	153	251	175
642	154	244	172
645	154	249	171
645	157	241	169
646	159	244	168
647	159	243	169
648	159	241	169
649	161	239	169
650	157	238	172
648	158	241	172
647	160	241	171
646	161	242	172
645	160	245	173
645	157	243	176
644	159	245	175
644	156	243	179
642	155	251	180
641	156	247	181
641	156	253	181
643	155	250	183
643	152	254	182
645	153	249	184
646	153	249	182
645	152	249	181
648	150	249	180
649	149	249	181
650	150	250	178
652	151	246	178
651	149	250	178
655	150	248	179
658	151	247	178
658	152	249	178
665	151	245	178
665	153	245	177
670	154	245	175
673	154	246	176
675	156	241	177
677	156	249	178
679	155	248	181
686	157	243	180
684	158	246	180
690	157	243	182
694	157	242	182
696	157	244	182
700	156	243	183
704	158	244	181
708	157	239	185
710	155	242	186
711	156	244	185
714	156	241	186
715	154	241	186
718	155	239	184
721	155	239	182
723	155	239	182
724	155	239	181
725	156	239	181
726	156	239	181
727	155	238	181
728	154	240	179
728	155	238	177
731	155	240	177
735	157	234	173
738	157	232	173
742	158	226	172
742	159	228	170
743	159	226	169
746	161	223	168
748	162	225	167
750	164	218	165
751	166	220	163
751	166	222	163
751	167	222	163
750	168	223	160
752	169	221	161
749	170	225	161
749	170	224	161
749	170	225	163
748	170	223	165
746	170	226	165
747	171	223	165
746	169	223	168
744	171	226	167
747	169	221	170
746	169	221	171
745	169	223	170
743	168	225	173
741	166	227	174
742	165	228	173
741	165	224	175
741	163	229	174
741	161	228	174
742	161	220	174
741	159	228	175
738	160	223	174
736	158	233	175
733	156	231	177
735	156	231	177
735	157	227	174
736	157	230	177
736	157	228	175
736	155	230	177
736	157	228	174
739	157	230	174
734	159	230	171
736	158	233	171
737	160	228	170
739	160	228	171
734	162	233	171
737	162	232	170
736	163	233	170
736	163	232	172
738	163	233	171
738	165	230	170
738	165	234	171
739	166	230	170
738	167	236	170
735	168	234	168
736	168	238	170
738	167	230	171
736	169	236	170
736	168	237	171
734	167	236	172
738	167	234	173
736	166	234	173
738	166	230	172
735	167	234	171
738	165	231	171
739	164	230	170
741	162	230	173
741	162	227	172
741	163	226	170
742	163	225	169
741	162	227	169
739	161	226	167
744	163	220	164
741	163	225	164
743	162	222	163
740	163	224	162
741	163	221	161
740	164	221	161
741	165	218	160
741	165	218	159
739	165	219	160
736	164	219	160
738	165	216	156
735	165	220	157
733	165	221	156
730	164	224	156
726	163	226	157
726	163	224	156
725	163	224	157
722	163	225	156
717	163	229	158
718	164	226	156
716	163	227	159
717	163	223	160
713	163	224	159
711	164	224	159
707	164	227	159
709	165	224	159
704	167	225	158
704	167	224	157
702	168	224	158
701	168	221	158
700	168	220	158
699	167	219	159
697	168	221	159
694	168	220	158
694	171	221	155
691	170	221	156
689	170	221	156
687	171	220	155
686	172	220	154
684	172	221	155
683	172	221	156
683	171	219	156
682	171	217	156
680	172	215	155
679	173	218	156
680	170	214	158
678	172	216	157
679	171	214	156
678	172	214	156
677	173	212	154
676	173	210	153
680	171	208	153
677	171	206	153
679	171	206	152
677	172	204	149
680	172	200	147
679	173	197	146
679	172	197	146
682	171	195	146
680	173	196	144
681	171	191	143
682	171	190	141
682	170	189	140
682	170	189	140
682	170	188	139
683	170	187	137
683	170	184	136
684	171	182	132
685	170	183	129
688	171	177	127
689	170	176	124
690	171	175	125
692	171	172	120
695	171	169	122
698	172	167	122
702	173	162	116
704	174	157	112
707	175	153	108
702	174	155	107
708	176	147	102
703	174	156	109
714	176	143	97
705	171	151	108
714	174	138	96
707	170	143	105
715	172	135	99
711	170	140	103
712	170	139	102
710	169	140	100
707	167	143	102
706	168	142	99
704	170	142	98
703	168	140	97
705	171	139	100
709	170	134	98
704	170	135	101
706	170	132	101
705	170	133	105
707	170	128	100
702	170	139	121
704	173	128	91
697	171	146	146
706	170	117	81
657	169	178	144
710	173	134	110
710	170	118	132
717	176	117	138
714	167	115	143
717	174	110	138
712	165	113	148
716	174	109	137
712	167	112	146
713	175	110	137
710	171	111	140
706	175	114	137
704	173	114	135
709	176	110	131
702	170	114	139
707	174	117	121
694	173	123	132
702	177	132	106
694	173	126	120
693	172	130	107
695	172	123	105
692	173	125	98
694	173	125	94
694	173	127	91
697	173	124	89
691	177	128	84
691	178	127	85
692	178	125	84
689	181	129	81
692	181	131	82
684	190	137	71
657	182	166	80
661	183	160	70
620	168	201	95
633	166	188	79
629	171	196	84
615	160	204	84
628	165	198	88
620	163	201	82
626	163	198	90
623	160	197	81
629	166	199	86
623	165	198	79
629	166	199	89
623	165	201	80
628	168	201	85
621	164	201	81
626	165	200	88
621	162	199	86
624	165	203	86
623	164	196	83
626	166	203	87
624	164	195	82
629	167	199	85
627	165	190	82
630	168	199	87
629	166	188	81
632	168	192	86
632	166	185	82
634	167	189	87
633	165	182	83
635	169	185	86
634	167	182	85
637	169	180	88
636	169	176	87
636	169	181	92
638	170	173	85
636	171	180	94
639	172	171	88
639	174	177	94
643	172	171	89
641	176	171	92
648	175	163	88
647	178	166	91
650	179	163	87
650	180	161	89
658	180	155	86
656	182	157	86
662	182	150	84
654	181	157	87
666	181	144	85
662	182	150	86
667	181	144	86
669	182	141	84
670	182	140	83
673	184	139	82
666	181	147	83
676	182	138	81
671	180	145	84
677	179	138	81
673	178	142	84
676	179	139	84
676	179	140	84
674	178	140	85
678	179	139	85
669	179	146	84
670	178	143	83
666	178	148	83
661	177	152	85
653	174	158	86
638	173	174	90
619	166	193	97
624	164	186	98
616	160	196	107
620	161	192	106
615	156	198	116
619	160	198	116
617	160	205	123
619	161	205	126
618	160	207	128
618	160	206	128
617	160	208	134
617	159	209	135
618	159	207	135
618	159	208	136
618	159	211	138
618	159	211	136
618	160	213	139
617	159	212	133
615	158	214	137
613	155	214	132
615	157	210	132
615	155	211	131
615	154	209	126
616	154	209	127
617	153	208	126
617	152	207	126
618	150	209	128
620	151	205	127
621	152	206	129
624	154	203	126
625	155	204	127
626	154	202	124
629	158	199	124
628	159	200	121
629	160	198	123
631	161	197	123
633	161	195	126
632	160	196	127
635	163	191	128
633	163	195	128
636	165	194	132
633	166	195	129
632	167	200	134
637	169	194	130
635	170	196	130
636	173	196	131
637	174	194	128
637	174	195	132
640	176	194	131
640	178	195	129
640	178	194	128
643	178	194	129
643	177	191	125
644	178	188	125
646	178	186	123
644	176	188	124
645	175	187	123
645	175	187	122
649	178	180	116
646	177	183	116
647	177	180	113
645	177	179	112
652	179	170	107
651	180	171	109
654	181	167	106
652	182	169	105
651	181	167	105
650	181	167	103
643	179	171	104
649	181	164	101
642	178	170	106
647	181	162	100
631	176	177	106
652	180	153	97
634	180	174	106
642	180	161	97
629	178	177	105
650	182	152	96
621	177	187	110
626	176	177	104
627	177	178	107
626	178	177	102
627	182	178	99
631	185	173	100
614	180	192	106
632	185	173	93
613	181	192	102
628	184	177	94
638	190	168	94
610	176	195	107
627	181	182	95
637	188	167	92
620	179	183	100
645	184	159	90
634	187	174	94
640	186	167	91
647	186	160	90
651	187	159	91
649	184	161	93
654	187	157	90
654	181	158	97
655	182	158	94
658	181	155	96
657	178	159	100
658	177	159	100
657	174	159	103
658	175	160	101
659	174	159	101
659	173	161	104
661	173	160	102
659	170	163	106
658	170	163	105
660	173	163	104
661	169	163	107
666	173	160	103
659	168	165	111
664	174	161	104
661	168	164	116
664	173	165	109
660	168	167	115
662	173	166	112
660	169	164	117
663	173	162	114
664	171	157	118
665	172	151	119
660	170	154	125
651	170	162	122
653	174	164	115
651	169	160	127
649	170	163	124
649	168	162	126
646	166	163	132
652	169	159	130
646	167	155	136
652	166	154	138
646	162	155	144
650	165	152	141
648	162	152	144
648	161	151	149
653	163	147	148
654	162	146	149
652	160	143	152
650	157	146	154
648	157	148	153
649	159	145	147
643	157	148	148
651	162	147	142
641	157	152	148
649	160	147	137
636	157	159	152
644	166	150	118
634	159	165	142
630	164	165	122
634	168	159	123
630	164	159	123
629	168	164	124
627	171	162	114
625	170	169	123
622	168	171	119
632	176	162	114
623	169	172	121
625	174	168	109
624	174	171	112
625	178	173	107
622	174	176	110
621	173	178	110
620	174	181	108
621	174	184	109
618	170	183	108
627	173	181	108
620	168	187	111
626	168	177	102
619	162	193	113
621	161	191	108
617	157	197	111
623	160	194	104
615	154	203	112
626	162	197	104
621	156	205	114
627	158	199	107
615	152	215	115
623	156	211	107
619	152	217	116
623	156	217	111
620	151	221	115
621	152	223	112
614	147	233	116
619	150	232	115
617	148	237	115
621	151	236	112
618	147	240	115
620	150	244	113
620	149	242	109
626	149	240	114
626	147	239	110
624	145	242	115
625	145	243	113
626	144	242	120
628	147	243	120
624	142	243	126
625	143	243	130
617	142	247	128
616	138	249	137
624	144	244	142
636	152	238	136
640	150	237	142
640	152	239	137
639	150	241	145
657	164	226	129
667	162	215	134
667	157	213	138
650	155	232	136
664	161	217	131
671	158	208	133
667	151	209	137
669	157	204	129
676	153	200	132
683	153	185	125
689	154	177	126
689	155	179	128
689	156	178	127
688	157	180	127
689	159	180	126
690	159	180	123
689	157	179	124
695	156	172	122
689	154	172	124
697	154	175	123
684	151	173	125
703	151	172	120
684	149	171	129
698	149	177	121
675	142	184	127
699	146	176	120
669	141	189	136
692	152	183	123
688	145	183	131
704	145	169	135
698	150	164	138
708	153	165	128
697	156	169	133
711	158	154	139
698	161	163	136
714	162	152	137
700	159	132	149
703	151	116	137
704	165	83	130
670	172	64	105
592	178	124	99
692	166	84	131
645	173	52	90
581	168	126	106
686	169	83	122
615	179	74	80
589	175	105	93
596	162	157	127
705	154	151	172
712	158	140	160
715	152	134	177
713	151	140	176
713	154	139	176
712	149	140	182
709	155	145	181
708	151	145	179
706	153	147	183
706	154	149	181
704	153	149	187
703	156	150	185
704	162	148	181
703	153	149	189
702	167	150	182
696	150	155	198
691	167	162	180
652	151	197	197
677	176	196	169
671	160	183	186
680	174	172	165
632	161	198	174
666	166	191	176
677	171	176	168
647	159	201	181
667	172	195	171
664	166	187	176
670	163	184	176
655	163	196	178
661	165	195	173
665	166	185	172
653	162	200	174
667	163	187	172
648	160	201	176
663	164	197	172
667	164	186	171
652	161	202	173
668	164	196	170
653	158	200	177
668	164	197	169
656	163	198	171
672	163	193	169
663	169	188	166
663	169	202	163
664	168	183	165
661	172	197	158
677	178	184	152
667	173	172	162
639	171	209	158
678	174	193	163
689	187	163	151
644	162	170	165
673	173	175	170
663	183	194	154
662	178	182	155
648	171	189	162
691	180	174	161
671	178	158	154
667	188	143	140
664	192	133	130
646	190	135	130
589	177	127	124
606	183	164	129
622	175	176	143
672	179	147	146
681	184	156	141
673	181	107	131
557	180	200	124
685	173	185	153
692	176	183	147
691	175	178	143
694	179	179	134
688	183	186	128
689	179	194	130
696	182	188	123
673	175	208	127
709	195	179	100
605	158	276	141
711	195	174	92
595	144	288	151
705	184	187	97
614	141	278	151
688	185	210	96
582	126	310	166
634	159	260	124
687	185	206	103
615	142	277	151
685	187	213	103
672	175	222	123
700	196	197	102
673	170	223	131
709	200	191	98
677	177	220	128
701	193	202	105
697	176	205	126
703	180	203	120
704	176	199	122
702	173	202	124
705	172	200	123
703	171	205	120
705	170	204	119
702	171	208	118
699	167	209	120
693	167	212	118
691	163	211	121
689	167	208	118
686	161	207	122
692	163	201	119
690	160	199	122
688	158	198	125
692	161	196	120
687	159	197	122
689	156	198	123
687	159	199	121
661	149	219	133
690	156	202	124
653	143	223	139
687	158	203	126
660	145	226	138
693	155	204	130
659	141	230	145
694	157	207	131
664	143	221	146
696	154	205	135
679	146	210	147
703	148	195	147
696	152	187	146
696	150	191	153
697	152	186	155
676	153	190	156
692	153	98	142
577	177	129	112
570	171	146	133
560	155	174	139
584	154	122	151
558	159	206	155
593	154	142	153
540	148	194	155
619	161	203	163
567	147	135	147
557	152	257	175
621	162	221	167
587	147	219	168
658	165	181	157
508	142	245	158
591	152	261	168
647	166	243	161
621	161	242	162
582	154	300	169
704	187	204	136
528	157	285	152
682	177	244	147
588	165	317	159
711	201	200	119
539	162	337	158
711	186	221	147
618	161	300	169
712	189	213	144
694	177	235	153
704	184	225	148
698	173	232	162
702	173	220	166
700	169	221	172
696	164	221	178
699	157	217	188
699	158	214	189
695	154	218	195
699	152	213	200
698	153	210	202
697	147	214	210
702	146	209	209
694	143	216	216
694	147	211	215
692	150	212	213
691	149	213	211
688	151	213	213
686	148	218	215
687	153	214	210
686	151	217	210
684	152	213	210
688	155	212	205
683	161	212	199
692	161	203	200
688	147	209	214
685	153	209	211
687	153	204	210
692	158	196	209
674	139	214	231
687	153	200	217
692	151	192	222
691	167	193	210
694	192	188	186
576	162	310	213
696	191	213	188
648	174	244	213
688	180	220	205
688	196	200	193
691	225	213	165
613	168	296	225
701	200	216	195
689	189	217	208
699	240	211	157
608	169	300	222
698	205	229	189
691	201	220	196
697	210	228	185
690	179	232	217
697	208	225	192
701	206	221	192
704	212	217	190
686	148	239	251
702	214	220	183
697	176	232	222
703	200	216	195
708	214	223	181
688	198	238	196
705	216	228	176
687	206	237	185
701	196	235	192
689	202	232	183
694	188	245	198
691	187	230	195
694	178	241	208
691	188	229	190
682	159	255	225
687	193	229	181
681	154	256	226
683	184	233	185
664	173	266	203
683	196	233	175
656	197	269	178
661	176	263	197
647	186	263	186
638	176	282	194
628	180	286	191
624	172	293	196
603	163	312	209
624	189	293	181
609	160	301	206
604	169	306	200
600	156	310	210
613	176	295	193
592	141	316	224
613	173	294	193
585	136	321	228
601	155	308	211
579	139	326	227
601	158	309	208
582	133	321	231
588	140	325	223
580	120	331	241
550	113	365	250
558	124	360	241
548	111	373	253
549	117	352	242
529	95	387	266
531	100	383	254
537	110	376	239
540	114	372	232
519	97	396	253
516	96	393	241
496	88	418	256
512	98	404	238
497	88	416	252
525	111	384	224
503	93	406	242
506	93	403	240
507	93	401	241
511	94	397	238
508	90	404	244
506	88	399	244
509	89	404	243
520	91	382	242
519	91	393	232
536	97	360	225
540	93	366	227
553	99	348	218
580	107	325	212
592	104	307	216
591	103	306	217
596	103	304	213
612	99	296	210
612	93	289	226
612	94	291	218
614	91	295	215
609	88	303	218
605	84	315	218
597	78	323	226
589	74	330	236
584	77	336	224
585	75	338	226
578	75	334	229
578	74	331	236
572	75	337	229
579	79	325	240
580	89	332	221
578	91	321	221
573	95	324	217
572	92	325	220
570	92	319	222
566	93	327	205
573	97	305	223
575	96	309	217
573	94	301	228
572	92	285	263
538	88	313	282
530	85	331	283
542	84	311	295
534	78	313	305
547	84	309	291
530	74	317	308
539	75	314	305
540	73	306	307
535	67	312	318
537	69	314	313
536	65	311	323
539	67	310	321
540	67	306	320
535	64	310	329
540	69	316	309
530	64	311	333
539	68	326	317
532	62	314	339
539	69	310	335
543	73	307	333
542	70	309	342
544	75	311	339
544	75	312	341
542	75	313	347
546	81	314	345
543	80	325	346
546	84	323	352
545	89	319	356
546	98	323	348
551	110	316	344
555	115	317	338
556	107	314	354
564	127	312	342
558	115	315	365
562	129	317	354
560	130	322	359
565	135	321	354
565	143	322	352
564	133	328	368
567	123	331	377
573	143	319	358
578	136	322	369
580	140	322	367
583	137	322	369
584	137	323	369
585	144	325	366
573	135	335	368
586	161	327	336
572	111	352	398
595	154	321	339
577	128	353	375
586	150	336	341
587	152	344	341
581	141	349	344
596	159	355	327
582	126	353	359
599	151	363	327
602	151	335	326
