0.013829
0.182441
0.185220
0.154961
0.192460
0.180493
0.185206
0.187421
0.215478
0.187753
0.199107
0.187454
0.193390
0.187455
0.185263
0.160673
0.182165
0.191071
0.162861
0.162430
0.191734
0.191944
0.191588
0.209268
0.167188
0.169253
0.206909
0.225344
0.185932
0.208333
0.180815
0.179257
0.181096
0.192329
0.197585
0.211824
0.170395
0.204825
0.190895
0.178442
0.172693
0.192133
0.181112
0.204627
0.204308
0.221686
0.169149
0.171372
0.182595
0.192558
0.215892
0.196305
0.158843
0.160882
0.168064
0.189847
0.176545
0.170866
0.167272
0.186587
0.168861
0.185122
0.174830
0.194814
0.177174
0.189771
0.201990
0.185268
0.189007
0.189735
0.172536
0.174442
0.203901
0.169871
0.219214
0.178497
0.180023
0.178107
0.178212
0.172904
0.165527
0.189198
0.186577
0.200641
0.175067
0.214819
0.229051
0.186369
0.174287
0.194307
0.202300
0.204052
0.224805
0.190659
0.228992
0.182556
0.200606
0.201526
0.179069
0.183123
0.174039
0.181604
0.214365
0.194308
0.211269
0.172928
0.178574
0.159891
0.184288
0.187138
0.196929
0.184181
0.176421
0.198179
0.198399
0.182399
0.188812
0.178686
0.189453
0.196147
0.201314
0.193900
0.161280
0.152740
0.185483
0.186919
0.207965
0.166050
0.185089
0.192656
0.177330
0.191330
0.199900
0.185699
0.214942
0.180995
0.172489
0.186755
0.170390
0.185833
0.180920
0.178444
0.241599
0.191573
0.174040
0.179393
0.210945
0.193091
0.180135
0.175869
0.197489
0.195053
0.194773
0.164327
0.196960
0.182487
0.188372
0.172330
0.182269
0.180549
0.174031
0.206246
0.186446
0.171268
0.186455
0.180121
0.167688
0.203339
0.177113
0.192781
0.179135
0.188315
0.212653
0.197300
0.188733
0.180406
0.195381
0.208380
0.187438
0.215906
0.179083
0.208507
0.184862
0.163803
0.185231
0.192066
0.183664
0.197047
0.167174
0.185010
0.179030
0.170557
0.178212
0.164636
0.179254
0.192105
0.175549
0.188515
0.206209
0.173713
0.160133
0.182045
0.176494
0.202009
0.196603
0.177923
0.214620
0.191858
0.193000
0.195284
0.203041
0.187322
0.223394
0.197895
0.187600
0.213898
0.194108
0.200126
0.181644
0.182441
0.187638
0.182088
0.203997
0.206440
0.225469
0.207912
0.204979
0.201958
0.187735
0.180535
0.176623
0.190332
0.182654
0.181712
0.196598
0.190969
0.196415
0.196607
0.174099
0.186957
0.166958
0.186261
0.172405
0.196513
0.198623
0.163498
0.197724
0.195295
0.159305
0.184898
0.189492
0.174492
0.244626
0.183072
0.191002
0.209465
0.172313
0.183295
0.201112
0.179574
0.193073
0.206576
0.172543
0.173125
0.174691
0.169777
0.161801
0.185806
0.190756
0.195363
0.184806
0.201368
0.179117
0.194060
0.188675
0.168974
0.207419
0.183975
0.209022
0.172323
0.182492
0.161159
0.188671
0.189035
0.192548
0.191954
0.173673
0.206572
0.209559
0.179116
0.203273
0.189663
0.179570
0.172839
0.235241
0.223460
0.186448
0.199257
0.174205
0.210002
0.160862
0.172378
0.168933
0.225034
0.207801
0.201299
0.178529
0.190550
0.174000
0.198490
0.184593
0.173478
0.186422
0.181631
0.194518
0.206872
0.189504
0.193560
0.187148
0.199193
0.185545
0.196060
0.206613
0.179341
0.186821
0.180903
0.175229
0.206906
0.190613
0.168117
0.200182
0.178400
0.184913
0.231817
0.185592
0.189733
0.190650
0.197284
0.187339
0.191449
0.176210
0.208089
0.176340
0.200018
0.195696
0.198798
0.171726
0.195657
0.207375
0.173982
0.172542
0.169091
0.235956
0.190683
0.184007
0.230562
0.191027
0.180045
0.170286
0.167371
0.181839
0.169358
0.194443
0.180727
0.234555
0.239211
0.194489
0.169641
0.159189
0.176450
0.170356
0.195115
0.178403
0.171054
0.161020
0.164323
0.188452
0.178223
0.168221
0.167485
0.194403
0.182007
0.168595
0.183530
0.186168
0.171509
0.193380
0.175736
0.215613
0.189434
0.193410
0.167269
0.211622
0.186340
0.189483
0.208645
0.197864
0.196626
0.194744
0.215136
0.188410
0.185350
0.186087
0.176536
0.190247
0.191774
0.206844
0.183870
0.192438
0.171726
0.193587
0.155764
0.172263
0.162353
0.172541
0.192223
0.187276
0.179433
0.166131
0.176478
0.180456
0.178872
0.179980
0.203029
0.178902
0.204627
0.190113
0.188163
0.202411
0.179098
0.177911
0.171313
0.156838
0.198513
0.175178
0.180446
0.165155
0.175087
0.169127
0.211388
0.179898
0.252224
0.187981
0.181684
0.201525
0.213381
0.167482
0.193077
0.193534
0.206155
0.205250
0.164288
0.170220
0.195409
0.160674
0.186881
0.195842
0.183979
0.162539
0.174496
0.158218
0.175032
0.216230
0.185899
0.194207
0.176834
0.189880
0.190928
0.194532
0.199464
0.205484
0.185292
0.232237
0.188667
0.198480
0.164834
0.225324
0.176175
0.201866
0.182061
0.175987
0.184193
0.195671
0.205642
0.191787
0.190193
0.204930
0.206594
0.163989
0.220568
0.209640
0.185935
0.216648
0.199711
0.182966
0.173630
0.173776
0.216846
0.175345
0.164809
0.196523
0.188078
0.209007
0.206371
0.214624
0.190885
0.172751
0.182092
0.174635
0.178253
0.219421
0.174579
0.182483
0.188115
0.183254
0.194834
0.174880
0.173514
0.191045
0.207830
0.210355
0.189661
0.188893
0.172397
0.187207
0.182668
0.187850
0.175561
0.193447
0.197882
0.192532
0.192342
0.198429
0.193605
0.171636
0.184074
0.205732
0.195248
0.238127
0.176291
0.194228
0.195038
0.186601
0.185333
0.162377
0.179825
0.177147
0.188270
0.182291
0.193020
0.218233
0.165058
0.168423
0.175616
0.204971
0.209999
0.198061
0.175622
0.172485
0.179159
0.180120
0.193365
0.188764
0.186137
0.202993
0.190303
0.170816
0.183904
0.168938
0.200182
0.194968
0.211123
0.224610
0.198551
0.189782
0.224990
0.171528
0.201180
0.186536
0.182489
0.199373
0.191455
0.155963
0.205653
0.187778
0.203688
0.192674
0.192775
0.207123
0.211841
0.189665
0.185243
0.187879
0.179108
0.173921
0.173295
0.173759
0.230947
0.198028
0.195844
0.168357
0.224391
0.185382
0.182081
0.183716
0.165055
0.195469
0.169752
0.182579
0.165357
0.171773
0.182767
0.191578
0.208316
0.178724
0.163840
0.162957
0.201012
0.192792
0.200529
0.203933
0.194191
0.177202
0.180286
0.194407
0.178712
0.180472
0.202813
0.197493
0.185035
0.200611
0.192513
0.164596
0.174263
0.211560
0.219040
0.216186
0.188632
0.202994
0.192416
0.184061
0.176480
0.205726
0.223228
0.181308
0.188642
0.196174
0.178632
0.166801
0.185604
0.174158
0.174843
0.187855
0.214086
0.215600
0.180805
0.179304
0.171460
0.178190
0.162136
0.176251
0.159697
0.197498
0.183498
0.185074
0.204350
0.170709
0.213146
0.182637
0.179930
0.186770
0.185536
0.152556
0.157499
0.189910
0.182138
0.169016
0.163721
0.182259
0.192580
0.202286
0.172148
0.165255
0.180744
0.176612
0.171746
0.174566
0.184853
0.195320
0.168952
0.191481
0.161988
0.219291
0.175786
0.188246
0.172125
0.202657
0.197428
0.194896
0.198506
0.191265
0.191507
0.187686
0.208171
0.215711
0.218830
0.228616
0.211521
0.188205
0.183923
0.212085
0.219076
0.210881
0.206239
0.173556
0.186247
0.187845
0.220269
0.191734
0.193207
0.190549
0.210779
0.200227
0.164125
0.196287
0.192805
0.195369
0.223433
0.178364
0.186124
0.201065
0.172093
0.209753
0.190839
0.173412
0.211298
0.170558
0.177140
0.198546
0.192938
0.184748
0.171916
0.213778
0.174380
0.203851
0.183072
0.176225
0.186508
0.196362
0.178022
0.172550
0.174412
0.193775
0.170760
0.196699
0.172441
0.185216
0.171283
0.190492
0.198900
0.198812
0.176425
0.191020
0.174986
0.179229
0.202439
0.206630
0.162938
0.160076
0.208267
0.195807
0.178282
0.165444
0.184113
0.179459
0.152971
0.183014
0.174478
0.182274
0.193775
0.186492
0.192909
0.176234
0.173034
0.157771
0.186509
0.201724
0.162103
0.181936
0.174983
0.187351
0.212606
0.173512
0.227393
0.166739
0.189431
0.186451
0.216358
0.185261
0.197987
0.181113
0.176541
0.194666
0.178817
0.195505
0.185541
0.185468
0.163247
0.187834
0.192567
0.220818
0.180804
0.164260
0.166488
0.181658
0.220732
0.181341
0.208208
0.173192
0.187880
0.189603
0.165401
0.188691
0.161520
0.215457
0.209948
0.191367
0.163280
0.213239
0.192930
0.163671
0.194534
0.231861
0.162631
0.209329
0.192928
0.187855
0.188228
0.164117
0.188392
0.153289
0.207292
0.167253
0.168630
0.191483
0.191404
0.178135
0.171698
0.184390
0.203699
0.222224
0.203989
0.182241
0.204943
0.214325
0.196588
0.182437
0.184852
0.205139
0.178484
0.199023
0.198863
0.180844
0.211360
0.193985
0.174166
0.193746
0.169501
0.172416
0.199516
0.179014
0.197510
0.167624
0.193749
0.162631
0.170412
0.184539
0.165479
0.195370
0.187682
0.175336
0.160339
0.200168
0.183935
0.169221
0.170981
0.190804
0.162094
0.199246
0.189536
0.217227
0.177084
0.181273
0.207454
0.169403
0.197790
0.173090
0.187040
0.166994
0.192382
0.196267
0.190781
0.199652
0.195192
0.177979
0.199596
0.185375
0.199413
0.188661
0.200109
0.191271
0.183858
0.172818
0.167456
0.187705
0.193609
0.192035
0.170887
0.199569
0.205359
0.167399
0.199069
0.210678
0.187850
0.204133
0.233127
0.185286
0.182647
0.166567
0.221035
0.192009
0.195436
0.194316
0.180204
0.197017
0.194146
0.209473
0.207431
0.207338
0.196994
0.167454
0.187226
0.173642
0.174880
0.183573
0.156269
0.193285
0.183252
0.186059
0.226291
0.207568
0.180773
0.184810
0.178621
0.179348
0.170466
0.212758
0.199541
0.162918
0.183318
0.179861
0.182061
0.183651
0.187654
0.183635
0.189646
0.198618
0.193823
0.173413
0.176021
0.187065
0.194531
0.181219
0.196496
0.183002
0.191832
0.189466
0.219048
0.186592
0.196671
0.192520
0.175000
0.161656
0.224385
0.204015
0.208610
0.178868
0.195049
0.178188
0.189513
0.185341
0.212783
0.214047
0.186618
0.188297
0.175154
0.189785
0.210621
0.172203
0.175608
0.175284
0.178806
0.171407
0.187326
0.182290
0.182942
0.169672
0.194559
0.215086
0.177428
0.209719
0.171030
0.220039
0.199312
0.182716
0.167644
0.166094
0.188011
0.176195
0.191936
0.178488
0.174017
0.209864
0.172462
0.182821
0.154132
0.172585
0.175380
0.173759
0.196446
0.186976
0.200510
0.176649
0.198073
0.195230
0.198816
0.195230
0.189965
0.171414
0.179922
0.207592
0.200039
0.182046
0.204995
0.178532
0.212398
0.187818
0.188677
0.187295
0.181983
0.180069
0.194207
0.184816
0.172029
0.184637
0.221133
0.172446
0.192257
0.178761
0.181598
0.179390
0.174465
0.187739
0.211531
0.175711
0.186337
0.164186
0.218475
0.202106
0.196592
0.176321
0.177032
0.228480
0.161598
0.175844
0.168907
0.176199
0.187673
0.180791
0.187379
0.170646
0.163254
0.188348
0.197294
0.173972
0.190810
0.162995
0.228158
0.192221
0.218104
0.200237
0.188079
0.173048
0.177813
0.195815
0.189272
0.188542
0.204808
0.203193
0.184422
0.201538
0.184996
0.160105
0.185440
0.187259
0.195993
0.172174
0.189468
0.181537
0.225633
0.167113
0.189466
0.177872
0.200734
0.185913
0.171160
0.187059
0.198747
0.178922
0.161459
0.171685
0.184309
0.177297
0.198862
0.164276
0.180877
0.183412
0.185410
0.197338
0.187581
0.193397
0.176175
0.163138
0.182351
0.175177
0.180433
0.198471
0.160657
0.212159
0.189476
0.172793
0.195075
0.181472
0.182515
0.176609
0.200670
0.214584
0.171769
0.238336
0.191947
0.171286
0.200832
0.165645
0.208254
0.225074
0.223187
0.186256
0.204986
0.208887
0.171740
0.208167
0.184316
0.184370
0.189693
0.170901
0.233499
0.170234
0.196815
0.180926
0.212563
0.195637
0.228762
0.171845
0.168252
0.199090
0.185207
0.179856
0.232656
0.175588
0.173935
0.170596
0.200111
0.198227
0.161905
0.174284
0.173056
0.178143
0.166096
0.216232
0.183707
0.159852
0.196843
0.219120
0.195932
0.167655
0.243038
0.201159
0.196765
0.198891
0.176853
0.209794
0.223922
0.179354
0.171066
0.180006
0.182392
0.200270
0.182925
0.186899
0.180327
0.195263
0.187302
0.208317
0.196823
0.178370
0.180092
0.194611
0.201588
0.201087
0.184552
0.171942
0.203347
0.183056
0.188091
0.177311
0.170549
0.198193
0.196121
0.197005
0.186214
0.180199
0.190713
0.194856
0.219596
0.181712
0.181509
0.208121
0.196578
0.192424
0.178124
0.164293
0.196634
0.203413
0.171443
0.189391
0.181622
0.193842
0.184331
0.166651
0.165297
0.184692
0.174253
0.167997
0.211370
0.184857
0.201026
0.179083
0.166116
0.164884
0.162782
0.168833
0.184818
0.183296
0.186847
0.216328
0.179298
0.171977
0.178223
0.181416
0.205883
0.176844
0.188631
0.196316
0.183493
0.191772
0.209748
0.228750
0.182093
0.194357
0.182894
0.193097
0.208324
0.174391
0.184554
0.176971
0.173960
0.177036
0.168784
0.173216
0.195140
0.181700
0.195113
0.191871
0.192718
0.182924
0.177692
0.198478
0.205062
0.167722
0.178805
0.165843
0.156840
0.172369
0.181963
0.198710
0.185622
0.180970
0.182105
0.171091
0.200968
0.172493
0.178114
0.191551
0.210670
0.205837
0.187072
0.175651
0.181558
0.174822
0.188990
0.215071
0.195424
0.213283
0.184712
0.206802
0.200844
0.225748
0.196547
0.173027
0.188466
0.210488
0.214873
0.191043
0.208427
0.185304
0.185449
0.179003
0.208574
0.173340
0.166963
0.212587
0.206067
0.194199
0.186038
0.169610
0.196031
0.183092
0.174165
0.167263
0.197225
0.194493
0.174484
0.207216
0.152594
0.197752
0.163883
0.185403
0.167132
0.180538
0.231835
0.198764
0.190675
0.192943
0.170337
0.181161
0.186485
0.180842
0.169078
0.193684
0.171253
0.192788
0.179010
0.184093
0.181818
0.190969
0.180711
0.188098
0.182024
0.164444
0.185507
0.187767
0.189619
0.177342
0.186117
0.172783
0.184995
0.193686
0.190561
0.169678
0.215508
0.202561
0.179013
0.197917
0.187986
0.176699
0.179953
0.188370
0.200113
0.180723
0.180695
0.196328
0.209251
0.177256
0.190390
0.180391
0.180499
0.200409
0.160755
0.172269
0.164724
0.212576
0.161755
0.186488
0.195694
0.217919
0.170493
0.215993
0.191615
0.179596
0.201167
0.172785
0.186334
0.176683
0.179276
0.197256
0.199136
0.232304
0.202580
0.176411
0.180295
0.165955
0.224132
0.182799
0.197597
0.201564
0.180384
0.186758
0.163294
0.226641
0.173519
0.180633
0.184807
0.168081
0.203805
0.192486
0.193563
0.181481
0.187837
0.190823
0.195778
0.199389
0.177480
0.176548
0.172855
0.186872
0.175005
0.173432
0.184410
0.179813
0.201039
0.193811
0.218617
0.206749
0.188986
0.219449
0.187089
0.162268
0.218980
0.206320
0.184344
0.183949
0.164768
0.161300
0.200433
0.179365
0.202513
0.181449
0.184608
0.208472
0.192986
0.183305
0.184036
0.212174
0.190585
0.164358
0.216560
0.176385
0.178980
0.152660
0.177796
0.174411
0.171931
0.160326
0.191768
0.168515
0.193721
0.185906
0.168306
0.180627
0.196080
0.171196
0.182920
0.175077
0.216856
0.150616
0.206318
0.197269
0.200605
0.184773
0.179613
0.159947
0.164517
0.174639
0.207170
0.182255
0.184189
0.178249
0.188509
0.188063
0.158022
0.183939
0.175505
0.204208
0.192969
0.201950
0.185279
0.192956
0.181505
0.172076
0.181934
0.197574
0.187438
0.220152
0.184570
0.189679
0.195756
0.191395
0.187017
0.210493
0.183197
0.188146
0.190375
0.200044
0.217616
0.176013
0.180953
0.205276
0.189523
0.175193
0.177721
0.157455
0.195815
0.187304
0.198622
0.199770
0.207590
0.157459
0.196299
0.178876
0.172309
0.178668
0.175442
0.201259
0.164351
0.225605
0.179343
0.181118
0.207720
0.182930
0.185542
0.179897
0.194761
0.176212
0.169661
0.187389
0.175100
0.187544
0.186972
0.185404
0.220427
0.178999
0.213383
0.176579
0.174660
0.168183
0.183439
0.235092
0.190586
0.170820
0.177012
0.173167
0.165738
0.172068
0.188061
0.196991
0.176411
0.195332
0.205031
0.213614
0.175003
0.162160
0.205342
0.185389
0.207111
0.183367
0.195265
0.172543
0.193764
0.181519
0.192568
0.179596
0.172029
0.175009
0.191102
0.161235
0.194802
0.186740
0.170015
0.195336
0.213210
0.183574
0.198469
0.190691
0.202924
0.195939
0.192582
0.216138
0.185234
0.197438
0.193196
0.204618
0.206589
0.195850
0.196396
0.198116
0.177288
0.200094
0.197574
0.191122
0.156152
0.184900
0.190920
0.206062
0.175510
0.182797
0.175495
0.165117
0.169262
0.188727
0.193557
0.189898
0.170208
0.211164
0.205466
0.172404
0.181813
0.164527
0.190962
0.180475
0.196860
0.185085
0.165525
0.184474
0.176206
0.176253
0.189760
0.188546
0.186436
0.201392
0.192471
0.188614
0.190031
0.153691
0.223505
0.182877
0.190783
0.204725
0.173836
0.211307
0.227386
0.168728
0.174611
0.186421
0.205307
0.156705
0.162974
0.179279
0.174432
0.215918
0.179953
0.175611
0.209118
0.183837
0.158143
0.191288
0.196833
0.195715
0.192657
0.216573
0.180463
0.176424
0.199703
0.198026
0.193819
0.191838
0.183838
0.187635
0.165944
0.177772
0.202542
0.158846
0.160825
0.191619
0.190877
0.188901
0.183078
0.176600
0.175182
0.162595
0.193236
0.155833
0.189314
0.177893
0.189186
0.209032
0.177517
0.197062
0.179113
0.176952
0.192589
0.163126
0.197497
0.195447
0.225710
0.168644
0.182436
0.194955
0.172431
0.215665
0.205048
0.189331
0.219880
0.170223
0.178930
0.207088
0.174462
0.163083
0.186439
0.216295
0.178485
0.209624
0.188745
0.174513
0.175369
0.194519
0.171299
0.172986
0.170670
0.193008
0.176308
0.172426
0.203030
0.212071
0.181850
0.197913
0.193044
0.187447
0.176856
0.190918
0.169250
0.191520
0.210536
0.168146
0.191103
0.179136
0.209545
0.173048
0.175477
0.174788
0.192227
0.180583
0.188138
0.195933
0.176717
0.185476
0.192033
0.172846
0.190150
0.180942
0.167260
0.177317
0.174292
0.190768
0.169755
0.178860
0.184958
0.186399
0.176910
0.180537
0.194663
0.172033
0.163760
0.179240
0.184798
0.186826
0.202901
0.176673
0.174581
0.185980
0.215224
0.197621
0.208353
0.195069
0.165867
0.214037
0.189174
0.202743
0.183446
0.207734
0.181689
0.196788
0.170861
0.174786
0.176507
0.171900
0.196736
0.209866
0.181549
0.221583
0.182698
0.194853
0.190239
0.199108
0.187150
0.213448
0.206779
0.173442
0.210066
0.214640
0.195405
0.210750
0.183019
0.173758
0.181206
0.193154
0.164227
0.170805
0.193900
0.161776
0.177788
0.178888
0.176689
0.194440
0.211477
0.205697
0.182817
0.192695
0.194540
0.164049
0.178826
0.163522
0.175216
0.195640
0.210252
0.187113
0.189614
0.173573
0.198155
0.190717
0.190479
0.201316
0.177571
0.194786
0.173499
0.199869
0.209074
0.162739
0.183489
0.205400
0.187742
0.173065
0.186267
0.159250
0.184845
0.185067
0.192366
0.184102
0.192384
0.186069
0.168442
0.184635
0.210944
0.177122
0.180956
0.175693
0.171470
0.185697
0.188534
0.182923
0.215404
0.180629
0.187131
0.186574
0.175934
0.194553
0.182326
0.229268
0.180907
0.193416
0.200890
0.227211
0.212873
0.188978
0.184028
0.177851
0.174606
0.185207
0.179530
0.196643
0.177439
0.174133
0.190632
0.162884
0.187808
0.208293
0.169033
0.188949
0.181633
0.179034
0.172442
0.151381
0.214145
0.193862
0.178796
0.169256
0.167837
0.206271
0.173952
0.179081
0.188676
0.180456
0.218257
0.164142
0.160212
0.218525
0.186126
0.215622
0.195112
0.165757
0.165906
0.170281
0.183768
0.173432
0.189163
0.166627
0.203789
0.166635
0.180096
0.178911
0.179360
0.173762
0.209531
0.170630
0.200897
0.187934
0.177515
0.181138
0.177764
0.179772
0.187676
0.187706
0.168581
0.189713
0.170036
0.168336
0.208959
0.212876
0.178193
0.170424
0.186785
0.160555
0.178572
0.172942
0.174831
0.192788
0.173478
0.164863
0.169442
0.170328
0.174987
0.180735
0.190497
0.186932
0.217421
0.181781
0.225669
0.178533
0.182207
0.176378
0.209608
0.177438
0.203123
0.175299
0.183213
0.196848
0.196991
0.217916
0.184634
0.165579
0.171848
0.167255
0.180585
0.185116
0.183234
0.185119
0.203113
0.193187
0.172423
0.177990
0.193563
0.160601
0.168917
0.184449
0.172950
0.191918
0.169608
0.178545
0.170436
0.191118
0.164824
0.198291
0.205202
0.185390
0.174950
0.165521
0.202445
0.198607
0.207529
0.195930
0.190761
0.188680
0.222220
0.185669
0.199084
0.194690
0.173376
0.189675
0.187332
0.182939
0.206936
0.148645
0.186409
0.172209
0.195086
0.221089
0.198741
0.168389
0.192147
0.170930
0.168667
0.158550
0.181396
0.205333
0.165219
0.161437
0.200683
0.170147
0.173506
0.173708
0.177657
0.173101
0.159508
0.166429
0.174515
0.194682
0.221605
0.173982
0.191633
0.186657
0.183543
0.216776
0.175938
0.200069
0.190444
0.175058
0.182286
0.192050
0.237808
0.220413
0.196781
0.199304
0.180968
0.172530
0.178885
0.182009
0.242731
0.174125
0.174957
0.188702
0.181906
0.177904
0.196156
0.164885
0.186543
0.200474
0.217845
0.210876
0.158264
0.172226
0.194927
0.199193
0.208527
0.176282
0.186550
0.181213
0.173151
0.171736
0.192162
0.190326
0.187673
0.182548
0.180275
0.208479
0.190176
0.197010
0.202792
0.168987
0.176942
0.175418
0.166734
0.216292
0.194530
0.167462
0.176207
0.233351
0.205601
0.174268
0.185668
0.193021
0.212408
0.225416
0.203527
0.183964
0.195508
0.181058
0.177465
0.172215
0.177441
0.196844
0.186866
0.167663
0.182657
0.192568
0.185443
0.201968
0.158255
0.170466
0.181388
0.172671
0.178846
0.202118
0.178735
0.181311
0.201200
0.188915
0.211488
0.161230
0.192884
0.187301
0.195298
0.188554
0.179147
0.174000
0.198759
0.187716
0.231759
0.191095
0.180673
0.185672
0.177604
0.197297
