0.012688
0.192960
0.198477
0.210003
0.189461
0.207670
0.187945
0.205525
0.196551
0.195133
0.197123
0.188460
0.187235
0.237694
0.216775
0.195762
0.198127
0.193468
0.185901
0.216428
0.198663
0.175798
0.205508
0.205690
0.196147
0.199348
0.197178
0.170680
0.231050
0.192211
0.191636
0.186381
0.184583
0.169572
0.229830
0.215815
0.197791
0.196810
0.212064
0.186131
0.177853
0.208126
0.221692
0.193507
0.190495
0.198113
0.189415
0.183909
0.219925
0.190270
0.197667
0.181296
0.209025
0.181132
0.191584
0.185415
0.218431
0.211659
0.211594
0.182298
0.182954
0.222896
0.190536
0.197588
0.206381
0.240147
0.191020
0.226026
0.173615
0.208205
0.211048
0.175941
0.181512
0.156275
0.197553
0.205920
0.205739
0.185352
0.195198
0.204249
0.172903
0.184751
0.185582
0.188039
0.183138
0.185246
0.173618
0.194124
0.209125
0.205477
0.191240
0.194968
0.223050
0.223340
0.172802
0.206168
0.170716
0.217743
0.195513
0.193533
0.245730
0.190077
0.213368
0.176372
0.192222
0.234993
0.190228
0.223125
0.199690
0.201835
0.187788
0.217258
0.189265
0.220443
0.184642
0.198507
0.213088
0.206832
0.169990
0.193276
0.207019
0.202382
0.171547
0.184853
0.194406
0.186508
0.190460
0.192999
0.187616
0.214173
0.182368
0.187142
0.183770
0.204926
0.191411
0.188308
0.195507
0.195209
0.184952
0.195909
0.198296
0.220907
0.183315
0.189177
0.206064
0.177077
0.208058
0.185566
0.173546
0.173595
0.193294
0.192970
0.189487
0.189224
0.196962
0.213229
0.198639
0.203600
0.191178
0.195959
0.190112
0.225170
0.177913
0.189242
0.215014
0.214767
0.182186
0.197747
0.210640
0.196946
0.202244
0.206003
0.182622
0.203020
0.200856
0.184562
0.218597
0.198460
0.192681
0.202149
0.214028
0.199699
0.186118
0.183503
0.212624
0.202117
0.208898
0.180468
0.219269
0.180218
0.195648
0.184946
0.228764
0.191484
0.180566
0.182888
0.186502
0.225014
0.191635
0.206068
0.200048
0.194013
0.190895
0.197830
0.206560
0.186660
0.214818
0.222075
0.202889
0.214262
0.187190
0.198367
0.192689
0.211300
0.201343
0.217509
0.201869
0.180203
0.176961
0.194486
0.214050
0.190780
0.196764
0.194343
0.200779
0.198251
0.187446
0.197518
0.206772
0.184297
0.192246
0.189529
0.185760
0.196082
0.212989
0.218031
0.183724
0.181267
0.191632
0.194487
0.216544
0.214139
0.224583
0.196059
0.191052
0.202708
0.193800
0.197793
0.196321
0.186013
0.220479
0.169185
0.201788
0.215840
0.194893
0.196872
0.227480
0.182723
0.185313
0.256069
0.197954
0.186286
0.208015
0.173433
0.182496
0.237160
0.169162
0.171799
0.206050
0.184816
0.167731
0.189787
0.172484
0.192601
0.213845
0.205868
0.195075
0.190269
0.180110
0.182243
0.183602
0.170188
0.177565
0.185881
0.194580
0.205425
0.210020
0.181796
0.226979
0.206831
0.201930
0.184525
0.177183
0.212688
0.200506
0.180429
0.180715
0.184838
0.210897
0.203728
0.204566
0.189553
0.197285
0.188122
0.190869
0.205227
0.216192
0.200084
0.180105
0.166694
0.204615
0.218820
0.187268
0.231905
0.168243
0.168024
0.179537
0.162438
0.182055
0.174131
0.182882
0.191356
0.185788
0.202115
0.234431
0.197993
0.175938
0.183237
0.186476
0.188426
0.182001
0.203181
0.211166
0.171012
0.217170
0.205085
0.185158
0.186418
0.177484
0.179966
0.217086
0.188677
0.155380
0.193491
0.188339
0.191620
0.190804
0.202106
0.178215
0.183522
0.183610
0.178272
0.209850
0.195542
0.186668
0.199007
0.193451
0.222834
0.206474
0.211082
0.178179
0.172662
0.216328
0.194827
0.220295
0.178377
0.213277
0.194760
0.214968
0.185789
0.176430
0.190845
0.178252
0.168449
0.177905
0.192833
0.170307
0.175695
0.210862
0.201308
0.201958
0.198661
0.231041
0.228540
0.220599
0.165473
0.209741
0.195119
0.191648
0.188083
0.210092
0.229997
0.175573
0.193043
0.165935
0.188208
0.182026
0.172275
0.204613
0.194993
0.199085
0.210717
0.194817
0.193391
0.187372
0.174736
0.188647
0.233573
0.179843
0.216187
0.263191
0.167916
0.202518
0.185157
0.192310
0.176402
0.200866
0.184433
0.192476
0.224471
0.179803
0.217722
0.220295
0.207538
0.233766
0.294354
0.194538
0.192199
0.235760
0.246226
0.238195
0.246259
0.297066
0.235460
0.255291
0.205909
0.206700
0.229587
0.192022
0.181870
0.182267
0.187775
0.196470
0.206444
0.190925
0.198378
0.194413
0.182271
0.197856
0.228639
0.233289
0.210157
0.195103
0.243787
0.182513
0.203362
0.204207
0.207825
0.241369
0.242002
0.204936
0.204551
0.219399
0.184017
0.197226
0.192626
0.198837
0.184053
0.203419
0.235066
0.213464
0.230798
0.208532
0.178830
0.206290
0.174652
0.200400
0.194424
0.225234
0.218564
0.190364
0.199995
0.197603
0.189406
0.188457
0.185508
0.198074
0.175736
0.173428
0.221122
0.184560
0.224394
0.186721
0.195533
0.193666
0.186578
0.205812
0.206989
0.190176
0.213052
0.179414
0.198366
0.167497
0.204782
0.179580
0.217758
0.201387
0.215083
0.215053
0.198628
0.223964
0.165816
0.167066
0.198606
0.185141
0.185749
0.224308
0.200237
0.211243
0.218595
0.217527
0.200449
0.177958
0.205574
0.208894
0.194646
0.177654
0.210425
0.208884
0.218801
0.190075
0.187873
0.197432
0.197867
0.182333
0.195672
0.179389
0.208975
0.211067
0.186179
0.203597
0.194485
0.198527
0.201066
0.205723
0.190899
0.196527
0.212918
0.173083
0.194528
0.215687
0.181427
0.196566
0.194281
0.223375
0.202499
0.206460
0.249121
0.254119
0.230823
0.235216
0.215691
0.257458
0.245162
0.251073
0.223159
0.245949
0.205841
0.254969
0.210037
0.217984
0.255577
0.232126
0.211927
0.238228
0.264117
0.243573
0.221916
0.224483
0.204386
0.236599
0.227525
0.274440
0.240133
0.244177
0.240322
0.258275
0.196578
0.196221
0.215053
0.209796
0.254099
0.198931
0.217719
0.192046
0.229464
0.211025
0.189301
0.203325
0.188099
0.207475
0.190057
0.179624
0.190148
0.176665
0.190331
0.180215
0.184801
0.173879
0.193097
0.196169
0.191596
0.196053
0.187937
0.188635
0.194052
0.184220
0.190652
0.180472
0.192434
0.189492
0.195667
0.181200
0.162570
0.194447
0.224326
0.190490
0.199163
0.196752
0.208416
0.186665
0.178726
0.204783
0.171723
0.178823
0.195722
0.186803
0.183551
0.200182
0.186739
0.206680
0.165627
0.235049
0.170051
0.184009
0.196769
0.180265
0.189148
0.221860
0.199667
0.182136
0.179387
0.207604
0.196529
0.189231
0.186608
0.205882
0.216850
0.167158
0.194443
0.189394
0.180482
0.186208
0.188126
0.174663
0.199651
0.181301
0.190899
0.188041
0.195518
0.181623
0.198863
0.185851
0.183650
0.166263
0.165469
0.175027
0.213804
0.193243
0.178521
0.195747
0.169557
0.217130
0.184630
0.216740
0.196563
0.175379
0.183071
0.182482
0.187108
0.179130
0.184864
0.186519
0.249720
0.196344
0.190825
0.190993
0.182856
0.186841
0.200193
0.211854
0.234871
0.192328
0.198098
0.258415
0.216168
0.234041
0.266706
0.213200
0.271753
0.258330
0.208805
0.260998
0.261671
0.212306
0.236364
0.231175
0.204912
0.191074
0.295683
0.197405
0.247809
0.223231
0.291418
0.274709
0.263598
0.223736
0.233004
0.262767
0.192354
0.207265
0.185528
0.205033
0.270229
0.255754
0.266403
0.195566
0.201198
0.210612
0.196183
0.229686
0.202196
0.228926
0.199152
0.210569
0.191715
0.237422
0.200874
0.189423
0.220952
0.192200
0.213085
0.213287
0.206290
0.193549
0.212878
0.188255
0.208793
0.260122
0.208914
0.192770
0.200110
0.196499
0.210931
0.209039
0.188728
0.188924
0.203242
0.190100
0.226544
0.212464
0.187856
0.190332
0.209017
0.186533
0.200763
0.208342
0.217569
0.183877
0.189415
0.236369
0.208536
0.235923
0.208745
0.165191
0.219247
0.208955
0.188928
0.204923
0.195670
0.193072
0.210044
0.233028
0.192601
0.185678
0.199890
0.202263
0.204014
0.201027
0.190566
0.192622
0.225625
0.230111
0.204473
0.180444
0.193453
0.200787
0.192670
0.213085
0.207502
0.171532
0.188467
0.205025
0.220680
0.224202
0.200220
0.198734
0.193278
0.207540
0.225513
0.168356
0.214801
0.208718
0.182354
0.195677
0.215768
0.224734
0.192471
0.174449
0.202439
0.171568
0.227074
0.222585
0.209005
0.190220
0.191271
0.201063
0.193370
0.180899
0.198902
0.180761
0.203561
0.196610
0.187008
0.181649
0.164256
0.181217
0.230077
0.190674
0.193592
0.169214
0.169415
0.213916
0.191946
0.209347
0.161628
0.169443
0.184454
0.189467
0.193651
0.188754
0.189876
0.230945
0.202098
0.173072
0.183965
0.202718
0.185396
0.189014
0.212129
0.194414
0.184719
0.193003
0.192148
0.197511
0.179962
0.272230
0.188581
0.196676
0.178849
0.197354
0.180938
0.187038
0.207261
0.212326
0.196823
0.204111
0.201150
0.182726
0.194563
0.222543
0.187765
0.201394
0.250354
0.209964
0.166810
0.169620
0.175878
0.184815
0.173096
0.176043
0.183653
0.202565
0.216301
0.192621
0.177189
0.185475
0.238075
0.206381
0.193214
0.194678
0.220122
0.174969
0.184960
0.167546
0.206513
0.209880
0.180527
0.194907
0.188851
0.188309
0.189399
0.210099
0.213404
0.213606
0.209587
0.185482
0.195224
0.178307
0.167781
0.178410
0.171048
0.179569
0.167698
0.171728
0.190397
0.192342
0.187465
0.191015
0.174807
0.166995
0.189934
0.195354
0.184593
0.171673
0.216961
0.179520
0.172833
0.184474
0.172146
0.191826
0.176230
0.188384
0.187497
0.191604
0.183709
0.183094
0.196472
0.174131
0.221988
0.163806
0.229168
0.176381
0.192136
0.183527
0.178910
0.193306
0.190814
0.182315
0.175999
0.179494
0.198389
0.201531
0.201730
0.223169
0.174777
0.182121
0.175572
0.202134
0.164649
0.203339
0.208223
0.192016
0.188994
0.187557
0.204878
0.201854
0.216411
0.178462
0.199028
0.173780
0.188039
0.196948
0.181688
0.224480
0.189639
0.185398
0.169054
0.220989
0.191955
0.163070
0.174398
0.201599
0.182855
0.222305
0.185331
0.175804
0.176150
0.253226
0.189321
0.212890
0.217901
0.182529
0.196608
0.193573
0.188574
0.157556
0.215816
0.184666
0.171277
0.161947
0.151524
0.201579
0.184856
0.157194
0.176737
0.184465
0.167092
0.190350
0.214544
0.171208
0.187404
0.183221
0.178106
0.189945
0.172535
0.187738
0.174172
0.189521
0.192179
0.180067
0.269954
0.183910
0.186177
0.184615
0.177851
0.162975
0.197001
0.200035
0.188969
0.196162
0.202111
0.211925
0.162449
0.208167
0.200586
0.175542
0.190062
0.192080
0.214950
0.203270
0.206450
0.193692
0.183127
0.169416
0.175133
0.155612
0.166404
0.209462
0.190593
0.188206
0.191501
0.172424
0.179519
0.185885
0.212310
0.190120
0.204981
0.183533
0.176986
0.178570
0.207520
0.211096
0.193388
0.192544
0.190446
0.168742
0.167706
0.172667
0.176190
0.192367
0.158175
0.182057
0.204886
0.205996
0.170761
0.188882
0.201380
0.205542
0.177127
0.185550
0.183563
0.175080
0.196428
0.194232
0.208012
0.185395
0.182348
0.182461
0.202229
0.193524
0.178298
0.188853
0.179812
0.182984
0.176669
0.199205
0.189774
0.207343
0.191910
0.193105
0.221575
0.204646
0.189394
0.181878
0.188777
0.183727
0.189960
0.185344
0.190102
0.222270
0.183983
0.159799
0.187657
0.160336
0.191295
0.170179
0.186488
0.182017
0.202851
0.184145
0.208730
0.185370
0.188778
0.186218
0.198024
0.203420
0.202375
0.177942
0.205597
0.197611
0.209575
0.166020
0.196938
0.181247
0.210103
0.179480
0.186367
0.199912
0.223400
0.219442
0.166571
0.188803
0.183714
0.167737
0.202693
0.207973
0.186427
0.189972
0.195864
0.174443
0.178442
0.177563
0.199970
0.197850
0.187572
0.201178
0.228733
0.230165
0.224021
0.176682
0.193883
0.201724
0.164253
0.181355
0.202007
0.175822
0.195022
0.187851
0.177151
0.182829
0.221385
0.195492
0.177091
0.171900
0.190588
0.194014
0.176568
0.188535
0.182560
0.214800
0.199483
0.197808
0.201205
0.189350
0.220686
0.195557
0.171889
0.173162
0.204962
0.188361
0.241328
0.195313
0.183332
0.222696
0.181010
0.179339
0.208053
0.211564
0.182848
0.185010
0.182619
0.186265
0.199909
0.174382
0.200951
0.213981
0.171510
0.194441
0.208040
0.184836
0.198414
0.192882
0.215638
0.214695
0.187818
0.180024
0.186239
0.173887
0.172972
0.214562
0.173195
0.177005
0.185353
0.219814
0.193287
0.227543
0.187950
0.207631
0.197027
0.208536
0.196081
0.182889
0.155951
0.245306
0.185969
0.206736
0.186297
0.194949
0.204074
0.181411
0.204638
0.171206
0.205393
0.192201
0.202051
0.183453
0.188704
0.183967
0.192243
0.185547
0.194065
0.181710
0.186334
0.201140
0.194894
0.185285
0.162963
0.199722
0.185935
0.191056
0.186531
0.198612
0.195035
0.192286
0.179340
0.224843
0.188310
0.181022
0.173697
0.158964
0.209017
0.194691
0.191212
0.189531
0.199420
0.232812
0.184334
0.184052
0.187695
0.192683
0.204756
0.232236
0.194315
0.188970
0.201080
0.202636
0.195039
0.209495
0.224152
0.180942
0.191738
0.166632
0.176983
0.182251
0.191746
0.207336
0.168803
0.193415
0.180745
0.175331
0.179713
0.185129
0.206317
0.197421
0.194225
0.228098
0.194006
0.187945
0.209545
0.194409
0.177355
0.170086
0.177539
0.190550
0.182289
0.207661
0.186712
0.177753
0.181948
0.185694
0.175200
0.180583
0.185437
0.201111
0.228997
0.209402
0.207215
0.172963
0.186164
0.190781
0.182218
0.213015
0.161560
0.192609
0.181526
0.179287
0.219400
0.173518
0.201849
0.178426
0.193802
0.208236
0.199424
0.186878
0.171499
0.157785
0.216241
0.181852
0.221840
0.161186
0.174009
0.233696
0.184229
0.208008
0.180291
0.184674
0.193093
0.179024
0.195344
0.199489
0.187225
0.240474
0.202615
0.182457
0.215516
0.186386
0.214716
0.222914
0.232778
0.196801
0.197962
0.221249
0.187691
0.188244
0.210951
0.184680
0.187469
0.162366
0.233905
0.164883
0.185181
0.207800
0.219963
0.200912
0.254446
0.197159
0.182635
0.191810
0.192208
0.194773
0.186405
0.185793
0.203908
0.185849
0.181588
0.190659
0.164890
0.159761
0.172210
0.207498
0.174768
0.188347
0.210434
0.193313
0.177090
0.178712
0.204062
0.200526
0.195441
0.233483
0.243587
0.238076
0.247642
0.227701
0.207214
0.203118
0.200681
0.184506
0.206749
0.182287
0.233817
0.202707
0.193595
0.202054
0.187454
0.210176
0.170994
0.197295
0.220464
0.210401
0.180398
0.202350
0.178143
0.194865
0.231285
0.166415
0.180604
0.222969
0.185665
0.190561
0.179717
0.178503
0.204287
0.168793
0.186837
0.181621
0.188597
0.186950
0.182759
0.194360
0.203757
0.201714
0.207329
0.188739
0.169682
0.213261
0.187092
0.206052
0.205169
