0.020844
0.184986
0.161712
0.163616
0.176783
0.194681
0.174289
0.175565
0.160093
0.189069
0.200604
0.200404
0.199144
0.191070
0.196405
0.206397
0.206554
0.169206
0.227213
0.211119
0.176277
0.164238
0.196892
0.189178
0.189473
0.221951
0.188746
0.194750
0.213850
0.174664
0.183761
0.192142
0.187395
0.184611
0.205975
0.183060
0.198778
0.199343
0.185609
0.181751
0.180519
0.196745
0.195554
0.197589
0.186301
0.184245
0.214309
0.191383
0.172687
0.204568
0.209666
0.195590
0.182312
0.185993
0.189294
0.184111
0.173767
0.200962
0.180275
0.184012
0.188256
0.180570
0.175746
0.164273
0.165597
0.188677
0.213774
0.181186
0.203249
0.210152
0.172831
0.158999
0.169954
0.192777
0.188613
0.167330
0.182315
0.203908
0.181263
0.172358
0.177718
0.188813
0.184936
0.174867
0.194097
0.183275
0.181044
0.194247
0.183880
0.191919
0.223008
0.182549
0.179981
0.151790
0.160608
0.196116
0.171531
0.192304
0.183136
0.167399
0.174824
0.162822
0.189707
0.181674
0.195518
0.193633
0.175166
0.181724
0.154233
0.171761
0.182042
0.173088
0.176820
0.198005
0.197009
0.170309
0.187006
0.183427
0.178454
0.191261
0.192907
0.175525
0.192982
0.182647
0.202718
0.171733
0.178325
0.199555
0.178788
0.167992
0.174261
0.181949
0.175977
0.183742
0.186102
0.177628
0.190172
0.200891
0.182108
0.174046
0.189692
0.181695
0.178091
0.187276
0.156986
0.182594
0.174155
0.201339
0.172303
0.196442
0.205002
0.169673
0.188685
0.176859
0.170802
0.181858
0.200091
0.189937
0.201150
0.177409
0.177577
0.165717
0.186679
0.190033
0.208580
0.176288
0.189871
0.169114
0.187379
0.179174
0.179321
0.176928
0.208329
0.199273
0.186003
0.170892
0.169356
0.179806
0.191326
0.174002
0.189769
0.167412
0.183616
0.199495
0.175176
0.192618
0.216017
0.195866
0.206613
0.181740
0.216360
0.175093
0.178677
0.224462
0.183203
0.188918
0.188754
0.202364
0.187408
0.170712
0.200881
0.174592
0.183231
0.170319
0.191942
0.173522
0.221667
0.175828
0.179284
0.185574
0.203252
0.184391
0.212913
0.196726
0.179729
0.257608
0.179057
0.177999
0.175904
0.197664
0.188901
0.183294
0.177621
0.204918
0.167407
0.198921
0.198812
0.179966
0.193883
0.185170
0.202420
0.170565
0.179790
0.178865
0.178591
0.192769
0.173989
0.168086
0.174142
0.175754
0.180699
0.179445
0.191825
0.201299
0.230399
0.172214
0.205464
0.188862
0.167427
0.183928
0.159849
0.175252
0.183081
0.169304
0.191500
0.172546
0.202449
0.189949
0.175119
0.161734
0.208860
0.197147
0.177596
0.182583
0.183529
0.189807
0.182964
0.170233
0.172778
0.194438
0.181646
0.158178
0.192810
0.178262
0.184168
0.174192
0.186777
0.196425
0.189222
0.193963
0.198475
0.183502
0.215338
0.183928
0.200746
0.181872
0.189342
0.189058
0.206104
0.202406
0.211009
0.200448
0.190264
0.190799
0.178699
0.178960
0.164303
0.162208
0.207272
0.169895
0.176828
0.182563
0.173516
0.184516
0.192664
0.227392
0.183116
0.172975
0.175439
0.185055
0.204826
0.186122
0.193686
0.178566
0.173058
0.163480
0.178314
0.234156
0.191165
0.206550
0.181891
0.184075
0.197406
0.177706
0.198066
0.199451
0.187269
0.192267
0.181291
0.186899
0.185282
0.194894
0.187397
0.172138
0.195858
0.189656
0.173915
0.179880
0.197362
0.180931
0.186347
0.164092
0.188744
0.184515
0.194614
0.181147
0.180967
0.191367
0.194743
0.167087
0.173104
0.181248
0.178566
0.206235
0.180981
0.192204
0.167812
0.183096
0.192854
0.165463
0.182382
0.201511
0.199523
0.196876
0.174479
0.201150
0.187935
0.173896
0.184423
0.203775
0.177415
0.163244
0.206517
0.178248
0.173610
0.206470
0.194277
0.184819
0.173041
0.187536
0.182922
0.179124
0.179596
0.205692
0.193242
0.187979
0.174889
0.160855
0.178383
0.184809
0.176751
0.229030
0.194569
0.178961
0.174804
0.178055
0.180275
0.214424
0.175698
0.175147
0.222170
0.227017
0.194557
0.199221
0.211761
0.176378
0.191900
0.205722
0.199180
0.191670
0.185886
0.200458
0.188083
0.184566
0.178602
0.178010
0.189733
0.179035
0.177089
0.178153
0.174005
0.191968
0.193432
0.219587
0.189883
0.197508
0.183053
0.206419
0.174649
0.162560
0.168920
0.162946
0.185323
0.196698
0.164475
0.171057
0.203070
0.201990
0.229038
0.183944
0.165565
0.165815
0.157382
0.206915
0.179371
0.212042
0.177567
0.187866
0.181031
0.215032
0.202653
0.167665
0.176610
0.203529
0.206706
0.185508
0.185044
0.158510
0.196750
0.198330
0.167469
0.200258
0.201928
0.186487
0.187851
0.185232
0.206021
0.204074
0.185787
0.186558
0.177540
0.207674
0.188831
0.167985
0.197612
0.179926
0.195940
0.179350
0.181534
0.172207
0.186609
0.171119
0.200077
0.191643
0.190551
0.188124
0.197729
0.201984
0.185247
0.186717
0.171835
0.169826
0.168640
0.190158
0.182734
0.179900
0.189007
0.201108
0.188820
0.177491
0.179539
0.183241
0.177213
0.198143
0.175613
0.179801
0.192577
0.189530
0.191628
0.203505
0.189810
0.185597
0.170623
0.187861
0.186895
0.198625
0.196290
0.193247
0.169530
0.194603
0.185004
0.200533
0.183944
0.182232
0.180309
0.170372
0.211134
0.181503
0.204165
0.171264
0.184021
0.192591
0.189713
0.205755
0.181936
0.179018
0.188665
0.200492
0.194232
0.175339
0.185673
0.175761
0.199159
0.186511
0.196327
0.195407
0.180646
0.192739
0.196693
0.160624
0.172322
0.162884
0.189489
0.181507
0.178087
0.174062
0.193104
0.196763
0.178200
0.179590
0.191328
0.181051
0.179209
0.200895
0.191588
0.193464
0.187065
0.191383
0.173739
0.213534
0.191385
0.191418
0.207735
0.216283
0.166765
0.192323
0.193162
0.182083
0.190536
0.168456
0.183695
0.186321
0.181460
0.184588
0.175843
0.189356
0.153164
0.187587
0.170681
0.166220
0.199770
0.184086
0.185500
0.196073
0.193304
0.204663
0.189993
0.201075
0.183218
0.184628
0.161670
0.188708
0.200421
0.199062
0.188516
0.203976
0.211362
0.193107
0.174081
0.178823
0.207568
0.223537
0.155586
0.189761
0.160819
0.187707
0.194910
0.166943
0.169388
0.186403
0.187152
0.179664
0.188330
0.183419
0.181296
0.198876
0.192655
0.193471
0.179382
0.172653
0.177021
0.167522
0.168070
0.173899
0.170747
0.171441
0.197144
0.183635
0.163156
0.168720
0.178098
0.194202
0.178018
0.170239
0.183901
0.194008
0.189809
0.175825
0.187590
0.188711
0.185956
0.188754
0.186695
0.186676
0.171511
0.177982
0.170150
0.194026
0.160570
0.184402
0.200116
0.166036
0.183239
0.181586
0.170685
0.177081
0.177252
0.201460
0.163658
0.197636
0.205280
0.170888
0.180612
0.181324
0.160363
0.188148
0.179501
0.185741
0.181582
0.185569
0.181131
0.194851
0.182738
0.180230
0.184271
0.190606
0.197145
0.181401
0.170445
0.198952
0.184901
0.196936
0.234357
0.195852
0.177523
0.182521
0.168783
0.161573
0.171405
0.192094
0.179240
0.187153
0.200625
0.214263
0.179893
0.199081
0.186092
0.190734
0.178112
0.185677
0.175535
0.195855
0.222031
0.189246
0.163944
0.192681
0.172933
0.182472
0.177941
0.181543
0.190724
0.209410
0.188111
0.196821
0.181816
0.170421
0.178651
0.193248
0.174092
0.205671
0.207563
0.184169
0.183455
0.165102
0.164263
0.219167
0.224650
0.202752
0.211319
0.192445
0.178188
0.182452
0.184541
0.184751
0.195920
0.174382
0.170852
0.204621
0.180818
0.188725
0.172928
0.185633
0.194891
0.188316
0.169994
0.191888
0.174397
0.193765
0.206790
0.184647
0.178969
0.191306
0.206763
0.193587
0.184565
0.196975
0.200271
0.164511
0.165189
0.186078
0.182116
0.183229
0.164448
0.185553
0.188788
0.193552
0.170075
0.195034
0.173780
0.179934
0.205638
0.159515
0.190223
0.180623
0.192216
0.218174
0.184147
0.191388
0.187189
0.217148
0.178283
0.174859
0.157810
0.190179
0.210822
0.206877
0.207966
0.157834
0.192696
0.199315
0.185332
0.188873
0.179787
0.205637
0.192065
0.191500
0.194296
0.166925
0.175999
0.165126
0.188234
0.183741
0.180423
0.199537
0.199080
0.164562
0.178180
0.182325
0.198161
0.186196
0.183956
0.161867
0.163080
0.161551
0.171607
0.187604
0.199190
0.183071
0.184905
0.183517
0.201725
0.175204
0.187299
0.183228
0.182192
0.231158
0.223149
0.193503
0.174632
0.158762
0.192256
0.176689
0.151651
0.202990
0.173862
0.222750
0.188850
0.169832
0.177392
0.210652
0.205848
0.201942
0.174608
0.186281
0.206212
0.201596
0.190225
0.155257
0.180901
0.176008
0.192559
0.166872
0.160730
0.187796
0.196925
0.195125
0.171665
0.167023
0.179164
0.186736
0.180327
0.218701
0.180248
0.168911
0.208164
0.183234
0.159573
0.169133
0.180861
0.172564
0.186168
0.209905
0.168281
0.160096
0.203933
0.210827
0.181542
0.170679
0.217566
0.166140
0.164354
0.162108
0.169436
0.173603
0.191711
0.205458
0.199119
0.202601
0.187941
0.191563
0.184744
0.181728
0.176739
0.204051
0.201505
0.177567
0.206169
0.180766
0.182435
0.173442
0.173306
0.170567
0.189023
0.199512
0.203344
0.167877
0.199066
0.199787
0.180022
0.199729
0.183480
0.195850
0.170338
0.199785
0.170229
0.190276
0.172777
0.180373
0.217806
0.169923
0.183467
0.184812
0.174541
0.182389
0.182685
0.203918
0.208235
0.184607
0.183704
0.165956
0.187061
0.167483
0.191505
0.182103
0.173706
0.198742
0.170804
0.182143
0.171431
0.173094
0.193785
0.186596
0.180295
0.209806
0.187107
0.179677
0.191963
0.171829
0.167147
0.193205
0.165196
0.181316
0.192827
0.199842
0.173308
0.194636
0.240725
0.187580
0.181329
0.187574
0.176130
0.194720
0.175594
0.177635
0.187455
0.185464
0.179399
0.164115
0.194398
0.166300
0.197688
0.187619
0.180032
0.179487
0.187994
0.178702
0.194312
0.179272
0.212264
0.185000
0.179827
0.196047
0.169238
0.176763
0.173469
0.190740
0.197617
0.169215
0.169845
0.209360
0.182077
0.199034
0.172179
0.197610
0.181357
0.206180
0.195774
0.211198
0.175704
0.189503
0.174391
0.179391
0.180159
0.186656
0.204516
0.210204
0.197448
0.190042
0.200721
0.192685
0.189509
0.170560
0.189378
0.178911
0.176485
0.179010
0.211683
0.201430
0.184862
0.184622
0.192486
0.170120
0.188364
0.187598
0.188786
0.186809
0.192514
0.182641
0.175011
0.182592
0.197089
0.202761
0.194967
0.210103
0.199850
0.178536
0.191555
0.197588
0.173475
0.167223
0.200756
0.181803
0.215035
0.173543
0.202078
0.194920
0.177539
0.174479
0.176533
0.168045
0.173742
0.183883
0.197833
0.203025
0.185694
0.193936
0.194909
0.186312
0.167820
0.187360
0.196588
0.185142
0.179064
0.167610
0.198567
0.184881
0.201220
0.210140
0.185341
0.167077
0.170348
0.196030
0.203363
0.193262
0.194540
0.185072
0.181392
0.160787
0.228153
0.219858
0.172520
0.166125
0.175651
0.186803
0.190842
0.184309
0.175537
0.175082
0.207311
0.184678
0.187948
0.185969
0.210331
0.183438
0.171069
0.218370
0.200225
0.179746
0.175839
0.178391
0.191110
0.174235
0.196411
0.212776
0.199188
0.163729
0.180199
0.186376
0.184745
0.199757
0.173636
0.207267
0.188153
0.182175
0.185876
0.168111
0.182937
0.190335
0.195894
0.190482
0.176538
0.184764
0.198666
0.201762
0.183227
0.176059
0.186086
0.188726
0.192231
0.193333
0.215675
0.169831
0.199672
0.215256
0.198983
0.170957
0.162955
0.165730
0.180506
0.176236
0.187665
0.170652
0.203888
0.183205
0.203918
0.182961
0.195865
0.165781
0.172836
0.178460
0.190999
0.187755
0.186675
0.180099
0.190912
0.199281
0.192948
0.199170
0.168705
0.211722
0.191110
0.212815
0.180664
0.181390
0.197989
0.212998
0.200091
0.198474
0.204273
0.179647
0.170799
0.155732
0.165205
0.163182
0.159034
0.161998
0.164917
0.204381
0.197189
0.210074
0.185545
0.163042
0.189367
0.247280
0.184993
0.207745
0.208044
0.192254
0.189729
0.219745
0.196896
0.185594
0.190937
0.184522
0.173537
0.168761
0.187155
0.199568
0.175954
0.172710
0.174687
0.192704
0.192085
0.168982
0.235569
0.183806
0.169761
0.183337
0.181496
0.181170
0.184980
0.196425
0.180141
0.176239
0.154065
0.179868
0.181791
0.172349
0.202609
0.199751
0.182760
0.214951
0.213547
0.185692
0.155870
0.202660
0.188563
0.193641
0.159812
0.177572
0.180523
0.184798
0.182663
0.185850
0.185507
0.190208
0.189828
0.182820
0.191724
0.171324
0.205897
0.198814
0.194422
0.174972
0.180201
0.200137
0.196313
0.212608
0.224043
0.192414
0.195459
0.192701
0.162814
0.179233
0.188535
0.171609
0.180460
0.190312
0.174800
0.181380
0.197071
0.191895
0.177194
0.183035
0.162517
0.199114
0.192929
0.197768
0.165136
0.203163
0.187039
0.188136
0.186941
0.178073
0.216884
0.184373
0.166652
0.188229
0.210439
0.165948
0.168963
0.180566
0.184042
0.213655
0.177076
0.189696
0.194685
0.188328
0.190985
0.195164
0.183937
0.183240
0.153536
0.184333
0.163515
0.195685
0.213971
0.171307
0.173290
0.187567
0.174860
0.168144
0.187120
0.190906
0.187212
0.190341
0.184356
0.183923
0.217510
0.206281
0.180639
0.176352
0.193247
0.192085
0.199337
0.186492
0.227765
0.191394
0.171518
0.195389
0.206024
0.175865
0.167006
0.220819
0.178247
0.167003
0.183724
0.169899
0.159537
0.189953
0.194983
0.178509
0.207181
0.180554
0.171967
0.183393
0.196991
0.172026
0.178186
0.213088
0.192520
0.186692
0.167512
0.167964
0.204019
0.167656
0.205281
0.183260
0.189110
0.206396
0.188620
0.167407
0.183962
0.188355
0.173973
0.186787
0.183336
0.216571
0.227855
0.195065
0.206788
0.187528
0.189120
0.177845
0.162808
0.190534
0.207287
0.185188
0.210485
0.208696
0.209417
0.209093
0.199753
0.194824
0.201621
0.167120
0.184744
0.188397
0.175895
0.179849
0.199115
0.183398
0.190759
0.186020
0.193062
0.210591
0.205127
0.198511
0.183116
0.171854
0.184077
0.167945
0.188094
0.198971
0.181766
0.171584
0.172774
0.161882
0.165446
0.195756
0.184975
0.170313
0.174496
0.178888
0.204163
0.200826
0.183141
0.201306
0.175419
0.174542
0.170479
0.182512
0.165788
0.168645
0.184200
0.173532
0.197372
0.193147
0.185285
0.179386
0.167461
0.222695
0.173650
0.206556
0.195226
0.168226
0.194271
0.188363
0.196122
0.200297
0.189575
0.208028
0.185085
0.183589
0.169246
0.176077
0.174941
0.168424
0.201383
0.177772
0.205054
0.165828
0.183239
0.191384
0.206425
0.170627
0.161386
0.164570
0.183705
0.186821
0.165603
0.166440
0.173450
0.196450
0.196553
0.202178
0.184068
0.188396
0.183180
0.205106
0.172214
0.206125
0.174794
0.194631
0.169897
0.196448
0.184102
0.178467
0.196263
0.178950
0.201925
0.205236
0.186260
0.206251
0.171036
0.192592
0.174417
0.171994
0.191218
0.173729
0.171980
0.165771
0.187746
0.199451
0.201260
0.195602
0.194486
0.174423
0.199827
0.165857
0.180510
0.179562
0.194879
0.188459
0.176846
0.207556
0.193659
0.173115
0.179258
0.186199
0.196496
0.199377
0.184679
0.176325
0.189730
0.184585
0.195857
0.162502
0.173163
0.185090
0.169606
0.185154
0.175248
0.187912
0.187901
0.187737
0.195476
0.177407
0.191556
0.171585
0.191747
0.186430
0.179430
0.196556
0.196642
0.228365
0.174954
0.178588
0.182412
0.218812
0.175769
0.177112
0.168668
0.176655
0.175309
0.197954
0.181561
0.195478
0.170764
0.173567
0.162053
0.181647
0.178187
0.214814
0.199677
0.161643
0.204902
0.179561
0.190185
0.181144
0.171612
0.168412
0.200083
0.207385
0.202772
0.211795
0.178606
0.178510
0.222758
0.173805
0.191776
0.186362
0.166099
0.161347
0.176308
0.179907
0.170252
0.183749
0.201456
0.160636
0.212381
0.164238
0.160681
0.188934
0.168600
0.165651
0.180694
0.235543
0.165375
0.175124
0.207558
0.194208
0.170570
0.183091
0.168258
0.203176
0.204986
0.172333
0.187560
0.183923
0.184304
0.171675
0.186118
0.192225
0.182849
0.185594
0.184054
0.179863
0.173830
0.190883
0.173987
0.159170
0.191009
0.196718
0.178795
0.168738
0.189340
0.186225
0.160839
0.191185
0.196315
0.223700
0.173918
0.197684
0.166569
0.182703
0.194385
0.186577
0.178783
0.190523
0.204525
0.174455
0.183295
0.195386
0.174902
0.181139
0.185416
0.177435
0.209030
0.167488
0.185178
0.169745
0.177238
0.171693
0.177342
0.196903
0.203717
0.175294
0.170222
0.190538
0.188986
0.196591
0.174078
0.181172
0.185965
0.190638
0.172006
0.185030
0.189284
0.180229
0.233762
0.212978
0.167538
0.190091
0.189671
0.193787
0.188210
0.200184
0.178009
0.184387
0.195925
0.193765
0.175614
0.177715
0.167615
0.189633
0.202429
0.189698
0.173071
0.170238
0.170635
0.159466
0.186222
0.171380
0.169612
0.155663
0.189589
0.164757
0.161960
0.193275
0.198020
0.202275
0.198644
0.197899
0.190746
0.189792
0.169817
0.180229
0.193585
0.170778
0.188550
0.192456
0.187905
0.201046
0.205130
0.188568
0.173806
0.177134
0.162355
0.179360
0.190259
0.179814
0.177227
0.205439
0.182904
0.184805
0.176556
0.183533
0.193229
0.189028
0.183468
0.201273
0.173152
0.203331
0.211828
0.166211
0.167625
0.215888
0.208589
0.212301
0.178901
0.183111
0.174591
0.220604
0.195200
0.185058
0.194967
0.169411
0.170916
0.171163
0.169694
0.185874
0.195133
0.162979
0.177296
0.169211
0.182011
0.176919
0.189979
0.184189
0.185811
0.187618
0.159834
0.207531
0.200752
0.169662
0.193161
0.180015
0.195768
0.184846
0.195688
0.186532
0.191158
0.190604
0.183065
0.187912
0.197301
0.199261
0.178251
0.173215
0.180950
0.190233
0.168178
0.191869
0.195728
0.202106
0.180222
0.188807
0.190208
0.190778
0.169383
0.198637
0.205021
0.179281
0.185856
0.189442
0.203692
0.197444
0.183716
0.200958
0.189626
0.177893
0.180297
0.189276
0.169733
0.199183
0.180497
0.163836
0.198958
0.187164
0.180713
0.184231
0.186190
0.176783
0.174287
0.208171
0.175407
0.173914
0.175721
0.186479
0.175886
0.212041
0.176400
0.181216
0.180375
0.157918
0.172025
0.193264
0.198355
0.201270
0.182950
0.217066
0.177825
0.181686
0.190544
0.186026
0.186422
0.189106
0.230083
0.184364
0.189573
0.201731
0.181369
0.167673
0.169035
0.197947
0.226471
0.153754
0.184201
0.196575
0.159276
0.179840
0.166089
0.199722
0.179071
0.205338
0.205984
0.172573
0.177887
0.172474
0.171300
0.203865
0.196442
0.189693
0.201747
0.168200
0.174875
0.207715
0.208096
0.208486
0.168128
0.174134
0.173503
0.176962
0.171164
0.207746
0.184876
0.188301
0.188211
0.181303
0.174364
0.184223
0.186387
0.194576
0.192344
0.187354
0.197942
0.175639
0.183064
0.182799
0.186317
0.183995
0.180147
0.181767
0.172069
0.183618
0.207805
0.182598
0.186209
0.202515
0.182553
0.173627
0.166782
0.170136
0.167627
0.172899
0.194968
0.171731
0.195848
0.227585
0.182064
0.197897
0.167814
0.197916
0.166559
0.200420
0.185692
0.170926
0.168463
0.199907
0.200016
0.183565
0.180024
0.196467
0.191901
0.187824
0.178610
0.179744
0.221510
0.189823
0.167285
0.193150
0.182353
0.180913
0.179964
0.185776
0.195058
0.179414
0.187670
0.192552
0.170614
0.176348
0.182980
0.174343
0.176506
0.168528
0.172497
0.185709
0.172126
0.171971
0.187755
0.165501
0.163420
0.167200
0.163652
0.199773
0.175558
0.191435
0.179454
0.186792
0.166973
0.181984
0.184099
0.178696
0.191099
0.187548
0.173959
0.185322
0.191079
0.178453
0.180948
0.211717
0.203481
0.183692
0.182266
0.182687
0.196618
0.236948
0.197691
0.176847
0.223777
0.176594
0.189556
0.197026
0.202498
0.204575
0.166336
0.210903
0.154488
0.210150
0.181789
0.169192
0.165215
0.168133
0.195804
0.182115
0.180631
0.186715
0.188484
0.187281
0.195132
0.200944
0.193089
0.178516
0.194847
0.190250
0.196831
0.186978
0.166096
0.166888
0.187038
0.191242
0.174956
0.199035
0.205596
0.186321
0.173157
0.190548
0.190267
0.187045
0.180797
0.188205
0.205703
0.171523
0.193150
0.185500
0.195624
0.212306
0.182886
0.187834
0.175965
0.180139
0.170564
0.171279
0.173688
0.183132
0.193017
0.217960
0.217422
0.173799
0.189326
0.188859
0.197594
0.166170
0.185958
0.201871
0.190858
0.194541
0.188342
0.185138
0.185694
0.169266
0.171322
0.171874
0.209984
0.186288
0.179254
0.204740
0.221438
0.210845
0.177974
0.203790
0.163510
0.196604
0.192395
0.191411
0.190752
0.173445
0.212686
0.204725
0.177598
0.213518
0.193466
0.193779
0.172567
0.174279
0.180711
0.189373
0.181415
0.175884
0.169651
0.180754
0.172884
0.173507
0.195808
0.173973
0.189959
0.168734
0.199259
0.204218
0.216004
0.188454
0.194145
0.193196
0.203650
0.186247
0.213058
0.182374
0.182216
0.193572
0.213404
0.191043
0.209124
0.205059
0.189362
0.150115
0.197261
0.192833
0.178559
0.206680
0.182682
0.173715
0.228863
0.200196
0.183201
0.177877
0.164661
0.166773
0.168109
0.181541
0.196894
0.174418
0.177602
0.195923
0.180663
0.209815
0.204200
0.187678
0.167903
0.188139
0.179164
0.191757
0.209651
0.208068
0.187184
0.172467
0.188068
0.192535
0.179728
0.192166
0.183772
0.172387
0.154927
0.203939
0.178329
0.193651
0.180983
0.159892
0.179232
0.181334
0.192363
0.185687
0.185543
0.192010
0.231208
0.193997
0.178160
0.173804
0.161484
0.198308
0.183551
0.176676
0.185374
0.189357
0.182736
0.219152
0.196097
0.184248
0.188743
0.165336
0.174453
0.197450
0.189854
0.209473
0.173745
0.182178
0.171396
0.213603
0.167372
0.194504
0.210865
0.186482
0.201613
0.202849
0.199034
0.185023
0.195449
0.176173
0.170903
0.181866
0.189028
0.198483
0.194966
0.162200
0.164734
0.183674
0.186422
0.184695
0.203088
0.203541
0.172777
0.230271
0.201554
0.187908
0.178124
0.173002
0.206241
0.194077
0.201253
0.208001
0.176587
0.195514
0.195007
0.193464
0.197221
0.178203
0.188575
0.170935
0.198986
0.190948
0.191825
0.176191
0.186697
0.178505
0.183215
0.195772
0.186414
0.176379
0.165400
0.220663
0.183013
0.209150
0.194142
0.172096
0.182286
0.176837
0.170997
0.176338
0.188380
0.181393
0.244108
0.167733
0.172085
0.185878
0.169830
0.184856
0.168559
0.182502
0.195712
0.196563
0.186777
0.185507
0.183176
0.170305
0.180268
0.212569
0.177690
0.192827
0.168018
0.166703
0.195577
0.187465
0.198926
0.178826
0.166346
0.185689
0.205016
0.187205
0.227185
0.167035
0.181849
0.209116
0.195853
0.188144
0.204278
0.193018
0.188899
0.196104
0.200812
0.178433
0.177162
0.181937
0.169322
0.181501
0.180270
0.175263
0.177927
0.200099
0.198165
0.194380
0.161617
0.180329
0.187891
0.172983
0.188875
0.174762
0.182422
0.179272
0.240551
0.175919
0.170253
0.163237
0.169760
0.158139
0.185330
0.191635
0.162767
0.175894
0.177329
0.159814
0.180971
0.206921
0.169268
0.170153
0.182093
0.181392
0.178670
0.188569
0.189510
0.183049
0.170176
0.179700
0.206382
0.187623
0.170588
0.181024
0.181608
0.179852
0.195406
0.200193
0.196642
0.194560
0.208970
0.188590
0.186363
0.156575
0.158728
0.174415
0.200389
0.190993
0.190050
0.166253
0.177801
0.180530
0.187944
0.189122
0.181227
0.188514
0.178224
0.208323
0.187227
0.160491
0.157087
0.180130
0.171189
0.178625
0.200802
0.183796
0.194560
0.207559
0.193879
0.208034
0.197973
0.240148
0.196031
0.173274
0.165580
0.192798
0.181422
0.207606
0.198412
0.228124
0.189216
0.190822
0.177271
0.190064
0.180372
0.189090
0.198112
0.200705
0.205076
0.174159
0.194227
0.213527
0.213516
0.206449
0.181265
0.167352
0.192722
0.159977
0.196894
0.191890
0.169998
0.165727
0.164740
0.161209
0.180331
0.182640
0.176520
0.171891
0.206962
0.176937
0.179111
0.178468
0.187817
0.165313
0.183701
0.179937
0.188330
0.201999
0.183130
0.193246
0.220770
0.185857
0.198916
0.183081
0.170524
0.192888
0.188514
0.184361
0.191244
0.187634
0.174443
0.173308
0.180348
0.170620
0.171200
0.199549
0.177310
0.200392
0.164469
0.205688
0.175086
0.181875
0.167731
0.174959
0.176055
0.178243
0.152445
0.185690
0.175008
0.180007
0.174163
0.171628
0.164522
0.198263
0.215466
0.193352
0.186586
0.178821
0.180782
0.182469
0.209931
0.223616
0.183412
0.182823
0.186442
0.173246
0.205049
0.200357
0.187494
0.166822
0.164901
0.188772
0.183641
0.199278
0.178673
0.185030
0.177891
0.203562
0.180307
0.185530
0.172104
0.179575
0.204052
0.178500
0.184066
0.195588
0.184111
0.183922
0.184482
0.188915
0.170943
0.180112
0.214048
0.194294
0.180033
0.174715
0.193530
0.182019
0.179778
0.168244
0.203399
0.203541
0.208157
0.179480
0.252276
0.205738
0.160853
0.208516
0.169041
0.186532
0.202764
0.176315
0.186855
0.172297
0.176881
0.195071
0.186180
0.199610
0.205179
0.203766
0.155906
0.173061
0.185254
0.183142
0.165508
0.156543
0.186311
0.176818
0.200545
0.165079
0.169612
0.186915
0.189032
0.190961
0.185141
0.189387
0.190664
0.199539
0.181821
0.224259
0.183688
0.182292
0.191604
0.191870
0.178614
0.168600
0.189326
0.193068
0.181898
0.204250
0.176134
0.221026
0.177906
0.169647
0.169265
0.196682
0.196134
0.199060
0.189816
0.189696
0.162369
0.177805
0.178015
0.168967
0.188193
0.180681
0.184170
0.175972
0.162014
0.207838
0.185984
0.158120
0.164318
0.184387
0.185964
0.199726
0.177984
0.216255
0.183980
0.190819
0.182561
0.189405
0.183442
0.162854
0.195533
0.168233
0.203871
0.174171
0.177905
0.185468
0.173484
0.205104
0.179300
0.197867
0.197263
0.196840
0.202381
0.176587
0.204671
0.201456
0.184937
0.199740
0.176373
0.213054
0.200742
0.185931
0.160428
0.155962
0.199618
0.183762
0.194827
0.187367
0.200981
0.180759
0.161369
0.175906
0.200922
0.193262
0.201185
0.174028
0.205355
0.171365
0.162638
0.173329
0.190854
0.186068
0.185061
0.165535
0.178544
0.170349
0.189586
0.188564
0.186478
0.173726
0.181290
0.168941
0.190980
0.163420
0.173900
0.176939
0.224465
0.205687
0.177461
0.171099
0.172791
0.177289
0.196068
0.179347
0.183501
0.184004
0.191029
0.179656
0.179968
0.158129
0.180351
0.196632
0.167470
0.176624
0.165757
0.181517
0.200016
0.184304
0.166275
0.177596
0.192487
0.169988
0.222480
0.181991
0.181449
0.169748
0.176632
0.194758
0.182223
0.179286
0.197576
0.163904
0.180271
0.173787
0.163895
0.165219
0.189968
0.168947
0.175698
0.215978
0.198696
0.179075
0.210862
0.170354
0.197227
0.188644
0.196612
0.188256
0.178013
0.189483
0.188280
0.166630
0.181064
0.177237
0.190418
0.179070
0.189537
0.213684
0.165908
0.158890
0.184367
0.185113
0.172593
0.179817
0.186698
0.172911
0.169510
0.188622
0.189529
0.176595
0.177948
0.183316
0.189632
0.182168
0.188669
0.217313
0.178054
0.163431
0.184575
0.190269
0.204647
0.185250
0.185628
0.191599
0.197164
0.188239
0.169659
0.186518
0.190315
0.197146
0.167305
0.187470
0.211375
0.200009
0.205513
0.192036
0.208668
0.192495
0.176256
0.185001
0.185209
0.173458
0.186925
0.176446
0.156595
0.184078
0.174351
0.182068
0.171596
0.161637
0.155602
0.184580
0.197650
0.212724
0.186260
0.190718
0.174898
0.201177
0.172443
0.190630
0.170801
0.187330
0.203620
0.164974
0.174616
0.166381
0.164944
0.202848
0.194017
0.176795
0.185070
0.196444
0.192044
0.172282
0.160625
0.173035
0.171461
0.179926
0.181055
0.174065
0.187954
0.195607
0.187590
0.188570
0.197632
0.177689
0.193950
0.210114
0.172953
0.178883
0.177086
0.177006
0.167109
0.208923
0.186147
0.181548
0.184081
0.178613
0.185969
0.171360
0.193100
0.197568
0.198401
0.195393
0.177840
0.167147
0.174947
0.184574
0.182482
0.188678
0.156072
0.187462
0.194998
0.176868
0.173265
0.184468
0.175880
0.200078
0.209149
0.200585
0.181180
0.188441
0.196174
0.205742
0.180595
0.203688
0.183963
0.200097
0.172762
0.199800
0.204915
0.209627
0.180356
0.189178
0.194496
0.177825
0.190642
0.177110
0.194645
0.152563
0.181390
0.210565
0.185433
0.187106
0.173038
0.184305
0.220839
0.172052
0.192418
0.178015
0.173528
0.161657
0.163616
0.181651
0.185192
0.198478
0.211759
0.188174
0.190834
0.196235
0.188557
0.179425
0.171705
0.178312
0.165774
0.191854
0.197285
0.168035
0.204379
0.185617
0.215461
0.190628
0.198500
0.175442
0.169297
0.177375
0.204042
0.190181
0.198044
0.174936
0.188963
0.162119
0.165581
0.196244
0.217787
0.174757
0.193843
0.166981
0.180971
0.174278
0.177217
0.175194
0.182986
0.202415
0.175490
0.167546
0.171972
0.171915
0.168975
0.194145
0.167826
0.181884
0.187844
0.192233
0.172389
0.172111
0.172927
0.209716
0.178252
0.170424
0.170362
0.174663
0.176985
0.171803
0.181016
0.155450
0.179133
0.184783
0.193518
0.187102
0.228578
0.190781
0.203886
0.189086
0.212488
0.183267
0.191730
0.170635
0.176927
0.172654
0.185724
0.176436
0.177516
0.153345
0.170181
0.180886
0.177806
0.192003
0.187507
0.196853
0.250899
0.178339
0.190702
0.171023
0.178711
0.171058
0.168309
0.180740
0.179960
0.176913
0.176727
0.179528
0.177145
0.171628
0.171776
0.167814
0.162900
0.202416
0.174191
0.201886
0.195374
0.188044
0.171060
0.185575
0.199379
0.160053
0.169700
0.170896
0.191084
0.177807
0.184079
0.168122
0.173354
0.171746
0.172204
0.176131
0.200193
0.192731
0.198246
0.206378
0.171658
0.169913
0.189108
0.195287
0.184103
0.199871
0.186521
0.176741
0.196046
0.195096
0.167960
0.217479
0.192032
0.182799
0.174519
0.177369
0.177569
0.167137
0.182944
0.195214
0.223521
0.195290
0.199498
0.195641
0.189625
0.210422
0.187776
0.171098
0.161686
0.177109
0.172350
0.198036
0.167513
0.186470
0.183839
0.172841
0.169492
0.164277
0.175719
0.179821
0.178877
0.177043
0.179816
0.170901
0.193222
0.170885
0.180403
0.201736
0.183617
0.194380
0.195668
0.189035
0.166467
0.196645
0.197614
0.195363
0.197456
0.247164
0.204031
0.197209
0.180491
0.202032
0.172288
0.222244
0.186675
0.193499
0.158217
0.173573
0.170148
0.170043
0.183048
0.201932
0.158015
0.182736
0.198070
0.195306
0.192093
0.183076
0.195865
0.192651
0.181355
0.184159
0.203381
0.181011
0.182632
0.168537
0.155642
0.172199
0.177979
0.192856
0.194308
0.171771
0.188512
0.192798
0.213265
0.199201
0.201353
0.180489
0.168863
0.179476
0.197746
0.182618
0.178174
0.178711
0.168782
0.193995
0.185270
0.183342
0.170885
0.186663
0.202461
0.191272
0.186638
0.185941
0.170242
0.185555
0.175642
0.185961
0.179422
0.190463
0.191185
0.194332
0.190721
0.191849
0.184470
0.188875
0.180897
0.179087
0.184744
0.162417
0.164942
0.174882
0.182042
0.203328
0.199524
0.174002
0.168900
0.204236
0.182682
0.181248
0.196228
0.195483
0.185752
0.223572
0.215414
0.191902
0.184142
0.198148
0.181221
0.193665
0.170213
0.211529
0.171919
