0.003746
0.159889
0.136619
0.136097
0.153979
0.138514
0.127151
0.153067
0.155854
0.150522
0.147709
0.147161
0.146844
0.123944
0.141408
0.114274
0.110571
0.124443
0.145234
0.141915
0.144546
0.162579
0.146211
0.146478
0.140103
0.147611
0.130002
0.165297
0.163656
0.172534
0.182405
0.171581
0.167856
0.158358
0.171575
0.202791
0.142662
0.133316
0.159004
0.148123
0.135199
0.151452
0.142124
0.147868
0.140413
0.139304
0.160599
0.137657
0.134790
0.140750
0.148678
0.141710
0.145437
0.179925
0.137565
0.140039
0.137908
0.136019
0.136773
0.132750
0.119237
0.114293
0.113571
0.115425
0.116512
0.116067
0.147941
0.119292
0.144760
0.145003
0.127801
0.167782
0.183388
0.137090
0.133316
0.147692
0.143002
0.129004
0.124024
0.121686
0.119442
0.155756
0.159772
0.155106
0.142520
0.142130
0.143325
0.146209
0.126786
0.122462
0.121989
0.123171
0.128545
0.155137
0.145000
0.143942
0.178110
0.118650
0.115387
0.129957
0.120769
0.149076
0.131001
0.120094
0.145096
0.132130
0.164953
0.128969
0.184340
0.146328
0.122334
0.120624
0.146529
0.134996
0.159539
0.143274
0.143283
0.135138
0.139252
0.142848
0.139321
0.132591
0.138007
0.137881
0.135787
0.124115
0.120843
0.176082
0.140028
0.147816
0.142894
0.145602
0.141965
0.172297
0.124374
0.174664
0.140860
0.185357
0.166943
0.143502
0.136045
0.129127
0.138412
0.125960
0.159194
0.184375
0.152595
0.141155
0.142767
0.150698
0.170960
0.137176
0.138551
0.135070
0.111621
0.117701
0.112127
0.144214
0.141789
0.137844
0.136668
0.132979
0.170578
0.160921
0.200856
0.142280
0.143710
0.142103
0.142229
0.136777
0.147815
0.136074
0.135771
0.152842
0.123037
0.150468
0.149748
0.185237
0.149670
0.134897
0.142813
0.123847
0.152815
0.140231
0.203180
0.147321
0.168353
0.132776
0.169694
0.189743
0.142277
0.142750
0.188093
0.172702
0.147413
0.139913
0.144618
0.141177
0.176894
0.184118
0.178281
0.144069
0.178259
0.138993
0.141310
0.178735
0.144293
0.145697
0.140203
0.157224
0.144300
0.161108
0.144492
0.141586
0.151476
0.147984
0.156032
0.165936
0.138801
0.136855
0.162626
0.160426
0.140654
0.118568
0.148415
0.139224
0.113092
0.142899
0.191182
0.159600
0.136016
0.141721
0.135732
0.121531
0.115790
0.145204
0.132410
0.147628
0.143666
0.139838
0.131998
0.130105
0.132922
0.154541
0.148281
0.143843
0.142923
0.143929
0.148221
0.151446
0.138237
0.134712
0.142881
0.148146
0.133193
0.162504
0.137999
0.137367
0.138951
0.145488
0.146356
0.144454
0.166510
0.135946
0.138690
0.117521
0.118050
0.121302
0.162182
0.186723
0.152097
0.138094
0.136244
0.158405
0.137758
0.173561
0.169006
0.145538
0.140708
0.153631
0.120984
0.115867
0.115045
0.112676
0.121205
0.179140
0.125299
0.118788
0.162410
0.142151
0.137143
0.159716
0.140519
0.140805
0.145117
0.136089
0.125117
0.173678
0.174605
0.185180
0.210509
0.145577
0.146187
0.155164
0.141472
0.144127
0.147247
0.171906
0.152236
0.174058
0.145067
0.156450
0.138264
0.138871
0.135938
0.122334
0.172438
0.122417
0.146808
0.150460
0.158313
0.119474
0.113575
0.175096
0.119512
0.157104
0.155839
0.139542
0.138714
0.191160
0.185068
0.141760
0.182693
0.138699
0.138022
0.188611
0.162169
0.156560
0.158437
0.140983
0.200815
0.145705
0.141060
0.154681
0.143370
0.126066
0.156552
0.146353
0.143091
0.137006
0.140911
0.117595
0.143518
0.146807
0.140918
0.176375
0.150360
0.140796
0.143238
0.148433
0.158532
0.137116
0.162615
0.179909
0.171427
0.178284
0.153616
0.147445
0.146033
0.182889
0.144203
0.147715
0.138339
0.139414
0.135770
0.135758
0.115207
0.128664
0.156742
0.138992
0.164118
0.153098
0.165208
0.146978
0.138660
0.141356
0.143839
0.150746
0.146597
0.148782
0.168885
0.155862
0.152824
0.156921
0.141523
0.121737
0.116164
0.144780
0.150194
0.138115
0.144554
0.142566
0.141614
0.153383
0.138069
0.141402
0.122214
0.114517
0.125433
0.176354
0.137075
0.179293
0.154515
0.140441
0.146184
0.171299
0.137691
0.134671
0.146490
0.158988
0.204041
0.172636
0.146343
0.166550
0.163277
0.147305
0.142398
0.142201
0.136144
0.175781
0.147301
0.169544
0.138375
0.137608
0.141170
0.138159
0.147328
0.144536
0.160229
0.150522
0.152806
0.144086
0.171164
0.134887
0.158678
0.139479
0.137244
0.130662
0.129109
0.158083
0.134817
0.118742
0.131726
0.149443
0.143487
0.123027
0.161095
0.142114
0.169737
0.120652
0.146017
0.186039
0.147538
0.136776
0.152072
0.177599
0.185678
0.138076
0.156689
0.166419
0.170156
0.189656
0.164051
0.146929
0.136926
0.143119
0.180844
0.178726
0.168857
0.141091
0.166300
0.137145
0.139129
0.145884
0.166845
0.143553
0.137614
0.165933
0.136822
0.152632
0.143447
0.154680
0.182411
0.145902
0.159454
0.143346
0.140700
0.157827
0.139178
0.150828
0.144547
0.160276
0.157475
0.161647
0.113205
0.117608
0.115370
0.133212
0.162673
0.148869
0.141268
0.140554
0.147058
0.170050
0.139549
0.144461
0.142800
0.143105
0.137023
0.139565
0.129548
0.119771
0.158399
0.148769
0.148047
0.149082
0.177831
0.140476
0.131034
0.125019
0.124099
0.172644
0.141573
0.173843
0.139211
0.152260
0.195465
0.167178
0.176940
0.160890
0.140415
0.153048
0.142847
0.139693
0.153773
0.179633
0.175431
0.164347
0.178750
0.158241
0.159750
0.142025
0.138347
0.147957
0.143525
0.157719
0.138535
0.137706
0.165313
0.160232
0.138190
0.143329
0.159660
0.136649
0.136909
0.155431
0.143028
0.120534
0.116595
0.168967
0.131048
0.160803
0.139962
0.138406
0.178115
0.165102
0.122781
0.169977
0.169605
0.148696
0.161643
0.136711
0.149753
0.146589
0.139206
0.136706
0.116869
0.130225
0.141598
0.121403
0.120509
0.130498
0.112279
0.152152
0.122921
0.119764
0.113054
0.113229
0.114068
0.123363
0.114661
0.119107
0.124290
0.123972
0.127595
0.141052
0.150721
0.132871
0.164668
0.174247
0.160754
0.142737
0.142292
0.140584
0.142455
0.124900
0.139293
0.146820
0.146014
0.125348
0.144024
0.147208
0.142238
0.152198
0.142425
0.140174
0.141887
0.146645
0.139767
0.150746
0.122483
0.126313
0.146372
0.131836
0.123223
0.140663
0.154687
0.150256
0.146992
0.143140
0.140574
0.156885
0.153049
0.151853
0.151028
0.143633
0.142365
0.131773
0.121485
0.142698
0.145751
0.134176
0.152480
0.162300
0.140660
0.149940
0.148088
0.120700
0.119424
0.115113
0.114024
0.115101
0.150910
0.140677
0.145478
0.147787
0.144905
0.138222
0.136452
0.146386
0.146729
0.160312
0.150956
0.128053
0.122571
0.118098
0.124091
0.120554
0.154453
0.123343
0.112431
0.144163
0.138662
0.137137
0.141230
0.144113
0.130444
0.118920
0.148368
0.146536
0.145758
0.141805
0.145056
0.154999
0.148608
0.144450
0.148497
0.140200
0.137192
0.151664
0.146392
0.146390
0.143192
0.155388
0.163948
0.191530
0.146755
0.136878
0.122164
0.119851
0.112791
0.115269
0.112998
0.121126
0.115609
0.115961
0.144653
0.168598
0.157604
0.174087
0.160211
0.145472
0.173387
0.143047
0.153306
0.154823
0.148725
0.182835
0.168713
0.147236
0.137398
0.172367
0.158632
0.143319
0.144476
0.144533
0.139052
0.120995
0.150079
0.132759
0.171103
0.144434
0.159463
0.153786
0.140246
0.165399
0.139836
0.175758
0.143059
0.121339
0.117304
0.156003
0.123387
0.152927
0.157672
0.139892
0.176275
0.123204
0.123001
0.151726
0.176047
0.120039
0.141123
0.146654
0.147484
0.145713
0.150192
0.182429
0.168035
0.141825
0.140366
0.142094
0.179618
0.154446
0.143169
0.143134
0.148768
0.140615
0.152569
0.169816
0.168149
0.167329
0.172007
0.139794
0.140877
0.140786
0.181101
0.176129
0.174529
0.148412
0.140843
0.166250
0.137598
0.168399
0.142746
0.163017
0.143229
0.160667
0.176244
0.171670
0.151747
0.154090
0.140958
0.168358
0.163800
0.138984
0.137674
0.142192
0.143449
0.146976
0.120188
0.143411
0.145472
0.116234
0.128736
0.167137
0.140805
0.162365
0.145786
0.145164
0.116867
0.120095
0.119855
0.146490
0.142814
0.198823
0.199467
0.145901
0.161808
0.135214
0.145652
0.142658
0.142301
0.143389
0.136211
0.147826
0.145072
0.141146
0.131873
0.116689
0.113913
0.141605
0.144532
0.158477
0.117814
0.156024
0.142274
0.140330
0.130034
0.118588
0.142986
0.139505
0.137574
0.158898
0.120246
0.158207
0.140776
0.147282
0.173094
0.177713
0.157451
0.146860
0.140773
0.170724
0.146734
0.137569
0.159026
0.140236
0.144150
0.155755
0.177249
0.169289
0.179604
0.159993
0.141313
0.160209
0.179613
0.209036
0.165662
0.163709
0.145851
0.137221
0.144291
0.172215
0.176473
0.147111
0.144167
0.145593
0.149009
0.151809
0.144070
0.168384
0.156589
0.147146
0.122865
0.151208
0.131455
0.141087
0.147798
0.148784
0.139376
0.131584
0.145136
0.125236
0.126368
0.122217
0.142714
0.110475
0.117332
0.143511
0.139289
0.135429
0.147873
0.148680
0.164548
0.183845
0.182741
0.196297
0.154748
0.170880
0.145350
0.179508
0.143478
0.161013
0.146355
0.152238
0.163079
0.198609
0.146657
0.140058
0.142395
0.132537
0.155005
0.139365
0.140498
0.136763
0.145845
0.139603
0.143556
0.188823
0.143062
0.171306
0.156893
0.139563
0.132419
0.134716
0.142943
0.163911
0.124290
0.158648
0.146685
0.149231
0.138602
0.132915
0.173590
0.141682
0.193902
0.149350
0.138108
0.141159
0.164800
0.140115
0.138020
0.127707
0.148595
0.140598
0.137953
0.144491
0.126296
0.143957
0.162070
0.138504
0.148039
0.138181
0.142553
0.122267
0.129845
0.134528
0.145387
0.155596
0.137414
0.147053
0.191495
0.177591
0.152173
0.145966
0.142730
0.142581
0.193481
0.166739
0.158530
0.140671
0.119369
0.119365
0.115498
0.126972
0.142164
0.127384
0.157258
0.140410
0.160316
0.135390
0.152844
0.156697
0.143078
0.152879
0.160489
0.139313
0.176765
0.149436
0.140372
0.184277
0.170222
0.146306
0.171613
0.147536
0.141448
0.138868
0.134789
0.161351
0.159751
0.172191
0.170243
0.171708
0.145923
0.141892
0.138785
0.167588
0.197051
0.145635
0.139847
0.138956
0.132916
0.188822
0.161616
0.176629
0.147617
0.144087
0.148035
0.161813
0.140889
0.157263
0.155819
0.142350
0.179423
0.168031
0.170357
0.126017
0.154735
0.172438
0.139385
0.147218
0.138545
0.186926
0.170819
0.148277
0.158918
0.144578
0.147273
0.163555
0.142624
0.139529
0.139201
0.154802
0.135774
0.118155
0.157433
0.148087
0.141189
0.180746
0.142945
0.189923
0.170707
0.173043
0.157346
0.142115
0.180246
0.161209
0.141972
0.137473
0.140568
0.141732
0.144089
0.121592
0.180635
0.136545
0.195556
0.159805
0.150709
0.144804
0.160566
0.140334
0.180553
0.171666
0.169778
0.168247
0.140356
0.139335
0.143566
0.138709
0.141798
0.127722
0.119463
0.121969
0.144989
0.163566
0.156976
0.133280
0.124948
0.128656
0.157481
0.184620
0.147274
0.140940
0.139228
0.140817
0.139728
0.115096
0.115575
0.113767
0.120369
0.139470
0.144539
0.143175
0.145813
0.140691
0.159420
0.167709
0.137268
0.157873
0.136387
0.137904
0.170274
0.160184
0.139209
0.165135
0.201131
0.133306
0.147513
0.182024
0.132461
0.153454
0.141499
0.137662
0.137830
0.139480
0.113048
0.112039
0.118469
0.116616
0.185071
0.145788
0.145555
0.141760
0.152375
0.199900
0.195049
0.154660
0.125375
0.154478
0.155650
0.133613
0.133651
0.136243
0.143724
0.187176
0.144185
0.136821
0.132795
0.166458
0.145790
0.147160
0.145773
0.144181
0.142514
0.139510
0.154768
0.156244
0.144367
0.142040
0.144045
0.169795
0.135705
0.152690
0.147350
0.175765
0.151288
0.137112
0.146349
0.156147
0.154584
0.189215
0.142931
0.149093
0.151389
0.145392
0.180432
0.153565
0.146650
0.175536
0.158497
0.145315
0.144615
0.141526
0.146966
0.141171
0.146190
0.160390
0.200699
0.191910
0.142307
0.148590
0.142413
0.130634
0.126046
0.118331
0.114126
0.115924
0.149080
0.141238
0.173017
0.191580
0.158824
0.144010
0.145740
0.161706
0.138942
0.139745
0.145277
0.146027
0.137021
0.136724
0.145303
0.152056
0.131515
0.134712
0.137405
0.138728
0.192357
0.141692
0.121060
0.145363
0.149339
0.207288
0.157856
0.148779
0.149124
0.173383
0.145964
0.156389
0.142161
0.143204
0.136566
0.136374
0.148308
0.149153
0.162003
0.143623
0.142882
0.141572
0.157978
0.147408
0.146554
0.157944
0.143724
0.144374
0.144685
0.125742
0.152149
0.160547
0.147070
0.144639
0.158310
0.148167
0.143347
0.135024
0.197552
0.117725
0.127238
0.181264
0.123100
0.121269
0.157151
0.146025
0.165176
0.179900
0.191403
0.139999
0.187879
0.146888
0.135920
0.139414
0.156120
0.166587
0.142468
0.185644
0.143393
0.161076
0.140085
0.163814
0.141492
0.139400
0.135834
0.171744
0.171472
0.165675
0.148136
0.141083
0.146285
0.162562
0.134628
0.142254
0.150240
0.171366
0.147493
0.176183
0.160043
0.144165
0.180983
0.195860
0.174805
0.138018
0.136533
0.144449
0.153852
0.142167
0.144351
0.121193
0.144632
0.156571
0.141369
0.200849
0.161476
0.140142
0.156556
0.162832
0.184977
0.159045
0.136897
0.143169
0.145682
0.141423
0.142768
0.166751
0.134146
0.139137
0.134801
0.133795
0.135760
0.140732
0.156466
0.138990
0.138505
0.199708
0.163872
0.178087
0.121029
0.172584
0.188020
0.143572
0.143721
0.143971
0.177314
0.145863
0.162422
0.147635
0.206978
0.167690
0.145965
0.143985
0.142284
0.137978
0.127111
0.171996
0.158315
0.142520
0.139806
0.191741
0.177338
0.167415
0.147492
0.168008
0.146327
0.176547
0.172091
0.167840
0.170139
0.159053
0.161180
0.139729
0.140885
0.144338
0.146382
0.136024
0.138833
0.168183
0.143883
0.149707
0.143230
0.145644
0.144418
0.170971
0.128700
0.118587
0.117940
0.111899
0.121503
0.117399
0.152997
0.149647
0.217093
0.141626
0.151649
0.151228
0.168169
0.121967
0.119312
0.114885
0.116879
0.116709
0.118481
0.120632
0.121780
0.118495
0.179463
0.173735
0.173100
0.140587
0.142617
0.150941
0.137463
0.180904
0.143789
0.180372
0.144868
0.188514
0.206570
0.140365
0.155335
0.161788
0.183894
0.174890
0.172338
0.170910
0.142493
0.149312
0.201488
0.158965
0.142821
0.145733
0.184064
0.153118
0.144498
0.203750
0.174886
0.145501
0.147260
0.147218
0.150590
0.139868
0.146146
0.168449
0.152309
0.155694
0.151325
0.144860
0.190657
0.142113
0.136067
0.166706
0.178925
0.196299
0.150265
0.188448
0.197622
0.179087
0.154388
0.135823
0.137989
0.150124
0.148865
0.142346
0.141589
0.152055
0.141260
0.142683
0.147584
0.149647
0.185731
0.147080
0.185964
0.160322
0.171208
0.172052
0.157593
0.141837
0.134966
0.133523
0.136614
0.133750
0.197479
0.165810
0.166163
0.147871
0.145364
0.142285
0.170139
0.173926
0.168302
0.154293
0.149872
0.149268
0.147397
0.137270
0.145504
0.166519
0.188514
0.174594
0.125395
0.151101
0.153008
0.148385
0.158653
0.145085
0.145973
0.142655
0.177711
0.140540
0.113097
0.122077
0.120144
0.115578
0.138462
0.124635
0.169760
0.139898
0.139405
0.123188
0.113573
0.141165
0.121022
0.177316
0.167516
0.169713
0.167200
0.144102
0.146418
0.157418
0.157274
0.158134
0.151132
0.147900
0.136267
0.133973
0.122136
0.180804
0.174941
0.154067
0.145439
0.127119
0.146275
0.151993
0.141269
0.155894
0.143033
0.152813
0.172125
0.155679
0.139882
0.165036
0.170755
0.136982
0.188426
0.142992
0.165632
0.138456
0.138896
0.146471
0.163327
0.171284
0.145963
0.152785
0.140226
0.142548
0.176987
0.171414
0.158903
0.146753
0.153762
0.144348
0.163047
0.156791
0.135910
0.137199
0.138438
0.116139
0.158752
0.142121
0.200695
0.144686
0.161814
0.185824
0.150675
0.178736
0.175750
0.138986
0.139454
0.176776
0.143487
0.187238
0.178605
0.142290
0.164129
0.174722
0.157738
0.137025
0.150846
0.155625
0.143302
0.155033
0.139880
0.142650
0.148403
0.176032
0.147050
0.151322
0.165679
0.137283
0.148397
0.145895
0.144447
0.140002
0.138254
0.124182
0.197045
0.162932
0.140264
0.156806
0.134332
0.109656
0.113920
0.118751
0.151030
0.122481
0.126801
0.160613
0.118193
0.119017
0.119241
0.118148
0.119620
0.147694
0.146477
0.182774
0.172589
0.171890
0.149601
0.146352
0.197247
0.145806
0.139573
0.138605
0.169192
0.136690
0.162223
0.148280
0.141151
0.147028
0.156696
0.146519
0.142370
0.149329
0.192650
0.174486
0.170675
0.170753
0.114344
0.125461
0.151734
0.142330
0.184466
0.152736
0.164240
0.173570
0.145286
0.140383
0.169022
0.141497
0.175884
0.142377
0.142353
0.135020
0.120662
0.115394
0.144148
0.141598
0.159536
0.141203
0.176273
0.179178
0.139770
0.147686
0.136521
0.177513
0.129842
0.141034
0.140937
0.143990
0.151457
0.126796
0.123158
0.152308
0.147832
0.152528
0.160521
0.152997
0.144379
0.157536
0.144437
0.149462
0.122074
0.116782
0.126951
0.164888
0.132233
0.144498
0.143003
0.119811
0.170529
0.155600
0.145887
0.153091
0.140922
0.156761
0.177223
0.194666
0.159746
0.162864
0.156579
0.162967
0.149852
0.166082
0.137181
0.150809
0.157701
0.162606
0.186254
0.167771
0.136183
0.147354
0.141364
0.136656
0.193013
0.154884
0.153694
0.150551
0.146567
0.189904
0.172207
0.142724
0.142394
0.141830
0.147342
0.165325
0.154560
0.135216
0.134715
0.173147
0.166033
0.162066
0.142411
0.147530
0.175042
0.180561
0.141491
0.166875
0.165580
0.180782
0.140499
0.139060
0.144020
0.189240
0.160498
0.146538
0.172403
0.141861
0.165679
0.151172
0.148790
0.146225
0.169913
0.150793
0.154148
0.156124
0.144783
0.158504
0.135125
0.118159
0.132087
0.110917
0.110089
0.144560
0.116071
0.111347
0.114450
0.115955
0.116342
0.139174
0.120648
0.119402
0.117832
0.116611
0.114691
0.117065
0.153327
0.140987
0.149355
0.186018
0.135071
0.138005
0.151525
0.158067
0.142538
0.140935
0.165798
0.165644
0.148901
0.139277
0.121206
0.120990
0.153151
0.139152
0.115541
0.108440
0.118459
0.144904
0.134806
0.148261
0.137253
0.146777
0.144613
0.152471
0.190382
0.150281
0.167564
0.141658
0.140867
0.145917
0.154902
0.141516
0.138068
0.146598
0.161827
0.153861
0.158261
0.136229
0.172002
0.120597
0.114292
0.162257
0.150892
0.156582
0.158711
0.187386
0.149646
0.147290
0.158046
0.140691
0.159111
0.150839
0.210041
0.166471
0.165302
0.168654
0.172613
0.156504
0.154567
0.138410
0.158144
0.156358
0.151247
0.144824
0.147948
0.141280
0.136341
0.143570
0.147756
0.152931
0.138664
0.170103
0.157608
0.157209
0.159884
0.144551
0.145057
0.125074
0.146685
0.139807
0.148063
0.174324
0.143914
0.146005
0.131541
0.141703
0.156394
0.128773
0.125137
0.148658
0.135920
0.117197
0.117664
0.158161
0.147023
0.164792
0.192363
0.145149
0.164979
0.147955
0.168156
0.140221
0.163767
0.136591
0.146923
0.140941
0.155035
0.154962
0.145878
0.170395
0.162567
0.140928
0.147404
0.140664
0.143647
0.150180
0.140095
0.187496
0.151196
0.140707
0.145032
0.147439
0.174009
0.138261
0.139378
0.186719
0.165437
0.169545
0.145880
0.156611
0.148997
0.146007
0.154869
0.124939
0.144810
0.159578
0.162886
0.140791
0.136927
0.138624
0.137407
0.153102
0.173435
0.138869
0.137396
0.164328
0.146082
0.143872
0.140039
0.142026
0.175241
0.151210
0.154845
0.148089
0.142379
0.114055
0.122843
0.145637
0.134951
0.173305
0.165796
0.153153
0.120044
0.150186
0.142542
0.142224
0.144566
0.136691
0.136608
0.176379
0.172956
0.165769
0.135483
0.146554
0.172652
0.143728
0.152402
0.138055
0.170927
0.173592
0.159609
0.133580
0.142003
0.145307
0.149853
0.133132
0.142047
0.162170
0.130747
0.135951
0.145970
0.163473
0.148457
0.143155
0.138631
0.134563
0.139097
0.129512
0.110011
0.110871
0.120954
0.150353
0.146338
0.161631
0.147139
0.141508
0.140214
0.131188
0.142513
0.121296
0.157795
0.127311
0.125322
0.147339
0.142257
0.141703
0.143794
0.141235
0.134118
0.171408
0.164502
0.142158
0.141802
0.147009
0.115314
0.114861
0.116120
0.145796
0.144282
0.120591
0.112573
0.143403
0.159438
0.138967
0.153712
0.149113
0.150881
0.134175
0.146602
0.197679
0.149645
0.161781
0.118224
0.154012
0.140192
0.143914
0.135711
0.134429
0.143606
0.166736
0.153975
0.135676
0.134742
0.147170
0.142845
0.141629
0.140914
0.143645
0.126009
0.128875
0.120991
0.117933
0.117859
0.126911
0.183107
0.164355
0.149825
0.121270
0.120325
0.115270
0.142570
0.139372
0.176939
0.140976
0.152613
0.143545
0.159182
0.145778
0.144704
0.141414
0.138920
0.202087
0.136958
0.191561
0.116668
0.111043
0.115781
0.115544
0.113508
0.119833
0.139735
0.121380
0.117062
0.121194
0.118776
0.124153
0.159238
0.144628
0.154234
0.124140
0.118123
0.144530
0.144791
0.141321
0.140748
0.143040
0.135450
0.141588
0.172502
0.179127
0.170873
0.172174
0.171581
0.131748
0.140712
0.137861
0.160533
0.165071
0.173780
0.183822
0.172160
0.149647
0.166238
0.165116
0.160799
0.148114
0.142082
0.170246
0.147290
0.148408
0.153454
0.142592
0.136025
0.121178
0.160098
0.139279
0.173219
0.156628
0.185846
0.140135
0.143844
0.137190
0.135899
0.138252
0.144181
0.195993
0.161125
0.189648
0.155825
0.135384
0.135687
0.140224
0.140868
0.185451
0.175033
0.170486
0.172043
0.158924
0.164027
0.139180
0.137892
0.131120
0.141919
0.144644
0.142388
0.145399
0.134501
0.145013
0.165370
0.161172
0.150169
0.154836
0.145164
0.144028
0.149495
0.143914
0.145271
0.144096
0.136280
0.117532
0.130369
0.113393
0.116101
0.113037
0.153045
0.169635
0.134348
0.166437
0.147789
0.140418
0.116697
0.143288
0.172671
0.149916
0.180437
0.144499
0.132410
0.112602
0.152816
0.136841
0.156233
0.187746
0.187028
0.144380
0.179573
0.135518
0.205056
0.159001
0.146412
0.143858
0.177095
0.153505
0.142221
0.138973
0.133591
0.147523
0.154797
0.141071
0.167049
0.142116
0.149339
0.145152
0.135612
0.147599
0.150181
0.146839
0.180593
0.144342
0.146703
0.143344
0.119382
0.149348
0.132817
0.118046
0.149832
0.137195
0.185610
0.151220
0.150203
0.149904
0.146884
0.139405
0.142399
0.150757
0.183206
0.140201
0.154899
0.138614
0.179653
0.143303
0.147854
0.174534
0.164681
0.160240
0.139772
0.173180
0.145247
0.137945
0.148866
0.148374
0.142576
0.138511
0.153496
0.146235
0.154238
0.157637
0.149098
0.197040
0.185852
0.153844
0.185382
0.150320
0.154173
0.144929
0.142066
0.145269
0.145803
0.122779
0.127833
0.181151
0.150014
0.180926
0.147420
0.141334
0.163210
0.143548
0.167980
0.168982
0.142712
0.146025
0.117767
0.155354
0.139900
0.133428
0.141904
0.139559
0.170015
0.132844
0.153177
0.137263
0.146064
0.138273
0.150970
0.140598
0.139046
0.212330
0.163599
0.145318
0.182084
0.142106
0.138846
0.135860
0.128935
0.111977
0.115394
0.120107
0.119877
0.167173
0.140687
0.162543
0.151919
0.154216
0.170669
0.166193
0.192166
0.142821
0.143339
0.134711
0.137407
0.153061
0.167756
0.167253
0.157936
0.141937
0.159515
0.137594
0.140903
0.137383
0.137403
0.141043
0.119972
0.123148
0.119978
0.175800
0.178966
0.177236
0.138968
0.176030
0.137470
0.204955
0.140880
0.155903
0.154054
0.161196
0.138875
0.160304
0.169634
0.143053
0.154744
0.140331
0.139153
0.136777
0.197835
0.190395
0.145320
0.142311
0.151796
0.138603
0.137755
0.137562
0.145725
0.183739
0.169506
0.165717
0.115947
0.117346
0.157854
0.143484
0.141870
0.170527
0.148448
0.134171
0.150914
0.138511
0.144126
0.143711
0.135890
0.160836
0.140785
0.137957
0.138446
0.151057
0.137909
0.120838
0.118011
0.157917
0.145442
0.151027
0.145233
0.141624
0.186152
0.149128
0.149928
0.178265
0.133880
0.148779
0.147238
0.143693
0.138428
0.142000
0.136838
0.118769
0.119033
0.121661
0.122681
0.143517
0.116503
0.116307
0.164515
0.161823
0.137908
0.164675
0.155221
0.130252
0.139714
0.138220
0.134942
0.147730
0.128656
0.155048
0.154658
0.143381
0.140260
0.138448
0.142526
0.151982
0.145209
0.147308
0.139251
0.145576
0.158060
0.146113
0.137869
0.136882
0.131357
0.134830
0.172576
0.139795
0.140703
0.141241
0.178568
0.143533
0.160133
0.137427
0.155362
0.136717
0.191043
0.156172
0.137801
0.153147
0.146553
0.139826
0.136244
0.119892
0.173599
0.121325
0.148907
0.138191
0.156799
0.138814
0.132346
0.142398
0.142833
0.117761
0.113692
0.148654
0.136969
0.113169
0.111239
0.120228
0.116112
0.159812
0.127127
0.113696
0.112447
0.155218
0.142933
0.152359
0.138769
0.160620
0.152997
0.136475
0.160650
0.155872
0.138094
0.142261
0.149695
0.145638
0.137303
0.148239
0.142433
0.136451
0.137580
0.136395
0.138907
0.154160
0.147445
0.126106
0.139846
0.207051
0.141605
0.141366
0.134170
0.167039
0.161342
0.145363
0.143809
0.146048
0.147416
0.178907
0.144404
0.168329
0.138554
0.162895
0.154817
0.141156
0.149631
0.162102
0.137732
0.143444
0.167012
0.155647
0.172337
0.141254
0.139934
0.142991
0.143466
0.140211
0.153636
0.143574
0.140959
0.138824
0.164542
0.155108
0.158826
0.147462
0.142036
0.126112
0.141041
0.135114
0.139823
0.138142
0.195117
0.174732
0.164906
0.168300
0.168263
0.145761
0.144758
0.140066
0.149291
0.145715
0.157431
0.148071
0.147048
0.190899
0.144738
0.142969
0.186939
0.142463
0.142504
0.170836
0.146418
0.140256
0.136451
0.171677
0.146166
0.150290
0.133620
0.145726
0.140734
0.135292
0.137813
0.180684
0.141600
0.172917
0.125582
0.169021
0.188046
0.145692
0.182585
0.139831
0.145730
0.146466
0.140879
0.152530
0.151545
0.172183
0.166160
0.147363
0.147698
0.139225
0.136313
0.119703
0.114953
0.114532
0.164906
0.168728
0.179828
0.116790
0.116784
0.147542
0.142399
0.143759
0.141608
0.148615
0.169456
0.169043
0.166549
0.164382
0.150667
0.143411
0.138715
0.173881
0.170361
0.155473
0.144570
0.146318
0.138908
0.121529
0.117155
0.116393
0.117038
0.146704
0.161829
0.163331
0.147491
0.137941
0.136346
0.120824
0.176311
0.141107
0.145553
0.142826
0.191357
0.155523
0.143162
0.141204
0.151271
0.152387
0.137984
0.132173
0.158009
0.149091
0.155009
0.140154
0.139688
0.160299
0.141765
0.139629
0.148497
0.141031
0.133410
0.131619
0.132437
0.175374
0.148828
0.149405
0.142120
0.147458
0.165312
0.137008
0.164729
0.159280
0.166490
0.181113
0.141947
0.144904
0.149585
0.170499
0.159912
0.174864
0.172706
0.144911
0.151643
0.189434
0.140208
0.132868
0.115813
0.117625
0.163997
0.142959
0.144896
0.122404
0.126197
0.119449
0.153146
0.189111
0.135459
0.158230
0.168860
0.152579
0.160743
0.142346
0.141343
0.146627
0.158500
0.125058
0.121237
0.161639
0.144627
0.140621
0.141944
0.158126
0.138546
0.149060
0.143946
0.145840
0.159144
0.161640
0.146629
0.146281
0.146593
0.145108
0.140085
0.139357
0.123491
0.121988
0.126213
0.184782
0.166410
0.170830
0.129462
0.124482
0.199594
0.154270
0.136826
0.137113
0.139917
0.137162
0.131045
0.114690
0.113294
0.190638
0.154483
0.141096
0.133378
0.139744
0.162849
0.142325
0.137736
0.150860
0.135168
0.136228
0.144024
0.143280
0.144724
0.138621
0.139864
0.161904
0.157164
0.133213
0.133487
0.131212
0.137307
0.154340
0.186359
0.150559
0.139363
0.141960
0.144572
0.139626
0.170077
0.139015
0.147386
0.215905
0.168706
0.193809
0.142841
0.192048
0.175805
0.138647
0.159052
0.139263
0.135918
0.140044
0.139222
0.169350
0.160651
0.144662
0.150968
0.136148
0.159608
0.141699
0.175437
0.168789
0.204309
0.164452
0.140809
0.139150
0.138652
0.182646
0.189061
0.167396
0.166682
0.138427
0.187158
0.173264
0.138553
0.134619
0.193192
0.171084
0.171902
0.146781
0.142150
0.143909
0.176137
0.167219
0.186587
0.139760
0.148451
0.143449
0.161036
0.146332
0.163274
0.143342
0.142359
0.137839
0.150068
0.178926
0.150920
0.142047
0.158091
0.142442
0.173277
0.144599
0.185597
0.164095
0.143919
0.183433
0.174522
0.171368
0.162750
0.149493
0.143565
0.150286
0.146069
0.142896
0.129235
0.142408
0.176394
0.162643
0.162873
0.169102
0.176239
0.152857
0.157681
0.149863
0.138088
0.163892
0.181257
0.159083
0.151746
0.138242
0.140447
0.112776
0.154179
0.167858
0.146932
0.147229
0.142066
0.157996
0.135993
0.166682
0.140561
0.150044
0.151647
0.138842
0.175161
0.177065
0.142921
0.168422
0.137640
0.164924
0.177138
0.140865
0.136349
0.163127
0.149577
0.160701
0.138943
0.148766
0.140769
0.173185
0.143507
0.143488
0.145332
0.147221
0.137089
0.138247
0.137973
0.143082
0.140078
0.150310
0.128190
0.150694
0.141912
0.170766
0.146123
0.148499
0.161708
0.139989
0.140573
0.143790
0.175814
0.207374
0.138677
0.149953
0.164514
0.156844
0.144726
0.142670
0.147170
0.162967
0.159683
0.145374
0.135840
0.135585
0.134341
0.133308
0.143843
0.139697
0.145768
0.145113
0.154384
0.136730
0.139299
0.159648
0.137546
0.159857
0.160285
0.140175
0.189252
0.157552
0.150360
0.149625
0.143057
0.170820
0.135392
0.121866
0.164303
0.143001
0.151076
0.135835
0.142690
0.146678
0.157824
0.126100
0.117905
0.148581
0.123399
0.120692
0.120906
0.114082
0.122875
0.209692
0.145206
0.181118
0.144721
0.144871
0.181200
0.192790
0.160294
0.153765
0.137214
0.161637
0.143480
0.143835
0.153602
0.154166
0.171009
0.145004
0.149234
0.159553
0.138829
0.139835
0.149612
0.194538
0.149490
0.144085
0.148836
0.142750
0.183632
0.162262
0.159525
0.135568
0.137183
0.137323
0.159255
0.203543
0.146411
0.141295
0.148707
0.161902
0.196959
0.148621
0.154045
0.141802
0.143924
0.139851
0.130228
0.126171
0.120322
0.119906
0.144102
0.138849
0.136186
0.161145
0.148068
0.144404
0.158458
0.140631
0.142475
0.175963
0.171926
0.196892
0.165848
0.162195
0.136398
0.142488
0.155943
0.145833
0.164453
0.140144
0.151891
0.141737
0.155345
0.126103
0.154284
0.146674
0.135180
0.145971
0.119710
0.169748
0.158976
0.139989
0.144109
0.148365
0.144258
0.146874
0.185591
0.141662
0.126198
0.110191
0.143875
0.145266
0.147601
0.138893
0.142079
0.121631
0.115092
0.141021
0.137588
0.140209
0.171675
0.143897
0.140799
0.166755
0.148794
0.180384
0.162886
0.139046
0.145775
0.162061
0.141910
0.139591
0.150996
0.143343
0.138747
0.178367
0.149338
0.134245
0.178755
0.149055
0.147978
0.138010
0.139940
0.134914
0.172848
0.147182
0.148745
0.184025
0.144552
0.133957
0.156754
0.170157
0.155560
0.159891
0.137190
0.148366
0.151677
0.135458
0.150990
0.136054
0.165867
0.142127
0.142122
0.140909
0.148390
0.165616
0.143516
0.145376
0.171430
0.178747
0.148895
0.160949
0.141639
0.170474
0.140282
0.181479
0.150943
0.146200
0.175465
0.188100
0.156651
0.144872
0.162048
0.133071
0.116580
0.122121
0.122316
0.194037
0.163527
0.141903
0.141911
0.166595
0.144507
0.145594
0.175971
0.141333
0.163871
0.152735
0.189490
0.178161
0.135298
0.143008
0.128599
0.197880
0.152982
0.165968
0.148377
0.115829
0.133318
0.174826
0.121772
0.148705
0.151322
0.148341
0.138119
0.135734
0.139942
0.121192
0.124687
0.154703
0.196856
0.144030
0.189598
0.149318
0.146139
0.183695
0.127874
0.118253
0.116722
0.116799
0.181547
0.171406
0.197502
0.139070
0.143707
0.147357
0.125925
0.155530
0.148783
0.117768
0.166055
0.137944
0.134556
0.134549
0.164482
0.180140
0.151596
0.168495
0.153531
0.186288
0.148593
0.180746
0.167007
0.142099
0.139977
0.189974
0.155168
0.136178
0.139476
0.138980
0.140721
0.162428
0.140608
0.136677
0.137953
0.137772
0.145533
0.150562
0.160679
0.143199
0.136104
0.154302
0.137836
0.150942
0.139040
0.152697
0.141668
0.130979
0.114518
0.113178
0.175743
0.153482
0.140611
0.140776
0.132907
0.114301
0.147272
0.145153
0.160147
0.138922
0.145164
0.187405
0.168791
0.164597
0.183796
0.149647
0.176446
0.152800
0.179072
0.149337
0.133263
0.161661
0.188796
0.122025
0.115234
0.164697
0.161497
0.164130
0.159813
0.164458
0.145496
0.140142
0.149530
0.157483
0.150677
0.147367
0.141056
0.140152
0.136455
0.138085
0.195389
0.136504
0.161475
0.187983
0.136415
0.172677
0.155141
0.135916
0.183920
0.170629
0.161217
0.208517
0.173272
0.169806
0.185876
0.178902
0.148570
0.143787
0.150859
0.160925
0.145957
0.147839
0.144641
0.150478
0.146022
0.160786
0.146199
0.140476
0.137776
0.143278
0.156207
0.163778
0.139436
0.136807
0.138049
0.138658
0.146328
0.187409
0.171906
0.155959
0.143866
0.146659
0.140074
0.162246
0.138138
0.153345
0.148225
0.145336
0.148688
0.139062
0.122676
0.115625
0.114495
0.111385
0.176230
0.143631
0.198634
0.145148
0.143935
0.191013
0.201006
0.142905
0.138545
0.139212
0.139560
0.142874
0.165277
0.148080
0.145020
0.153368
0.162103
0.170608
0.170500
0.180975
0.165784
0.139422
0.137249
0.137046
0.146265
0.149756
0.142375
0.143128
0.144665
0.146655
0.145673
0.143691
0.145650
0.193221
0.170369
0.170149
0.150337
0.146105
0.168034
0.195193
0.141265
0.141649
0.145230
0.152221
0.140993
0.175784
0.196325
0.165203
0.143549
0.122272
0.121682
0.138666
0.129949
0.131370
0.135899
0.120859
0.202959
0.125266
0.120328
0.175666
0.164500
0.145028
0.189405
0.145742
0.160836
0.148020
0.143784
0.151653
0.159372
0.162478
0.204751
0.132505
0.163994
0.154891
0.139079
0.167039
0.139472
0.156559
0.146607
0.171466
0.165958
0.165383
0.194168
0.141906
0.139578
0.145175
0.192863
0.163640
0.148018
0.160143
0.138489
0.160455
0.158722
0.170444
0.174895
0.174842
0.145974
0.163329
0.151353
0.139511
0.140701
0.143958
0.171035
0.177862
0.163840
0.151756
0.156978
0.142582
0.160300
0.120806
0.162916
0.166617
0.189675
0.136230
0.141289
0.149096
0.166976
0.157258
0.150426
0.166670
0.149995
0.155018
0.165044
0.162191
0.188506
0.147108
0.140209
0.137855
0.139662
0.172069
0.143666
0.143550
0.147411
0.153186
0.144105
0.158763
0.142857
0.144602
0.182991
0.162195
0.178835
0.176249
0.176982
0.151736
0.161058
0.209475
0.145500
0.148052
0.142594
0.143262
0.145980
0.143271
0.185624
0.145673
0.160612
0.125360
0.120970
0.118264
0.114816
0.177456
0.162366
0.144190
0.140109
0.138220
0.143870
0.149808
0.132912
0.141029
0.136086
0.162448
0.137698
0.193976
0.142024
0.141079
0.145928
0.160930
0.169890
0.136493
0.144792
0.141812
0.146913
0.144651
0.145480
0.154652
0.144598
0.146662
0.162610
0.168440
0.140906
0.131891
0.163594
0.154659
0.158094
0.134762
0.135617
0.136861
0.141850
0.139992
0.142214
0.136247
0.173537
0.182436
0.141407
0.142122
0.139053
0.125290
0.145383
0.165583
0.143642
0.141456
0.141385
0.156942
0.181654
0.140592
0.144595
0.115482
0.167974
0.155754
0.170757
0.147962
0.135871
0.136214
0.135596
0.136999
0.134039
0.123523
0.112940
0.166089
0.136531
0.177377
0.197153
0.159080
0.193100
0.145641
0.169578
