0.005440
0.175777
0.160003
0.180079
0.194109
0.154174
0.160525
0.154501
0.147633
0.168281
0.154387
0.144500
0.145484
0.159189
0.143663
0.137564
0.116149
0.113868
0.113239
0.111241
0.115119
0.107258
0.108492
0.107332
0.112753
0.158959
0.139673
0.114333
0.155926
0.140810
0.157034
0.162458
0.183941
0.160831
0.145012
0.135354
0.139818
0.145786
0.138515
0.138850
0.126463
0.110451
0.133952
0.115221
0.135933
0.134629
0.157768
0.176572
0.151794
0.146976
0.162442
0.141438
0.145505
0.157238
0.145041
0.122730
0.121253
0.186314
0.152685
0.158455
0.149482
0.139586
0.138378
0.120325
0.111308
0.159899
0.174479
0.141384
0.159020
0.156864
0.122479
0.108198
0.105465
0.114800
0.159083
0.155431
0.161618
0.138519
0.137323
0.194602
0.134173
0.109064
0.124648
0.110990
0.126818
0.137683
0.161730
0.106501
0.106967
0.154369
0.134643
0.107746
0.103390
0.110005
0.109216
0.155347
0.140784
0.128676
0.111175
0.116450
0.103619
0.103779
0.109812
0.104950
0.112335
0.108526
0.164995
0.140699
0.138612
0.176109
0.138227
0.180698
0.141102
0.138551
0.139491
0.138586
0.126628
0.105687
0.103603
0.147275
0.138302
0.142146
0.134509
0.149127
0.141366
0.183876
0.140785
0.161759
0.137781
0.114616
0.115145
0.113045
0.116313
0.146499
0.144885
0.148023
0.140892
0.119549
0.172880
0.142871
0.120292
0.109966
0.151509
0.139567
0.152904
0.157710
0.141999
0.148427
0.162991
0.179235
0.152710
0.168563
0.159868
0.163757
0.162629
0.137194
0.178591
0.135237
0.174501
0.140512
0.177297
0.163098
0.137396
0.133168
0.110099
0.112340
0.113090
0.113309
0.109442
0.120929
0.109091
0.161155
0.196694
0.145296
0.140227
0.156144
0.142522
0.169576
0.143542
0.168997
0.142528
0.159024
0.141517
0.158099
0.177206
0.177804
0.168584
0.145202
0.144392
0.111499
0.125965
0.114968
0.159233
0.188480
0.136514
0.110439
0.147951
0.174604
0.139946
0.163973
0.152106
0.139160
0.150078
0.143925
0.139849
0.139736
0.142267
0.152080
0.137201
0.135061
0.188942
0.135859
0.140034
0.198401
0.155716
0.152236
0.142263
0.175080
0.147883
0.139909
0.137383
0.146274
0.121068
0.169217
0.141619
0.140834
0.142554
0.155751
0.170372
0.149829
0.139290
0.162951
0.159804
0.157059
0.169770
0.176412
0.106932
0.115874
0.109595
0.111059
0.176848
0.175199
0.171566
0.137515
0.151842
0.122697
0.136180
0.134074
0.174795
0.134670
0.146875
0.166185
0.178245
0.148673
0.141104
0.137051
0.164809
0.115440
0.144188
0.137363
0.114160
0.115624
0.101170
0.105266
0.138393
0.135384
0.164019
0.151509
0.141297
0.174161
0.152860
0.122864
0.139291
0.143703
0.140702
0.170711
0.159473
0.166950
0.146590
0.113204
0.119051
0.152059
0.135930
0.169909
0.147233
0.139213
0.141685
0.134405
0.124923
0.107923
0.115616
0.116780
0.115033
0.135411
0.178906
0.189984
0.152049
0.153839
0.182357
0.181141
0.156177
0.134394
0.130096
0.136659
0.110250
0.105571
0.137768
0.162096
0.136493
0.166469
0.115146
0.158109
0.161481
0.170414
0.154878
0.128970
0.113953
0.109906
0.115395
0.114960
0.172302
0.110020
0.148535
0.136215
0.149208
0.138695
0.138212
0.154315
0.157338
0.141887
0.135721
0.115335
0.114756
0.106739
0.113390
0.111084
0.153541
0.153198
0.109875
0.154079
0.145694
0.161863
0.151724
0.178466
0.136551
0.136204
0.156005
0.151403
0.154619
0.143426
0.152375
0.168271
0.144896
0.157238
0.111503
0.139693
0.120791
0.106012
0.159121
0.113664
0.107651
0.181996
0.146380
0.176857
0.142413
0.169664
0.149336
0.141646
0.141131
0.143835
0.138777
0.165978
0.141474
0.140635
0.139311
0.138212
0.164419
0.135752
0.161803
0.173610
0.139683
0.135956
0.138691
0.144354
0.111592
0.118859
0.166285
0.165852
0.170419
0.167055
0.148526
0.161477
0.158111
0.140314
0.132366
0.132030
0.193151
0.157606
0.158154
0.151446
0.140953
0.143127
0.141731
0.137819
0.139788
0.135642
0.118087
0.158128
0.162454
0.182822
0.155268
0.132351
0.130922
0.131459
0.135375
0.132867
0.137098
0.151467
0.137097
0.137899
0.136927
0.154992
0.139866
0.130824
0.159221
0.140699
0.132798
0.146047
0.146873
0.138513
0.170822
0.127014
0.168870
0.145167
0.157837
0.110111
0.169924
0.157990
0.110437
0.122838
0.152847
0.163209
0.123096
0.109450
0.181247
0.158812
0.156125
0.139702
0.177971
0.137613
0.199861
0.170294
0.163561
0.138734
0.137156
0.144313
0.156050
0.132974
0.131383
0.155590
0.138444
0.140617
0.136189
0.200482
0.142385
0.140124
0.133477
0.164878
0.145096
0.126077
0.166294
0.139467
0.178058
0.154529
0.142377
0.175701
0.160280
0.180732
0.178355
0.165145
0.181098
0.115999
0.168145
0.161963
0.160633
0.141509
0.162587
0.146137
0.182395
0.145372
0.178218
0.156496
0.180167
0.190832
0.157585
0.135890
0.158854
0.143327
0.132332
0.147627
0.160527
0.140574
0.120144
0.166462
0.117395
0.151200
0.165407
0.175753
0.145428
0.149395
0.154176
0.148545
0.160231
0.141114
0.186242
0.110675
0.153486
0.109515
0.148764
0.144944
0.157133
0.171217
0.158523
0.141613
0.144219
0.146813
0.167932
0.145711
0.167245
0.167559
0.138326
0.167666
0.167966
0.172284
0.177940
0.137325
0.109908
0.106789
0.109720
0.136894
0.108330
0.108970
0.103130
0.159469
0.167958
0.160368
0.112591
0.107545
0.109559
0.164054
0.137293
0.146629
0.175898
0.166811
0.167107
0.183689
0.146674
0.147373
0.142953
0.138295
0.150055
0.156475
0.159905
0.158561
0.182840
0.145249
0.139340
0.142907
0.185867
0.146139
0.165720
0.140923
0.169835
0.144777
0.124780
0.114985
0.112212
0.110049
0.165731
0.161500
0.136332
0.177634
0.141862
0.164194
0.167785
0.196989
0.181420
0.165081
0.134735
0.149261
0.163597
0.135787
0.195497
0.165483
0.136041
0.138101
0.138946
0.153439
0.158614
0.135154
0.140538
0.138551
0.167391
0.149378
0.166993
0.138643
0.160743
0.144460
0.179986
0.109220
0.156099
0.158042
0.166693
0.116387
0.113305
0.153876
0.147250
0.164336
0.152421
0.142934
0.142486
0.142401
0.142923
0.167371
0.165366
0.168610
0.165921
0.168239
0.142922
0.138424
0.118985
0.151143
0.111735
0.140051
0.173069
0.151997
0.147313
0.138766
0.135040
0.132684
0.137137
0.147072
0.125181
0.163778
0.138113
0.151151
0.113405
0.113868
0.141549
0.154738
0.170200
0.127128
0.109485
0.169864
0.159691
0.141088
0.184820
0.185797
0.142252
0.117444
0.115206
0.140003
0.139726
0.135087
0.137615
0.157539
0.154086
0.140714
0.157131
0.162014
0.141299
0.143283
0.138757
0.149544
0.153213
0.102877
0.183253
0.161557
0.143437
0.138221
0.139046
0.115082
0.111632
0.110528
0.147582
0.114484
0.110182
0.107071
0.113916
0.113243
0.110001
0.160808
0.139343
0.157285
0.158697
0.188735
0.164041
0.170268
0.153829
0.156914
0.151857
0.162748
0.180277
0.139382
0.139013
0.155734
0.138912
0.203885
0.137316
0.136725
0.164658
0.144399
0.163382
0.146855
0.164458
0.202721
0.141170
0.168308
0.153481
0.140982
0.137664
0.159402
0.142824
0.179622
0.142704
0.134998
0.123484
0.145736
0.137479
0.137293
0.143760
0.108810
0.158024
0.148141
0.138911
0.129681
0.154228
0.163238
0.104960
0.105480
0.155308
0.134754
0.162999
0.139756
0.181761
0.134845
0.117219
0.117518
0.158763
0.160574
0.172050
0.156388
0.136973
0.176955
0.169094
0.123932
0.117218
0.109070
0.107014
0.113690
0.151038
0.142136
0.134140
0.108243
0.180582
0.158317
0.137444
0.150470
0.139184
0.142576
0.140966
0.183093
0.176324
0.162299
0.166642
0.171807
0.160189
0.150714
0.150954
0.136789
0.140936
0.167456
0.167636
0.144122
0.154138
0.161550
0.154871
0.140458
0.139355
0.160476
0.163630
0.139136
0.139313
0.153013
0.144968
0.168223
0.158885
0.138449
0.159003
0.163127
0.142257
0.185086
0.155700
0.142244
0.112178
0.148998
0.134476
0.135563
0.135815
0.195614
0.165549
0.163904
0.143409
0.149462
0.135644
0.137364
0.160410
0.154868
0.110048
0.162997
0.133798
0.147010
0.136340
0.155138
0.141157
0.139187
0.140949
0.190705
0.171642
0.150570
0.144150
0.119702
0.138470
0.144605
0.135470
0.143142
0.171398
0.171013
0.163107
0.141060
0.152129
0.136090
0.179516
0.145567
0.164368
0.165898
0.142622
0.144031
0.142340
0.147043
0.137668
0.143749
0.160119
0.140157
0.146190
0.144409
0.129509
0.164158
0.139512
0.140370
0.138951
0.161798
0.169521
0.108300
0.112113
0.100878
0.182274
0.169074
0.171373
0.137908
0.139241
0.135501
0.126103
0.141420
0.140563
0.153712
0.107151
0.119229
0.136920
0.159932
0.156223
0.112722
0.162924
0.165520
0.154567
0.166531
0.138705
0.147769
0.141340
0.141076
0.124372
0.160055
0.149766
0.164838
0.114815
0.138472
0.157826
0.177364
0.112435
0.114205
0.192422
0.114125
0.154820
0.147576
0.184867
0.175598
0.112936
0.113815
0.110674
0.161624
0.137284
0.153126
0.137083
0.132011
0.137273
0.159148
0.151968
0.147093
0.135767
0.137157
0.134546
0.148790
0.120345
0.128175
0.163203
0.125331
0.123241
0.120198
0.124660
0.119338
0.119846
0.142331
0.173905
0.134031
0.139933
0.140497
0.171153
0.181255
0.159127
0.169895
0.144184
0.126312
0.134205
0.131068
0.114686
0.101541
0.134221
0.153657
0.156970
0.141809
0.116684
0.123028
0.143138
0.139189
0.156072
0.162423
0.150237
0.150310
0.149490
0.141145
0.139299
0.144272
0.117107
0.180677
0.140054
0.137421
0.136294
0.139833
0.130164
0.110325
0.146196
0.140400
0.149331
0.194098
0.180638
0.163332
0.160942
0.156293
0.177875
0.159961
0.157876
0.140368
0.139099
0.136905
0.157441
0.142640
0.168898
0.144884
0.187365
0.152698
0.176416
0.160070
0.140379
0.145351
0.195434
0.162425
0.145864
0.147202
0.165837
0.156916
0.144638
0.158964
0.141708
0.160258
0.134702
0.137942
0.135959
0.173330
0.139090
0.116638
0.117273
0.153089
0.135718
0.157988
0.118853
0.136819
0.139247
0.134959
0.155756
0.160725
0.140644
0.126669
0.149071
0.118020
0.152016
0.139475
0.145743
0.158168
0.139827
0.141197
0.150980
0.155758
0.137109
0.156163
0.174023
0.152178
0.143137
0.139756
0.128134
0.111823
0.163239
0.143039
0.179678
0.153218
0.156367
0.111032
0.141029
0.139531
0.183769
0.154181
0.145496
0.138203
0.194156
0.142938
0.157737
0.144074
0.137509
0.134987
0.160969
0.139027
0.145370
0.156970
0.158975
0.173631
0.187308
0.145453
0.173434
0.171880
0.134967
0.181638
0.142977
0.148019
0.140523
0.146385
0.140821
0.153099
0.187166
0.140873
0.163773
0.157896
0.144317
0.164596
0.142444
0.142765
0.209793
0.150683
0.163751
0.182407
0.174189
0.177517
0.154996
0.190854
0.147949
0.146157
0.138891
0.159599
0.192296
0.140738
0.156828
0.169968
0.169977
0.149172
0.122751
0.117203
0.154904
0.180175
0.153229
0.143673
0.137784
0.136864
0.137066
0.172261
0.177027
0.137585
0.144055
0.112135
0.123474
0.166617
0.170388
0.162735
0.108391
0.132082
0.149807
0.136131
0.138408
0.186758
0.134046
0.121757
0.147512
0.145096
0.144092
0.101999
0.171874
0.179351
0.168980
0.153174
0.168388
0.149707
0.187223
0.192824
0.164843
0.163744
0.163188
0.164914
0.150179
0.169733
0.111194
0.158626
0.116950
0.168424
0.154272
0.164911
0.185630
0.167560
0.155252
0.135738
0.164629
0.146053
0.189816
0.151005
0.117542
0.187640
0.134957
0.157199
0.200310
0.143670
0.210872
0.167727
0.175886
0.146861
0.196645
0.143438
0.139184
0.165019
0.181105
0.141441
0.161450
0.159891
0.162521
0.179054
0.157528
0.145765
0.141941
0.152200
0.165480
0.116257
0.151192
0.143290
0.112731
0.137562
0.141597
0.124449
0.159039
0.142126
0.143930
0.175508
0.129237
0.166489
0.146588
0.171670
0.148481
0.141827
0.141233
0.140085
0.133446
0.144522
0.147263
0.137576
0.177583
0.144926
0.159691
0.166700
0.144726
0.169700
0.158118
0.140664
0.164405
0.174370
0.191233
0.162668
0.194780
0.145898
0.152684
0.200435
0.160685
0.154950
0.169344
0.174348
0.181841
0.154818
0.161319
0.143516
0.179342
0.172498
0.184160
0.140245
0.155711
0.163540
0.207353
0.163513
0.172436
0.169818
0.157271
0.113439
0.167495
0.150543
0.174777
0.146082
0.186490
0.170125
0.166112
0.141959
0.144022
0.145861
0.170359
0.139036
0.139793
0.152835
0.157319
0.213445
0.166054
0.154241
0.142807
0.147038
0.138009
0.151090
0.170404
0.156476
0.140238
0.145161
0.176122
0.147159
0.153750
0.163888
0.140762
0.176321
0.189827
0.142627
0.174136
0.151519
0.163249
0.164578
0.142119
0.142137
0.176760
0.147424
0.173827
0.161280
0.141890
0.140184
0.137922
0.142154
0.191269
0.142659
0.183873
0.141011
0.141438
0.154378
0.141071
0.170625
0.117567
0.159724
0.148293
0.148514
0.161820
0.167317
0.144319
0.147798
0.150554
0.155269
0.138955
0.135129
0.144353
0.143306
0.145881
0.143865
0.146687
0.158367
0.140317
0.179016
0.132924
0.148658
0.159123
0.170294
0.158489
0.143728
0.146546
0.146508
0.138283
0.163664
0.193939
0.143214
0.182323
0.154833
0.143546
0.158740
0.151499
0.181750
0.148559
0.147234
0.143962
0.157202
0.168664
0.168650
0.141215
0.151375
0.141114
0.165935
0.149813
0.148416
0.151455
0.143764
0.139424
0.138115
0.154246
0.208814
0.151011
0.156895
0.146537
0.141420
0.140317
0.147287
0.134305
0.161627
0.198593
0.158032
0.141928
0.134757
0.160784
0.191359
0.176911
0.131230
0.143324
0.158961
0.137959
0.171818
0.150233
0.135915
0.106235
0.119007
0.128629
0.128430
0.133486
0.145134
0.158180
0.177849
0.167327
0.167579
0.141764
0.121245
0.159168
0.115353
0.130714
0.120585
0.153719
0.155547
0.140052
0.115113
0.161130
0.186240
0.143131
0.118051
0.121028
0.142895
0.149424
0.124834
0.130725
0.110242
0.118420
0.166757
0.177303
0.175933
0.124462
0.122289
0.146112
0.151306
0.158310
0.161682
0.149732
0.138716
0.202884
0.148920
0.120468
0.120275
0.145293
0.143098
0.183012
0.180355
0.142420
0.194936
0.145749
0.158213
0.163534
0.137169
0.117841
0.140525
0.139867
0.138099
0.137933
0.153139
0.154943
0.156488
0.173862
0.148993
0.159435
0.143975
0.153079
0.182332
0.147588
0.154662
0.137038
0.180333
0.164421
0.191999
0.141872
0.149436
0.111637
0.116387
0.168614
0.166043
0.107393
0.152206
0.136681
0.181736
0.176008
0.135250
0.112186
0.114870
0.113550
0.133660
0.132989
0.110197
0.107329
0.161299
0.163406
0.201431
0.145879
0.141170
0.141514
0.147050
0.134912
0.116469
0.116614
0.119917
0.159142
0.146257
0.178413
0.158749
0.141956
0.183472
0.151761
0.143865
0.143674
0.167993
0.145546
0.168959
0.148483
0.167486
0.165792
0.144058
0.141561
0.166685
0.172675
0.148163
0.150731
0.143131
0.148726
0.149029
0.144646
0.144409
0.156347
0.145282
0.147048
0.160645
0.172544
0.144881
0.169822
0.147444
0.140082
0.143136
0.215065
0.130627
0.111656
0.128683
0.112069
0.141085
0.146821
0.138428
0.138060
0.184510
0.171212
0.153141
0.148850
0.138430
0.133829
0.112490
0.146441
0.140665
0.172617
0.143318
0.141284
0.136634
0.161129
0.162075
0.131634
0.116275
0.141144
0.138445
0.140993
0.202546
0.184109
0.163960
0.154734
0.153947
0.136049
0.195515
0.157575
0.165172
0.144737
0.148201
0.164822
0.135838
0.131815
0.175113
0.158545
0.169389
0.155222
0.138578
0.133459
0.139309
0.160764
0.136553
0.143611
0.143656
0.147577
0.143162
0.160025
0.152523
0.143796
0.163110
0.168418
0.162793
0.156982
0.139830
0.160799
0.140872
0.181482
0.166457
0.137450
0.143564
0.149351
0.154000
0.143083
0.145961
0.142129
0.141873
0.116389
0.158961
0.172880
0.136075
0.159937
0.143107
0.141287
0.156776
0.137173
0.143851
0.142495
0.136316
0.172273
0.186893
0.150024
0.114090
0.117669
0.118547
0.155618
0.135794
0.152179
0.125167
0.174904
0.105284
0.130562
0.155419
0.169166
0.141998
0.151062
0.136795
0.125623
0.147937
0.135226
0.141203
0.197500
0.137363
0.149785
0.162915
0.181148
0.193449
0.150844
0.142177
0.141913
0.168031
0.172718
0.148715
0.167522
0.203909
0.174449
0.148376
0.149001
0.176528
0.216392
0.141905
0.158723
0.164835
0.163443
0.144719
0.138965
0.128613
0.140252
0.107293
0.166729
0.154300
0.137340
0.143504
0.152075
0.154293
0.150528
0.151445
0.170539
0.133073
0.173453
0.139227
0.171137
0.168069
0.153743
0.177551
0.163719
0.189560
0.143297
0.146344
0.141520
0.146785
0.143681
0.143587
0.145498
0.185595
0.156099
0.140745
0.137993
0.161294
0.153152
0.141304
0.138626
0.126075
0.187167
0.158903
0.148291
0.136210
0.151116
0.148307
0.170978
0.146665
0.139036
0.150099
0.184994
0.148412
0.137238
0.153402
0.153686
0.144167
0.158074
0.143712
0.140837
0.142484
0.140216
0.176061
0.168069
0.184386
0.113397
0.110230
0.136041
0.161520
0.146469
0.164885
0.161917
0.157022
0.152650
0.111717
0.110766
0.167812
0.160747
0.163832
0.167200
0.143923
0.141692
0.158415
0.112975
0.125446
0.197582
0.169715
0.141950
0.163281
0.169295
0.139746
0.150777
0.149026
0.144145
0.161007
0.161521
0.160789
0.199978
0.159859
0.166616
0.200535
0.156340
0.166935
0.144958
0.170809
0.162231
0.137471
0.138903
0.152996
0.156940
0.120009
0.116340
0.118738
0.116079
0.120026
0.115325
0.168241
0.170381
0.142971
0.146271
0.175218
0.152895
0.220773
0.165521
0.171306
0.174192
0.158308
0.138428
0.135109
0.117528
0.124797
0.159112
0.151269
0.196280
0.209909
0.178180
0.174067
0.142850
0.161490
0.164504
0.180653
0.147438
0.164828
0.159078
0.202650
0.187205
0.159108
0.171843
0.152548
0.148968
0.163133
0.142270
0.143008
0.129270
0.145618
0.149701
0.140649
0.150566
0.141353
0.141378
0.141683
0.127747
0.198101
0.156281
0.167608
0.175756
0.115792
0.179612
0.160637
0.156187
0.184819
0.143477
0.149760
0.144371
0.139842
0.143156
0.158521
0.130530
0.171233
0.162114
0.138385
0.130619
0.161256
0.161844
0.108150
0.114367
0.153903
0.116813
0.123399
0.128687
0.141047
0.157149
0.142653
0.178831
0.142610
0.154564
0.165184
0.151350
0.194016
0.150958
0.139668
0.154515
0.143772
0.176206
0.146511
0.147845
0.149437
0.185678
0.144605
0.142632
0.161446
0.120053
0.144187
0.153298
0.118852
0.136441
0.169671
0.159635
0.142914
0.153743
0.158664
0.185461
0.146667
0.164428
0.143129
0.145220
0.158998
0.137694
0.136046
0.141237
0.171432
0.152893
0.135571
0.150607
0.139976
0.151805
0.180503
0.137966
0.142008
0.112015
0.157047
0.140589
0.153015
0.138844
0.169228
0.118916
0.131398
0.186872
0.166469
0.122940
0.121932
0.167398
0.149344
0.153547
0.147019
0.156686
0.188580
0.183235
0.151595
0.114753
0.150464
0.142220
0.141072
0.150797
0.153150
0.161779
0.173254
0.160127
0.147624
0.144609
0.156249
0.163920
0.164511
0.146726
0.143914
0.152871
0.165949
0.137523
0.160480
0.138395
0.152912
0.151322
0.142049
0.142019
0.138750
0.161414
0.142773
0.165133
0.136069
0.148649
0.146325
0.112815
0.169294
0.179470
0.163846
0.172502
0.145466
0.137025
0.194580
0.161480
0.165157
0.155004
0.140549
0.142258
0.139685
0.172245
0.145658
0.163728
0.144878
0.139019
0.136459
0.124174
0.166216
0.139760
0.157201
0.161251
0.140517
0.168550
0.151434
0.135900
0.151849
0.186941
0.193248
0.123675
0.115874
0.164911
0.182529
0.148149
0.145568
0.148111
0.179853
0.167162
0.151918
0.146145
0.150606
0.176177
0.184685
0.162746
0.139040
0.178435
0.149022
0.115256
0.157880
0.112417
0.140997
0.131064
0.117207
0.139756
0.137079
0.150476
0.111897
0.121385
0.165487
0.114118
0.177343
0.115843
0.109987
0.115354
0.148342
0.138042
0.107323
0.114796
0.122300
0.108620
0.160462
0.182137
0.146633
0.167673
0.152867
0.111987
0.122220
0.179010
0.142040
0.140911
0.148744
0.144612
0.143847
0.161935
0.138811
0.166154
0.137851
0.174274
0.188737
0.175170
0.167782
0.150174
0.166113
0.186411
0.166154
0.149912
0.150509
0.159913
0.167121
0.154868
0.163741
0.160795
0.149895
0.203520
0.161592
0.137621
0.149956
0.147057
0.159157
0.145240
0.150907
0.153074
0.165320
0.177907
0.166871
0.138771
0.147454
0.157512
0.147135
0.139711
0.154187
0.125260
0.130298
0.144883
0.140009
0.157844
0.143561
0.181289
0.178740
0.195483
0.167485
0.150065
0.158738
0.114328
0.173881
0.149569
0.154588
0.148726
0.161959
0.150929
0.143760
0.161629
0.181507
0.173178
0.145872
0.170627
0.139848
0.144073
0.105291
0.121640
0.104716
0.119495
0.175329
0.159233
0.147810
0.117500
0.117885
0.111375
0.111909
0.144064
0.164260
0.138622
0.160954
0.140483
0.161887
0.146279
0.147520
0.153128
0.159272
0.150953
0.186445
0.193424
0.146464
0.136936
0.166691
0.149169
0.144896
0.141798
0.140503
0.139327
0.164470
0.141151
0.151693
0.180665
0.158493
0.140418
0.150572
0.148035
0.144624
0.178475
0.150867
0.131378
0.109691
0.117284
0.140376
0.139249
0.134627
0.143479
0.152529
0.154184
0.134612
0.145595
0.148803
0.114559
0.149239
0.177961
0.175961
0.163713
0.151210
0.178623
0.115811
0.123174
0.139067
0.135361
0.158412
0.143856
0.166866
0.140857
0.139536
0.131726
0.115252
0.135407
0.116850
0.119007
0.142044
0.179034
0.147622
0.144758
0.149254
0.177264
0.163033
0.139452
0.161680
0.176472
0.148083
0.155179
0.138694
0.153648
0.129777
0.154613
0.161635
0.145344
0.120757
0.159683
0.160121
0.146991
0.176681
0.159341
0.145524
0.135703
0.112725
0.113877
0.118302
0.144523
0.156608
0.173948
0.178024
0.152842
0.177439
0.142307
0.143929
0.157983
0.149552
0.150823
0.117636
0.143255
0.162550
0.161701
0.157642
0.142043
0.163549
0.147530
0.204511
0.190330
0.175423
0.180859
0.141305
0.144545
0.155016
0.159674
0.167717
0.136049
0.159667
0.171066
0.141599
0.127681
0.107820
0.111356
0.155298
0.183553
0.159668
0.150975
0.140133
0.161631
0.160100
0.143687
0.138480
0.138583
0.147699
0.154365
0.138048
0.160053
0.180656
0.147293
0.140887
0.153245
0.173558
0.164949
0.181126
0.136900
0.135383
0.167217
0.142849
0.161450
0.139348
0.136056
0.186358
0.167426
0.164164
0.143405
0.181317
0.169818
0.138597
0.163301
0.178033
0.165926
0.136504
0.160853
0.143683
0.146745
0.144745
0.129684
0.117661
0.144448
0.151683
0.145490
0.148721
0.108656
0.128154
0.110550
0.155983
0.149129
0.141286
0.139160
0.136746
0.125781
0.146927
0.138509
0.127844
0.125435
0.170727
0.171932
0.153168
0.150344
0.148591
0.141557
0.160798
0.168894
0.159152
0.160009
