0.024207
0.193037
0.164659
0.162237
0.167657
0.175649
0.188965
0.183168
0.178113
0.182749
0.216100
0.187832
0.207025
0.192924
0.192738
0.178794
0.190476
0.227499
0.176277
0.176490
0.197349
0.192283
0.192923
0.213474
0.192414
0.199095
0.187538
0.166520
0.210637
0.184508
0.170165
0.180759
0.169578
0.174514
0.182225
0.195956
0.176392
0.191566
0.189708
0.227967
0.178225
0.195406
0.201312
0.207804
0.184873
0.164385
0.189562
0.153257
0.201782
0.200413
0.189910
0.185005
0.229936
0.190481
0.185283
0.203200
0.175801
0.190784
0.165416
0.186588
0.159285
0.185475
0.209490
0.178559
0.186787
0.182216
0.189336
0.189425
0.178640
0.197443
0.168052
0.189095
0.170011
0.194783
0.216077
0.180417
0.183813
0.177280
0.178050
0.193206
0.224117
0.183066
0.205713
0.178170
0.180355
0.182082
0.190052
0.169720
0.161422
0.169136
0.173871
0.201207
0.169191
0.205074
0.190340
0.172823
0.172739
0.220209
0.192115
0.226358
0.173179
0.184816
0.178358
0.175561
0.191916
0.203559
0.197181
0.180116
0.175275
0.224896
0.179470
0.190622
0.184942
0.168129
0.185617
0.158304
0.186245
0.190014
0.206095
0.167906
0.174613
0.201162
0.185176
0.182115
0.199817
0.200785
0.193635
0.186584
0.154521
0.207409
0.186177
0.183002
0.195008
0.194802
0.194435
0.205951
0.185655
0.172456
0.196188
0.174702
0.214988
0.171202
0.174209
0.194573
0.174275
0.181019
0.178499
0.173368
0.175374
0.191903
0.161994
0.193010
0.202007
0.190903
0.181635
0.186056
0.199911
0.184206
0.203376
0.192375
0.185808
0.175698
0.189504
0.186590
0.162019
0.159065
0.180233
0.175886
0.197877
0.200824
0.168486
0.177141
0.180819
0.180734
0.189839
0.189344
0.176198
0.190718
0.184334
0.178667
0.183842
0.189600
0.187347
0.190380
0.190495
0.195451
0.185450
0.198069
0.187876
0.174084
0.195821
0.207810
0.170320
0.196713
0.177538
0.187557
0.170794
0.200149
0.197021
0.181431
0.180315
0.168989
0.215586
0.174922
0.180811
0.214476
0.185020
0.189379
0.174830
0.176029
0.186831
0.166877
0.183072
0.173394
0.207959
0.190931
0.160482
0.157328
0.170863
0.175066
0.177866
0.181718
0.189598
0.173591
0.174724
0.185775
0.192944
0.193212
0.183888
0.182289
0.182300
0.162699
0.186067
0.182204
0.172631
0.190095
0.192387
0.193071
0.172075
0.163155
0.176975
0.198428
0.176294
0.184266
0.178919
0.158065
0.175723
0.182633
0.154077
0.176486
0.197146
0.188806
0.190023
0.171757
0.249906
0.230432
0.198388
0.215670
0.186266
0.243220
0.171537
0.180084
0.203891
0.175085
0.198712
0.194129
0.201044
0.178525
0.174322
0.189591
0.199875
0.221477
0.170882
0.208848
0.176313
0.195692
0.183698
0.192039
0.179830
0.212847
0.194229
0.192951
0.181044
0.231213
0.182157
0.196374
0.189749
0.194894
0.185644
0.225173
0.185123
0.255739
0.188304
0.211011
0.175078
0.167268
0.196274
0.236526
0.189320
0.182750
0.169481
0.193937
0.200032
0.227346
0.185963
0.215510
0.175481
0.190476
0.190603
0.218595
0.200102
0.186639
0.216242
0.199171
0.199720
0.192056
0.177590
0.181584
0.188996
0.174559
0.188051
0.195163
0.214391
0.181566
0.178914
0.186434
0.181459
0.194018
0.180903
0.185575
0.177498
0.190063
0.183028
0.168408
0.182058
0.177311
0.188948
0.201557
0.209738
0.177378
0.205147
0.179193
0.175597
0.169043
0.179357
0.186291
0.169430
0.186129
0.218318
0.189724
0.185177
0.192896
0.184010
0.178867
0.170981
0.172859
0.188284
0.172993
0.182451
0.203019
0.186921
0.205452
0.179535
0.189889
0.183901
0.166672
0.173210
0.173188
0.199416
0.187213
0.188333
0.180324
0.190436
0.184828
0.178427
0.174326
0.198003
0.199602
0.180317
0.189623
0.192357
0.203556
0.189372
0.189059
0.190615
0.205378
0.176893
0.225722
0.176119
0.184853
0.191889
0.183492
0.184993
0.169889
0.214439
0.196003
0.183618
0.189846
0.195787
0.186786
0.193835
0.203106
0.186756
0.202404
0.195425
0.174848
0.215630
0.214657
0.212384
0.245579
0.225303
0.195711
0.189223
0.181554
0.188161
0.180491
0.184922
0.167692
0.185499
0.186147
0.212364
0.200636
0.192850
0.193124
0.178245
0.172834
0.221492
0.177672
0.194418
0.205701
0.198130
0.194843
0.177659
0.195535
0.182390
0.200805
0.180578
0.174294
0.167342
0.176258
0.154676
0.209293
0.175382
0.206409
0.183488
0.183350
0.189458
0.177048
0.176461
0.184418
0.178496
0.189250
0.169420
0.191404
0.175384
0.179652
0.187105
0.191568
0.195054
0.187160
0.188800
0.162806
0.168163
0.182045
0.160670
0.180047
0.183482
0.165660
0.178876
0.202996
0.169752
0.164674
0.183575
0.159580
0.159347
0.175962
0.186662
0.230142
0.212940
0.197426
0.187067
0.176675
0.183739
0.216954
0.194781
0.175971
0.169430
0.222509
0.210077
0.186622
0.185633
0.193721
0.198442
0.175760
0.186738
0.173993
0.181581
0.191868
0.181192
0.165639
0.228995
0.172755
0.175552
0.175541
0.206889
0.197669
0.171528
0.207792
0.181770
0.189489
0.166696
0.201479
0.181439
0.184406
0.174738
0.179302
0.186274
0.202281
0.204190
0.188112
0.215233
0.205380
0.189642
0.170469
0.203418
0.190189
0.196931
0.187793
0.173398
0.215780
0.189222
0.171313
0.186505
0.172878
0.178310
0.224519
0.217963
0.173056
0.167350
0.195375
0.176881
0.177571
0.209958
0.190986
0.192135
0.185636
0.203689
0.193492
0.218729
0.180840
0.176510
0.161868
0.225170
0.180792
0.207025
0.198422
0.195640
0.185032
0.192156
0.192614
0.207430
0.176616
0.175329
0.163411
0.180849
0.229922
0.213247
0.193547
0.180194
0.171437
0.200549
0.182633
0.174783
0.174721
0.227811
0.172699
0.181157
0.202269
0.178616
0.184232
0.189733
0.196903
0.166085
0.168903
0.166859
0.171673
0.190811
0.176956
0.183156
0.181953
0.181483
0.187373
0.199273
0.208795
0.188833
0.192580
0.168000
0.201730
0.193054
0.180169
0.202273
0.175766
0.208156
0.215560
0.204513
0.197159
0.181444
0.198728
0.188316
0.184119
0.194699
0.197292
0.177911
0.163196
0.164506
0.179537
0.168191
0.181798
0.176330
0.193508
0.173975
0.175932
0.194320
0.192997
0.177411
0.192903
0.191721
0.183146
0.186276
0.180538
0.180937
0.168695
0.172235
0.176573
0.168049
0.166290
0.170656
0.218651
0.182695
0.161085
0.164996
0.213217
0.198066
0.172712
0.159946
0.203418
0.168847
0.193083
0.178604
0.199713
0.200414
0.183675
0.187310
0.188654
0.172785
0.196772
0.192052
0.196157
0.182921
0.195628
0.185903
0.195201
0.186233
0.191882
0.171671
0.180864
0.216272
0.170414
0.218311
0.176147
0.171834
0.189291
0.234411
0.208071
0.177196
0.178602
0.185405
0.169905
0.204792
0.165916
0.220971
0.177758
0.179954
0.188576
0.173350
0.176888
0.190696
0.183645
0.216179
0.169436
0.180588
0.173072
0.165551
0.175617
0.180890
0.179074
0.204201
0.172048
0.185853
0.178778
0.172381
0.173795
0.190216
0.201731
0.196658
0.197442
0.181058
0.193174
0.178702
0.181552
0.177919
0.195812
0.197127
0.167265
0.202174
0.180901
0.173875
0.190764
0.185581
0.179779
0.187212
0.168797
0.195839
0.186119
0.186023
0.191193
0.200092
0.201619
0.174957
0.189546
0.212012
0.181033
0.190680
0.187707
0.172194
0.185496
0.168124
0.193208
0.172631
0.193384
0.208258
0.173064
0.169050
0.194405
0.194017
0.191218
0.168439
0.215523
0.165590
0.214310
0.191563
0.173554
0.194673
0.204268
0.199672
0.180386
0.180129
0.177097
0.211271
0.198616
0.170037
0.189934
0.183715
0.168942
0.194519
0.200167
0.191141
0.182471
0.179132
0.167421
0.167342
0.179754
0.162513
0.177335
0.163369
0.199027
0.190050
0.177408
0.171222
0.189615
0.165363
0.183671
0.192284
0.181169
0.194288
0.183034
0.172178
0.176471
0.203187
0.181238
0.205405
0.186756
0.207471
0.211198
0.173808
0.186946
0.183890
0.197697
0.174507
0.185377
0.191325
0.158593
0.172478
0.178225
0.176482
0.163141
0.226103
0.201116
0.206229
0.202479
0.189541
0.182048
0.187307
0.193285
0.199396
0.170194
0.170758
0.183393
0.186319
0.200574
0.199164
0.214057
0.178286
0.191720
0.192713
0.193374
0.189303
0.185711
0.167572
0.157917
0.177729
0.186526
0.201559
0.177900
0.174131
0.176055
0.214795
0.181341
0.169766
0.167576
0.179784
0.178509
0.197646
0.197945
0.170465
0.177033
0.179290
0.186500
0.161351
0.160054
0.186687
0.162473
0.200589
0.176322
0.171066
0.199378
0.176558
0.198812
0.189053
0.202660
0.207724
0.229249
0.180739
0.181574
0.221205
0.170896
0.190634
0.187340
0.167460
0.202330
0.171737
0.199705
0.193662
0.178996
0.194884
0.180422
0.155899
0.182849
0.181335
0.185161
0.212150
0.202296
0.185903
0.173443
0.173204
0.193058
0.181017
0.201027
0.178911
0.194573
0.193820
0.172507
0.176111
0.179995
0.222330
0.162381
0.161361
0.174276
0.169369
0.203282
0.206349
0.156228
0.204204
0.214939
0.186678
0.201576
0.180944
0.188049
0.193069
0.217647
0.194160
0.183646
0.196753
0.188846
0.176249
0.197417
0.189874
0.194212
0.187856
0.177575
0.184455
0.254404
0.208219
0.217127
0.213551
0.172685
0.176556
0.196103
0.209106
0.185242
0.163372
0.167435
0.186323
0.184003
0.179631
0.191855
0.204903
0.177132
0.206568
0.184714
0.186215
0.178493
0.191301
0.229157
0.185479
0.188399
0.175629
0.190041
0.186209
0.189578
0.167298
0.208490
0.187999
0.204184
0.170044
0.188039
0.181051
0.194365
0.185496
0.207042
0.197970
0.160233
0.155539
0.186232
0.176743
0.227182
0.172103
0.186186
0.174876
0.193010
0.186327
0.160743
0.183435
0.205056
0.216470
0.180773
0.183165
0.201987
0.184811
0.212611
0.185580
0.167060
0.204048
0.160919
0.181111
0.183969
0.205886
0.180542
0.178831
0.170419
0.181695
0.179268
0.182369
0.161629
0.177461
0.215171
0.187549
0.187657
0.195454
0.213035
0.196271
0.192971
0.171383
0.181668
0.177842
0.177824
0.185522
0.219004
0.178922
0.180417
0.207988
0.190459
0.168416
0.230229
0.211475
0.192184
0.209835
0.182174
0.218392
0.189491
0.182610
0.180707
0.185223
0.182594
0.179589
0.167007
0.175061
0.200550
0.196878
0.179450
0.163661
0.182893
0.181071
0.163201
0.154966
0.183000
0.172621
0.192362
0.174335
0.186395
0.188840
0.172117
0.197161
0.163026
0.185509
0.177173
0.214287
0.181557
0.171043
0.164480
0.162383
0.163318
0.164443
0.182459
0.176819
0.208419
0.173448
0.203239
0.197017
0.213285
0.162639
0.203075
0.185208
0.212987
0.188776
0.193074
0.170876
0.197639
0.159571
0.190062
0.189318
0.213387
0.182593
0.203701
0.171037
0.206966
0.182460
0.191016
0.212319
0.260334
0.171913
0.186997
0.209885
0.178850
0.182729
0.196155
0.184019
0.177895
0.175131
0.151546
0.188975
0.210234
0.187268
0.228951
0.198921
0.169872
0.171384
0.177717
0.180220
0.166858
0.172678
0.167654
0.199414
0.200168
0.199825
0.196973
0.220348
0.180137
0.208228
0.192279
0.184670
0.203575
0.202665
0.176227
0.166335
0.205763
0.205076
0.173126
0.170996
0.170714
0.180968
0.193411
0.205640
0.180920
0.184907
0.187896
0.176721
0.185324
0.196486
0.189294
0.172744
0.174146
0.202034
0.205445
0.182387
0.202303
0.213676
0.185350
0.186023
0.172884
0.167078
0.194580
0.186386
0.184613
0.223369
0.177531
0.227874
0.185291
0.171524
0.197541
0.182267
0.164409
0.196306
0.194043
0.173604
0.221237
0.194539
0.182632
0.263891
0.195846
0.190623
0.169518
0.170443
0.196223
0.194683
0.235715
0.186932
0.180781
0.169351
0.201560
0.184162
0.185245
0.186974
0.190601
0.235642
0.169112
0.205596
0.194905
0.160975
0.170580
0.167889
0.169724
0.184383
0.172544
0.180068
0.180795
0.179136
0.192270
0.176098
0.162608
0.163671
0.175423
0.181057
0.190840
0.170367
0.161052
0.180071
0.214617
0.177080
0.170935
0.188310
0.181149
0.200635
0.182027
0.169982
0.171414
0.181681
0.190552
0.177720
0.202043
0.191339
0.176628
0.193651
0.196302
0.187190
0.167726
0.179638
0.196884
0.187822
0.171029
0.220635
0.191865
0.171475
0.178453
0.213292
0.166390
0.194564
0.160468
0.240350
0.182102
0.190918
0.219052
0.187545
0.183620
0.175478
0.162048
0.213647
0.197087
0.195464
0.199667
0.192058
0.208982
0.193887
0.226165
0.192003
0.206552
0.150959
0.190866
0.186043
0.183269
0.163918
0.191383
0.196086
0.195022
0.171167
0.218374
0.171613
0.198173
0.168729
0.164352
0.184043
0.185263
0.182290
0.166240
0.190095
0.182296
0.225384
0.181028
0.172358
0.209289
0.195775
0.177730
0.195517
0.172658
0.171953
0.197117
0.182671
0.194918
0.197413
0.205692
0.189470
0.174853
0.210272
0.198452
0.159011
0.179896
0.173852
0.175441
0.179516
0.181806
0.173451
0.195165
0.192806
0.175580
0.181551
0.191219
0.196763
0.198823
0.252591
0.175682
0.168045
0.182213
0.162581
0.170464
0.186250
0.193875
0.192702
0.171373
0.158161
0.181415
0.178408
0.180874
0.191609
0.194770
0.178467
0.200710
0.192203
0.194786
0.203660
0.172975
0.187563
0.182922
0.178690
0.184694
0.165630
0.165963
0.187050
0.201809
0.183619
0.201385
0.184593
0.212696
0.186929
0.186365
0.164233
0.165888
0.187444
0.159357
0.185968
0.182908
0.201327
0.186606
0.209568
0.164864
0.159588
0.163447
0.167311
0.193747
0.196201
0.194742
0.186671
0.174450
0.190023
0.177296
0.180912
0.191020
0.206644
0.194282
0.192396
0.199590
0.210422
0.201053
0.200330
0.180675
0.179461
0.199397
0.180943
0.210042
0.182070
0.188459
0.185510
0.178929
0.196500
0.170787
0.199702
0.198139
0.190365
0.187171
0.181159
0.169179
0.158844
0.189766
0.154638
0.160353
0.176848
0.184726
0.166422
0.192748
0.169168
0.185312
0.187247
0.204341
0.186938
0.169775
0.214389
0.176357
0.182414
0.194778
0.221493
0.180751
0.179516
0.180943
0.158743
0.175318
0.182432
0.175785
0.203830
0.186530
0.173483
0.194530
0.187391
0.192517
0.176884
0.175665
0.207910
0.151441
0.169619
0.172106
0.179055
0.236705
0.184239
0.227504
0.228847
0.178682
0.167478
0.184413
0.171480
0.212223
0.201658
0.181983
0.167040
0.189630
0.204701
0.166269
0.191413
0.164275
0.206104
0.210377
0.202281
0.191472
0.181579
0.165761
0.163681
0.203261
0.168842
0.189988
0.178862
0.205159
0.174802
0.168053
0.167254
0.207566
0.198541
0.194505
0.178220
0.202878
0.201512
0.208322
0.217435
0.175820
0.204580
0.179368
0.177603
0.192846
0.179126
0.170281
0.176317
0.191290
0.187956
0.187346
0.190185
0.161111
0.184839
0.198928
0.173910
0.187488
0.200032
0.196814
0.176467
0.221516
0.164307
0.190651
0.218361
0.182560
0.176212
0.198975
0.197463
0.169393
0.203769
0.164495
0.208729
0.206076
0.175749
0.210923
0.191830
0.166686
0.186475
0.211805
0.172247
0.189165
0.190824
0.160388
0.160933
0.154602
0.190794
0.197211
0.200826
0.194321
0.180735
0.194964
0.187146
0.192663
0.178424
0.165238
0.157801
0.177914
0.186510
0.193844
0.185105
0.185831
0.185695
0.220106
0.188836
0.172352
0.188845
0.192309
0.196531
0.194126
0.167780
0.184900
0.190340
0.169173
0.180879
0.206388
0.181225
0.172163
0.149823
0.159215
0.181575
0.194560
0.165373
0.184807
0.186659
0.179106
0.199481
0.176342
0.175833
0.173812
0.198520
0.179191
0.207966
0.155048
0.174471
0.179625
0.176672
0.201639
0.198678
0.203137
0.186089
0.189320
0.170800
0.189078
0.172289
0.190127
0.167593
0.186846
0.184122
0.180272
0.165812
0.170624
0.204763
0.203362
0.203322
0.190655
0.187506
0.190465
0.160039
0.185734
0.221583
0.182796
0.170320
0.193351
0.189241
0.177514
0.173856
0.187440
0.188661
0.200967
0.189994
0.214259
0.188544
0.188460
0.174169
0.161411
0.212016
0.210585
0.190005
0.177649
0.182397
0.183182
0.211061
0.202529
0.192774
0.209900
0.197477
0.193360
0.211030
0.179245
0.156770
0.163805
0.167323
0.183463
0.167620
0.178864
0.172358
0.205773
0.213897
0.223367
0.185323
0.197263
0.173462
0.184455
0.208504
0.190977
0.177756
0.180142
0.203755
0.184817
0.199472
0.180191
0.200491
0.197848
0.182181
0.166358
0.201186
0.214057
0.175556
0.162202
0.176281
0.214231
0.192239
0.176595
0.181297
0.173967
0.180670
0.181133
0.206454
0.169439
0.189301
0.218422
0.175890
0.172243
0.166512
0.171504
0.179986
0.179000
0.180493
0.196625
0.180050
0.159798
0.215116
0.195214
0.169693
0.172129
0.196517
0.195967
0.228242
0.208617
0.180225
0.174258
0.182981
0.177426
0.187493
0.172630
0.195067
0.185259
0.187380
0.181350
0.192687
0.173047
0.171922
0.188907
0.164148
0.183997
0.193814
0.202872
0.199598
0.170274
0.166564
0.191011
0.164184
0.167723
0.200349
0.170646
0.198177
0.180028
0.223403
0.203594
0.181637
0.183949
0.233790
0.191207
0.189634
0.164428
0.169688
0.168656
0.173269
0.172762
0.186033
0.187129
0.169152
0.157020
0.177258
0.193645
0.177113
0.184000
0.195151
0.192945
0.182214
0.176701
0.164558
0.194860
0.179402
0.181618
0.215275
0.170095
0.181514
0.201119
0.180144
0.192152
0.188462
0.163428
0.172460
0.158547
0.197487
0.180571
0.168314
0.189808
0.191069
0.203921
0.166834
0.175996
0.189782
0.194430
0.203651
0.175077
0.207092
0.188562
0.192127
0.165399
0.165548
0.177530
0.182754
0.187845
0.183470
0.165009
0.192839
0.180116
0.198658
0.211759
0.194222
0.194575
0.208443
0.178433
0.182052
0.164664
0.161724
0.187698
0.170296
0.159897
0.181137
0.215841
0.187356
0.163876
0.176274
0.173478
0.202138
0.190466
0.161954
0.179644
0.175891
0.183120
0.182456
0.189325
0.205933
0.206120
0.217434
0.181379
0.177547
0.187145
0.198014
0.200381
0.171229
0.189366
0.174486
0.187564
0.172266
0.183254
0.176821
0.190009
0.211914
0.184585
0.200548
0.194223
0.202549
0.171927
0.182835
0.176262
0.167556
0.185567
0.179244
0.209154
0.179692
0.170336
0.168111
0.168937
0.195499
0.180102
0.165991
0.186373
0.173129
0.173654
0.203619
0.219235
0.208678
0.185362
0.178280
0.182900
0.176416
0.174883
0.170622
0.162824
0.184600
0.225202
0.166230
0.197624
0.166524
0.190647
0.183016
0.196276
0.193039
0.201888
0.182742
0.170152
0.175475
0.169861
0.163539
0.199439
0.185702
0.180565
0.181736
0.173249
0.202365
0.195789
0.167896
0.191293
0.182175
0.203719
0.187603
0.216407
0.182134
0.186407
0.202327
0.187943
0.186971
0.174267
0.191065
0.172070
0.177789
0.218442
0.196545
0.186827
0.184785
0.174242
0.193464
0.205226
0.183312
0.174768
0.162207
0.177920
0.193048
0.159187
0.186011
0.191180
0.190117
0.174108
0.203970
0.160568
0.193326
0.199484
0.184867
0.170444
0.169918
0.174622
0.208388
0.169669
0.152648
0.168636
0.205027
0.186864
0.180104
0.185683
0.160063
0.180479
0.165489
0.180381
0.184017
0.168377
0.223891
0.189977
0.185384
0.214339
0.182474
0.177066
0.214774
0.176025
0.172760
0.198825
0.188874
0.182262
0.173482
0.165006
0.200324
0.185079
0.156748
0.164940
0.193688
0.201032
0.193805
0.185727
0.197754
0.223805
0.174804
0.175587
0.192789
0.204601
0.211549
0.177523
0.191365
0.208901
0.194113
0.171738
0.189722
0.192399
0.191614
0.185610
0.184301
0.217201
0.199147
0.176725
0.183308
0.193182
0.190164
0.197832
0.186573
0.169360
0.235885
0.194803
0.196695
0.183796
0.206661
0.172259
0.186078
0.176868
0.172179
0.220337
0.170208
0.185529
0.175230
0.176845
0.178895
0.176950
0.173915
0.178979
0.162786
0.160976
0.221562
0.185953
0.207021
0.192686
0.183008
0.159261
0.178882
0.202936
0.183080
0.192581
0.186560
0.187435
0.175125
0.178726
0.186312
0.188560
0.197724
0.179539
0.177061
0.170948
0.169826
0.170837
0.180495
0.184262
0.182288
0.160945
0.186272
0.190961
0.162215
0.192395
0.181931
0.198761
0.194083
0.182249
0.186203
0.211160
0.190203
0.209104
0.180485
0.188838
0.185011
0.180953
0.177792
0.171031
0.164119
0.156717
0.176328
0.157998
0.182584
0.223343
0.206011
0.176260
0.166135
0.166891
0.186595
0.153949
0.176290
0.192246
0.210627
0.221250
0.209743
0.167653
0.165353
0.159707
0.189621
0.208836
0.205900
0.177423
0.163648
0.189284
0.186957
0.186001
0.173928
0.219928
0.186067
0.164376
0.187834
0.166128
0.170735
0.232404
0.199182
0.220219
0.191324
0.211049
0.177624
0.224691
0.168554
0.201885
0.169978
0.204357
0.170742
0.171127
0.193769
0.162260
0.174465
0.190076
0.187485
0.164871
0.207331
0.189318
0.185691
0.206641
0.202270
0.218363
0.177997
0.200575
0.173919
0.169250
0.162981
0.185334
0.182435
0.180782
0.206855
0.199167
0.176256
0.231082
0.183615
0.183056
0.182505
0.194330
0.211850
0.210813
0.176460
0.197290
0.192222
0.170192
0.220429
0.184945
0.220819
0.200912
0.175658
0.175309
0.161001
0.169638
0.194067
0.199486
0.195660
0.176174
0.191741
0.176210
0.230908
0.184986
0.182025
0.167229
0.185424
0.171175
0.202403
0.226594
0.187278
0.196019
0.163236
0.187488
0.197556
0.175215
0.182791
0.196716
0.203521
0.167492
0.194169
0.182489
0.198296
0.165071
0.154537
0.193905
0.177101
0.187865
0.164518
0.228152
0.209357
0.169176
0.194710
0.185214
0.173473
0.199375
0.168970
0.162722
0.231459
0.194638
0.184927
0.199145
0.209188
0.176588
0.185339
0.220882
0.214596
0.174176
0.191245
0.191596
0.190367
0.192567
0.189098
0.172000
0.193709
0.189322
0.171645
0.202955
0.194129
0.191463
0.178312
0.193365
0.184419
0.183907
0.175175
0.168618
0.184475
0.208632
0.190583
0.193380
0.180187
0.190938
0.196768
0.189034
0.181533
0.187768
0.198105
0.186430
0.208118
0.207623
0.170101
0.181981
0.178852
0.187404
0.200637
0.170435
0.178634
0.156958
0.196129
0.198410
0.185658
0.194266
0.202741
0.187343
0.193914
0.194844
0.187621
0.182082
0.181916
0.165774
0.162476
0.210811
0.187826
0.206956
0.175400
0.223728
0.173546
0.167298
0.177421
0.186165
0.269867
0.178380
0.195655
0.182651
0.178980
0.189329
0.175136
0.186322
0.187461
0.198049
0.183613
0.163202
0.207080
0.202540
0.221652
0.202261
0.190168
0.188530
0.191794
0.202023
0.189133
0.192991
0.199843
0.193570
0.177073
0.173475
0.176674
0.183992
0.174126
0.177353
0.215523
0.183124
0.213579
0.170824
0.184680
0.199308
0.168577
0.189188
0.187935
0.177033
0.221355
0.175398
0.184462
0.166806
0.161644
0.182346
0.197102
0.165767
0.162924
0.180493
0.177973
0.179410
0.170136
0.164912
0.196480
0.182500
0.196726
0.173153
0.176246
0.206388
0.183980
0.187234
0.170397
0.167565
0.193412
0.199634
0.171979
0.190866
0.159704
0.165898
0.163917
0.183460
0.181902
0.229457
0.165405
0.202310
0.203582
0.171084
0.184724
0.174920
0.172896
0.160417
0.209020
0.195017
0.189688
0.189479
0.202237
0.198758
0.202805
0.198873
0.193358
0.197285
0.182490
0.186568
0.174752
0.189928
0.181554
0.182267
0.199489
0.206857
0.210058
0.195975
0.221219
0.183382
0.195195
0.201149
0.171361
0.179936
0.172411
0.186045
0.196530
0.188797
0.202793
0.172436
0.185141
0.194480
0.176996
0.183218
0.168059
0.173639
0.187538
0.193115
0.176730
0.211368
0.174927
0.185831
0.202080
0.173378
0.195510
0.193369
0.196098
0.217753
0.172958
0.207886
0.173319
0.178969
0.151281
0.192978
0.162035
0.188483
0.182223
0.200574
0.179099
0.214340
0.207211
0.211918
0.186356
0.200184
0.185772
0.164391
0.171283
0.158526
0.191195
0.178553
0.184804
0.176898
0.212420
0.223050
0.210566
0.164918
0.195482
0.189468
0.175988
0.185052
0.167844
0.167707
0.178195
0.181222
0.181990
0.158032
0.178429
0.179352
0.198179
0.181130
0.163083
0.174107
0.201032
0.165021
0.185495
0.178492
0.176646
0.206075
0.165552
0.192626
0.176726
0.151352
0.157598
0.179489
0.163950
0.170117
0.179940
0.174143
0.176455
0.158242
0.235869
0.207706
0.176321
0.210877
0.178108
0.169772
0.162699
0.159633
0.177245
0.180876
0.163228
0.176368
0.204498
0.197499
0.215496
0.204702
0.166615
0.194695
0.202176
0.202430
0.182966
0.175524
0.186119
0.203492
0.151366
0.172978
0.167453
0.224012
0.182353
0.202025
0.191865
0.160890
0.162471
0.191110
0.179700
0.164643
0.178638
0.201242
0.171866
0.178873
0.190985
0.178946
0.179337
0.195504
0.192540
0.178274
0.188617
0.204324
0.167509
0.186519
0.173947
0.189687
0.178017
0.174872
0.189300
0.172991
0.200495
0.167668
0.157526
0.160808
0.210488
0.190368
0.154175
0.180901
0.181599
0.191823
0.186111
0.182243
0.198721
0.192819
0.187787
0.182887
0.180278
0.174224
0.198693
0.196835
0.176812
0.186990
0.192352
0.185067
0.193060
0.191541
0.213305
0.169987
0.182706
0.170529
0.162919
0.180474
0.205829
0.188945
0.175874
0.206779
0.191160
0.178825
0.176064
0.172530
0.191924
0.183254
0.203609
0.178247
0.190791
0.179428
0.171507
0.171812
0.174155
0.174821
0.198313
0.210478
0.185728
0.188216
0.194624
0.187769
0.180615
0.184049
0.177803
0.179685
0.179715
0.202807
0.180250
0.201365
0.174110
0.190473
0.187028
0.228997
0.178798
0.177898
0.167253
0.167099
0.159525
0.191403
0.163702
0.158414
0.191209
0.188069
0.188107
0.205950
0.200965
0.235372
0.183438
0.191274
0.204212
0.167824
0.196596
0.170938
0.187167
0.187056
0.165732
0.176543
0.163364
0.203360
0.186733
0.173058
0.216872
0.184380
0.198825
0.174223
0.171861
0.169500
0.209640
0.198938
0.168631
0.180348
0.176404
0.179379
0.213314
0.196312
0.182597
0.199327
0.167740
0.215530
0.200445
0.183832
0.192576
0.185057
0.213452
0.177968
0.197415
0.168323
0.187791
0.163159
0.192780
0.154573
0.219970
0.190236
0.206234
0.210302
0.180360
0.165518
0.196448
0.177558
0.197194
0.174301
0.174166
0.183271
0.163931
0.187481
0.181597
0.203334
0.194695
0.177691
0.176380
0.206849
0.182355
0.177289
0.202209
0.207456
0.167558
0.185334
0.172474
0.194035
0.196865
0.182942
0.188749
0.188282
0.169439
0.202154
0.196129
0.165592
0.203471
0.213570
0.191716
0.183439
0.187284
0.204647
0.177853
0.179861
0.226145
0.193363
0.175185
0.195901
0.181766
0.184673
0.198285
0.165299
0.190032
0.190702
0.171322
0.193841
0.201873
0.184963
0.167482
0.174202
0.182795
0.203696
0.174919
0.238795
0.195658
0.169481
0.185869
0.178667
0.189470
0.172480
0.162245
0.194016
0.193121
0.166030
0.160439
0.184055
0.177055
0.162788
0.175225
0.191560
0.205872
0.190301
0.188673
0.169621
0.172259
0.189493
0.189163
0.194376
0.202015
0.187118
0.175294
0.175658
0.171415
0.191240
0.231948
0.180441
0.200037
0.199669
0.261380
0.186215
0.184839
0.181852
0.212544
0.222552
0.197497
0.190187
0.194251
0.185221
0.178357
0.183637
0.178334
0.194577
0.206143
0.198439
0.177254
0.171040
0.169068
0.174096
0.183386
0.176923
0.162940
0.203002
0.167303
0.182917
0.188720
0.224699
0.192414
0.211402
0.191894
0.155803
0.166371
0.164519
0.206570
0.178853
0.170054
0.175895
0.158252
0.169822
0.162536
0.194803
0.165555
0.189852
0.196741
0.179814
0.168025
0.178042
0.181308
0.178364
0.205806
0.190508
0.172824
0.188245
0.182001
0.177436
0.250832
0.179274
0.190010
0.180816
0.189939
0.172024
0.178969
0.180450
0.195819
0.195381
0.178255
0.196145
0.217245
0.209542
0.181258
0.173652
0.173921
0.193542
0.173861
0.163865
0.161739
0.190066
0.184002
0.201157
0.183785
0.188006
0.185667
0.187242
0.167332
0.196497
0.172169
0.183189
0.214781
0.169380
0.183160
0.177952
0.178791
0.208740
0.207603
0.178521
0.177415
0.159912
0.187601
0.176813
0.268918
0.191419
0.160140
0.167133
0.178548
0.214447
0.174095
0.199342
0.190720
0.171285
0.191090
0.213460
0.159687
0.182399
0.177560
0.181870
0.204643
0.163629
0.188650
0.189112
0.191845
0.151654
0.189288
0.199656
0.179037
0.179252
0.209364
0.186182
0.160932
0.172783
0.205125
0.180957
0.210978
0.199692
0.188388
0.204543
0.186047
0.186495
0.205248
0.193588
0.209550
0.180133
0.170184
0.173306
0.181262
0.192879
0.192040
0.182735
0.177014
0.182359
0.201367
0.176220
0.235641
0.157566
0.194000
0.199973
0.177834
0.161728
0.190337
0.190035
0.174540
0.182926
0.173375
0.176487
0.207467
0.173842
0.181549
0.192437
0.184320
0.171620
0.175792
0.194497
0.193805
0.170565
0.180724
0.201288
0.171645
0.204519
0.196442
0.188755
0.160596
0.188598
0.184102
0.182290
0.212894
0.220572
0.171848
0.159038
0.173689
0.162717
0.211433
0.205697
0.173352
0.196252
0.218863
0.192894
0.193872
0.184696
0.185980
0.204224
0.164232
0.194484
0.178354
0.175273
0.164934
0.189427
0.171825
0.183459
0.164955
0.176538
0.187080
0.183338
0.232747
0.186109
0.209894
0.163632
0.182459
0.181632
0.229987
0.187475
0.213637
0.170481
0.190106
0.195429
0.164733
0.192691
0.183883
0.200109
0.197280
0.178430
0.187244
0.197871
0.203359
0.192249
0.173759
0.166447
0.189818
0.179567
0.165371
0.206851
0.200882
0.168969
0.165120
0.188544
0.236517
0.176664
0.183196
0.200194
0.192784
0.182926
0.198950
0.176668
0.196339
0.198577
0.206246
0.178066
0.171558
0.206276
0.193996
0.178214
0.183231
0.191245
0.245528
0.228776
0.175944
0.180271
0.209179
0.206381
0.164800
0.193489
0.199971
0.178242
0.173018
0.212744
0.197057
0.167607
0.163133
0.196514
0.219356
0.192276
0.193584
0.186925
0.194342
0.203031
0.199980
0.171938
0.183668
0.182530
0.190543
0.184302
0.182087
0.181919
0.172196
0.175077
0.169645
0.170987
0.185507
0.193504
0.178033
0.181466
0.197555
0.202410
0.170732
0.197144
0.176698
0.188042
0.180562
0.212879
0.174843
0.202126
0.172188
0.201421
0.202435
0.171289
0.193169
0.175167
0.197058
0.180526
0.200547
0.199166
0.209446
0.184810
0.185436
0.191358
0.201680
0.212427
0.196494
0.174661
0.176301
0.186278
0.176444
0.187864
0.192391
0.208131
0.210157
0.184835
0.173104
0.192820
0.207818
0.166124
0.168071
0.177881
0.190478
0.193794
0.190267
0.195795
0.201422
0.180112
0.176813
0.244994
0.201180
0.158607
0.186957
0.175887
0.179101
0.189778
0.186179
0.178432
0.189014
0.182674
0.179918
0.167115
0.196236
0.220517
0.198078
0.199227
0.177223
0.202678
0.210551
0.199744
0.161945
0.173690
0.202002
0.194663
0.172366
0.181970
0.177160
0.172178
0.232379
0.223182
0.191031
0.166644
0.204746
0.163928
0.193517
0.173992
0.197501
0.183510
0.173761
0.202427
0.189006
0.199503
0.196524
0.162995
0.202507
0.189043
0.190996
0.174780
0.173240
0.196563
0.180383
0.170605
0.198206
0.187810
0.215958
0.197260
0.183549
0.178350
0.175902
0.226140
0.193192
0.163719
0.200656
0.189529
0.255099
0.181178
0.178052
0.197989
0.176096
0.213521
0.190892
0.179889
0.184144
0.182539
0.167881
0.187382
0.197643
0.182385
0.161180
0.203333
0.171773
0.170275
0.177693
0.217977
0.181691
0.168441
0.184154
0.186797
0.197797
0.160308
0.186786
0.172753
0.172925
0.175033
0.173737
0.202175
0.215436
0.172369
0.189510
0.203404
0.185938
0.184397
0.201521
0.159135
0.174528
0.205625
0.206369
0.178471
0.167613
0.180650
0.210399
0.183354
0.180275
0.182698
0.172174
0.179654
0.194608
0.183709
0.196591
0.203372
0.197783
0.152381
0.205790
0.226505
0.207603
0.193246
0.188939
0.169377
0.169568
0.182954
0.173926
0.196576
0.185260
0.205892
0.168369
0.162021
0.166586
0.219701
0.185168
0.179424
0.184659
0.176656
0.194221
0.186996
0.207587
0.196747
0.196202
0.166371
0.182301
0.182574
0.168567
0.220319
0.190109
0.185500
0.217068
0.227581
0.203663
0.187777
0.169925
0.207719
0.201473
0.198614
0.176464
0.212257
0.192325
0.208513
0.189772
0.182185
0.183118
0.174133
0.202123
0.162333
0.166102
0.186184
0.169945
0.179278
0.188163
0.171131
0.173835
0.199089
0.188277
0.199598
0.209912
0.179894
0.173841
0.190727
0.187891
0.170761
0.187020
0.182884
0.162341
0.173617
0.165601
0.185066
0.191467
0.188998
0.185988
0.192446
0.189162
0.196752
0.200632
0.216899
0.195681
0.185173
0.161299
0.185757
0.182870
0.179909
0.197161
0.167484
0.165792
0.186602
0.174962
0.181037
0.204266
0.216516
0.182748
0.195805
0.175442
0.230890
0.190988
0.177091
0.171055
0.168455
0.181591
0.175848
0.189555
0.201374
0.196503
0.210961
0.191770
0.187297
0.191994
0.192027
0.202561
0.210204
0.180633
0.198868
0.210598
0.199831
0.210624
0.168364
0.199031
0.197742
0.193937
0.213485
0.195894
0.215603
0.203011
0.198018
0.209657
0.181580
0.189656
0.183513
0.203174
0.174717
0.198904
0.194222
0.194851
0.196649
0.195396
0.176666
0.187491
0.192106
0.200824
0.169901
0.170333
0.237955
0.177357
0.191998
0.172800
0.169848
0.167786
0.159725
0.187955
0.181034
0.195480
0.196227
0.197530
0.194094
0.190683
0.186007
0.187674
0.191796
0.199999
0.191476
0.162713
0.189258
0.183450
0.178781
0.174853
0.190749
0.197368
0.181945
0.199888
0.179258
0.165621
0.185757
0.177100
0.177378
0.202640
0.185200
0.204861
0.168146
0.197205
0.180898
0.181826
0.214823
0.169734
0.177538
0.191308
0.168298
0.167547
0.175028
0.170626
0.173462
0.179417
0.193385
0.190905
0.194546
0.194196
0.200558
0.208356
0.223043
0.182843
0.185663
0.193201
0.178713
0.172366
0.193883
0.187453
0.176551
0.191822
0.189879
0.199194
0.197097
0.195126
0.193847
0.212718
0.175941
0.195229
0.205621
0.202290
0.212972
0.184095
0.190116
0.173934
0.176470
0.194192
0.234731
0.179864
0.172685
0.199116
0.193416
0.198013
0.161734
0.206869
0.219235
0.213017
0.171990
0.206690
0.190733
0.182176
0.217306
0.242939
0.170651
0.176482
0.202027
0.187197
0.207585
0.174953
0.193765
0.179845
0.219320
0.190789
0.188104
0.164757
0.209946
0.196157
0.182778
0.184446
0.221460
0.216363
0.205053
0.172290
0.174994
0.172216
0.180425
0.188827
0.183481
0.180195
0.201587
0.214326
0.206412
0.199365
0.188532
0.191116
0.175918
0.203919
0.166403
0.203641
0.186104
0.204216
0.203887
0.184182
0.201577
0.184705
0.183314
0.172710
0.178623
0.178824
0.213729
0.185204
0.167372
0.196933
0.179631
0.198118
0.191121
0.184565
0.173961
0.189182
0.209873
0.190434
0.182787
0.180883
0.197330
0.205141
0.184522
0.178926
0.152394
0.172454
0.178836
0.179738
0.166094
0.183798
0.181087
0.181796
0.186165
0.203089
0.184902
0.204230
0.213027
0.178665
0.194116
0.209989
0.180501
0.194052
0.184605
0.193560
0.226281
0.198303
0.188628
0.210495
0.183148
0.188120
0.201864
0.203312
0.175382
0.175304
0.208117
0.205286
0.186482
0.193519
0.200374
0.189336
0.227056
0.184430
0.179876
0.188871
0.192802
0.171845
0.183380
0.198258
0.217806
0.199252
0.190175
0.208582
0.186498
0.215590
0.210911
0.176185
0.199899
0.215575
0.178367
0.165976
0.186485
0.166233
0.196947
0.166565
0.181276
0.176073
0.170962
0.174891
0.236117
0.200967
0.190177
0.172791
0.196420
0.188800
0.196646
0.176595
0.184673
0.197707
0.198767
0.187145
0.210533
0.212465
0.171495
0.195045
0.172544
0.191185
0.174635
0.189762
0.181882
0.188215
0.185038
0.180845
0.181605
0.172249
0.185679
0.182764
0.206218
0.185575
0.166254
0.176501
0.190695
0.212420
0.181272
0.215359
0.188600
0.174993
0.170157
0.209305
0.209354
0.177356
0.169229
0.194532
0.173700
0.186208
0.204151
0.177702
0.203039
0.221837
0.181062
0.200279
0.219759
0.189193
0.179657
0.162585
0.206644
0.196041
0.186766
0.155682
0.166146
0.190121
0.215451
0.157211
0.197013
0.192110
0.207170
0.176487
0.182279
0.183597
0.201508
0.201610
0.162495
0.192729
0.213193
0.181582
0.191681
0.190359
0.184357
0.191346
0.178150
0.199875
0.191449
0.193029
0.206122
0.195013
0.179358
0.167312
0.183480
0.202977
0.202708
0.174551
0.180947
0.172957
0.203954
0.200382
0.199560
0.169673
0.191131
0.185755
0.180897
0.204453
0.182220
0.193562
0.178095
0.170982
0.179591
0.197605
0.187153
0.183225
0.189624
0.202674
0.189695
0.195859
0.171009
0.186925
0.224882
0.192944
0.201088
0.172886
0.184745
0.196659
0.204239
0.186462
0.180992
0.189031
0.173598
0.169913
0.187736
0.213111
0.206444
0.207973
0.230354
0.208495
0.190725
0.171751
0.198223
0.200726
0.189150
0.210349
0.212174
0.211906
0.208962
0.243010
0.182876
0.218209
0.200096
0.200545
0.228671
0.206080
0.179853
0.171685
0.184106
0.206989
0.179321
0.168710
0.208876
0.168379
0.194797
0.187117
0.189897
0.196726
0.180937
0.193857
0.194711
0.188700
0.202545
0.188047
0.184690
0.179996
0.186764
0.226650
0.169719
0.176133
0.160613
0.157075
0.215733
0.165645
0.191267
0.213518
0.187657
0.194003
0.174676
0.190738
0.177693
0.183553
0.214766
0.186170
0.191280
0.181179
0.186688
0.177827
0.203112
0.203801
0.193030
0.172667
0.183201
0.205346
0.158390
0.184320
0.211834
0.198879
0.209705
0.197702
0.166407
0.182342
0.189721
0.193374
0.181140
0.187699
0.171423
0.181377
0.238960
0.190742
0.220955
0.191250
0.190517
0.166237
0.205596
0.185528
0.178877
0.214505
0.175989
0.175525
0.207394
0.184978
0.182622
0.219333
0.169264
0.184805
0.202255
0.203267
0.206574
