214	192	86	74
209	188	86	72
210	187	86	71
211	186	86	71
211	187	85	72
211	186	85	71
212	186	85	72
210	186	83	72
213	186	82	72
212	188	80	72
209	191	82	72
209	190	80	72
213	186	78	73
211	187	78	73
210	189	78	72
214	188	77	70
214	184	77	71
212	183	74	73
212	186	72	72
212	185	72	70
213	185	71	69
211	185	70	70
211	187	68	70
208	189	69	70
210	189	67	71
207	190	68	69
208	189	67	72
212	188	68	72
211	190	68	70
212	191	68	70
212	190	67	69
213	191	66	71
209	192	70	69
211	192	68	69
210	193	69	67
212	193	69	68
214	191	69	69
213	191	67	69
214	191	66	70
215	190	64	72
217	189	61	73
219	191	60	72
220	188	58	74
219	190	59	73
220	187	58	75
220	186	58	76
222	189	57	76
221	191	59	74
222	189	58	77
218	191	60	75
220	189	58	75
221	191	57	72
222	192	59	71
222	190	59	74
223	188	60	74
225	186	59	77
223	185	59	80
224	182	56	80
221	180	58	81
220	178	59	78
218	178	62	77
216	182	64	75
218	182	64	73
214	184	66	72
217	185	64	71
215	188	65	69
217	191	64	70
218	191	65	68
216	192	66	68
219	187	64	71
219	189	65	70
218	189	66	70
217	189	65	70
218	188	64	71
220	187	63	72
220	186	63	73
220	187	63	73
220	187	64	71
220	187	63	70
219	188	63	71
220	190	61	72
222	184	62	75
218	188	65	74
220	186	62	76
221	186	61	75
217	186	64	75
216	185	63	76
218	184	62	75
217	180	63	77
211	187	68	71
215	180	65	78
216	182	63	76
212	185	66	73
215	185	62	72
216	180	62	74
218	181	60	72
213	181	64	72
211	185	63	71
215	184	61	71
212	183	63	70
211	184	64	69
213	182	63	70
213	183	64	71
212	186	65	68
209	186	67	68
210	187	65	69
208	186	67	70
211	186	63	71
208	188	66	68
209	184	65	73
211	185	63	70
212	185	62	70
212	185	63	71
211	185	62	70
210	186	62	70
211	185	62	72
210	185	63	72
213	181	61	73
209	185	65	73
212	182	61	73
208	185	65	69
211	183	61	73
209	185	63	69
210	183	62	70
205	184	66	71
210	184	61	72
209	181	61	74
208	181	63	73
209	182	62	72
206	183	65	70
210	179	62	73
201	184	69	72
206	179	65	77
206	183	64	71
205	180	65	73
209	182	62	72
206	185	65	71
208	183	64	73
205	184	65	73
209	186	61	72
208	186	62	71
211	180	61	76
204	188	66	72
209	186	63	73
208	185	65	71
208	186	64	70
203	189	66	71
205	186	65	72
205	187	66	70
200	191	68	69
202	186	68	72
203	184	68	70
203	187	65	68
201	187	67	69
200	190	67	68
199	187	67	71
201	188	65	71
202	186	65	73
201	190	66	69
203	187	64	72
203	187	66	71
203	186	66	72
201	190	68	69
204	186	67	71
203	188	67	72
205	187	66	73
205	189	67	71
205	186	67	72
201	189	69	70
205	188	65	72
205	187	66	72
203	191	67	71
202	192	68	69
203	190	67	70
204	190	66	70
203	192	67	68
205	187	66	73
207	185	66	73
202	190	68	70
206	184	65	74
206	188	66	71
206	184	65	73
204	188	66	70
205	182	65	75
206	185	65	74
206	186	65	72
207	181	64	75
207	183	65	72
206	184	65	73
206	183	63	75
208	180	64	76
208	180	64	77
207	182	65	75
206	183	65	76
210	181	64	75
210	181	64	78
209	184	64	75
207	186	65	73
206	186	64	75
208	187	63	74
208	186	63	74
208	187	63	74
208	189	64	72
212	181	64	78
211	185	64	75
210	183	64	78
210	184	64	75
210	186	64	74
210	185	64	73
209	187	64	72
213	182	65	75
212	184	64	75
210	183	66	75
211	183	64	73
212	184	65	73
212	184	65	74
212	184	65	74
212	186	66	74
212	186	66	73
213	187	66	73
211	189	68	73
213	188	69	71
214	185	67	73
214	186	66	71
213	186	67	71
215	185	65	75
217	186	64	72
214	188	66	72
216	188	65	73
216	190	66	75
217	192	64	75
217	194	65	72
219	191	63	75
219	195	64	76
219	196	64	76
222	195	63	75
223	196	63	75
223	197	63	74
224	199	63	72
222	199	64	73
224	191	65	77
224	194	65	75
224	196	65	75
225	196	65	75
228	195	65	73
229	193	65	74
230	196	66	72
232	194	65	73
233	194	64	71
231	196	66	71
233	191	65	75
233	193	65	74
232	194	65	73
233	193	65	74
232	195	65	73
232	193	64	76
232	197	65	72
235	193	65	74
235	192	64	77
235	195	63	74
239	194	61	76
239	195	61	76
240	193	61	78
240	190	60	82
243	194	60	77
241	196	61	76
243	194	60	77
242	193	61	78
240	196	63	76
242	192	61	81
240	196	62	77
242	198	61	76
243	195	61	79
243	198	61	76
244	197	61	77
245	199	62	76
246	196	61	79
242	199	65	75
241	199	64	78
242	198	63	79
243	197	63	80
244	195	63	80
243	199	64	77
244	196	62	80
242	197	64	79
243	195	63	81
243	199	63	77
245	197	61	80
245	200	62	76
245	201	61	76
243	203	63	75
245	201	61	78
245	200	61	78
245	199	62	79
244	202	63	76
244	200	61	79
244	199	62	79
243	201	61	77
243	202	61	76
244	200	60	79
244	199	60	80
240	206	62	74
242	203	61	75
239	207	62	73
241	204	60	78
242	204	61	78
237	210	65	73
239	207	63	74
240	206	61	77
239	207	61	78
238	206	63	75
240	205	61	78
241	205	61	78
239	205	62	78
237	207	63	77
238	205	62	77
237	206	62	78
238	206	62	77
238	202	62	80
238	204	62	79
238	205	62	79
238	202	62	80
236	205	63	77
235	205	63	78
236	204	63	78
235	203	64	78
232	205	66	77
234	202	64	80
233	205	65	78
235	205	65	75
236	204	64	78
233	205	66	77
235	202	64	78
233	204	65	77
234	203	64	80
235	201	64	81
236	202	64	77
235	205	64	77
234	204	64	79
235	204	64	80
235	203	64	79
235	205	64	77
235	204	64	79
236	204	64	79
235	206	65	76
234	206	64	78
236	203	63	78
232	207	66	74
235	203	65	76
236	203	64	77
235	203	65	77
234	204	65	77
235	205	64	75
235	204	65	75
234	205	65	75
234	206	65	75
233	206	65	75
234	204	64	77
235	200	64	77
233	203	65	76
234	202	64	78
235	205	64	75
236	200	63	79
233	204	65	75
235	203	63	77
236	203	63	76
237	201	62	78
236	203	63	76
237	202	62	78
238	202	62	76
238	205	62	75
239	203	61	79
239	200	62	81
239	201	62	80
239	199	62	82
239	204	60	77
239	201	61	81
240	201	62	80
241	202	61	79
241	203	61	79
241	203	61	79
241	204	61	80
240	205	62	78
240	204	62	77
240	204	62	77
239	204	63	78
238	202	64	78
237	202	65	78
238	200	64	79
238	198	64	80
237	198	65	80
237	197	65	81
236	199	65	78
238	199	64	77
237	200	65	78
238	197	64	81
237	202	64	76
238	202	64	77
239	200	63	80
234	206	65	74
238	205	64	72
239	201	63	76
235	203	64	77
237	198	63	80
237	200	64	77
238	202	63	75
236	202	64	78
236	204	64	75
238	198	62	80
237	200	64	78
237	203	64	75
236	202	63	77
234	201	65	76
235	201	64	78
234	205	64	74
236	200	62	78
236	201	63	76
235	205	63	74
235	203	63	76
236	202	63	75
236	205	63	74
238	200	61	79
236	205	62	74
237	201	61	80
238	200	62	79
238	205	62	75
238	204	61	76
238	208	62	73
238	207	62	74
239	203	61	77
239	205	61	76
240	205	62	75
241	204	62	76
239	208	64	73
239	207	64	74
239	208	64	73
238	210	64	72
239	208	63	73
239	207	63	74
238	209	65	73
240	205	63	76
237	209	65	74
239	204	67	74
239	205	66	75
237	207	66	75
237	205	66	76
238	206	65	75
238	205	66	76
240	208	65	74
240	205	66	77
240	205	66	76
240	205	66	75
238	209	67	74
239	206	66	76
240	206	66	73
237	211	68	70
237	209	66	73
238	207	65	74
238	209	65	72
239	208	66	71
238	210	66	68
238	209	64	68
236	210	67	67
237	209	65	68
237	209	65	69
239	209	66	69
237	210	66	68
237	210	66	71
240	205	65	74
229	212	73	72
238	210	65	74
239	210	66	73
239	210	64	74
238	212	65	73
237	211	66	74
238	210	64	77
238	210	64	77
238	215	64	73
238	215	63	73
238	212	65	74
238	215	65	71
237	217	65	69
237	214	65	71
237	212	68	72
237	211	66	74
231	216	70	70
236	212	66	71
233	213	67	72
233	215	69	69
234	215	70	68
235	215	68	68
232	214	70	69
233	213	70	69
232	214	68	71
234	213	66	72
236	212	64	71
233	215	65	72
232	216	65	71
235	212	64	73
234	212	64	73
236	214	61	70
236	214	61	71
236	214	61	71
235	213	61	72
235	217	60	69
234	221	61	67
237	216	59	73
233	220	62	68
235	221	60	69
236	218	60	72
237	218	59	71
238	220	58	69
239	222	58	67
241	216	57	73
239	220	60	71
239	221	60	71
237	219	60	74
238	216	60	75
237	224	61	70
239	217	59	77
237	220	62	73
239	219	59	75
239	220	60	74
240	216	60	76
239	220	60	72
240	218	59	74
237	219	62	74
237	224	62	70
237	217	61	75
235	220	62	72
237	224	60	68
237	219	59	73
236	218	60	73
237	219	59	73
237	218	58	73
235	215	57	75
234	221	60	69
237	214	57	74
235	223	60	66
238	215	57	72
236	220	59	66
238	215	58	71
227	222	67	67
234	213	61	75
235	218	60	69
236	220	58	68
236	216	57	72
236	221	58	66
226	221	63	70
229	219	57	73
231	217	53	72
229	215	49	74
206	207	68	86
217	211	56	79
217	221	55	70
194	209	77	87
219	217	54	72
203	205	77	89
199	206	83	86
193	204	91	85
189	202	94	87
184	198	94	88
187	197	91	89
175	193	106	95
174	193	108	96
173	194	112	96
173	193	113	98
176	195	109	96
174	196	109	96
180	199	103	94
185	202	101	93
191	205	93	87
195	208	86	87
201	215	78	85
205	221	74	80
212	228	72	74
217	231	68	75
219	223	66	83
220	234	63	79
222	232	61	77
216	238	65	76
218	234	59	72
218	237	52	75
217	234	46	77
214	242	43	68
211	236	47	71
199	207	57	101
187	185	68	126
190	192	71	118
187	184	70	129
187	189	70	121
184	184	72	127
185	189	71	119
187	187	76	124
185	187	71	126
185	190	74	124
186	189	84	121
185	198	101	103
192	198	104	101
198	198	96	105
201	203	105	101
205	211	97	103
209	218	87	110
210	217	78	124
209	204	82	132
209	215	84	130
213	209	84	139
214	211	85	136
224	217	80	136
229	212	84	138
234	221	89	137
234	232	95	122
239	240	97	108
245	248	95	101
251	254	110	92
263	263	106	90
273	263	108	87
285	267	110	83
296	267	110	86
304	270	140	84
306	258	142	100
318	252	139	106
319	247	144	109
331	238	145	116
318	222	141	131
331	256	129	103
344	252	104	105
350	258	92	92
356	263	83	87
354	264	83	93
326	262	112	97
338	236	119	119
346	245	102	114
350	248	94	106
350	254	92	105
349	251	93	106
350	234	108	116
325	240	137	118
304	217	131	129
293	220	123	121
284	230	114	129
282	227	107	120
268	240	111	119
268	247	98	103
250	255	101	104
256	263	86	89
260	269	74	86
255	267	182	88
254	256	127	99
234	237	165	103
267	227	186	122
283	221	115	131
275	231	165	128
107	161	354	195
115	112	279	214
171	138	251	187
263	164	141	166
202	144	258	207
107	91	262	202
224	148	179	174
264	189	204	169
258	177	204	168
249	156	136	144
222	196	99	92
256	202	179	143
235	177	106	117
241	211	77	93
253	202	89	102
256	211	75	90
257	206	81	94
259	202	99	106
257	208	81	90
259	198	80	100
246	203	91	94
247	204	87	89
242	203	89	90
233	207	96	87
233	208	91	87
224	207	93	84
228	207	83	87
227	211	82	79
222	208	86	80
224	207	86	82
219	209	77	75
220	205	76	76
224	205	72	73
227	200	71	74
225	199	72	73
222	199	71	75
223	194	72	77
224	185	75	80
216	185	76	77
216	187	78	76
218	189	75	75
215	190	72	74
215	192	66	71
217	196	62	70
219	197	62	70
212	193	59	67
214	195	51	66
214	194	47	69
213	192	45	70
211	195	44	67
210	191	45	71
209	191	47	68
213	194	41	65
215	189	36	64
213	197	36	57
211	193	35	60
209	190	36	56
212	199	36	49
212	197	34	49
211	200	35	48
211	195	35	50
210	193	34	50
210	190	37	52
211	186	38	46
215	184	37	45
216	183	37	48
216	180	38	53
216	189	36	44
216	193	35	41
217	196	29	36
212	199	31	33
209	202	31	33
207	203	31	34
209	200	29	36
209	200	28	36
207	199	27	34
201	203	28	31
201	199	27	32
193	199	33	31
196	192	30	35
193	188	31	35
186	190	37	30
191	189	31	32
185	191	35	31
192	191	30	31
182	192	39	30
160	176	63	48
182	185	42	42
164	184	60	39
178	184	46	41
193	174	36	46
184	180	50	39
192	180	48	39
200	181	46	37
217	173	37	41
232	166	39	34
241	158	36	40
222	162	65	33
246	148	47	43
253	150	45	39
236	163	60	33
244	163	49	39
232	174	52	33
216	172	71	36
228	171	58	39
233	170	43	41
223	173	49	36
192	171	79	43
192	168	80	50
198	175	75	45
193	173	75	47
180	170	78	46
184	170	86	48
176	166	84	48
166	163	84	49
174	162	51	51
171	173	80	48
173	174	65	49
178	179	85	44
180	179	74	48
172	188	98	50
191	195	74	46
197	198	69	44
193	201	73	43
189	207	68	41
189	205	65	41
188	202	64	41
184	200	71	42
180	209	68	34
160	202	87	43
179	211	53	36
119	198	117	46
138	210	61	40
166	199	43	45
125	198	94	43
144	205	51	41
135	206	58	39
130	206	65	41
126	204	65	44
122	207	60	45
118	208	66	45
113	217	66	42
121	216	51	43
113	220	57	38
110	223	59	36
112	223	52	38
112	219	51	41
113	219	50	41
113	218	47	44
109	217	45	44
111	220	42	40
110	215	41	45
111	218	36	42
106	222	42	39
101	215	47	44
102	216	46	41
105	218	42	42
97	217	47	47
79	209	65	54
102	211	44	51
98	205	49	55
98	210	50	53
94	213	47	55
93	218	48	52
92	220	50	48
56	204	85	62
89	207	48	63
88	216	48	56
28	194	106	79
72	205	67	68
78	210	49	62
79	218	48	56
60	213	66	62
68	217	55	58
63	223	57	56
43	217	72	62
52	222	62	62
31	223	78	68
32	225	73	65
25	226	76	64
24	230	75	65
15	230	74	63
8	232	80	67
6	233	76	72
6	238	68	72
1	244	67	67
2	245	63	64
5	250	56	63
4	247	53	66
3	257	48	57
3	260	43	52
4	270	41	44
6	280	34	37
2	289	32	33
0	292	29	32
1	293	25	34
2	273	15	55
4	240	15	86
15	216	64	48
13	197	134	52
1	207	95	73
0	203	162	54
0	208	69	74
1	212	58	77
1	205	122	49
0	193	196	47
15	180	112	87
2	187	90	86
0	196	135	57
0	196	200	41
2	191	172	62
29	172	133	89
35	165	143	95
52	180	107	80
109	169	165	47
2	196	75	78
44	176	136	68
201	184	81	46
110	178	71	55
11	194	156	46
60	175	140	70
65	160	123	88
69	170	202	61
158	167	219	50
47	182	243	61
74	183	247	48
25	182	325	46
75	174	310	53
31	178	371	42
28	178	418	39
77	163	348	53
0	164	341	79
3	137	100	183
3	161	104	162
28	149	105	165
26	165	108	159
60	151	107	148
65	153	148	117
77	156	105	159
112	150	153	97
96	167	314	52
96	162	320	66
120	157	121	176
123	149	298	90
145	152	161	183
156	132	159	177
180	131	173	207
196	129	165	201
219	138	174	196
232	120	181	210
236	117	201	223
245	142	222	209
263	149	198	195
279	124	200	218
285	124	184	210
290	113	186	233
292	197	187	162
310	157	160	197
316	226	160	133
337	112	142	243
328	135	151	224
329	210	150	149
342	96	136	247
317	110	162	247
323	101	156	232
297	88	182	252
326	77	152	230
330	87	149	242
333	76	146	235
326	77	153	255
327	68	152	257
324	97	155	240
303	90	174	227
323	70	156	259
325	142	153	195
332	101	147	253
349	174	130	166
352	194	126	152
368	212	107	115
393	223	77	110
394	229	71	90
394	232	68	84
364	212	92	97
364	202	91	113
344	198	104	110
344	188	96	116
342	185	96	114
332	180	100	117
324	177	100	117
308	181	106	112
305	188	110	108
305	169	101	118
276	179	125	110
277	182	121	100
265	185	128	100
266	180	125	100
253	180	128	100
252	180	128	99
251	181	129	98
237	181	124	97
239	178	127	98
241	175	129	100
242	174	129	101
244	172	133	107
245	175	122	103
241	176	129	107
235	176	125	103
228	176	135	109
229	177	119	106
225	176	126	103
223	175	116	103
219	176	124	108
217	177	121	101
209	181	117	107
213	187	116	95
212	191	108	90
212	193	108	90
206	196	109	84
207	196	109	83
200	198	106	82
202	199	105	81
195	200	106	79
204	198	99	80
201	197	95	80
208	199	88	82
207	190	82	92
202	197	85	84
207	199	79	80
195	200	86	79
200	201	78	80
194	196	82	82
185	195	87	84
185	197	87	85
170	202	97	81
179	193	95	88
167	196	98	85
173	196	86	84
160	199	96	83
162	201	93	80
151	202	94	78
149	201	94	79
142	201	95	78
146	201	94	81
143	201	87	79
150	203	73	75
144	205	73	73
148	199	64	75
139	206	67	72
143	203	58	71
143	202	53	72
144	204	49	71
144	206	50	67
145	206	47	65
146	209	53	61
155	202	52	66
156	196	56	76
158	202	48	66
158	203	51	69
156	199	56	63
153	200	64	60
145	198	76	58
146	198	78	59
147	200	82	56
151	196	78	60
156	198	84	58
159	192	82	64
164	194	68	61
169	200	67	52
179	201	70	52
195	202	49	48
205	205	51	48
223	198	38	53
221	205	37	48
226	194	36	59
230	195	35	58
233	191	33	60
236	190	34	61
234	189	34	63
232	189	29	64
235	190	28	61
233	191	37	59
234	190	33	62
234	189	58	57
232	189	85	57
231	188	89	60
242	189	81	61
238	191	83	61
239	193	84	59
235	194	89	60
241	194	82	61
236	194	87	61
238	194	86	61
238	193	87	61
235	193	88	62
237	193	87	62
237	193	88	61
234	192	90	60
236	191	89	62
243	191	82	61
239	192	85	59
234	193	89	59
240	194	83	59
237	194	85	58
234	191	87	59
232	189	89	62
232	190	90	61
230	190	93	62
233	187	89	61
229	187	93	62
233	191	89	59
229	192	91	60
229	189	90	61
228	189	91	62
226	189	93	62
227	187	92	63
226	191	91	59
226	186	90	64
226	189	91	61
224	192	91	59
226	185	90	65
224	187	90	61
221	188	94	61
220	191	94	60
219	188	90	64
217	191	93	62
217	186	91	65
214	188	94	64
215	186	93	66
211	188	95	65
207	188	97	66
208	184	95	69
208	192	94	62
208	187	95	68
207	192	93	64
206	192	93	65
208	192	90	66
208	192	91	66
208	192	89	68
209	193	87	68
209	192	87	69
210	190	85	70
209	191	84	70
213	196	79	66
213	192	77	67
212	191	75	69
211	193	73	71
213	193	72	69
210	192	73	69
213	193	68	71
212	194	69	70
216	194	67	68
214	193	68	69
213	194	69	70
212	193	71	69
213	193	72	68
211	192	71	72
212	194	69	69
213	195	71	67
213	195	69	68
212	196	69	69
214	197	68	67
213	198	68	68
216	198	68	65
214	196	67	69
218	199	63	69
221	196	61	70
216	201	64	68
223	199	58	68
225	200	55	69
227	197	53	70
228	201	53	68
229	201	52	69
230	199	52	70
229	199	54	71
229	200	53	71
229	196	54	72
229	198	54	70
229	197	53	71
229	200	54	68
229	194	53	71
229	201	53	65
229	199	53	68
229	197	52	69
226	204	55	62
227	205	52	62
228	199	52	66
224	203	54	64
225	205	51	64
226	198	50	65
226	205	47	60
226	211	45	56
227	209	51	56
227	209	45	57
224	204	51	65
217	192	59	73
201	188	82	79
212	191	68	76
220	196	66	76
221	196	69	69
222	194	64	72
220	196	65	74
218	194	74	74
218	186	78	77
223	191	62	75
209	188	85	83
217	192	77	74
221	192	71	73
209	181	87	83
213	184	70	81
216	191	75	78
221	196	67	73
222	200	65	72
221	196	67	71
223	200	63	69
226	206	61	67
229	210	61	60
233	209	61	59
232	211	55	60
234	215	53	57
235	206	58	62
231	212	55	60
233	211	55	57
234	212	53	58
234	206	59	60
232	209	59	61
235	204	60	62
226	208	64	63
229	203	65	64
234	207	64	62
232	208	61	58
235	209	61	61
232	207	65	62
229	203	66	63
234	206	66	61
228	203	68	62
233	205	66	61
229	203	65	62
233	206	64	61
230	207	58	60
233	205	59	62
232	209	51	58
233	208	47	57
233	207	46	58
233	207	43	58
230	208	46	57
214	199	61	67
221	196	58	68
220	190	56	75
207	184	68	83
199	183	76	84
195	183	78	82
188	181	84	84
210	184	65	82
196	181	80	89
206	187	68	81
211	190	65	79
206	185	70	83
214	192	63	78
202	182	76	83
210	189	66	82
203	190	74	77
207	192	70	72
205	191	70	77
205	191	69	75
204	192	68	74
207	198	66	72
208	201	61	66
210	203	63	65
208	196	65	68
211	200	64	67
213	198	71	65
218	201	63	60
214	204	64	60
216	205	69	58
207	199	70	64
212	201	60	62
211	202	51	62
197	190	74	70
201	192	65	76
204	198	63	67
206	196	57	67
208	202	56	66
206	199	57	65
202	194	61	70
203	195	62	66
204	195	58	71
203	194	60	72
204	196	60	69
205	190	58	73
204	194	55	72
204	193	55	70
204	200	54	66
201	192	58	72
201	196	61	72
200	189	56	72
200	195	64	71
202	197	54	65
203	199	50	64
205	193	55	66
206	200	60	59
202	197	70	57
195	196	71	68
196	197	59	66
198	199	61	69
198	190	61	73
191	192	68	79
192	191	76	74
194	194	68	72
193	189	79	76
199	193	68	75
195	189	81	76
195	190	78	72
200	193	73	71
199	194	76	71
197	194	81	68
186	185	94	75
196	186	70	76
195	193	81	79
196	190	75	74
192	191	82	74
194	192	78	71
199	194	78	70
201	195	77	66
204	196	69	68
197	195	80	69
199	195	75	67
192	191	86	71
198	192	68	68
201	196	68	69
201	193	78	67
203	194	68	63
205	198	61	69
206	198	60	64
209	203	58	63
210	195	61	66
209	201	57	65
211	195	60	66
204	200	60	66
204	189	61	73
201	194	59	70
202	197	54	65
202	198	56	66
199	190	67	68
201	192	59	71
202	195	59	65
205	200	55	62
205	196	55	64
205	195	59	65
208	200	61	63
208	204	64	60
197	197	67	64
200	193	69	66
205	198	53	65
206	205	49	61
206	197	55	63
208	203	47	60
207	207	46	57
208	205	45	59
208	210	44	55
206	211	43	53
206	212	42	49
208	213	41	47
207	217	40	46
205	216	41	47
204	214	41	47
206	212	40	51
205	209	42	54
204	207	44	54
200	203	49	60
194	201	53	63
189	195	59	70
202	202	47	61
188	192	58	71
204	200	45	64
176	182	69	84
194	191	51	70
189	194	63	72
187	194	65	72
190	195	62	70
194	198	60	66
195	195	58	67
195	198	58	69
195	198	58	69
198	190	55	72
198	193	58	71
197	191	58	71
198	187	57	75
209	194	47	69
209	196	51	68
209	201	46	63
210	199	41	62
217	205	34	59
214	202	35	62
207	200	44	65
213	199	36	63
213	201	38	64
214	200	39	65
211	197	44	67
212	193	42	69
212	193	45	72
210	190	45	66
211	187	48	68
212	193	49	62
214	189	49	65
214	192	60	60
218	195	61	56
210	190	73	60
216	191	73	60
211	190	80	59
213	189	83	61
215	188	85	62
213	189	87	62
218	189	85	63
217	190	87	62
225	189	81	61
219	189	88	61
219	190	86	61
222	190	84	61
217	190	90	61
225	190	83	62
221	191	88	61
224	188	84	63
223	190	86	63
231	190	79	63
234	191	78	62
235	190	79	62
237	191	76	64
239	192	76	63
241	190	77	64
242	190	75	65
244	189	75	66
242	188	77	66
243	187	75	67
243	187	76	67
242	188	73	66
243	189	71	65
245	190	68	66
239	190	74	66
243	188	70	66
238	187	75	68
242	185	71	68
240	189	76	69
243	187	74	69
241	188	79	67
246	190	78	67
251	187	78	69
248	190	84	67
257	189	79	68
246	192	90	64
261	183	89	74
262	187	89	69
254	187	98	69
264	188	89	69
256	189	98	67
265	189	89	69
257	190	98	67
269	191	88	69
260	193	98	66
272	193	92	68
265	195	100	65
270	194	97	67
273	192	95	69
271	190	98	68
270	190	101	68
267	189	105	67
267	188	105	68
265	188	106	68
267	187	104	68
263	188	108	69
260	186	108	68
254	190	111	65
252	186	108	68
245	190	109	67
242	187	107	67
238	187	107	67
236	187	106	69
231	189	108	69
229	182	103	69
225	185	107	68
222	182	101	68
217	180	104	68
210	181	108	66
211	183	105	66
210	183	105	66
209	183	105	66
211	181	104	68
218	178	98	70
214	181	105	67
216	181	103	67
213	184	107	67
216	183	105	70
213	187	108	68
211	186	108	68
212	187	107	69
207	190	108	68
203	193	109	68
204	188	104	67
199	188	106	68
195	188	108	68
194	187	106	68
194	188	107	67
188	192	109	67
185	196	108	67
186	200	108	67
184	200	109	68
184	197	107	68
184	197	106	68
183	197	106	70
183	196	106	69
177	200	107	68
176	198	104	68
180	193	101	70
177	195	106	70
178	195	106	71
178	194	106	71
174	198	109	69
174	195	105	68
175	193	103	67
176	190	103	69
171	194	109	68
172	196	108	69
172	196	108	69
169	199	109	68
171	198	106	69
169	199	108	68
172	197	105	71
172	199	106	69
175	198	104	71
176	197	105	68
181	192	100	68
181	193	104	69
184	194	103	70
185	190	102	70
190	184	99	70
183	188	107	67
184	186	105	71
184	182	101	69
178	184	106	69
179	183	106	70
179	181	106	66
181	175	105	69
178	179	107	66
179	178	106	66
176	180	108	65
176	181	108	64
177	186	106	65
182	180	100	68
177	183	106	65
176	184	108	67
180	184	105	66
178	185	108	66
176	186	110	65
180	185	105	66
177	185	108	66
174	185	111	68
175	185	110	70
180	185	105	69
178	185	108	67
176	184	111	66
182	183	106	69
186	183	105	69
181	187	110	67
191	185	102	69
192	185	108	68
193	184	111	71
203	182	105	73
210	182	104	71
204	184	115	69
208	182	112	71
216	183	108	71
230	182	98	72
237	183	94	69
248	187	85	64
232	191	101	61
237	192	92	60
244	177	83	70
248	181	79	68
248	189	81	64
251	194	79	59
242	205	89	46
249	198	79	54
253	204	78	48
264	192	68	58
257	201	77	46
270	197	68	51
277	194	61	52
272	196	55	48
277	201	50	47
281	202	43	46
283	195	40	53
276	194	42	49
281	204	38	41
275	208	45	35
279	202	41	38
279	200	43	37
279	199	44	36
278	199	47	34
281	198	44	35
283	197	42	36
281	192	47	35
274	189	54	37
270	185	59	38
266	184	62	38
264	181	64	40
264	181	62	42
264	185	62	40
272	184	51	43
269	185	53	41
270	178	49	46
273	182	45	44
272	186	44	45
273	190	40	43
275	194	38	43
273	198	39	38
274	200	37	37
276	195	35	41
276	199	34	37
273	202	36	36
274	196	36	40
273	194	38	38
275	198	33	35
267	200	38	34
269	202	35	33
262	204	38	30
258	204	39	31
251	192	43	40
239	194	53	37
243	193	43	43
243	195	46	39
234	195	47	38
239	195	42	36
232	186	42	43
223	189	41	43
199	194	56	44
202	195	55	42
203	197	50	40
192	203	60	34
183	199	71	41
196	206	57	36
185	204	75	39
206	210	55	36
196	208	67	37
215	208	54	38
210	205	64	40
226	205	48	40
192	200	82	44
190	199	88	48
177	194	95	51
180	198	62	45
170	194	93	47
156	193	64	51
155	198	86	45
153	194	66	52
155	208	101	36
159	204	65	42
155	202	82	42
154	198	69	43
152	197	58	45
158	197	54	43
150	198	62	42
149	198	67	43
152	202	61	41
148	202	64	43
148	200	64	44
147	200	63	44
151	201	63	44
144	202	63	43
137	201	69	44
132	201	68	44
128	197	70	46
122	197	73	46
122	197	72	49
118	198	60	50
123	200	64	44
116	200	71	43
112	203	61	44
105	203	69	44
101	201	71	44
98	200	72	48
92	199	70	50
96	199	68	51
88	199	60	52
93	201	60	49
86	202	68	48
87	202	62	51
83	203	61	52
82	203	66	51
81	199	65	54
75	200	61	51
76	202	63	54
77	203	63	52
72	203	68	53
67	203	72	53
62	203	71	54
58	201	75	55
51	199	81	57
62	194	71	63
56	197	71	65
51	200	76	60
53	197	74	63
54	197	72	62
51	199	77	61
50	197	78	62
56	188	75	70
73	192	63	65
65	192	75	65
78	193	68	62
84	196	67	59
81	196	77	56
102	194	63	60
81	190	84	67
109	191	61	64
114	195	60	55
104	198	68	51
112	196	58	52
117	198	57	50
111	201	59	53
114	204	52	60
106	209	63	54
98	205	71	57
3	181	165	83
85	199	94	73
68	191	105	76
87	191	85	77
95	195	77	72
89	198	72	75
77	201	83	72
90	190	70	78
90	196	67	76
90	197	66	74
83	199	70	81
86	199	66	81
87	202	64	81
79	197	70	96
79	197	67	96
82	206	60	89
83	209	64	89
85	212	65	90
99	206	56	99
99	221	64	88
100	215	75	96
102	206	87	104
105	210	97	105
109	202	97	109
112	212	109	103
102	199	128	111
115	208	125	103
113	193	137	114
115	196	145	105
111	195	155	102
118	193	156	99
118	191	164	102
137	195	158	100
141	184	162	108
149	185	163	108
156	181	161	112
174	181	159	109
174	185	167	107
184	183	163	108
190	177	161	109
201	180	156	106
208	183	158	105
215	182	157	106
227	180	152	104
235	182	152	101
238	182	155	102
250	172	143	112
248	177	146	103
262	160	132	115
259	166	144	106
270	172	135	101
269	175	138	104
283	176	123	102
273	172	133	100
291	166	115	107
300	162	109	111
306	159	105	110
305	165	103	105
311	157	95	110
312	162	92	108
313	158	90	108
313	158	88	109
310	154	88	109
307	159	89	108
308	161	83	105
308	164	74	100
306	158	75	102
303	160	70	96
303	165	70	89
303	157	67	93
299	150	66	91
301	149	74	85
309	150	72	82
316	145	68	84
318	138	71	83
320	137	73	83
323	135	81	73
326	132	84	70
322	132	80	70
320	128	45	91
311	133	39	86
306	139	39	77
302	152	38	64
305	145	30	70
278	144	59	69
302	135	57	79
295	136	58	84
294	135	62	81
286	143	54	74
284	152	49	66
283	149	46	62
282	151	41	60
279	156	38	53
271	162	47	49
263	158	53	55
239	154	72	57
231	153	78	58
206	151	99	60
200	150	101	63
193	155	103	59
188	158	102	59
184	156	102	60
185	156	96	58
193	157	84	58
172	161	103	53
169	157	103	55
166	156	101	56
158	156	102	56
153	154	102	58
149	153	104	58
145	154	105	57
142	154	103	59
139	156	100	58
135	152	100	65
132	150	94	68
133	151	90	66
129	156	88	62
126	157	85	66
124	157	81	65
124	156	76	65
124	158	70	69
120	159	72	66
121	159	64	69
120	159	61	73
120	163	53	67
120	167	50	65
118	164	48	70
115	166	47	71
109	166	54	74
109	158	54	84
106	154	57	90
102	166	58	81
101	159	56	83
99	158	52	83
97	171	52	72
97	164	53	81
95	160	59	84
94	165	59	79
94	163	62	81
95	165	64	80
96	165	68	79
98	164	70	78
101	167	72	77
104	167	72	79
105	166	77	80
108	166	81	81
110	162	87	86
113	161	93	87
117	165	96	86
107	162	112	86
120	158	107	89
119	150	115	97
128	143	110	107
132	149	106	103
134	153	114	98
132	154	123	95
140	160	119	90
134	161	128	93
147	162	121	94
149	165	121	94
160	160	115	96
165	161	115	96
168	163	115	95
172	161	114	97
177	160	113	99
184	157	107	99
187	159	106	98
189	158	106	98
185	157	110	100
190	157	112	98
192	159	111	96
195	159	111	94
198	156	111	94
198	155	112	96
203	154	112	95
213	153	105	96
213	153	108	95
214	150	108	95
218	150	105	94
215	153	108	92
216	156	110	89
220	156	108	88
226	156	105	86
229	150	104	88
234	150	103	88
237	150	101	87
243	149	97	86
243	147	96	87
246	148	91	87
249	146	87	90
245	146	90	89
248	147	86	89
244	150	88	88
245	150	88	86
244	148	90	88
245	149	87	86
244	149	87	87
243	149	86	88
240	148	89	88
243	149	85	89
238	148	88	89
240	150	84	87
238	150	85	86
243	149	80	90
243	147	80	91
246	149	76	93
246	151	75	93
249	145	73	96
251	150	72	93
253	149	70	95
255	148	69	96
256	149	69	96
257	148	66	97
257	147	66	97
257	151	67	93
258	151	65	93
258	152	66	91
260	153	67	92
262	153	65	94
263	152	64	95
263	154	63	92
264	155	65	91
264	155	61	94
263	156	64	92
263	152	60	97
261	156	65	93
260	155	63	94
259	164	66	85
259	164	62	87
259	165	63	87
258	169	60	82
258	162	62	87
258	172	69	78
261	161	68	88
264	168	71	82
275	158	66	86
276	165	59	82
289	171	55	76
288	172	56	76
287	164	59	84
283	157	66	90
284	165	67	83
286	162	63	85
288	171	64	76
290	174	61	74
292	180	58	69
294	173	59	76
295	184	59	65
298	182	56	67
300	186	53	63
301	188	52	61
301	189	51	60
298	190	52	60
299	192	50	60
300	192	50	60
299	190	52	63
299	188	53	65
300	188	52	65
300	190	53	65
301	190	51	66
301	189	51	65
302	190	51	65
303	192	51	63
304	193	51	63
304	195	53	63
306	203	51	61
293	195	64	69
300	185	64	77
301	177	60	86
300	190	66	77
301	189	56	78
299	197	54	70
296	201	57	71
293	192	63	84
283	179	66	94
280	189	72	85
280	187	68	89
278	177	74	94
276	165	80	96
274	173	68	87
275	182	65	81
273	175	70	87
271	184	70	93
271	219	69	83
276	228	65	79
285	215	62	76
283	187	54	80
283	181	63	73
292	171	61	74
274	185	59	79
274	214	67	74
277	200	62	84
256	217	61	83
255	231	71	85
265	220	69	87
266	229	65	80
267	197	63	82
277	180	62	74
276	169	56	77
276	180	54	71
280	172	58	80
279	178	58	74
279	190	55	68
263	178	77	79
267	168	78	91
267	178	78	87
267	186	81	87
261	203	84	82
258	209	88	86
253	209	93	89
253	206	93	91
249	197	93	90
249	203	93	89
249	212	91	88
249	218	91	89
247	208	94	93
246	210	92	90
245	211	93	91
246	218	95	88
245	217	100	89
243	214	102	88
238	216	106	84
245	221	105	83
241	225	108	83
241	228	104	80
244	228	104	80
242	222	107	82
236	226	111	83
231	231	110	85
238	234	107	82
235	232	107	82
232	230	106	82
231	232	107	80
225	235	108	79
230	239	105	79
228	227	105	79
226	218	109	79
230	214	104	80
229	216	112	79
227	216	112	81
226	216	113	82
232	223	110	84
225	221	113	81
223	220	114	82
219	223	115	79
217	227	112	84
216	234	112	85
214	241	115	84
211	247	117	86
208	252	120	87
204	259	120	85
204	262	120	81
206	257	116	80
207	254	116	80
210	245	110	79
208	250	112	76
218	255	102	81
209	266	109	78
223	260	100	84
220	269	108	79
219	269	109	79
224	271	106	79
215	273	116	77
213	278	116	75
224	271	109	79
216	273	121	78
235	259	110	87
223	261	114	83
233	265	110	87
223	271	116	81
232	273	116	80
225	272	121	82
241	272	112	83
230	274	119	81
226	273	114	82
242	275	110	81
242	262	106	80
242	251	108	84
232	260	104	81
241	268	100	75
239	261	102	82
233	265	93	80
240	259	89	81
240	254	89	73
236	249	84	79
241	251	77	76
230	267	83	72
232	262	74	77
226	255	77	70
231	250	71	73
225	249	74	76
223	249	73	76
224	249	71	74
226	248	69	75
224	251	71	74
227	255	71	75
230	250	75	73
224	244	78	77
229	242	71	80
230	245	71	79
232	244	69	80
232	242	67	82
230	250	68	76
232	250	64	79
234	253	63	78
236	253	61	77
237	248	59	81
238	246	59	79
255	236	51	75
265	230	50	76
266	227	52	78
264	225	47	78
261	237	52	72
261	232	54	72
262	224	53	72
262	227	52	69
262	220	53	71
262	216	51	69
263	225	51	64
266	223	54	69
268	220	54	66
269	215	54	67
272	210	54	65
274	206	56	69
276	214	57	67
280	221	58	65
284	227	58	63
283	229	59	61
287	227	57	62
291	228	61	64
293	231	60	61
298	222	61	66
306	216	62	65
310	204	63	68
312	206	63	62
310	209	66	66
313	214	65	67
313	210	65	65
314	205	65	66
315	207	66	66
316	210	67	66
319	213	65	66
318	216	68	67
323	217	65	63
321	213	69	65
320	212	71	66
325	217	68	67
331	215	67	64
335	211	65	64
335	209	68	67
340	203	66	65
340	203	69	66
346	204	68	65
350	205	68	65
344	201	77	73
347	210	73	67
338	201	82	68
343	199	78	70
336	196	84	73
335	203	82	71
336	202	83	70
333	202	82	72
329	199	86	69
329	198	84	73
325	197	88	72
323	197	89	72
320	199	87	72
320	198	89	68
318	194	90	69
313	192	89	67
316	186	86	67
313	180	88	68
310	174	88	67
310	171	89	68
302	169	93	67
306	168	88	69
303	170	91	69
303	169	92	70
302	166	93	69
301	163	90	69
297	158	92	73
297	159	94	72
295	159	94	71
297	162	94	69
291	162	95	70
293	163	96	68
289	163	99	66
286	163	103	66
282	164	105	66
279	166	105	65
277	166	108	66
270	169	108	64
265	172	105	63
262	175	100	62
255	175	95	63
253	169	88	66
252	166	79	74
253	165	70	72
250	166	62	78
250	165	56	74
242	171	52	71
241	165	44	78
238	164	44	80
239	162	43	82
237	161	46	83
239	161	44	84
235	161	47	82
221	176	56	64
