0.019665
0.028400
0.028570
0.027765
0.037007
0.037711
0.040338
0.034796
0.033929
0.038718
0.032966
0.047283
0.044484
0.028167
0.023047
0.026946
0.029231
0.043687
0.030179
0.048074
0.047102
0.024638
0.033354
0.035801
0.036419
0.032610
0.027333
0.036700
0.043377
0.054336
0.039633
0.031987
0.031025
0.038570
0.032486
0.030022
0.032228
0.030232
0.043144
0.037838
0.041254
0.038570
0.035516
0.031493
0.042925
0.036163
0.032869
0.026762
0.025982
0.031257
0.038856
0.035280
0.037810
0.032121
0.028066
0.029652
0.030643
0.042167
0.028884
0.029853
0.032242
0.028730
0.034266
0.029484
0.030846
0.030265
0.026976
0.027699
0.027551
0.033288
0.027904
0.030486
0.029541
0.029897
0.038637
0.050466
0.048856
0.049871
0.039710
0.044124
0.025325
0.030782
0.031199
0.030176
0.028947
0.031499
0.030258
0.027297
0.030492
0.040161
0.045182
0.042971
0.045513
0.033501
0.034891
0.038163
0.032789
0.043415
0.027579
0.039075
0.042915
0.026232
0.031248
0.034486
0.043591
0.029668
0.031129
0.028755
0.030383
0.037798
0.031836
0.032990
0.037783
0.047640
0.032593
0.029449
0.040921
0.036953
0.030411
0.028551
0.028542
0.028841
0.028255
0.028417
0.037588
0.036018
0.033827
0.030726
0.034300
0.035822
0.032152
0.051533
0.045422
0.039690
0.035363
0.033463
0.036705
0.036947
0.042153
0.036012
0.045008
0.033395
0.031937
0.029936
0.033361
0.028122
0.031383
0.029075
0.027946
0.040325
0.029555
0.030909
0.038465
0.036128
0.029868
0.029189
0.029847
0.029791
0.038076
0.028986
0.031871
0.031772
0.034718
0.027813
0.026620
0.029178
0.030246
0.034267
0.027668
0.028282
0.028133
0.030429
0.034491
0.028640
0.030845
0.027694
0.043128
0.034880
0.031502
0.030267
0.030143
0.048663
0.034665
0.033832
0.032483
0.032041
0.044827
0.034537
0.042191
0.029288
0.034542
0.030352
0.029523
0.029205
0.033706
0.029029
0.043838
0.034205
0.034564
0.033175
0.031247
0.028728
0.030450
0.028144
0.030037
0.030989
0.029872
0.033945
0.047657
0.032569
0.033260
0.029727
0.031357
0.029511
0.030493
0.028234
0.029681
0.028806
0.029971
0.029771
0.032730
0.039158
0.036573
0.050828
0.042636
0.035294
0.050017
0.042376
0.034047
0.030611
0.040168
0.036063
0.050247
0.034682
0.030443
0.040317
0.048293
0.035701
0.029707
0.036917
0.031469
0.035276
0.040101
0.031153
0.029913
0.039674
0.038058
0.029978
0.045422
0.033982
0.057827
0.037707
0.055943
0.044276
0.050001
0.040684
0.031204
0.029773
0.030555
0.033518
0.043971
0.039185
0.030914
0.034607
0.032637
0.031381
0.032108
0.034485
0.034376
0.045199
0.031871
0.031255
0.033008
0.035739
0.035781
0.029596
0.031449
0.033689
0.030651
0.038177
0.028815
0.031783
0.033318
0.036795
0.028643
0.030127
0.030797
0.033861
0.030043
0.030690
0.030894
0.029498
0.026931
0.030525
0.038083
0.038868
0.035220
0.034356
0.040957
0.033719
0.034504
0.034961
0.036986
0.040530
0.039455
0.033860
0.035997
0.041184
0.038204
0.033982
0.030392
0.032397
0.028523
0.028176
0.028026
0.030037
0.031419
0.027506
0.030026
0.034724
0.032160
0.031568
0.033197
0.032329
0.033686
0.033707
0.032161
0.033130
0.029428
0.033947
0.031308
0.036071
0.032839
0.028284
0.030981
0.029936
0.029051
0.051634
0.030856
0.045456
0.027348
0.032724
0.033277
0.029260
0.029296
0.041463
0.031984
0.030649
0.028531
0.029202
0.035847
0.035056
0.034964
0.028214
0.039235
0.048514
0.033523
0.036124
0.031091
0.034835
0.033895
0.033830
0.039451
0.028979
0.033925
0.033763
0.051161
0.044806
0.033292
0.028970
0.044832
0.046652
0.035461
0.028817
0.037157
0.042315
0.034281
0.028893
0.026309
0.027104
0.035624
0.029867
0.030222
0.032501
0.047349
0.043252
0.035563
0.044803
0.033046
0.037910
0.026052
0.027638
0.028757
0.043273
0.042449
0.031906
0.045408
0.052366
0.029878
0.025257
0.023869
0.025211
0.029619
0.028758
0.028099
0.027542
0.057636
0.058544
0.043336
0.039269
0.033029
0.030201
0.048857
0.037252
0.050405
0.029205
0.030255
0.029682
0.032111
0.029671
0.035712
0.030537
0.032276
0.028058
0.029974
0.041702
0.034441
0.027371
0.029855
0.029706
0.033282
0.031837
0.030066
0.049830
0.037704
0.037200
0.031085
0.031761
0.032766
0.052513
0.033808
0.032640
0.035809
0.043947
0.035908
0.038977
0.036954
0.033428
0.031346
0.054174
0.048797
0.033896
0.037304
0.044548
0.044198
0.041277
0.035684
0.043398
0.034224
0.036718
0.047591
0.042618
0.042535
0.037374
0.043175
0.048866
0.044189
0.037446
0.035234
0.035254
0.034753
0.047424
0.034050
0.030097
0.032477
0.034184
0.035065
0.041780
0.035712
0.051044
0.029814
0.034566
0.028322
0.029364
0.043682
0.034745
0.033693
0.029099
0.042696
0.031225
0.036443
0.037185
0.039313
0.029071
0.027348
0.030081
0.042288
0.040452
0.029574
0.027118
0.027738
0.042183
0.034562
0.041627
0.041115
0.038056
0.029149
0.037452
0.029999
0.031273
0.026881
0.029632
0.043324
0.032430
0.028361
0.028553
0.027884
0.043535
0.033989
0.047160
0.041693
0.033753
0.028376
0.029091
0.027256
0.033942
0.027460
0.028078
0.029647
0.027973
0.035241
0.036588
0.030601
0.036033
0.043701
0.035580
0.032185
0.035925
0.031645
0.029007
0.027554
0.036034
0.027554
0.027359
0.038033
0.035151
0.032362
0.026029
0.047611
0.030570
0.037897
0.027750
0.023771
0.024313
0.039270
0.048715
0.038870
0.032740
0.040347
0.037830
0.032578
0.028963
0.034258
0.030349
0.042356
0.024700
0.024328
0.042403
0.036472
0.025020
0.027876
0.029844
0.040681
0.039236
0.041810
0.036696
0.034888
0.030241
0.034657
0.030347
0.051692
0.038182
0.041623
0.035400
0.032758
0.029593
0.038165
0.032840
0.028696
0.030102
0.028485
0.033629
0.032259
0.043999
0.032207
0.032364
0.041481
0.031387
0.035696
0.036549
0.026635
0.032905
0.036185
0.046429
0.036947
0.036328
0.034185
0.044072
0.035765
0.028097
0.026402
0.028591
0.047616
0.037104
0.038276
0.062744
0.030429
0.035455
0.036698
0.026560
0.023615
0.023689
0.024871
0.023107
0.026420
0.027182
0.044002
0.030735
0.032262
0.030317
0.032200
0.031154
0.034293
0.039660
0.030203
0.031802
0.033762
0.028451
0.040649
0.038103
0.032166
0.029445
0.029766
0.027825
0.035702
0.032094
0.033766
0.032184
0.033376
0.028751
0.032571
0.032501
0.042174
0.031874
0.031788
0.033996
0.029463
0.032271
0.030817
0.032440
0.041377
0.032047
0.029093
0.037150
0.046155
0.045284
0.040981
0.053472
0.040765
0.032690
0.032890
0.043090
0.031838
0.031819
0.036260
0.038244
0.039400
0.035390
0.052942
0.031605
0.029090
0.029493
0.029984
0.031223
0.037301
0.028949
0.049987
0.039028
0.037928
0.037908
0.038426
0.035299
0.036016
0.027957
0.030959
0.043113
0.043978
0.046438
0.040091
0.047868
0.035424
0.028355
0.034753
0.036876
0.036940
0.033423
0.034286
0.030978
0.028704
0.031297
0.028722
0.033557
0.028760
0.030777
0.040164
0.026161
0.023947
0.028422
0.026284
0.026442
0.027758
0.052756
0.043669
0.042202
0.036494
0.034800
0.030296
0.030709
0.039295
0.042691
0.038827
0.042186
0.031624
0.034331
0.024113
0.026187
0.029086
0.031641
0.044267
0.046307
0.038306
0.045537
0.044432
0.043693
0.034763
0.032562
0.035866
0.030979
0.028267
0.043935
0.034121
0.040083
0.031182
0.032659
0.032212
0.030948
0.033708
0.029695
0.042554
0.030592
0.028142
0.028279
0.031176
0.050924
0.038216
0.032211
0.032382
0.039778
0.030035
0.042496
0.040003
0.053723
0.039138
0.031866
0.029237
0.031280
0.028141
0.026872
0.041284
0.031563
0.040756
0.030329
0.028355
0.036565
0.037625
0.030159
0.028250
0.045461
0.035533
0.043347
0.033792
0.036918
0.031777
0.030153
0.030125
0.047776
0.044084
0.040186
0.045544
0.034854
0.028396
0.028361
0.028651
0.037657
0.037078
0.030935
0.030491
0.032112
0.025641
0.030597
0.026423
0.026112
0.044737
0.034411
0.032679
0.038769
0.048312
0.032665
0.037758
0.040769
0.038510
0.029245
0.030581
0.030324
0.030222
0.031468
0.024855
0.027110
0.033861
0.030324
0.029575
0.028463
0.029521
0.024881
0.028162
0.022831
0.045910
0.030086
0.029818
0.046787
0.035199
0.034780
0.032921
0.032333
0.028778
0.030869
0.036436
0.029405
0.028072
0.029772
0.032248
0.031009
0.029220
0.039306
0.033405
0.033781
0.027531
0.028974
0.030806
0.031257
0.036371
0.030322
0.031185
0.028475
0.032933
0.029026
0.035969
0.034919
0.044014
0.036367
0.042151
0.043817
0.032005
0.031888
0.033812
0.043271
0.033045
0.029092
0.040062
0.030534
0.035037
0.033256
0.029630
0.028862
0.030184
0.044869
0.030386
0.030173
0.040743
0.037787
0.033282
0.044164
0.037904
0.041752
0.031642
0.032402
0.037627
0.032733
0.029995
0.030288
0.031862
0.030442
0.046160
0.044601
0.034658
0.041926
0.046978
0.032356
0.031846
0.031790
0.031538
0.028777
0.029938
0.028550
0.028929
0.030207
0.046378
0.029168
0.029771
0.034016
0.028739
0.032140
0.030491
0.030001
0.032617
0.031540
0.032055
0.026941
0.027720
0.028748
0.033514
0.030149
0.028881
0.030358
0.050712
0.035991
0.028929
0.042675
0.037697
0.033241
0.029429
0.028247
0.035242
0.036255
0.030281
0.039207
0.040706
0.039430
0.035586
0.028098
0.027380
0.031526
0.029748
0.049385
0.041128
0.055686
0.029806
0.032902
0.035382
0.050246
0.045436
0.033844
0.032558
0.031152
0.031183
0.029488
0.035528
0.035262
0.035630
0.050368
0.033657
0.029686
0.031307
0.037202
0.030415
0.035538
0.035288
0.040781
0.042409
0.042521
0.039060
0.052888
0.041657
0.032459
0.044527
0.035913
0.029701
0.031853
0.029005
0.030644
0.028897
0.028759
0.030207
0.029536
0.041658
0.033700
0.034170
0.042340
0.027483
0.034844
0.030317
0.034978
0.036723
0.031782
0.034520
0.040517
0.038458
0.037607
0.040467
0.032674
0.044472
0.032145
0.036757
0.041204
0.050071
0.035442
0.029516
0.035258
0.030824
0.031939
0.031557
0.031562
0.041396
0.031227
0.045863
0.033665
0.045810
0.030798
0.034157
0.030460
0.029758
0.034463
0.034110
0.049858
0.036394
0.036476
0.030036
0.029509
0.031699
0.044833
0.054465
0.042048
0.041668
0.034696
0.037680
0.029681
0.029067
0.032181
0.032218
0.032852
0.029294
0.029132
0.031472
0.034231
0.030726
0.030451
0.032700
0.029024
0.038060
0.040601
0.046228
0.045456
0.036568
0.043009
0.047139
0.034602
0.041336
0.047880
0.039139
0.034944
0.032666
0.033216
0.035997
0.034729
0.030077
0.032141
0.032686
0.045796
0.037900
0.030746
0.030255
0.045291
0.047242
0.035752
0.032102
0.045073
0.032559
0.033157
0.043377
0.036175
0.032081
0.032562
0.030483
0.029795
0.030489
0.029793
0.028378
0.030888
0.030910
0.029890
0.043202
0.044614
0.035301
0.029688
0.031057
0.030279
0.036033
0.035423
0.030103
0.027972
0.029588
0.029341
0.024271
0.026602
0.026579
0.026184
0.024592
0.027399
0.036412
0.035844
0.049125
0.030828
0.044701
0.032723
0.032270
0.048899
0.038685
0.046993
0.029304
0.041574
0.032744
0.030921
0.032083
0.029361
0.030547
0.031466
0.032358
0.031900
0.031009
0.032475
0.030769
0.035908
0.030590
0.030604
0.031013
0.030165
0.041381
0.043354
0.037248
0.028920
0.041215
0.035095
0.034308
0.034776
0.031932
0.042972
0.036770
0.035659
0.036176
0.032279
0.029220
0.030564
0.031043
0.029355
0.031539
0.044541
0.029245
0.032722
0.033350
0.029533
0.034872
0.033746
0.038648
0.042177
0.032792
0.032016
0.034888
0.035881
0.034989
0.041121
0.035560
0.031599
0.031627
0.033673
0.028548
0.030733
0.034009
0.031159
0.030365
0.030921
0.031976
0.043269
0.032373
0.041560
0.035547
0.029340
0.031102
0.031132
0.030468
0.034777
0.028940
0.034794
0.032135
0.044580
0.028788
0.048244
0.027646
0.045608
0.046001
0.029094
0.030763
0.050142
0.033606
0.030437
0.029386
0.030403
0.029566
0.026357
0.027594
0.028016
0.029227
0.058037
0.026428
0.038356
0.033352
0.028231
0.032008
0.031369
0.030417
0.026692
0.026311
0.042936
0.028857
0.024158
0.025693
0.029665
0.043941
0.040255
0.044608
0.037650
0.044464
0.028503
0.038747
0.042153
0.033136
0.029556
0.030828
0.037483
0.035358
0.027902
0.028771
0.028557
0.026478
0.043530
0.048012
0.030761
0.032930
0.033283
0.030185
0.032626
0.032040
0.032206
0.038105
0.033283
0.034531
0.034630
0.030821
0.029500
0.031151
0.034278
0.035516
0.030149
0.035450
0.033323
0.039382
0.044514
0.031430
0.048893
0.048320
0.039539
0.033736
0.038442
0.032060
0.031709
0.030807
0.030977
0.032825
0.032858
0.033735
0.034611
0.030668
0.031166
0.031383
0.032226
0.032417
0.029394
0.033387
0.037519
0.040882
0.041588
0.029438
0.030514
0.040256
0.042174
0.036792
0.029444
0.029517
0.030291
0.034657
0.036353
0.043982
0.043972
0.037101
0.035045
0.030933
0.031374
0.029031
0.029319
0.031865
0.034088
0.032646
0.039207
0.036484
0.035591
0.035662
0.038845
0.039135
0.037083
0.035690
0.035691
0.038091
0.027997
0.032340
0.032865
0.034386
0.029041
0.045621
0.040144
0.034692
0.029608
0.029418
0.027949
0.042532
0.034205
0.029137
0.028863
0.027308
0.027191
0.029209
0.029742
0.028354
0.028981
0.030278
0.033443
0.030981
0.030202
0.035155
0.027465
0.035205
0.028268
0.032182
0.037348
0.031046
0.030846
0.028932
0.029898
0.033347
0.034475
0.046292
0.035016
0.039526
0.037839
0.039876
0.029324
0.029922
0.031139
0.030275
0.031937
0.028343
0.030643
0.030566
0.035905
0.029205
0.029918
0.028627
0.029335
0.033415
0.033601
0.030845
0.033752
0.043018
0.041723
0.046090
0.043443
0.036663
0.044515
0.038980
0.030617
0.035384
0.041269
0.044191
0.035674
0.040213
0.033813
0.027851
0.030249
0.035270
0.032741
0.031233
0.034868
0.030757
0.041266
0.031993
0.031546
0.027617
0.034824
0.029080
0.036053
0.028326
0.029068
0.043906
0.034316
0.030747
0.028657
0.030298
0.025996
0.023730
0.026768
0.024106
0.029579
0.023901
0.025020
0.022841
0.027361
0.035584
0.043976
0.043585
0.037952
0.027623
0.028027
0.032189
0.035253
0.033184
0.030170
0.028012
0.028185
0.028085
0.040182
0.031987
0.026893
0.026627
0.027821
0.048285
0.041443
0.029732
0.042536
0.039280
0.041708
0.040029
0.030977
0.039838
0.037801
0.046703
0.042986
0.037503
0.032367
0.031353
0.056737
0.038801
0.041680
0.026456
0.027524
0.027516
0.027501
0.061976
0.032865
0.030061
0.028889
0.033598
0.036216
0.030817
0.029052
0.029436
0.033241
0.038106
0.044910
0.030511
0.030315
0.029753
0.031861
0.028736
0.036481
0.031731
0.030985
0.031776
0.027877
0.040819
0.030728
0.029789
0.032163
0.041604
0.036967
0.030699
0.034048
0.031280
0.034093
0.039047
0.035720
0.029720
0.030797
0.043322
0.033449
0.034128
0.029919
0.030694
0.038352
0.029375
0.038381
0.037037
0.028575
0.031032
0.040951
0.031225
0.028711
0.031111
0.030478
0.039062
0.033618
0.029115
0.032252
0.030009
0.028756
0.030847
0.035908
0.033642
0.033682
0.040761
0.028206
0.030277
0.034151
0.046597
0.046346
0.030805
0.027765
0.030168
0.031101
0.032377
0.029009
0.029972
0.042348
0.038171
0.037619
0.029103
0.037794
0.032673
0.029329
0.035995
0.032723
0.040679
0.042977
0.041215
0.030712
0.043737
0.042203
0.034292
0.032147
0.032551
0.037863
0.037734
0.036920
0.037715
0.042287
0.033847
0.038360
0.044403
0.037483
0.031341
0.038124
0.048073
0.038911
0.036344
0.034386
0.047130
0.052258
0.041751
0.031737
0.031402
0.029461
0.042600
0.040593
0.045696
0.034404
0.042889
0.031165
0.033147
0.039822
0.032606
0.044422
0.039489
0.045928
0.034253
0.031811
0.029841
0.027668
0.027367
0.026786
0.036866
0.038461
0.033784
0.034934
0.040974
0.034950
0.032339
0.030892
0.039059
0.032852
0.031379
0.031128
0.046448
0.032260
0.031454
0.035421
0.031932
0.054985
0.029971
0.029553
0.049914
0.040123
0.044982
0.030029
0.039967
0.035245
0.030984
0.028734
0.029020
0.031190
0.051120
0.034453
0.042466
0.042357
0.029235
