0.017375
0.329234
0.196623
0.182363
0.165404
0.228271
0.194366
0.216228
0.218400
0.204186
0.181168
0.194553
0.181612
0.195895
0.175636
0.220642
0.202125
0.176844
0.181448
0.190706
0.183743
0.191983
0.192848
0.191755
0.179217
0.181260
0.187972
0.201903
0.199595
0.210002
0.191474
0.191958
0.202528
0.169496
0.213143
0.213157
0.179649
0.199987
0.184014
0.212619
0.216913
0.206261
0.167783
0.190038
0.183481
0.201775
0.194221
0.221931
0.191910
0.189702
0.201952
0.199404
0.183098
0.172497
0.200298
0.197659
0.178668
0.182749
0.174554
0.194711
0.183644
0.192784
0.189600
0.182764
0.168447
0.168158
0.189919
0.178534
0.190894
0.245324
0.188750
0.168839
0.170717
0.165807
0.225071
0.203031
0.204896
0.174215
0.187337
0.201713
0.186731
0.188156
0.182426
0.192203
0.174057
0.211421
0.192462
0.182212
0.182474
0.172356
0.188261
0.189021
0.198176
0.185494
0.186862
0.210381
0.191246
0.183783
0.214095
0.216192
0.200386
0.160631
0.204967
0.190513
0.185078
0.192984
0.197890
0.203282
0.200642
0.171193
0.198794
0.183947
0.203543
0.185516
0.197745
0.186058
0.212753
0.206467
0.196820
0.173037
0.192580
0.174408
0.180145
0.205822
0.166706
0.212365
0.183166
0.205458
0.195608
0.188002
0.179094
0.197622
0.194261
0.171251
0.193287
0.175493
0.192084
0.193042
0.191623
0.173675
0.185245
0.176654
0.195303
0.208672
0.173028
0.172263
0.157784
0.191707
0.201408
0.215649
0.187436
0.187892
0.175528
0.172359
0.197050
0.194284
0.205577
0.197547
0.185779
0.202214
0.200261
0.175397
0.172129
0.180862
0.199339
0.208286
0.177605
0.209195
0.201462
0.165089
0.170218
0.186964
0.192036
0.195796
0.209908
0.178863
0.205653
0.186530
0.225740
0.217150
0.181614
0.194810
0.195476
0.208149
0.184689
0.192481
0.182229
0.174373
0.164463
0.190299
0.176059
0.203733
0.213447
0.203616
0.189270
0.210278
0.187143
0.195777
0.283209
0.191540
0.171073
0.184853
0.184812
0.176845
0.179311
0.202966
0.186459
0.195200
0.177127
0.249218
0.180931
0.189061
0.183896
0.185776
0.211206
0.199114
0.186246
0.183823
0.205056
0.197187
0.168174
0.199998
0.179037
0.207891
0.196932
0.211063
0.206140
0.208931
0.174972
0.180619
0.200824
0.172681
0.194035
0.195459
0.199030
0.203894
0.195342
0.177085
0.217911
0.207516
0.215174
0.209282
0.229850
0.194774
0.216989
0.222141
0.208387
0.217869
0.178013
0.170376
0.192077
0.202977
0.182058
0.193318
0.192300
0.189364
0.190105
0.168827
0.173070
0.193959
0.186405
0.191216
0.187026
0.167189
0.189083
0.186368
0.174075
0.184369
0.167988
0.218189
0.199879
0.169842
0.173789
0.195618
0.181215
0.213580
0.179776
0.192023
0.183362
0.181437
0.169851
0.172080
0.189705
0.191095
0.176268
0.169672
0.173157
0.210702
0.194756
0.188251
0.203091
0.182946
0.177000
0.179229
0.180273
0.189386
0.194912
0.217498
0.183252
0.178085
0.186023
0.182259
0.191764
0.194820
0.189789
0.176043
0.201729
0.178930
0.179357
0.163844
0.161248
0.192225
0.205452
0.208166
0.163472
0.186001
0.214897
0.207006
0.209716
0.182772
0.224434
0.192778
0.183580
0.171085
0.189385
0.191715
0.212694
0.172826
0.196506
0.177057
0.193762
0.193609
0.175583
0.180376
0.191107
0.188048
0.202683
0.172569
0.185889
0.186346
0.257262
0.189075
0.180503
0.192351
0.183563
0.181866
0.182892
0.180270
0.182128
0.191727
0.190136
0.185344
0.188307
0.206935
0.197149
0.185883
0.212588
0.172273
0.179975
0.203684
0.194381
0.162399
0.206462
0.160148
0.188265
0.176673
0.203059
0.201568
0.182683
0.172375
0.193932
0.205625
0.199191
0.174764
0.203498
0.218755
0.197506
0.174817
0.159530
0.163660
0.165657
0.175821
0.188624
0.181457
0.176279
0.170758
0.169927
0.178498
0.175950
0.209609
0.207098
0.174980
0.183997
0.204144
0.194634
0.176365
0.174955
0.212178
0.174940
0.176761
0.182603
0.174897
0.170424
0.186868
0.206361
0.207225
0.182064
0.191081
0.183203
0.191457
0.206564
0.199412
0.185480
0.209015
0.185396
0.183124
0.202355
0.196898
0.191042
0.180734
0.185118
0.239999
0.201845
0.206946
0.186616
0.186361
0.189603
0.186357
0.174885
0.204752
0.197961
0.190724
0.217911
0.192885
0.168477
0.172940
0.206710
0.179726
0.160330
0.161831
0.172514
0.178668
0.217217
0.192585
0.184833
0.170665
0.203698
0.179823
0.183903
0.170515
0.186336
0.172721
0.169270
0.175266
0.198728
0.174136
0.217179
0.177520
0.167745
0.192711
0.173080
0.183397
0.218578
0.203700
0.192092
0.196234
0.172104
0.185205
0.211401
0.159244
0.200566
0.187958
0.167934
0.190620
0.170104
0.183188
0.182513
0.198435
0.178260
0.202973
0.208600
0.205707
0.201374
0.184875
0.193188
0.182199
0.210219
0.188403
0.165016
0.178746
0.182765
0.192791
0.184791
0.178464
0.178311
0.199537
0.201503
0.190883
0.220881
0.164314
0.196523
0.183705
0.186573
0.192427
0.177716
0.174278
0.168733
0.181510
0.192106
0.191731
0.191788
0.182626
0.186846
0.197248
0.197184
0.174711
0.175370
0.231999
0.185782
0.184570
0.216318
0.187418
0.188432
0.179953
0.182592
0.231936
0.212687
0.227225
0.199563
0.174941
0.191576
0.198720
0.190072
0.196923
0.178069
0.205959
0.190868
0.165211
0.189209
0.209536
0.200423
0.187966
0.191369
0.191004
0.187637
0.203233
0.213734
0.199357
0.213557
0.223405
0.171241
0.212743
0.200545
0.199130
0.196141
0.219709
0.188304
0.193363
0.204671
0.198120
0.188256
0.203868
0.203890
0.179028
0.184668
0.168419
0.181105
0.186603
0.191734
0.217468
0.200509
0.247874
0.209090
0.190454
0.172538
0.163946
0.174641
0.184753
0.195673
0.205265
0.185360
0.200489
0.193552
0.190649
0.194870
0.183312
0.183278
0.190490
0.192189
0.177596
0.181638
0.177906
0.192168
0.220980
0.196723
0.211529
0.172745
0.174879
0.191121
0.199419
0.194879
0.210310
0.224371
0.235795
0.225735
0.206702
0.210165
0.202569
0.191182
0.172451
0.165810
0.184317
0.192420
0.191343
0.180277
0.202674
0.200875
0.190582
0.200036
0.211849
0.191251
0.201174
0.171982
0.160211
0.186277
0.185768
0.182351
0.167128
0.183096
0.190816
0.206489
0.211633
0.214831
0.218939
0.191097
0.197048
0.200172
0.192588
0.205100
0.183213
0.180026
0.163507
0.168363
0.202267
0.207902
0.190712
0.178920
0.193018
0.187217
0.203856
0.202002
0.187220
0.185704
0.188886
0.196105
0.187028
0.158010
0.202284
0.206739
0.195528
0.176635
0.194121
0.204537
0.157098
0.204477
0.175800
0.189492
0.196675
0.176343
0.189244
0.172866
0.195385
0.193786
0.176588
0.175946
0.198948
0.203006
0.195371
0.195127
0.186296
0.177753
0.180028
0.180089
0.181594
0.198502
0.163028
0.178967
0.168601
0.189155
0.177508
0.199238
0.158976
0.192883
0.169667
0.193651
0.204031
0.184435
0.184888
0.178328
0.185054
0.166603
0.173425
0.202027
0.185776
0.204767
0.182330
0.194747
0.175147
0.176570
0.201811
0.208447
0.219815
0.181715
0.206167
0.203984
0.202299
0.195623
0.211452
0.183909
0.188482
0.176991
0.184774
0.190125
0.181604
0.182621
0.197817
0.189791
0.193534
0.179828
0.193582
0.191828
0.201350
0.198685
0.230999
0.218103
0.202287
0.162923
0.178622
0.216413
0.190817
0.192064
0.193833
0.217198
0.186004
0.169859
0.181887
0.207947
0.209033
0.208907
0.212053
0.205300
0.208730
0.187292
0.181926
0.192829
0.179934
0.164482
0.201489
0.169205
0.184648
0.178895
0.190699
0.171454
0.187111
0.191173
0.188900
0.183251
0.216529
0.216739
0.184925
0.167537
0.170111
0.198777
0.191933
0.183921
0.183735
0.218525
0.187629
0.189694
0.170377
0.184140
0.193155
0.215281
0.188307
0.197121
0.178706
0.175560
0.186810
0.183710
0.169283
0.197026
0.173399
0.208731
0.176188
0.228610
0.194172
0.168251
0.227475
0.196628
0.192547
0.170527
0.188800
0.160841
0.168505
0.200104
0.187522
0.190930
0.191549
0.201842
0.189628
0.191969
0.176008
0.194701
0.184651
0.162835
0.202839
0.187142
0.178762
0.181434
0.189368
0.185127
0.180578
0.161095
0.187545
0.203823
0.168548
0.196690
0.185773
0.201602
0.170900
0.198482
0.193341
0.225697
0.184345
0.248530
0.172652
0.183634
0.186847
0.194199
0.187079
0.192613
0.172753
0.210042
0.190545
0.187068
0.191012
0.177225
0.196762
0.218756
0.181179
0.189933
0.193877
0.197144
0.160313
0.198834
0.172463
0.195328
0.178424
0.184435
0.219869
0.186990
0.180026
0.179067
0.183506
0.224652
0.182847
0.179666
0.195259
0.182465
0.177128
0.169348
0.170660
0.195342
0.204816
0.172158
0.230452
0.180121
0.174987
0.201003
0.176408
0.196068
0.212876
0.180003
0.185318
0.176761
0.257480
0.242110
0.194633
0.174922
0.171901
0.160897
0.192675
0.180080
0.185024
0.173867
0.198132
0.201464
0.209503
0.198457
0.194145
0.191456
0.218841
0.184848
0.171305
0.176903
0.187335
0.190430
0.206935
0.187757
0.201925
0.188424
0.184998
0.183536
0.194768
0.184158
0.184887
0.178320
0.170060
0.172489
0.178923
0.184860
0.193012
0.199428
0.179107
0.178751
0.189810
0.197243
0.187030
0.183898
0.179610
0.195064
0.182390
0.193310
0.173104
0.204341
0.166801
0.183005
0.190016
0.185355
0.193877
0.179964
0.170263
0.159626
0.181148
0.173942
0.208266
0.186264
0.184730
0.190759
0.189090
0.186267
0.186541
0.168911
0.194427
0.193202
0.199889
0.167321
0.186742
0.187057
0.195033
0.199464
0.197376
0.196807
0.160745
0.159645
0.201263
0.191796
0.195467
0.192905
0.196697
0.192757
0.212160
0.212353
0.203517
0.209581
0.179798
0.217582
0.202121
0.199790
0.199504
0.183647
0.180687
0.201694
0.170445
0.195422
0.193101
0.200430
0.203091
0.173766
0.184712
0.182255
0.169168
0.178732
0.200457
0.200284
0.170200
0.212896
0.189949
0.169374
0.195249
0.169026
0.177577
0.199017
0.210348
0.163419
0.186608
0.167956
0.174557
0.166600
0.190969
0.184741
0.179039
0.188578
0.165005
0.172569
0.196516
0.176030
0.185875
0.172552
0.187392
0.221180
0.178535
0.191911
0.214529
0.204670
0.190173
0.185189
0.185001
0.190290
0.220825
0.189920
0.185483
0.184539
0.200614
0.216696
0.195271
0.194706
0.189516
0.186654
0.163512
0.199831
0.185840
0.164841
0.186384
0.210752
0.194298
0.216313
0.189619
0.192999
0.176655
0.187291
0.157831
0.170100
0.175595
0.196123
0.225381
0.169975
0.177903
0.201107
0.195987
0.171571
0.193484
0.190785
0.200078
0.210216
0.177594
0.211513
0.153928
0.192948
0.168853
0.166980
0.205320
0.199985
0.191844
0.201993
0.186781
0.179105
0.199039
0.178486
0.170455
0.188140
0.172423
0.197627
0.176305
0.176803
0.175213
0.176753
0.184312
0.172017
0.201334
0.177944
0.199309
0.212830
0.210346
0.194832
0.205155
0.187700
0.197007
0.175822
0.186609
0.163160
0.185823
0.215023
0.191852
0.183551
0.181158
0.216633
0.178960
0.183128
0.207757
0.183040
0.192502
0.217730
0.178894
0.201959
0.190429
0.173312
0.182120
0.191367
0.180256
0.211658
0.228108
0.188725
0.179431
0.208327
0.229707
0.170664
0.198001
0.208383
0.198534
0.178089
0.208246
0.194722
0.207214
0.213096
0.181989
0.201590
0.177072
0.203496
0.165255
0.199468
0.186501
0.199348
0.181322
0.171491
0.183775
0.161725
0.221249
0.210048
0.187087
0.213872
0.175328
0.186245
0.196544
0.196521
0.175185
0.188331
0.189451
0.177309
0.221735
0.199131
0.222755
0.227664
0.210699
0.181697
0.168764
0.212890
0.187689
0.171348
0.183054
0.193720
0.187803
0.181137
0.198191
0.174778
0.189015
0.172938
0.161386
0.176204
0.193105
0.188726
0.195851
0.190405
0.166536
0.196069
0.185498
0.190886
0.164482
0.191539
0.163127
0.180899
0.166790
0.191253
0.192248
0.192125
0.186582
0.167545
0.186714
0.194273
0.168771
0.173796
0.183523
0.168157
0.200073
0.191059
0.182536
0.185896
0.175395
0.187366
0.188233
0.191853
0.188541
0.184845
0.205461
0.182198
0.179770
0.189110
0.192180
0.199044
0.212564
0.190311
0.199660
0.185026
0.192654
0.176881
0.200255
0.174746
0.213709
0.192892
0.186914
0.180321
0.169679
0.190579
0.185120
0.180596
0.197604
0.166435
0.203440
0.164174
0.194577
0.181680
0.175804
0.196911
0.192748
0.179380
0.178741
0.191082
0.183527
0.201922
0.194537
0.175796
0.195151
0.204827
0.188176
0.173983
0.179571
0.189775
0.222963
0.209903
0.188421
0.180208
0.177702
0.171952
0.173070
0.193516
0.195940
0.214458
0.175947
0.167106
0.177146
0.159739
0.198578
0.196653
0.178179
0.178507
0.207604
0.192734
0.204018
0.202975
0.173006
0.204470
0.170640
0.176636
0.171602
0.188760
0.186236
0.169570
0.200326
0.185169
0.207568
0.194446
0.215238
0.188145
0.216628
0.204962
0.180323
0.196052
0.175632
0.193885
0.186371
0.193686
0.171433
0.186740
0.190301
0.190423
0.174821
0.170545
0.201730
0.179655
0.186603
0.212828
0.193863
0.185076
0.216503
0.190076
0.179954
0.171654
0.186244
0.179196
0.178793
0.193566
0.197928
0.200242
0.204973
0.197448
0.162393
0.223290
0.172018
0.159718
0.196892
0.200243
0.201008
0.189407
0.200410
0.186378
0.206787
0.187751
0.181037
0.157989
0.169163
0.181997
0.196701
0.182782
0.182061
0.181332
0.171354
0.190185
0.164218
0.183358
0.188914
0.202683
0.179220
0.203299
0.183805
0.178980
0.191283
0.240405
0.177327
0.185773
0.203306
0.203612
0.219491
0.182882
0.169390
0.168029
0.168117
0.190472
0.217881
0.176695
0.165871
0.172118
0.212037
0.194902
0.185282
0.169897
0.177146
0.193567
0.181455
0.176985
0.203661
0.210172
0.184329
0.176402
0.188247
0.180682
0.173960
0.177062
0.205213
0.197650
0.174898
0.191513
0.181683
0.211156
0.222180
0.201017
0.188241
0.231799
0.195596
0.208797
0.185868
0.202141
0.207007
0.180506
0.182462
0.210954
0.184335
0.186781
0.176615
0.255393
0.183623
0.221356
0.220777
0.185302
0.183926
0.229149
0.192572
0.179461
0.181052
0.207080
0.178082
0.187789
0.191952
0.247509
0.217914
0.187119
0.189676
0.202081
0.198227
0.212988
0.196966
0.216255
0.171344
0.190621
0.196056
0.174735
0.229419
0.163544
0.182601
0.204416
0.192117
0.228041
0.204424
0.171591
0.216103
0.192137
0.193355
0.208759
0.211576
0.175943
0.197703
0.187935
0.170271
0.179423
0.178572
0.193700
0.211134
0.192739
0.168775
0.207342
0.203804
0.207432
0.181744
0.202512
0.191609
0.184340
0.188219
0.179958
0.231414
0.224132
0.192736
0.226088
0.193159
0.184118
0.175339
0.185247
0.190950
0.200270
0.201587
0.188729
0.181722
0.208498
0.204334
0.211326
0.192477
0.195395
0.167342
0.190431
0.172607
0.186466
0.189571
0.190890
0.188976
0.190172
0.218170
0.192250
0.175765
0.153018
0.180379
0.182727
0.203266
0.184753
0.172948
0.181154
0.168811
0.200153
0.207957
0.204951
0.177044
0.195830
0.202618
0.204665
0.173822
0.192410
0.186722
0.180463
0.205453
0.199676
0.176246
0.167097
0.202945
0.155403
0.206700
0.187628
0.192584
0.199200
0.190143
0.192878
0.199604
0.212708
0.164293
0.199468
0.183930
0.223126
0.187287
0.200596
0.195268
0.237726
0.179353
0.195543
0.177592
0.184261
0.191214
0.199728
0.193885
0.180973
0.176054
0.183112
0.176356
0.175436
0.187431
0.199629
0.199588
0.190836
0.169080
0.201472
0.178837
0.198758
0.189351
0.180009
0.224290
0.187416
0.209039
0.181211
0.171582
0.229508
0.187112
0.192743
0.205196
0.184160
0.186663
0.175532
0.191105
0.186775
0.179928
0.176973
