0.019888
0.200490
0.210056
0.177473
0.175815
0.201414
0.190819
0.172101
0.194366
0.201133
0.201613
0.177495
0.173326
0.211829
0.217274
0.181164
0.189536
0.196478
0.192583
0.208023
0.217644
0.185481
0.190740
0.209855
0.185772
0.207062
0.199532
0.179376
0.196875
0.201291
0.216202
0.199280
0.196536
0.205785
0.170891
0.176865
0.185698
0.182623
0.180119
0.188130
0.198203
0.172690
0.170217
0.212347
0.201550
0.203306
0.181816
0.195317
0.205703
0.170216
0.194297
0.202744
0.202292
0.189115
0.190709
0.196102
0.176490
0.201378
0.193316
0.206306
0.182075
0.195794
0.201882
0.206389
0.188261
0.181044
0.199476
0.183727
0.217329
0.205076
0.199008
0.190878
0.212309
0.195665
0.192882
0.175829
0.201175
0.188002
0.215613
0.195002
0.231718
0.185638
0.174472
0.162605
0.183709
0.194865
0.241443
0.189827
0.191627
0.184569
0.187499
0.225933
0.215181
0.201428
0.177948
0.185172
0.171109
0.200993
0.182263
0.186253
0.189027
0.193793
0.180711
0.180309
0.192341
0.204100
0.190396
0.190614
0.176680
0.195599
0.211847
0.179037
0.204551
0.206980
0.225671
0.211306
0.198634
0.219325
0.205932
0.201275
0.244150
0.219413
0.182965
0.190922
0.192833
0.222963
0.209147
0.188401
0.185901
0.180192
0.170341
0.216862
0.241571
0.223564
0.208930
0.207288
0.198077
0.191931
0.193303
0.194680
0.205537
0.206871
0.192200
0.212768
0.198219
0.192779
0.185584
0.203949
0.190786
0.175317
0.193030
0.192388
0.178049
0.221560
0.179723
0.178471
0.182153
0.208283
0.222120
0.172864
0.197449
0.201292
0.207198
0.233359
0.196903
0.209016
0.189212
0.207162
0.228622
0.199961
0.190808
0.202455
0.179897
0.183916
0.175465
0.193282
0.206720
0.174552
0.182306
0.212079
0.206626
0.203369
0.196481
0.191254
0.183852
0.169181
0.211086
0.196572
0.196197
0.207960
0.201115
0.211958
0.191420
0.177225
0.188089
0.208832
0.198920
0.214846
0.205255
0.179863
0.180548
0.190651
0.209774
0.206101
0.174476
0.200221
0.211919
0.208294
0.193376
0.188487
0.201211
0.202724
0.197880
0.207441
0.192407
0.210608
0.204855
0.200999
0.192196
0.185317
0.173712
0.188752
0.195229
0.175138
0.190939
0.206750
0.180448
0.197524
0.175968
0.186074
0.179478
0.176800
0.173859
0.227509
0.191962
0.190710
0.194801
0.176109
0.182291
0.175317
0.228383
0.218954
0.211656
0.193572
0.210269
0.189267
0.186365
0.199504
0.203029
0.215538
0.201883
0.181893
0.199716
0.212940
0.220619
0.199535
0.199356
0.213349
0.200806
0.174514
0.182580
0.227096
0.221881
0.200204
0.167024
0.174521
0.192730
0.192650
0.173652
0.177814
0.206796
0.204673
0.179914
0.199168
0.213134
0.194830
0.192189
0.192281
0.188786
0.178404
0.207256
0.196539
0.179103
0.186940
0.193230
0.202784
0.190213
0.197302
0.175970
0.238906
0.184807
0.211160
0.238105
0.194079
0.210434
0.204954
0.198577
0.210727
0.194063
0.188095
0.193708
0.205584
0.201464
0.204332
0.184928
0.191145
0.206611
0.195394
0.188792
0.181114
0.210186
0.179448
0.194945
0.195222
0.217930
0.181340
0.181163
0.193338
0.194901
0.192630
0.188381
0.211403
0.172402
0.259706
0.204691
0.198282
0.182088
0.225940
0.186555
0.179607
0.198597
0.219058
0.216937
0.203823
0.188484
0.201728
0.210330
0.179462
0.204881
0.196499
0.210963
0.221958
0.208243
0.200280
0.194472
0.209277
0.181707
0.173935
0.198824
0.218290
0.207887
0.189456
0.179486
0.176658
0.181185
0.197940
0.217727
0.218361
0.191113
0.188328
0.198622
0.204138
0.199042
0.210419
0.202591
0.200653
0.165349
0.185771
0.189422
0.190647
0.199596
0.195037
0.195918
0.197396
0.184538
0.208291
0.210398
0.188630
0.191617
0.190084
0.203338
0.194080
0.210574
0.187268
0.189497
0.212911
0.175369
0.199335
0.208999
0.198677
0.171495
0.169939
0.185305
0.182511
0.199308
0.209728
0.220548
0.203425
0.192835
0.209337
0.193966
0.192830
0.182784
0.172184
0.165801
0.160094
0.180063
0.206368
0.197417
0.174854
0.203032
0.200536
0.189678
0.178426
0.204740
0.203579
0.216259
0.194388
0.192054
0.205949
0.195209
0.183493
0.234729
0.199445
0.215558
0.180455
0.172367
0.181859
0.167829
0.177285
0.170743
0.173254
0.189673
0.208076
0.186052
0.207473
0.188577
0.185436
0.174443
0.233419
0.212373
0.190032
0.207145
0.231529
0.207700
0.230479
0.179296
0.210598
0.180646
0.214924
0.218394
0.207257
0.166864
0.172496
0.172335
0.175710
0.213904
0.217092
0.206076
0.191551
0.203919
0.230798
0.206700
0.234872
0.192901
0.203099
0.194365
0.191501
0.197345
0.205115
0.196917
0.206087
0.200841
0.181261
0.181138
0.193519
0.165738
0.192338
0.197867
0.191506
0.197397
0.194940
0.198438
0.197119
0.193425
0.194268
0.169766
0.179910
0.181957
0.208754
0.189701
0.199724
0.189093
0.197633
0.194159
0.181258
0.177214
0.183364
0.218811
0.198579
0.192636
0.195980
0.183236
0.191109
0.189661
0.211365
0.177788
0.170915
0.206998
0.204829
0.173078
0.187082
0.183747
0.203920
0.209498
0.198968
0.223490
0.189450
0.191480
0.194943
0.204948
0.200165
0.168810
0.200603
0.190139
0.198841
0.189444
0.179269
0.196474
0.190757
0.191273
0.187065
0.193011
0.209106
0.204602
0.196971
0.199051
0.204385
0.215087
0.195599
0.196971
0.193233
0.184741
0.198271
0.171412
0.193249
0.208082
0.224377
0.203040
0.202948
0.183078
0.237380
0.198130
0.182377
0.200500
0.185163
0.178620
0.194238
0.201813
0.204211
0.199659
0.210669
0.230853
0.221115
0.178636
0.196754
0.240159
0.228633
0.188461
0.200406
0.203352
0.204152
0.210679
0.197541
0.172528
0.202597
0.205550
0.207270
0.211059
0.207718
0.218162
0.191236
0.198385
0.187268
0.198598
0.187657
0.220483
0.210726
0.201374
0.189482
0.183679
0.221375
0.185696
0.181327
0.210349
0.215225
0.218417
0.206951
0.210218
0.208362
0.210506
0.180405
0.181168
0.166540
0.170410
0.198922
0.201240
0.190466
0.214320
0.195659
0.207795
0.204940
0.206454
0.203351
0.190600
0.187080
0.198666
0.198425
0.215610
0.186517
0.189197
0.185205
0.208222
0.189625
0.202018
0.202364
0.208173
0.191074
0.204121
0.203128
0.200202
0.200011
0.206344
0.189170
0.219547
0.210392
0.199805
0.207065
0.192259
0.206569
0.177302
0.173158
0.195076
0.192091
0.199081
0.181559
0.194928
0.179543
0.178017
0.180879
0.181086
0.178908
0.182215
0.199795
0.180658
0.177139
0.192117
0.181581
0.177093
0.204941
0.186530
0.198175
0.197587
0.205371
0.198915
0.210321
0.224305
0.203675
0.219896
0.204968
0.199328
0.234212
0.189892
0.180150
0.190784
0.196651
0.180694
0.174726
0.186319
0.183281
0.205100
0.185189
0.181473
0.172360
0.178577
0.192434
0.188709
0.203943
0.193029
0.192746
0.183108
0.184273
0.178559
0.205410
0.204132
0.192548
0.207265
0.184619
0.215085
0.187979
0.198549
0.189538
0.213903
0.208286
0.210566
0.197785
0.200997
0.201231
0.211140
0.211017
0.198636
0.172187
0.185773
0.199541
0.190813
0.201001
0.186182
0.184550
0.189042
0.183883
0.180304
0.225907
0.175240
0.195422
0.188716
0.184698
0.187876
0.177435
0.181674
0.191999
0.186951
0.188494
0.183677
0.194995
0.196776
0.184436
0.195906
0.197062
0.201478
0.179105
0.216068
0.201650
0.180783
0.183613
0.183806
0.202897
0.181839
0.196482
0.209342
0.207594
0.188697
0.199565
0.211952
0.188681
0.189562
0.207016
0.200141
0.196821
0.209898
0.217974
0.220514
0.211916
0.181950
0.195812
0.178062
0.202600
0.207485
0.204549
0.219282
0.184750
0.186378
0.218646
0.197579
0.189942
0.174822
0.185720
0.195685
0.188383
0.193737
0.187291
0.188213
0.202809
0.212178
0.196618
0.200758
0.183063
0.186987
0.182202
0.186523
0.213193
0.211386
0.205420
0.181387
0.189421
0.186331
0.226070
0.195332
0.202832
0.172206
0.218243
0.186065
0.173640
0.196484
0.184118
0.163406
0.197727
0.180596
0.222059
0.191437
0.188411
0.188274
0.178074
0.194369
0.212322
0.179569
0.215878
0.190421
0.191246
0.162528
0.197041
0.205130
0.198652
0.203737
0.218295
0.213100
0.194822
0.168152
0.191218
0.178005
0.175712
0.173985
0.188001
0.197230
0.205216
0.195520
0.195370
0.203493
0.194795
0.183794
0.180253
0.225270
0.202635
0.193241
0.181978
0.198437
0.177766
0.167917
0.173718
0.177767
0.176250
0.192194
0.182623
0.182446
0.202841
0.183349
0.189122
0.194712
0.191055
0.175831
0.195280
0.180626
0.193958
0.178474
0.180114
0.223600
0.187673
0.182487
0.211457
0.214181
0.180487
0.228889
0.187655
0.197654
0.200119
0.207893
0.199636
0.201141
0.204376
0.211597
0.199703
0.196482
0.206577
0.176106
0.173813
0.213167
0.246394
0.212894
0.218376
0.211701
0.201328
0.225296
0.199874
0.188993
0.193574
0.197614
0.178574
0.181545
0.185242
0.209438
0.211575
0.225968
0.217905
0.211383
0.187395
0.194172
0.190990
0.185585
0.208392
0.193448
0.182949
0.208591
0.207659
0.204730
0.215622
0.181821
0.208513
0.194641
0.194257
0.175484
0.170320
0.189703
0.175751
0.173178
0.185628
0.168051
0.194847
0.180639
0.196128
0.238066
0.207481
0.201252
0.197075
0.174633
0.206622
0.196576
0.197699
0.187622
0.200286
0.204417
0.199319
0.194453
0.201816
0.198981
0.200751
0.191329
0.184151
0.195065
0.189397
0.191436
0.200106
0.188842
0.180370
0.183175
0.187967
0.195662
0.177439
0.174285
0.192597
0.215341
0.224829
0.186408
0.212290
0.211843
0.168303
0.194662
0.199441
0.212213
0.171299
0.183889
0.194039
0.176846
0.197970
0.299230
0.211396
0.230298
0.207119
0.224050
0.221133
0.208895
0.195020
0.215784
0.224928
0.221815
0.206485
0.193707
0.188537
0.200516
0.181523
0.180653
0.194268
0.181665
0.191608
0.184321
0.177460
0.172511
0.201672
0.223089
0.194857
0.204251
0.178778
0.181311
0.191931
0.169572
0.203384
0.180724
0.189844
0.187017
0.203262
0.212699
0.202292
0.215304
0.181958
0.203131
0.192914
0.190404
0.193992
0.183201
0.180096
0.199353
0.185996
0.194712
0.179251
0.202655
0.180348
0.176189
0.195630
0.176725
0.198604
0.201477
0.206085
0.179528
0.204367
0.195110
0.204418
0.203918
0.209078
0.188766
0.199450
0.222312
0.189005
0.210151
0.197439
0.211496
0.189443
0.180700
0.205092
0.186067
0.190627
0.188661
0.192672
0.185824
0.186001
0.194111
0.194483
0.198647
0.168701
0.191759
0.199256
0.193923
0.175613
0.225336
0.207582
0.216792
0.205947
0.197663
0.183066
0.192901
0.196144
0.188282
0.176071
0.191875
0.203671
0.195472
0.202911
0.187244
0.192119
0.186000
0.180847
0.221308
0.206299
0.206466
0.183279
0.185163
0.182403
0.193462
0.186013
0.196055
0.194212
0.185638
0.189401
0.191001
0.225009
0.183204
0.198235
0.211494
0.186524
0.196784
0.198041
0.233034
0.216401
0.229519
0.181167
0.185765
0.182353
0.181728
0.213876
0.223882
0.179977
0.185826
0.188910
0.195036
0.200854
0.211681
0.189506
0.214812
0.220992
0.210866
0.193637
0.187226
0.207036
0.202127
0.176858
0.202313
0.184637
0.197695
0.221236
0.180166
0.190890
0.189277
0.193543
0.184719
0.187874
0.191529
0.211362
0.215379
0.176534
0.215607
0.200272
0.205473
0.194792
0.197103
0.213530
0.221136
0.198929
0.207032
0.217121
0.203508
0.205628
0.190223
0.200624
0.204423
0.199551
0.191631
0.206846
0.216386
0.182108
0.218111
0.194315
0.185889
0.186582
0.199886
0.180071
0.199210
0.185650
0.190389
0.188364
0.210382
0.178825
0.211363
0.207146
0.181623
0.167410
0.182075
0.197237
0.175153
0.171767
0.199518
0.199879
0.182770
0.209543
0.209605
0.199545
0.192616
0.192598
0.179720
0.180193
0.190537
0.214378
0.208310
0.188572
0.187609
0.200120
0.199168
0.199946
0.206575
0.178404
0.176680
0.180687
0.182347
0.188107
0.203596
0.202488
0.195904
0.199527
0.205968
0.200510
0.174695
0.206488
0.202446
0.181161
0.199119
0.200463
0.198842
0.188756
0.202790
0.171373
0.212712
0.199368
0.218562
0.221621
0.225268
0.194544
0.221509
0.191328
0.191916
0.199316
0.198010
0.189461
0.204936
0.188998
0.192796
0.183404
0.180430
0.193881
0.186894
0.190530
0.213548
0.216615
0.209341
0.190574
0.180002
0.208007
0.184065
0.182538
0.212580
0.173347
0.210246
0.200808
0.194514
0.216956
0.209000
0.193462
0.188198
0.197288
0.184814
0.177554
0.179016
0.188602
0.199086
0.201635
0.195508
0.198143
0.206206
0.190367
0.203754
0.227260
0.189795
0.177907
0.190341
0.200206
0.188105
0.181121
0.186366
0.197858
0.178231
0.176852
0.209615
0.196182
0.232103
0.189913
0.167366
0.184312
0.203578
0.194318
0.200475
0.207468
0.180525
0.186624
0.212285
0.189150
0.196704
0.193283
0.202660
0.183923
0.195154
0.193877
0.192657
0.191549
0.196906
0.179345
0.198527
0.172956
0.210007
0.197400
0.207631
0.195929
0.198873
0.190225
0.194685
0.191947
0.193214
0.174459
0.203109
0.199410
0.187800
0.195454
0.190467
0.184279
0.203410
0.200959
0.189058
0.179724
0.180842
0.183954
0.187686
0.200046
0.196696
0.179461
0.185421
0.193622
0.167645
0.186510
0.195290
0.195420
0.182237
0.182757
0.220371
0.195498
0.204091
0.193085
0.181457
0.190925
0.187238
0.167271
0.188193
0.201352
0.176618
0.169395
0.193596
0.201952
0.194910
0.192741
0.187341
0.197995
0.208056
0.211725
0.207268
0.216815
0.166523
0.173119
0.198053
0.197631
0.190728
0.200975
0.203742
0.198628
0.188477
0.206470
0.225422
0.178847
0.194817
0.188203
0.256367
0.175666
0.168691
0.196692
0.186364
0.192344
0.174704
0.188054
0.177110
0.178708
0.177727
0.177758
0.209084
0.205638
0.198599
0.181278
0.176142
0.181646
0.175470
0.180493
0.167254
0.169194
0.175213
0.195366
0.192640
0.213203
0.245950
0.209697
0.206107
0.199909
0.183826
0.179382
0.205231
0.203609
0.180754
0.220830
0.166355
0.187211
0.180135
0.175675
0.189123
0.188673
0.196392
0.197373
0.176989
0.195328
0.197001
0.193627
0.186961
0.200463
0.185176
0.181205
0.198794
0.196477
0.219218
0.170487
0.199534
0.198519
0.171838
0.170193
0.191101
0.190393
0.173804
0.184464
0.193924
0.196815
0.193806
0.206292
0.193203
0.193366
0.184559
0.236537
0.179693
0.192586
0.197044
0.181067
0.210483
0.207475
0.185034
0.199774
0.181620
0.202738
0.199452
0.166988
0.197815
0.190051
0.178309
0.171820
0.177817
0.181760
0.239340
0.189102
0.189558
0.206864
0.203029
0.230768
0.180071
0.207083
0.204831
0.205261
0.198300
0.215527
0.188929
0.174117
0.185535
0.199659
0.202292
0.206668
0.181193
0.164103
0.203791
0.208533
0.198114
0.190595
0.181761
0.179946
0.207122
0.229494
0.204293
0.191732
0.179919
0.190244
0.217654
0.190270
0.172513
0.188419
0.203938
0.192512
0.182598
0.190175
0.198005
0.191869
0.202174
0.193982
0.203290
0.201006
0.200258
0.230481
0.180496
0.196268
0.198134
0.191923
0.180600
0.209675
0.209256
0.191051
0.217724
0.204767
0.183069
0.191599
0.197027
0.188926
0.198065
0.191341
0.197130
0.201320
0.201898
0.211087
0.191839
0.181673
0.185494
0.233271
0.196879
0.171269
0.198035
0.173969
0.207725
0.200606
0.223162
0.178545
0.180578
0.187197
0.192222
0.195099
0.177144
0.186458
0.186882
0.201901
0.192693
0.201176
0.200701
0.191282
0.181929
0.181945
0.184094
0.176930
0.230698
0.192437
0.176879
0.225634
0.201521
0.198522
0.193461
0.189744
0.193792
0.196552
0.192392
0.188861
0.221591
0.196831
0.178313
0.197272
0.194924
0.181153
0.187613
0.184700
0.180060
0.190855
0.218581
0.190013
0.201869
0.189754
0.190981
0.192082
0.175069
0.195815
0.208812
0.212667
0.223985
0.207142
0.215293
0.192821
0.179511
0.182391
0.194845
0.179994
0.214712
0.193244
0.193027
0.220266
0.187239
0.182779
0.176106
0.179883
0.172175
0.200567
0.176729
0.191560
0.185864
0.215922
0.178261
0.221811
0.217866
0.185746
0.184635
0.179252
0.175578
0.195535
0.242841
0.216428
0.187407
0.187099
0.196081
0.180629
0.197718
0.214000
0.196516
0.176308
0.199607
0.187107
0.187376
0.218002
0.187446
0.181574
0.201186
0.188328
0.186172
0.193632
0.178369
0.185815
0.199922
0.200188
0.206148
0.224491
0.188463
0.177312
0.176379
0.179112
0.169605
0.230999
0.167153
0.188139
0.187751
0.197237
0.185029
0.194889
0.171172
0.181720
0.185735
0.174642
0.186285
0.170722
0.188613
0.184961
0.218055
0.207834
0.207678
0.214584
0.190762
0.180942
0.182787
0.194025
0.197113
0.192805
0.202984
0.181673
0.202903
0.174938
0.197991
0.210080
0.198361
0.205902
0.194640
0.188783
0.169997
0.157905
0.198891
0.194829
0.197222
0.209693
0.210531
0.208011
0.200215
0.192816
0.214379
0.208265
0.194040
0.192361
0.191294
0.189992
0.188962
0.186523
0.200425
0.212023
0.216737
0.199713
0.205285
0.215564
0.209568
0.196661
0.208692
0.211890
0.210037
0.195391
0.203170
0.191363
0.179589
0.176178
0.180115
0.178144
0.188151
0.177061
0.172250
0.169470
0.197857
0.189717
0.209937
0.177936
0.200883
0.197824
0.191570
0.169775
0.218004
0.197829
0.194875
0.181675
0.181334
0.195632
0.195297
0.181810
0.202589
0.210580
0.179265
0.174220
0.190132
0.180220
0.176138
0.192996
0.177654
0.232472
0.209526
0.198270
0.195379
0.183217
0.193373
0.185027
0.205024
0.168076
0.201473
0.203589
0.182330
0.190461
0.195415
0.200856
0.185297
0.198136
0.200400
0.189066
0.209830
0.181541
0.175485
0.188048
0.197537
0.197717
0.208271
0.227988
0.182071
0.183998
0.194917
0.190004
0.206580
0.220278
0.180159
0.192748
0.220279
0.217683
0.178838
0.196845
0.191656
0.180388
0.191270
0.201521
0.219573
0.185641
0.169150
0.196323
0.174964
0.212709
0.186463
0.171906
0.177030
0.197430
0.228460
0.196165
0.194713
0.199156
0.193928
0.214688
0.193704
0.196964
0.201111
0.212263
0.200761
0.194420
0.193647
0.204554
0.194756
0.187165
0.213529
0.175223
0.181102
0.181985
0.187742
0.212587
0.167575
0.202733
0.183065
0.185671
0.191705
0.205052
0.210244
0.209262
0.172156
0.211471
0.215085
0.200907
0.195541
0.177450
0.165013
0.191094
0.180282
0.172235
0.181829
0.196196
0.210040
0.178809
0.180353
0.200279
0.194250
0.192753
0.192106
0.190488
0.186636
0.201664
0.192294
0.191743
0.170342
0.168655
0.186830
0.213412
0.182587
0.210713
0.206471
0.191811
0.185606
0.192224
0.176340
0.201603
0.187703
0.178965
0.186495
0.185170
0.210884
0.192894
0.212358
0.233361
0.207820
0.215961
0.204858
0.203878
0.218360
0.198155
0.202530
0.166816
0.209114
0.190225
0.194278
0.190683
0.184674
0.196927
0.183775
0.201595
0.188385
0.217293
0.197909
0.201292
0.192858
0.191764
0.185679
0.223949
0.183400
0.188419
0.183465
0.181050
0.178795
0.179826
0.197098
0.200565
0.207299
0.207537
0.196470
0.205942
0.172005
0.203592
0.209662
0.198567
0.201980
0.178016
0.212163
0.205011
0.193911
0.193491
0.187569
0.201234
0.198657
0.193092
0.229876
0.186182
0.178282
0.193422
0.197546
0.196414
0.195202
0.169899
0.205852
0.196106
0.188824
0.186352
0.182748
0.206031
0.195694
0.187269
0.185044
0.223278
0.190507
0.224818
0.202016
0.186578
0.205096
0.197958
0.173550
0.195367
0.177760
0.195985
0.206405
0.196645
0.178473
0.189838
0.198260
0.206217
0.184726
0.222484
0.201509
0.169066
0.175502
0.195358
0.217556
0.187441
0.179647
0.183973
0.196604
0.192804
0.192054
0.182341
0.184809
0.196508
0.179817
0.195992
0.186756
0.193327
0.191166
0.213695
0.177694
0.175191
0.197592
0.198209
0.191789
0.195602
0.198230
0.205263
0.193571
0.193696
0.214317
0.208759
0.208084
0.184818
0.221170
0.205223
0.189626
0.191886
0.184318
0.189132
0.214908
0.197264
0.193031
0.192247
0.197878
0.226477
0.209394
0.217475
0.181351
0.181461
0.191758
0.187367
0.202828
0.207181
0.200145
0.195865
0.182068
0.200729
0.199302
0.191241
0.197763
0.199261
0.190323
0.212632
0.216899
0.211777
0.197534
0.191350
0.200040
0.174631
0.187602
0.205982
0.187798
0.170527
0.201847
0.185432
0.177602
0.226653
0.210284
0.189662
0.180873
0.190054
0.195597
0.190915
0.198549
0.201371
0.201804
0.207002
0.209027
0.203405
0.203220
0.197079
0.195990
0.187939
0.200816
0.193716
0.185206
0.191811
0.176538
0.189103
0.183537
0.181473
0.181557
0.216161
0.188647
0.195164
0.180083
0.193071
0.206787
0.198189
0.185430
0.194353
0.180213
0.206806
0.179582
0.218693
0.202423
0.207492
0.181958
0.199738
0.184391
0.176036
0.209825
0.194392
0.177499
0.178958
0.192961
0.196698
0.168035
0.173541
0.180959
0.219056
0.195405
0.173430
0.192910
0.173919
0.197868
0.206547
0.183265
0.187562
0.180968
0.222818
0.190475
0.171986
0.192656
0.174590
0.186369
0.188248
0.212642
0.184901
0.180100
0.212164
0.199443
0.194153
0.191571
0.197830
0.180341
0.186637
0.186566
0.179356
0.208160
0.211150
0.196452
0.199014
0.209168
0.193667
0.195938
0.198633
0.186333
0.253484
0.185586
0.181424
0.217377
0.189799
0.192853
0.194831
0.192474
0.185969
0.189603
0.223827
0.201598
0.216510
0.198446
0.208701
0.224551
0.219567
0.219037
0.191231
0.191912
0.179968
0.175346
0.213720
0.201802
0.198585
0.175246
0.190361
0.175315
0.183292
0.193023
0.180012
0.180236
0.195166
0.185683
0.179301
0.197753
0.200572
0.193489
0.193805
0.179767
0.208572
0.203898
0.220302
0.196860
0.166351
0.188761
0.197071
0.188220
0.185147
0.188591
0.207296
0.184233
0.184235
0.176149
0.194335
0.195244
0.189154
0.198047
0.189906
0.187664
0.195213
0.195873
0.194684
0.245369
0.169768
0.185312
0.187227
0.193784
0.189369
0.178827
0.178598
0.202615
0.192231
0.226172
0.187405
0.198234
0.201168
0.207312
0.202447
0.192725
0.208029
0.211688
0.172829
0.181360
0.208403
0.206433
0.201449
0.175332
0.182788
0.194998
0.187953
0.177878
0.183654
0.188697
0.175233
0.182821
0.190611
0.184540
0.176433
0.179519
0.178016
0.185308
0.184794
0.184664
0.191382
0.197079
0.186265
0.172736
0.228620
0.210861
0.171930
0.177191
0.178577
0.220716
0.201209
0.182539
0.214303
0.196123
0.211791
0.201279
0.208735
0.211245
0.192532
0.192946
0.205291
0.195480
0.190199
0.186568
0.186556
0.181474
0.213187
0.188899
0.179623
0.167492
0.177712
0.181601
0.201294
0.187281
0.200290
0.179446
0.161834
0.191565
0.218243
0.175246
0.187424
0.200617
0.168881
0.195615
0.182898
0.179903
0.182857
0.200845
0.209825
0.193051
0.203615
0.192276
0.188431
0.200116
0.195635
0.190593
0.186227
0.169905
0.179657
0.188143
0.200483
0.168641
0.195073
0.186273
0.194342
0.186028
0.190135
0.198901
0.222470
0.215835
0.210295
0.205509
0.186236
0.198992
0.176792
0.183385
0.167485
0.168831
0.216605
0.195663
0.203152
0.189303
0.198714
0.203779
0.194139
0.206053
0.182609
0.199947
0.195421
0.171037
0.170777
0.227198
0.178269
0.232055
0.180954
0.179695
0.182241
0.182876
0.191092
0.182864
0.182561
0.187678
0.194896
0.208049
0.192497
0.166723
0.220207
0.210362
0.209816
0.203234
0.181190
0.178669
0.190973
0.197517
0.189393
0.200426
0.217618
0.201302
0.206314
0.218770
0.182425
0.179743
0.213982
0.201439
0.198276
0.213630
0.216518
0.177964
0.191613
0.183159
0.199845
0.199903
0.213012
0.193430
0.176584
0.194571
0.204465
0.202138
0.191885
0.197986
0.200483
0.177810
0.180947
0.171963
0.168770
0.179546
0.184520
0.222244
0.215719
0.195316
0.186919
0.186570
0.197639
0.195341
0.190326
0.184715
0.172451
0.211319
0.205108
0.232187
0.196939
0.185065
0.195685
0.187842
0.208982
0.187830
0.244365
0.207745
0.197105
0.184202
0.183154
0.184086
0.211217
0.199162
0.195610
0.192244
0.219888
0.186102
0.176470
0.165955
0.179896
0.180794
0.167993
0.192828
0.193675
0.193086
0.205922
0.232175
0.191806
0.218869
0.172137
0.187154
0.187826
0.183702
0.198422
0.161973
0.207319
0.193866
0.192064
0.186085
0.213084
0.215452
0.199541
0.198189
0.204404
0.200110
0.188593
0.178676
0.184804
0.176482
0.182175
0.185952
0.200136
0.175661
0.182315
0.165193
0.182484
0.173255
0.180176
0.192353
0.190484
0.196637
0.195410
0.190707
0.166894
0.215271
0.211580
0.201420
0.166100
0.166340
0.204125
0.217339
0.183176
0.200054
0.192218
0.188248
0.186555
0.188195
0.188407
0.183292
0.187781
0.190025
0.172064
0.191340
0.205789
0.194020
0.188849
0.209148
0.188426
0.203461
0.189249
0.192465
0.209492
0.230619
0.206838
0.212585
0.202729
0.190798
0.184043
0.209153
0.182910
0.207020
0.194186
0.203619
0.219224
0.187246
0.184948
0.187696
0.204049
0.182887
0.182848
0.191064
0.196166
0.200297
0.227928
0.168631
0.190950
0.190499
0.183109
0.182840
0.182752
0.188576
0.213947
0.174857
0.174641
0.191025
0.220095
0.213460
0.189952
0.202502
0.217828
0.205205
0.181364
0.238705
0.187408
0.182489
0.183201
0.208222
0.194254
0.215484
0.200642
0.195527
0.201648
0.207411
0.207644
0.186740
0.187069
0.201562
0.205810
0.201174
0.177058
0.196943
0.230610
0.178592
0.184725
0.212393
0.197656
0.196606
0.200946
0.196502
0.182245
0.201882
0.205161
0.193551
0.196068
0.182215
0.198956
0.216253
0.172573
0.223725
0.200416
0.203005
0.193897
0.220273
0.166223
0.210603
0.187851
0.188441
0.194576
0.228032
0.219497
0.184783
0.199802
0.199756
0.223346
0.191384
0.178793
0.252140
0.183674
0.181262
0.170005
0.173328
0.171386
0.183033
0.202850
0.186450
0.210029
0.196020
0.218260
0.218811
0.196198
0.186784
0.183013
0.177866
0.201917
0.204922
0.191467
0.194100
0.195566
0.201688
0.221195
0.222540
0.182980
0.187846
0.178451
0.193161
0.213641
0.182866
0.174785
0.199311
0.206481
0.198608
0.206906
0.199968
0.197660
0.225734
0.188494
0.198441
0.235910
0.194751
0.192591
0.224130
0.192078
0.184459
0.191563
0.181075
0.202134
0.194374
0.181462
0.190312
0.207081
0.203938
0.188335
0.184678
0.191257
0.187953
0.184417
0.173242
0.202226
0.217075
0.196474
0.200041
0.229386
0.194474
0.222899
0.206461
0.187901
0.180243
0.184329
0.246270
0.187218
0.191136
0.197060
0.199222
0.199351
0.211926
0.187943
0.212226
0.193767
0.208544
0.188503
0.178381
0.209465
0.204863
0.206253
0.174774
0.179256
0.191211
0.191928
0.169883
0.195684
0.183852
0.181421
0.185046
0.189145
0.209261
0.197152
0.198765
0.206595
0.203558
0.210421
0.206556
0.218516
0.182800
0.212678
0.195930
0.201505
0.203882
0.186686
0.198992
0.196109
0.203166
0.245191
0.200462
0.208912
0.204558
0.193861
0.192178
0.215341
0.181413
0.187835
0.188844
0.227594
0.186451
0.197523
0.195393
0.209124
0.193210
0.192069
0.204913
0.206446
0.192995
0.175765
0.180739
0.183240
0.176104
0.198723
0.200929
0.218801
0.202353
0.181992
0.170336
0.177716
0.209907
0.213050
0.195593
0.200638
0.191050
0.198895
0.181174
0.199609
0.198890
0.211611
0.211166
0.196979
0.187348
0.211349
0.194053
0.183889
0.185397
0.199372
0.171636
0.191810
0.195969
0.208422
0.214204
0.195277
0.190533
0.200151
0.194849
0.228771
0.197025
0.189519
0.202659
0.175588
0.195135
0.190958
0.185451
0.180374
0.176780
0.192795
0.208346
0.200659
0.210955
0.186865
0.184785
0.179649
0.218039
0.178254
0.172395
0.170487
0.182759
0.187376
0.187148
0.196205
0.175575
0.204440
0.207873
0.199402
0.209713
0.206412
0.195758
0.195503
0.205974
0.248881
0.196414
0.175771
0.225598
0.196517
0.203513
0.192905
0.193366
0.210315
0.187511
0.197494
0.184318
0.177952
0.180569
0.204237
0.197934
0.181257
0.192432
0.194644
0.211675
0.187026
0.201554
0.206170
0.181694
0.202336
0.214410
0.183188
0.303623
0.163563
0.172436
0.193583
0.198778
0.187620
0.186444
0.173697
0.183701
0.233777
0.186038
0.200753
0.193669
0.202281
0.203466
0.201520
0.204382
0.188386
0.191485
0.199357
0.181707
0.180697
0.206930
0.188318
0.190926
0.191724
0.216418
0.218816
0.201101
0.199191
0.167399
0.194196
0.192092
0.206460
0.202066
0.196711
0.187030
0.187253
0.180082
0.232638
0.195018
0.217182
0.200535
0.197955
0.191255
0.212829
0.204192
0.187178
0.190443
0.185620
0.206986
0.196133
0.177619
0.194165
0.188148
0.186941
0.212044
0.202136
0.203829
