0.018432
0.171261
0.073637
0.103877
0.062359
0.073930
0.086579
0.059400
0.092314
0.063540
0.057570
0.073080
0.097436
0.073123
0.047496
0.050627
0.060355
0.067425
0.065413
0.083722
0.087110
0.084614
0.087371
0.088516
0.072435
0.047534
0.054703
0.065701
0.079572
0.079581
0.093860
0.086668
0.083162
0.102511
0.067582
0.060684
0.081632
0.064910
0.072739
0.062275
0.076666
0.090078
0.091528
0.096244
0.090494
0.100988
0.127014
0.111905
0.052805
0.073017
0.064876
0.092793
0.093722
0.057029
0.068933
0.103120
0.065171
0.054106
0.082618
0.084814
0.045967
0.107830
0.070332
0.089170
0.102422
0.047260
0.075966
0.073030
0.075464
0.108842
0.123915
0.131452
0.107269
0.066076
0.081082
0.110858
0.071584
0.072039
0.100413
0.094092
0.113647
0.056534
0.081288
0.074372
0.076706
0.064266
0.103173
0.125968
0.074130
0.107837
0.097336
0.141520
0.060658
0.073950
0.074848
0.092806
0.124169
0.107814
0.102895
0.117478
0.040608
0.084971
0.098784
0.063268
0.087325
0.113744
0.103218
0.117278
0.092744
0.099524
0.105301
0.106945
0.077444
0.085534
0.094626
0.107694
0.086690
0.068721
0.071056
0.068897
0.104276
0.109950
0.046412
0.078368
0.085907
0.074602
0.055124
0.080540
0.100812
0.054808
0.075325
0.078111
0.083202
0.101598
0.086801
0.081003
0.116650
0.118382
0.099565
0.121243
0.119051
0.136036
0.045597
0.096064
0.076738
0.095951
0.055987
0.082163
0.101068
0.109469
0.125282
0.058425
0.056070
0.068698
0.106607
0.138339
0.073891
0.087942
0.095081
0.128035
0.079530
0.073178
0.072155
0.059544
0.095007
0.085609
0.080812
0.077418
0.078010
0.053659
0.071277
0.110088
0.079499
0.062181
0.107266
0.069843
0.090751
0.097526
0.116388
0.109859
0.055895
0.069229
0.089205
0.120092
0.070378
0.087196
0.096062
0.115926
0.083799
0.106364
0.096797
0.052637
0.075477
0.069780
0.090772
0.147201
0.065231
0.080851
0.096871
0.111511
0.096354
0.057013
0.105095
0.069371
0.064213
0.108611
0.095642
0.115348
0.073822
0.095929
0.150671
0.127434
0.058604
0.111781
0.106012
0.076790
0.105728
0.047781
0.075568
0.099495
0.076828
0.104702
0.098565
0.074984
0.066778
0.076422
0.067648
0.097085
0.087198
0.062285
0.125095
0.076206
0.072181
0.075006
0.087500
0.099643
0.129850
0.069497
0.076765
0.064502
0.060041
0.125932
0.109698
0.099076
0.064829
0.066086
0.078421
0.116677
0.062408
0.088958
0.169271
0.066606
0.096769
0.104012
0.076843
0.050271
0.096312
0.102425
0.092865
0.070713
0.092878
0.088310
0.078534
0.092113
0.124623
0.057652
0.121290
0.067302
0.070690
0.075759
0.085833
0.082175
0.077817
0.080522
0.058159
0.086157
0.085729
0.109255
0.125209
0.066619
0.068766
0.121051
0.089133
0.088903
0.067637
0.083854
0.129271
0.054719
0.091696
0.077727
0.090846
0.071011
0.064368
0.069517
0.087681
0.094477
0.054976
0.069150
0.074444
0.095926
0.057256
0.059006
0.070969
0.108199
0.053205
0.074322
0.081113
0.067924
0.083235
0.060351
0.070561
0.106658
0.084400
0.117693
0.093877
0.095232
0.057988
0.132228
0.068798
0.087529
0.110254
0.076541
0.069981
0.083193
0.066539
0.093876
0.111171
0.096193
0.065683
0.088546
0.116328
0.063970
0.084275
0.152978
0.047760
0.089869
0.107153
0.058300
0.062272
0.083716
0.064978
0.087042
0.114491
0.063645
0.066238
0.114381
0.130056
0.057921
0.073583
0.067175
0.063724
0.145369
0.076596
0.088079
0.079206
0.095129
0.048294
0.070743
0.128583
0.061540
0.072528
0.074849
0.092408
0.087427
0.098887
0.046015
0.081691
0.078992
0.114539
0.070180
0.076303
0.063674
0.049930
0.066147
0.097754
0.114509
0.091126
0.083583
0.073120
0.080003
0.108887
0.127637
0.141363
0.041106
0.061094
0.082249
0.097024
0.051861
0.072426
0.099030
0.061070
0.077509
0.079957
0.073747
0.098575
0.103876
0.078417
0.053571
0.069114
0.084337
0.090606
0.055305
0.079488
0.067925
0.072481
0.082853
0.085561
0.104216
0.062422
0.077534
0.086465
0.100956
0.062541
0.071831
0.061044
0.091961
0.119957
0.052733
0.096875
0.077118
0.074943
0.087873
0.112314
0.112589
0.066023
0.063117
0.082346
0.061558
0.085978
0.081019
0.077387
0.062483
0.100944
0.052738
0.075515
0.102453
0.052844
0.064102
0.088876
0.136840
0.110155
0.070186
0.127500
0.067226
0.078750
0.062267
0.057413
0.072404
0.064886
0.106847
0.117907
0.065931
0.079205
0.095371
0.038152
0.113207
0.088766
0.095979
0.055095
0.067665
0.124704
0.057238
0.109969
0.072330
0.115484
0.122201
0.048773
0.074842
0.084165
0.077111
0.068407
0.074184
0.080338
0.115084
0.057644
0.082687
0.082336
0.117676
0.064190
0.073094
0.070713
0.059940
0.091951
0.096660
0.062887
0.072262
0.076553
0.103366
0.125882
0.053710
0.064791
0.075219
0.094418
0.102451
0.075907
0.107080
0.126487
0.076819
0.108861
0.130187
0.117749
0.071843
0.067381
0.120135
0.084440
0.110699
0.063148
0.103377
0.055744
0.079191
0.058507
0.062258
0.077853
0.064342
0.091604
0.063449
0.106532
0.057936
0.085155
0.055527
0.088071
0.090674
0.052329
0.068822
0.085676
0.049769
0.065411
0.077955
0.104233
0.069161
0.070076
0.065267
0.085507
0.062853
0.078625
0.098704
0.112335
0.052369
0.056012
0.089849
0.113479
0.142528
0.060935
0.094433
0.078766
0.125902
0.103631
0.067680
0.089341
0.184870
0.069969
0.055233
0.083411
0.101657
0.126414
0.049713
0.075764
0.099719
0.118586
0.115467
0.062456
0.098047
0.055057
0.093039
0.104360
0.035715
0.059414
0.065786
0.058251
0.077634
0.105811
0.061799
0.093883
0.065357
0.092128
0.062670
0.143659
0.052737
0.102805
0.102754
0.049949
0.146368
0.062386
0.060058
0.085141
0.059810
0.098071
0.140925
0.067927
0.095817
0.080139
0.085439
0.096778
0.060904
0.066369
0.073857
0.059553
0.062999
0.070456
0.077180
0.077201
0.125100
0.085188
0.104798
0.103478
0.091270
0.067764
0.073203
0.068887
0.107334
0.125072
0.057042
0.078204
0.118731
0.082963
0.069252
0.082805
0.092740
0.064271
0.102502
0.084419
0.103625
0.041056
0.067320
0.080101
0.068117
0.093024
0.089218
0.091141
0.070714
0.096874
0.105022
0.062853
0.104455
0.089921
0.072252
0.102810
0.134917
0.067998
0.096147
0.121197
0.073904
0.052046
0.105445
0.082559
0.063527
0.072363
0.076856
0.095997
0.074838
0.080925
0.112979
0.093429
0.121706
0.088547
0.103811
0.096373
0.064281
0.089082
0.090110
0.106555
0.125079
0.110860
0.071956
0.109844
0.099152
0.071702
0.059884
0.074942
0.076362
0.069921
0.072609
0.088475
0.100821
0.052819
0.077377
0.045203
0.106880
0.095003
0.061539
0.082700
0.052136
0.065875
0.099294
0.051093
0.076572
0.082315
0.043676
0.096527
0.096305
0.108027
0.120122
0.068093
0.066769
0.081326
0.088058
0.045402
0.074361
0.086699
0.085011
0.051196
0.098943
0.046638
0.094720
0.094432
0.099313
0.092613
0.101052
0.092076
0.106061
0.089550
0.123516
0.143843
0.076204
0.066982
0.094758
0.082436
0.079768
0.055194
0.109162
0.067412
0.062612
0.089120
0.126452
0.113011
0.049952
0.075337
0.084569
0.111533
0.041253
0.065040
0.110023
0.068636
0.081341
0.089870
0.109544
0.111369
0.092599
0.089203
0.072361
0.102858
0.104451
0.101582
0.113080
0.111340
0.071650
0.081617
0.099550
0.129325
0.121449
0.145436
0.042856
0.069579
0.102049
0.056879
0.064416
0.101738
0.102811
0.083497
0.096259
0.095881
0.119447
0.073625
0.077866
0.092753
0.071588
0.082730
0.106225
0.108363
0.101187
0.122966
0.138017
0.066790
0.095461
0.079933
0.092001
0.059536
0.106624
0.100566
0.102551
0.057912
0.072279
0.110566
0.082736
0.105108
0.082800
0.112894
0.083767
0.132906
0.074086
0.070352
0.050813
0.079111
0.089552
0.135690
0.095362
0.069906
0.095305
0.085552
0.110769
0.108003
0.126486
0.056250
0.116398
0.081299
0.077478
0.080147
0.099669
0.085604
0.089664
0.057510
0.057342
0.074734
0.094314
0.075613
0.099269
0.117844
0.115936
0.077995
0.094241
0.082083
0.104186
0.111993
0.110628
0.094436
0.104079
0.080048
0.086090
0.060799
0.083533
0.130393
0.078885
0.065986
0.074728
0.119265
0.082346
0.073320
0.071792
0.088102
0.115225
0.159907
0.051803
0.072363
0.117873
0.104716
0.125060
0.071083
0.124532
0.114232
0.095049
0.089626
0.070090
0.096908
0.113695
0.060736
0.080428
0.087463
0.098885
0.070379
0.080049
0.125077
0.075052
0.065705
0.067847
0.077551
0.088948
0.085390
0.053848
0.076293
0.067107
0.117602
0.075710
0.093321
0.061416
0.103712
0.093078
0.065082
0.084399
0.074834
0.146919
0.158710
0.083310
0.078761
0.115158
0.134647
0.126305
0.057469
0.088193
0.074855
0.058092
0.154039
0.081086
0.076967
0.087502
0.061230
0.073219
0.083643
0.051709
0.080788
0.107579
0.075713
0.068767
0.106135
0.068271
0.066745
0.087033
0.121037
0.085127
0.074797
0.084896
0.083120
0.095958
0.123348
0.081255
0.096212
0.062224
0.101890
0.092721
0.076096
0.092513
0.083726
0.071746
0.073304
0.074501
0.079336
0.087478
0.122413
0.085825
0.097679
0.057837
0.073896
0.099083
0.108683
0.149929
0.062480
0.073085
0.119749
0.138189
0.134723
0.060351
0.081774
0.052752
0.065777
0.105305
0.088065
0.076829
0.099360
0.073817
0.061747
0.072991
0.076504
0.110402
0.125551
0.058262
0.080541
0.115809
0.073260
0.108029
0.087232
0.095310
0.065796
0.068508
0.100560
0.153357
0.078492
0.068120
0.123375
0.125923
0.064560
0.086349
0.078970
0.097128
0.123979
0.115751
0.117683
0.155362
0.075826
0.069995
0.072919
0.068343
0.070939
0.080916
0.078204
0.080112
0.093361
0.104114
0.108484
0.093093
0.103869
0.076782
0.086061
0.068339
0.078813
0.096531
0.081434
0.074979
0.082924
0.106780
0.122218
0.101275
0.106059
0.122017
0.078945
0.071623
0.055707
0.048087
0.083528
0.096095
0.105428
0.041121
0.093754
0.095739
0.060042
0.087708
0.076729
0.089691
0.065106
0.081150
0.122868
0.092941
0.072869
0.094889
0.094364
0.134167
0.060551
0.072299
0.084513
0.113913
0.095100
0.079841
0.056042
0.081319
0.071043
0.115774
0.099666
0.103720
0.135509
0.099825
0.094598
0.110509
0.059185
0.103088
0.043414
0.088272
0.076104
0.113537
0.125638
0.064777
0.065901
0.073438
0.068434
0.113012
0.062184
0.105422
0.075942
0.093552
0.091229
0.122181
0.109076
0.098043
0.127377
0.099055
0.109442
0.092805
0.083149
0.069695
0.047312
0.096038
0.094488
0.065516
0.077737
0.108175
0.123173
0.100987
0.094807
0.079601
0.115315
0.112592
0.058259
0.072388
0.073132
0.093334
0.094967
0.058070
0.076924
0.060830
0.072521
0.078314
0.124654
0.094199
0.062654
0.095415
0.113111
0.121305
0.068245
0.071173
0.089125
0.133354
0.061519
0.063686
0.058200
0.098490
0.145718
0.069437
0.057783
0.078474
0.083508
0.063190
0.082257
0.101421
0.093023
0.116645
0.133515
0.094683
0.069801
0.105003
0.111210
0.132496
0.115171
0.114860
0.054759
0.072439
0.076927
0.076768
0.117178
0.039103
0.069455
0.088832
0.104964
0.116523
0.088668
0.080601
0.093754
0.068518
0.085847
0.074158
0.083136
0.127670
0.080624
0.083169
0.115567
0.118067
0.137789
0.140806
0.081317
0.087564
0.125387
0.065079
0.088380
0.097559
0.068719
0.084317
0.094762
0.097243
0.132821
0.075201
0.119285
0.093201
0.094292
0.108185
0.055286
0.122534
0.059725
0.073771
0.107269
0.040399
0.097226
0.122976
0.093746
0.080922
0.094653
0.090147
0.070093
0.106047
0.086411
0.115684
0.144755
0.129553
0.101259
0.087057
0.103906
0.053574
0.071712
0.084011
0.079706
0.117908
0.087223
0.068940
0.094130
0.124438
0.133604
0.070158
0.086109
0.126134
0.040916
0.070080
0.098064
0.130853
0.128405
0.062226
0.077615
0.095922
0.103424
0.063026
0.086802
0.112035
0.144406
0.107370
0.117315
0.132688
0.120013
0.101877
0.062570
0.122817
0.069408
0.077516
0.085951
0.098775
0.124128
0.094067
0.087894
0.079075
0.070269
0.111313
0.121069
0.075758
0.095797
0.103856
0.059883
0.065137
0.071063
0.093294
0.092330
0.141460
0.044496
0.105739
0.097416
0.120523
0.127876
0.056141
0.087916
0.101643
0.078151
0.096234
0.048906
0.076949
0.083884
0.123622
0.085038
0.098355
0.072456
0.080583
0.126810
0.072504
0.089771
0.076779
0.078831
0.110964
0.095037
0.079631
0.104579
0.069183
0.059548
0.076097
0.067885
0.081465
0.095637
0.142009
0.077675
0.094056
0.119764
0.121345
0.077473
0.093503
0.103698
0.118810
0.059282
0.102170
0.083161
0.087973
0.098357
0.106040
0.072955
0.104438
0.112319
0.131146
0.078737
0.105393
0.092808
0.133209
0.074180
0.078877
0.068767
0.071451
0.109915
0.107318
0.109637
0.119091
0.076486
0.102002
0.097228
0.119187
0.097384
0.098571
0.068111
0.062390
0.076411
0.086049
0.079981
0.087372
0.113078
0.041957
0.117117
0.101619
0.093719
0.096602
0.123832
0.148669
0.092989
0.112160
0.128269
0.062245
0.084728
0.087099
0.126849
0.074291
0.095669
0.124281
0.060616
0.089874
0.067849
0.090232
0.111469
0.160681
0.104868
0.062028
0.102685
0.106879
0.130358
0.085125
0.077890
0.069242
0.067678
0.078256
0.093072
0.073572
0.064778
0.077104
0.084893
0.098977
0.072924
0.106538
0.045758
0.076927
0.095736
0.114999
0.088109
0.129010
0.104208
0.112195
0.100395
0.071390
0.096780
0.042058
0.077359
0.091171
0.112451
0.112792
0.142131
0.042201
0.066746
0.082643
0.135866
0.042594
0.103046
0.065358
0.066792
0.169167
0.053605
0.072606
0.075574
0.068016
0.108030
0.112709
0.076577
0.066034
0.075647
0.109241
0.072807
0.100192
0.097229
0.087327
0.156706
0.092877
0.116757
0.073168
0.076230
0.134403
0.059470
0.066581
0.077291
0.078379
0.114654
0.104778
0.124126
0.088341
0.063723
0.163510
0.070766
0.068020
0.084555
0.070304
0.097635
0.122063
0.095472
0.104158
0.080520
0.082816
0.132084
0.124615
0.107191
0.097763
0.057585
0.086355
0.100165
0.056158
0.080569
0.078774
0.061046
0.087640
0.063306
0.086324
0.078945
0.121557
0.050787
0.126678
0.100849
0.125686
0.081594
0.088640
0.077285
0.124388
0.061679
0.088254
0.112286
0.142678
0.066154
0.068013
0.077948
0.072043
0.047462
0.079686
0.118786
0.074444
0.086075
0.102781
0.091965
0.063844
0.100303
0.088739
0.109421
0.107059
0.103859
0.089213
0.098139
0.095954
0.071423
0.093192
0.077656
0.160315
0.091104
0.050794
0.109778
0.120839
0.078979
0.104323
0.084709
0.084231
0.119477
0.111618
0.062396
0.072742
0.087821
0.082212
0.063928
0.103701
0.100073
0.100548
0.146366
0.082402
0.080607
0.097116
0.064609
0.078448
0.076154
0.081295
0.082420
0.110987
0.063079
0.090753
0.081322
0.083751
0.111257
0.102113
0.113333
0.069237
0.124084
0.071215
0.074278
0.076326
0.113298
0.102754
0.084421
0.071385
0.071794
0.100937
0.104422
0.083742
0.090664
0.075887
0.091451
0.096682
0.067825
0.097233
0.076869
0.071004
0.128360
0.077157
0.099614
0.072428
0.076515
0.103481
0.110132
0.091777
0.083612
0.088267
0.059965
0.118909
0.099358
0.063417
0.091109
0.149662
0.102652
0.126607
0.074838
0.109965
0.105972
0.050921
0.113111
0.083633
0.134341
0.087830
0.097655
0.090979
0.101906
0.082740
0.129118
0.087373
0.101980
0.094990
0.075474
0.096227
0.142082
0.102077
0.089725
0.090858
0.073785
0.092491
0.109715
0.125962
0.061270
0.068712
0.072984
0.103414
0.087638
0.089931
0.082184
0.077597
0.107414
0.087296
0.071509
0.084371
0.091778
0.103950
0.151732
0.056811
0.076571
0.104628
0.128609
0.060651
0.083850
0.138908
0.105098
0.063408
0.112294
0.050074
0.071718
0.107203
0.094022
0.083460
0.079247
0.058866
0.103388
0.077233
0.080426
0.104432
0.106015
0.078865
0.057331
0.067366
0.134113
0.075995
0.093818
0.074826
0.101148
0.122504
0.124416
0.073851
0.086581
0.104644
0.153592
0.074528
0.085587
0.110206
0.110461
0.058750
0.079311
0.103972
0.064536
0.093159
0.080691
0.118205
0.064070
0.075968
0.102554
0.118278
0.103097
0.098573
0.064565
0.066838
0.098198
0.107775
0.052469
0.079788
0.099784
0.131224
0.091509
0.103791
0.126161
0.087597
0.099562
0.053326
0.136405
0.107949
0.101726
0.091249
0.110538
0.113613
0.123780
0.107734
0.090115
0.073801
0.105989
0.088461
0.118285
0.063164
0.071434
0.101165
0.101434
0.108781
0.045440
0.101950
0.083804
0.074326
0.076922
0.079322
0.097589
0.103785
0.051825
0.072457
0.100435
0.094861
0.092419
0.121255
0.117894
0.063768
0.078092
0.109954
0.100015
0.121883
0.059400
0.078152
0.056766
0.088782
0.109472
0.070165
0.070668
0.057593
0.076033
0.139787
0.111522
0.110446
0.057573
0.105358
0.120552
0.121065
0.061064
0.086367
0.096915
0.162572
0.066607
0.078550
0.098158
0.111868
0.114694
0.063482
0.074880
0.105568
0.146255
0.077707
0.102309
0.061489
0.090151
0.131213
0.119326
0.117219
0.122366
0.127637
0.134640
0.082433
0.070220
0.070314
0.101185
0.117632
0.133604
0.101637
0.129515
0.092647
0.085263
0.074730
0.092826
0.151321
0.093340
0.096578
0.085581
0.155658
0.120745
0.071047
0.075654
0.093019
0.189930
0.058493
0.064904
0.092173
0.133448
0.107171
0.122980
0.129267
0.161724
0.070033
0.065676
0.087276
0.105905
0.081420
0.135373
0.083025
0.125598
0.097334
0.087016
0.119350
0.100430
0.077457
0.074989
0.111420
0.065176
0.086548
0.133992
0.103354
0.093207
0.053607
0.117670
0.084115
0.068066
0.105203
0.093632
0.107383
0.077596
0.110285
0.086000
0.089313
0.110602
0.072642
0.097832
0.090599
0.094574
0.114614
0.056221
0.104656
0.132437
0.090307
0.117988
0.121742
0.047410
0.075545
0.080358
0.065181
0.080127
0.081377
0.067181
0.078161
0.074117
0.110525
0.073402
0.098078
0.067751
0.064403
0.067670
0.087047
0.117031
0.111072
0.071854
0.108614
0.100318
0.054879
0.093877
0.063030
0.090411
0.123480
0.072107
0.096829
0.125105
0.101774
0.087876
0.082963
0.090290
0.111512
0.057003
0.085880
0.100371
0.103183
0.073105
0.063828
0.055549
0.086696
0.090332
0.108181
0.067511
0.070389
0.086386
0.115171
0.138750
0.129348
0.088525
0.108552
0.112549
0.098882
0.093798
0.078378
0.104395
0.086186
0.105549
0.076280
0.098901
0.079812
0.097783
0.122183
0.060708
0.080122
0.137723
0.095340
0.100753
0.094495
0.108058
0.093838
0.100606
0.074770
0.093575
0.104728
0.065010
0.074951
0.087980
0.161002
0.078531
0.065695
0.076354
0.086596
0.111830
0.069764
0.098794
0.168487
0.095842
0.132931
0.056819
0.113295
0.107212
0.073720
0.104744
0.085123
0.106621
0.062188
0.090708
0.118588
0.103174
0.094590
0.106670
0.127371
0.059206
0.078776
0.093974
0.089471
0.060419
0.098924
0.086851
0.116570
0.060339
0.086764
0.116795
0.087484
0.061801
0.097217
0.088084
0.127439
0.087698
0.079694
0.106089
0.138835
0.157024
0.100245
0.153591
0.075786
0.069337
0.093498
0.104067
0.073607
0.110304
0.113920
0.077897
0.054110
0.074577
0.089029
0.061098
0.093732
0.046448
0.128021
0.061664
0.087058
0.131356
0.116333
0.119438
0.098468
0.106094
0.084009
0.106018
0.116706
0.047156
0.087217
0.108765
0.115781
0.079425
0.109818
0.122877
0.072438
0.072802
0.086786
0.105646
0.151742
0.057811
0.073569
0.095949
0.159323
0.119377
0.066429
0.082262
0.173413
0.070029
0.093094
0.071132
0.073309
0.149633
0.077811
0.097528
0.083253
0.090022
0.116565
0.125209
0.111159
0.073225
0.128886
0.146480
0.066681
0.122192
0.127055
0.095599
0.091382
0.101479
0.109146
0.074914
0.096755
0.079280
0.104801
0.073844
0.128511
0.071370
0.072058
0.095017
0.132189
0.121875
0.086553
0.102300
0.106581
0.075725
0.117536
0.120191
0.119397
0.075299
0.094007
0.092255
0.141910
0.096251
0.063674
0.112426
0.107247
0.073940
0.086053
0.064360
0.077093
0.122562
0.084534
0.122997
0.072154
0.079641
0.094055
0.109837
0.118146
0.076241
0.088110
0.095484
0.094572
0.144966
0.053605
0.089114
0.112315
0.070147
0.108816
0.122004
0.117766
0.130458
0.079189
0.122074
0.135566
0.123869
0.079132
0.101690
0.067631
0.123977
0.120826
0.087854
0.135682
0.061388
0.095083
0.123054
0.121250
0.094846
0.111843
0.116664
0.097071
0.120974
0.128358
0.073942
0.089434
0.110593
0.105701
0.075866
0.086543
0.155573
0.060402
0.064417
0.116166
0.090290
0.124432
0.044111
0.106637
0.096328
0.115159
0.074622
0.076773
0.073302
0.067626
0.083992
0.072545
0.111656
0.158724
0.118821
0.114715
0.073889
0.089216
0.119579
0.137446
0.109988
0.125855
0.090987
0.107297
0.096243
0.161881
0.112339
0.104427
0.104334
0.066436
0.106516
0.127664
0.124997
0.078644
0.114960
0.088634
0.140350
0.089567
0.106364
0.107571
0.125465
0.125814
0.081740
0.088742
0.109367
0.117074
0.078389
0.105554
0.157992
0.071086
0.115745
0.094678
0.122204
0.100970
0.085424
0.114459
0.096674
0.118795
0.120001
0.135156
0.107067
0.095379
0.105460
0.124648
0.134294
0.117903
0.075440
0.110510
0.093435
0.107425
0.074839
0.082475
0.103531
0.077073
0.090547
0.065597
0.085629
0.060156
0.089474
0.085078
0.113949
0.117573
0.119591
0.061469
0.082043
0.059407
0.082253
0.101989
0.107991
0.101038
0.109836
0.095564
0.117113
0.107937
0.077796
0.072661
0.091580
0.136545
0.087526
0.116494
0.121928
0.080752
0.089610
0.111411
0.129228
0.112081
0.123685
0.088990
0.119806
0.103960
0.088234
0.102349
0.117233
0.131864
0.053156
0.096745
0.077119
0.081919
0.108663
0.095078
0.094106
0.109856
0.175058
0.100648
0.085447
0.113155
0.076006
0.089878
0.102179
0.092363
0.075472
0.095369
0.073782
0.094294
0.105729
0.078795
0.135955
0.102727
0.087858
0.086415
0.076340
0.146337
0.122100
0.082355
0.065031
0.101168
0.116443
0.113955
0.067339
0.074613
0.143366
0.109764
0.098108
0.100170
0.130454
0.065598
0.134602
0.078738
0.116908
0.057756
0.123033
0.108185
0.134971
0.076153
0.075006
0.109385
0.179589
0.057620
0.067692
0.090455
0.068236
0.078883
0.177044
0.125649
0.103582
0.088534
0.071904
0.090550
0.082436
0.075556
0.071855
0.101939
0.125513
0.063645
0.084674
0.082524
0.089438
0.127455
0.133019
0.091850
0.111952
0.127478
0.117073
0.068529
0.111073
0.155599
0.079239
0.090216
0.087648
0.127963
0.164957
0.178064
0.072793
0.087560
0.096534
0.100034
0.063012
0.092773
0.065157
0.072304
0.167906
0.111631
0.077360
0.084836
0.091212
0.094675
0.084347
0.081145
0.082255
0.104790
0.119569
0.067307
0.086624
0.110936
0.113049
0.128295
0.099796
0.107096
0.076360
0.107045
0.131716
0.099705
0.100943
0.087732
0.122109
0.076668
0.093891
0.101897
0.114288
0.059377
0.069974
0.087856
0.070557
0.095459
0.122417
0.101354
0.075709
0.105864
0.124496
0.113940
0.103027
0.108946
0.145245
0.086134
0.115322
0.162109
0.136067
0.081100
0.099828
0.080962
0.111740
0.057315
0.077111
0.088922
0.075506
0.104276
0.126193
0.075132
0.085860
0.090698
0.071745
0.108421
0.072798
0.090244
0.097209
0.105618
0.088886
0.101889
0.072441
0.114858
0.106178
0.087345
0.085487
0.087581
0.096363
0.088524
0.073900
0.106754
0.115481
0.122663
0.125477
0.065820
0.073444
0.106712
0.109944
0.060583
0.070393
0.090441
0.101796
0.065113
0.140440
0.068419
0.078391
0.100699
0.105325
0.133753
0.093778
0.091710
0.091218
0.065692
0.108620
0.063021
0.090884
0.094366
0.149217
0.126321
0.094386
0.118901
0.090653
0.085689
0.084523
0.068215
0.087657
0.059780
0.147687
0.095797
0.118138
0.050662
0.068002
0.092922
0.119082
0.125565
0.070255
0.077517
0.095668
0.122042
0.065253
0.069201
0.078321
0.057442
0.124245
0.093390
0.099597
0.115388
0.124249
0.125228
0.060268
0.109222
0.064558
0.097209
0.102847
0.132357
0.079558
0.126358
0.078455
0.119721
0.136279
0.076011
0.113614
0.137867
0.121605
0.070596
0.114434
0.090987
0.122583
0.099270
0.064723
0.082939
0.107057
0.060404
0.092493
0.076588
0.088473
0.056247
0.084135
0.080111
0.058319
0.070157
0.080653
0.106669
0.138690
0.131323
0.079480
0.094345
0.154177
0.073884
0.067312
0.076684
0.098220
0.100689
0.091219
0.114846
0.085912
0.086421
0.086709
0.091239
0.093217
0.120426
0.061800
0.068596
0.098343
0.156527
0.087485
0.070580
0.097219
0.096436
0.100329
0.070468
0.096152
0.082950
0.100437
0.068617
0.089950
0.102386
0.111528
0.069206
0.095258
0.091896
0.097563
0.174758
0.077022
0.093672
0.103187
0.137989
0.136130
0.047781
0.073395
0.099010
0.104727
0.108737
0.068426
0.079928
0.063963
0.114369
0.132096
0.057962
0.085663
0.093843
0.066082
0.099118
0.070681
0.091102
0.118816
0.068171
0.110293
0.101316
0.067382
0.078984
0.122916
0.121185
0.149402
0.096308
0.080510
0.099551
0.069412
0.101892
0.072675
0.087622
0.102983
0.111918
0.067615
0.089859
0.088891
0.146635
0.112216
0.094550
0.063725
0.131826
0.111745
0.121824
0.069572
0.111904
0.059179
0.082170
0.070939
0.102693
0.095333
0.084716
0.120012
0.052937
0.092100
0.107721
0.143241
0.125044
0.064498
0.087976
0.061835
0.127922
0.108861
0.086807
0.071691
0.088845
0.050611
0.086183
0.057715
0.072656
0.057453
0.094145
0.119187
0.077473
0.084370
0.064261
0.113736
0.106658
0.126641
0.104032
0.119417
0.089323
0.103394
0.157002
0.113038
0.101059
0.094362
0.074054
0.080508
0.101210
0.078490
0.070515
0.082754
0.078782
0.119279
0.059346
0.108557
0.086648
0.098504
0.071091
0.079202
0.127098
0.108000
0.101569
0.100282
0.058656
0.063529
0.084599
0.091201
0.113251
0.062999
0.104238
0.082667
0.081439
0.107656
0.131887
0.045014
0.063334
0.078746
0.115646
0.094505
0.063872
0.067370
0.077980
0.067051
0.083156
0.112884
0.110148
0.060694
0.078629
0.108701
0.106837
0.087428
0.075881
0.082654
0.129357
0.051433
0.062961
0.086805
0.081378
0.125740
0.115595
0.081822
0.084493
0.091470
0.062109
0.100417
0.089906
0.069318
0.084964
0.083873
0.081686
0.108832
0.065449
0.070837
0.097869
0.103325
0.120973
0.117406
0.080163
0.094203
0.097265
0.094241
0.084632
0.100618
0.064322
0.085764
0.103061
0.056871
0.079756
0.071536
0.048407
0.072619
0.074667
0.098554
0.116496
0.071347
0.100135
0.080426
0.111973
0.087777
0.119979
0.111931
0.126773
0.096004
0.068266
0.095669
0.088796
0.093729
0.102112
0.136741
0.062233
0.082638
0.102965
0.115159
0.102202
0.080136
0.075842
0.110163
0.105022
0.128688
0.087267
0.083366
0.108251
0.128006
0.062221
0.068584
0.092338
0.121029
0.118951
0.074009
0.076234
0.105621
0.125508
0.058258
0.076145
0.085225
0.118147
0.072598
0.097234
0.046106
0.089238
0.086841
0.070131
0.086494
0.108349
0.133162
0.083452
0.080804
0.092015
0.176137
0.131743
0.097710
0.056046
0.091435
0.096380
0.070167
0.117229
0.119461
0.096461
0.084406
0.098100
0.106658
0.078553
0.082346
0.072978
0.061445
0.083204
0.136723
0.106680
0.089274
0.167921
0.099429
0.097615
0.105097
0.145259
0.059731
0.055819
0.075665
0.105028
0.119088
0.123659
0.070337
0.102795
0.107354
0.081161
0.088188
0.097992
0.121841
0.073827
0.075813
0.073088
0.105689
0.113011
0.066652
0.066162
0.110261
0.110489
0.093980
0.062340
0.100600
0.116446
0.088276
0.093746
