178	75	120	85
180	69	115	87
177	67	115	88
176	67	115	88
175	69	112	87
168	70	114	87
167	70	114	87
168	67	112	87
169	67	109	87
168	67	110	87
169	67	108	86
169	67	109	86
168	69	107	85
169	69	105	85
169	69	104	85
170	69	104	84
169	69	103	83
169	68	101	85
171	69	99	83
171	69	99	81
170	67	99	80
170	67	98	81
168	67	99	80
169	67	96	80
168	67	97	79
167	68	96	79
167	68	95	78
165	65	96	79
165	66	95	79
163	67	96	77
164	67	94	78
165	71	91	76
164	70	92	77
166	69	90	76
166	68	90	76
166	69	89	75
165	69	89	75
165	67	89	74
165	68	87	74
166	68	86	74
165	67	87	73
168	67	85	73
168	68	83	73
168	70	84	70
168	69	83	70
169	70	81	69
168	67	83	69
169	67	83	68
167	67	84	70
169	69	81	70
170	69	84	70
172	69	86	69
179	66	85	66
186	61	86	69
190	58	85	69
199	56	87	71
206	54	85	69
210	53	87	70
213	51	88	70
217	52	86	70
221	53	81	70
219	57	84	69
221	60	83	69
221	60	84	70
223	60	83	70
222	62	84	70
221	67	83	69
222	70	82	70
222	74	80	67
217	74	83	68
217	75	81	67
216	76	81	67
215	77	81	67
217	79	78	67
214	80	82	66
215	78	80	66
216	78	79	65
217	77	77	65
215	77	79	64
216	77	77	65
215	80	77	66
215	82	77	64
214	82	78	63
214	81	77	63
212	79	77	64
210	76	76	63
211	74	75	63
208	73	75	64
208	70	75	63
209	67	75	65
209	68	74	64
209	69	73	64
211	71	72	62
209	74	71	62
209	74	72	62
211	73	71	61
210	73	71	62
211	73	70	61
209	75	71	60
211	74	70	61
210	74	70	60
210	74	67	60
207	73	70	60
209	73	68	59
211	72	68	59
210	72	68	60
212	75	66	60
208	75	69	61
211	78	66	58
209	77	68	60
211	79	66	59
209	80	69	59
208	81	67	59
209	83	66	58
208	81	65	58
208	81	65	58
209	80	65	56
208	80	65	56
208	79	66	56
208	79	65	56
208	80	65	57
209	79	64	56
210	77	63	56
207	78	66	57
210	78	62	56
208	79	64	56
208	78	63	56
209	81	62	54
209	79	62	54
207	76	63	56
208	77	62	55
207	77	63	55
207	78	62	53
207	77	61	53
207	76	62	54
207	76	61	53
206	78	60	52
205	78	62	52
204	79	61	53
205	78	60	52
204	78	62	52
205	78	60	52
203	78	61	52
205	79	59	52
202	79	61	51
204	79	58	52
205	77	58	53
204	76	59	52
205	77	58	53
205	76	58	53
206	79	56	52
205	79	57	51
205	79	56	51
205	80	54	51
206	80	56	51
207	81	54	52
206	83	53	50
205	82	54	50
205	82	54	51
205	82	55	50
204	81	54	50
205	80	55	50
204	81	54	50
204	80	55	51
206	79	54	50
204	78	56	50
204	77	54	51
206	79	51	50
205	79	52	50
205	80	52	50
204	79	52	50
204	78	53	49
203	77	52	49
203	78	52	48
203	79	51	48
199	78	53	49
201	77	51	48
201	76	51	48
199	75	51	47
200	74	50	48
200	75	50	48
200	77	51	47
199	76	51	47
199	76	49	48
198	76	49	48
197	75	50	48
198	74	51	48
198	75	49	48
198	75	48	47
199	77	49	47
198	78	49	47
199	78	48	46
199	78	49	47
200	77	49	47
199	75	49	47
199	74	50	47
199	74	49	47
199	73	48	47
199	74	47	46
198	76	48	46
198	77	48	45
198	76	48	45
195	75	48	45
196	75	47	46
195	77	46	45
194	77	46	45
194	78	45	46
193	79	46	45
193	78	46	44
193	77	46	45
193	77	46	45
194	76	47	45
194	75	46	45
195	76	45	45
194	77	45	44
194	78	45	44
193	78	44	44
192	81	44	45
192	81	45	44
192	82	43	44
192	82	43	44
191	80	44	43
190	78	45	43
192	76	45	44
193	74	44	44
193	73	45	44
194	74	43	43
193	75	43	43
191	76	42	43
190	78	41	42
189	80	43	42
188	80	42	42
186	81	42	42
187	79	43	44
186	79	42	43
186	79	43	43
186	81	43	42
186	79	43	43
187	80	42	42
187	82	41	42
186	82	41	42
185	81	42	43
185	80	44	43
186	79	43	42
187	79	42	42
188	80	42	42
189	82	41	42
187	80	41	42
188	78	42	42
189	75	42	43
188	78	41	41
188	76	40	42
188	76	41	41
188	77	41	41
187	74	41	42
186	74	40	42
183	77	40	41
181	74	41	41
183	73	41	42
183	72	42	43
184	73	41	42
184	75	39	41
184	77	40	42
183	78	40	40
184	77	40	41
183	77	40	40
183	74	41	41
183	71	42	42
183	72	41	41
183	73	40	42
182	74	39	41
181	76	40	42
181	75	40	41
181	74	40	42
181	75	41	41
181	77	40	42
181	77	40	41
180	76	41	41
181	75	40	42
182	72	40	42
182	71	39	42
183	72	40	41
183	72	39	40
182	73	38	40
182	73	39	41
181	73	39	40
182	74	38	39
180	76	38	39
181	77	38	39
180	76	38	39
180	75	38	39
180	74	39	40
179	73	40	40
179	70	40	40
181	71	39	39
180	72	38	39
180	72	38	39
181	73	37	38
181	72	38	39
181	73	38	38
182	74	38	38
181	75	37	37
181	77	36	36
181	75	37	37
180	73	38	37
180	72	38	39
179	75	38	38
179	78	37	38
181	80	36	38
179	82	37	37
180	82	36	38
180	84	36	38
178	86	37	37
180	89	36	39
180	92	36	38
180	96	36	38
180	95	36	38
180	95	36	38
180	97	35	38
179	99	36	37
178	100	36	37
178	102	36	38
177	104	36	37
177	105	37	38
178	105	36	37
178	105	36	37
177	105	36	36
177	106	36	39
178	105	36	38
177	107	35	36
177	106	35	38
176	107	35	37
176	108	36	38
176	109	35	37
175	108	35	37
174	103	35	37
173	101	35	36
173	94	34	35
171	85	35	35
171	79	35	38
171	80	35	36
170	78	35	38
169	76	36	37
169	74	36	37
169	68	35	36
170	63	35	37
170	62	36	38
168	60	36	38
168	59	36	38
168	59	35	37
169	61	34	37
168	63	34	36
168	62	34	37
168	61	34	37
169	59	34	37
168	56	33	38
167	53	34	37
166	50	34	37
165	46	34	38
164	47	35	37
164	49	33	37
161	49	35	37
162	48	35	39
162	49	35	38
161	51	35	37
161	51	35	37
161	54	33	37
161	53	34	36
161	55	33	37
161	58	34	37
161	61	33	37
161	64	34	35
161	64	34	36
161	63	33	36
161	61	34	37
160	62	34	36
160	62	35	36
162	61	34	37
162	62	34	36
162	63	35	36
163	60	33	37
163	61	34	35
162	63	33	37
162	66	34	36
161	66	33	36
162	68	32	36
163	70	33	36
163	70	33	36
164	71	33	36
164	71	33	35
164	73	33	35
164	74	32	35
163	73	33	35
163	72	33	36
163	73	33	36
163	74	33	36
162	73	34	36
163	74	33	36
162	75	34	36
161	74	33	37
162	73	33	36
163	71	32	37
162	72	34	36
161	73	34	36
163	73	33	37
163	75	33	36
163	73	33	36
161	74	33	35
163	73	33	36
162	72	33	37
162	73	32	35
162	73	33	35
163	72	33	35
162	72	33	36
162	72	34	36
164	72	32	36
163	72	33	35
162	75	34	35
163	74	34	36
164	73	33	36
164	76	33	36
166	77	32	35
166	77	32	35
168	78	32	35
170	77	32	36
174	76	32	36
176	75	32	36
177	76	32	35
178	75	33	36
182	74	32	35
183	72	32	34
185	70	32	36
185	71	34	35
185	71	33	35
185	71	33	34
189	71	33	34
187	71	33	34
188	73	33	35
187	73	33	34
189	72	33	35
192	71	32	35
193	72	33	35
193	72	33	35
191	75	32	36
190	76	32	34
189	77	32	34
185	78	33	34
185	77	34	35
183	78	32	34
182	76	32	34
183	74	32	34
182	74	32	34
181	75	33	34
179	77	33	33
178	79	33	34
178	78	34	34
178	77	34	34
182	74	31	35
180	74	32	35
180	75	33	35
179	75	33	35
179	76	32	34
180	75	32	35
178	76	33	34
180	75	32	35
178	75	33	34
179	77	32	34
177	79	32	34
179	76	32	34
178	74	32	34
179	72	32	34
178	73	32	33
178	75	32	33
177	76	32	33
178	74	32	34
178	73	31	35
177	72	32	34
177	73	31	33
177	75	31	34
176	75	31	33
176	75	31	34
177	73	31	34
176	72	32	34
177	71	32	34
176	70	32	34
176	70	32	35
176	71	31	35
175	71	32	34
175	70	32	35
175	74	31	34
175	74	31	34
177	72	31	35
177	73	31	34
177	71	31	34
176	71	31	34
176	72	31	34
176	72	31	34
175	73	31	34
177	74	30	34
175	74	31	34
175	73	31	34
177	72	31	34
176	73	31	33
175	75	32	35
176	76	31	34
175	78	31	34
175	77	32	34
174	75	32	34
176	75	32	34
176	71	31	35
175	72	32	34
177	74	31	35
175	76	31	34
177	73	30	35
177	71	31	35
177	73	31	34
177	75	31	34
176	77	31	34
177	78	30	34
178	76	31	34
178	74	31	34
179	73	31	35
178	75	31	36
178	78	31	35
177	79	31	34
176	80	31	33
178	79	32	34
177	77	31	34
179	76	32	34
178	76	32	35
179	77	32	34
178	77	32	34
178	78	31	34
179	79	32	34
178	80	31	34
179	81	31	33
179	81	31	33
179	80	32	34
180	79	31	34
180	81	32	34
180	81	31	35
180	82	31	34
180	83	31	34
180	84	32	34
179	83	32	34
180	85	31	33
179	84	32	34
180	84	32	34
180	84	33	34
181	83	32	35
181	82	31	34
181	81	31	34
181	78	31	35
181	77	31	34
181	76	31	34
180	78	31	33
180	80	31	32
179	80	32	33
179	79	31	33
179	79	33	34
179	81	32	34
177	84	30	34
176	85	30	33
178	84	30	34
177	84	31	33
177	82	31	34
178	81	31	34
177	81	31	34
176	82	31	34
176	82	31	33
176	81	31	34
176	83	31	33
175	84	31	33
173	86	30	33
172	86	31	33
173	86	31	33
173	85	31	33
172	85	31	33
172	85	32	34
172	82	31	34
172	82	32	34
173	83	30	34
172	82	31	34
173	81	31	36
172	82	32	34
173	83	31	34
172	83	31	34
171	83	31	35
173	84	31	33
172	83	31	33
172	82	32	34
170	82	32	34
170	83	33	34
170	82	32	34
171	81	32	34
170	80	33	34
171	81	32	34
171	80	33	34
171	79	32	34
172	81	31	34
172	82	31	33
172	81	32	34
173	79	32	35
172	80	32	34
173	79	31	34
171	78	32	34
172	77	32	35
173	76	32	35
172	75	32	34
172	75	32	34
173	76	31	34
171	77	32	35
170	78	33	34
171	77	33	34
171	78	33	34
170	80	33	34
172	81	32	34
171	82	32	35
172	83	32	35
171	82	33	35
172	79	33	35
173	78	32	35
172	78	32	35
172	77	32	35
174	76	32	35
173	77	32	33
172	76	32	34
171	77	32	34
171	76	32	34
170	75	33	35
170	77	32	35
170	76	33	35
171	74	32	35
170	76	32	34
171	76	32	34
170	77	32	34
173	76	30	34
170	77	32	34
170	76	33	35
170	76	33	34
170	75	33	35
171	76	32	34
171	76	32	34
171	77	32	34
170	79	31	34
170	81	31	34
170	80	32	35
170	79	32	34
170	78	33	35
171	78	31	34
171	77	32	35
171	75	32	34
172	74	31	35
171	74	32	34
171	75	31	34
171	74	31	34
171	76	31	34
171	75	32	34
172	73	31	34
172	72	32	35
174	73	31	35
175	72	32	35
176	72	31	35
178	73	32	35
179	74	31	34
180	72	31	35
181	71	31	36
181	71	32	35
183	70	31	36
185	68	31	35
183	68	32	35
186	67	31	35
188	66	31	35
188	65	32	35
191	65	31	35
189	64	33	35
191	64	31	36
192	64	32	35
193	63	32	35
194	62	32	35
191	62	33	35
193	62	33	35
194	62	33	36
194	62	33	36
194	61	33	36
194	62	33	36
194	65	33	35
193	65	33	36
192	65	34	36
193	66	33	36
192	68	33	36
192	69	33	36
190	70	33	35
190	70	33	36
189	71	33	35
191	69	32	36
189	69	33	35
188	69	33	35
188	68	33	36
189	70	32	36
188	71	33	35
188	69	33	35
189	68	33	36
188	69	33	36
188	67	33	36
187	68	34	37
187	70	34	36
185	68	33	36
185	69	33	36
184	70	33	36
182	69	34	36
179	70	34	36
180	71	33	36
179	69	33	36
180	68	33	36
180	68	33	36
180	66	33	36
181	64	33	36
180	65	33	36
180	66	34	36
180	66	34	36
180	65	34	37
178	66	34	36
179	67	34	37
178	68	34	36
178	70	34	36
177	70	34	36
177	71	34	35
177	70	34	36
178	71	35	36
176	71	34	36
177	70	35	36
177	71	34	35
176	71	34	35
176	71	34	35
176	71	34	36
175	73	34	36
175	74	33	36
174	75	34	37
174	74	35	36
174	73	34	36
173	71	35	37
173	71	34	36
172	71	35	36
173	71	35	36
171	72	35	37
170	72	35	37
170	73	36	37
170	72	36	36
169	71	36	36
168	71	36	37
168	75	36	35
168	74	36	36
167	73	36	36
167	71	37	36
167	70	37	37
166	70	37	37
167	70	38	37
167	69	36	37
166	70	36	37
166	71	36	37
167	71	36	36
165	72	36	37
165	71	37	37
165	73	36	37
164	72	36	36
163	71	36	36
163	71	36	36
162	70	37	37
162	70	38	38
162	70	38	38
163	70	37	38
162	71	38	38
162	70	38	37
164	71	37	38
166	72	36	38
166	71	38	37
167	74	36	37
167	74	37	37
167	72	38	36
171	74	36	37
174	72	37	36
175	70	38	37
173	70	37	38
172	69	38	37
172	67	39	37
172	68	39	38
172	70	38	39
172	70	39	38
175	69	38	38
175	70	38	38
175	70	38	38
173	70	38	38
175	71	37	38
175	71	38	38
174	71	39	37
174	69	39	37
174	67	38	37
172	67	39	38
172	65	39	37
172	65	38	38
170	66	38	37
170	67	37	39
169	69	38	38
169	67	40	38
168	65	41	38
168	67	39	39
170	71	39	39
168	71	39	40
169	74	39	39
170	73	40	38
169	71	40	38
170	69	40	38
171	69	40	39
173	74	39	38
173	74	39	38
174	73	39	38
175	75	38	38
174	74	40	37
172	71	42	38
175	71	39	38
174	71	39	38
173	70	39	39
177	71	38	38
175	70	39	39
173	71	40	38
174	71	39	39
176	71	40	38
176	71	39	38
178	71	40	39
179	69	41	38
181	71	38	38
179	69	41	38
180	71	40	38
178	72	41	39
180	75	39	38
179	76	40	37
182	75	39	38
182	76	40	37
182	74	41	38
181	74	42	39
179	74	42	39
182	74	41	39
180	76	42	38
181	74	42	39
179	73	44	39
182	71	42	38
183	69	42	39
183	70	42	39
186	69	42	39
189	71	41	39
187	71	41	38
191	72	40	40
188	73	40	38
187	74	40	38
187	74	41	39
186	74	42	38
188	71	42	38
186	69	43	39
186	69	43	38
187	66	42	39
188	65	41	39
188	65	42	40
189	66	42	40
188	67	42	40
189	68	42	41
189	68	43	40
190	68	41	40
190	68	41	39
189	67	42	40
191	67	42	39
191	65	42	39
192	65	42	40
193	67	42	39
193	65	41	38
193	65	41	39
193	67	41	39
192	66	42	39
193	67	42	39
192	67	42	39
193	66	42	39
192	66	44	40
192	65	43	40
193	64	43	41
193	65	43	40
195	65	42	40
197	66	43	40
197	66	43	40
200	66	41	39
206	66	42	40
209	64	43	40
208	64	43	40
208	63	44	41
208	63	44	41
209	61	44	42
208	62	43	42
207	64	43	41
207	62	43	40
208	62	42	40
207	62	43	40
207	60	43	41
208	57	44	41
207	57	44	41
207	57	44	41
207	54	44	40
208	51	43	40
207	44	44	41
207	40	43	41
207	38	45	41
206	37	45	42
205	35	44	42
205	34	44	42
205	34	44	42
206	35	43	44
205	36	45	43
207	36	45	43
205	37	45	44
205	40	44	43
205	45	44	43
206	46	44	43
204	50	43	43
205	52	42	43
206	59	43	42
204	64	43	42
205	66	42	42
204	70	44	42
204	70	44	42
203	71	44	42
204	70	45	42
204	71	44	42
205	70	43	42
204	71	44	41
205	70	45	42
205	71	45	42
205	72	44	42
206	73	44	43
205	74	45	42
206	72	43	42
207	71	44	42
205	70	45	42
206	70	43	42
204	70	45	42
204	69	46	41
203	67	46	43
204	67	45	42
204	67	44	42
203	68	43	42
202	68	45	42
203	68	44	43
203	68	46	42
202	68	46	43
202	67	46	43
202	67	47	43
201	67	46	42
201	66	46	43
201	65	46	43
200	65	45	43
200	65	47	42
201	64	46	43
201	65	45	42
201	65	45	42
201	65	45	42
200	64	46	42
199	66	46	43
199	67	45	42
199	67	44	43
199	66	46	42
199	66	45	44
198	67	45	43
199	68	45	42
197	68	46	43
198	65	46	43
197	65	46	44
197	66	46	43
199	66	45	44
197	69	46	43
197	70	44	43
197	71	44	42
198	70	46	43
197	70	46	43
198	69	46	43
200	68	47	43
199	68	47	43
198	67	47	42
199	64	47	43
200	64	47	43
199	65	47	44
199	66	46	44
199	68	47	43
198	68	47	44
199	68	47	44
199	67	48	44
198	67	48	44
199	68	47	45
198	68	48	44
197	69	49	44
198	69	48	44
198	68	49	44
198	68	50	43
198	68	49	43
197	70	48	44
196	70	48	44
197	70	49	44
196	69	51	44
196	71	49	44
194	71	50	44
196	70	48	44
195	72	49	44
194	73	49	43
194	71	49	44
194	71	50	44
193	72	49	44
192	70	51	43
193	70	49	43
193	69	50	44
193	70	50	45
192	71	50	44
193	70	49	42
193	69	49	42
193	70	50	44
192	72	49	44
192	72	49	43
192	71	50	44
192	70	50	43
193	69	49	43
192	68	51	44
192	68	51	44
191	68	50	44
191	69	50	44
190	68	50	43
190	67	49	43
190	68	50	43
188	68	50	43
189	68	51	45
188	70	47	44
188	70	51	44
188	69	51	44
188	69	50	43
188	68	52	44
189	68	52	44
188	69	51	45
188	69	52	45
187	70	51	45
186	70	52	44
186	71	53	45
187	71	52	43
186	70	52	44
186	71	52	44
185	72	52	45
185	74	52	45
184	75	53	44
184	74	52	44
184	74	52	44
184	75	53	45
184	75	53	45
184	76	54	45
183	76	54	45
182	77	54	45
182	77	54	45
181	77	55	45
181	74	54	45
180	74	55	45
180	74	55	45
179	75	55	46
178	76	55	44
178	75	55	44
178	74	55	45
178	75	56	46
178	76	56	46
177	76	56	46
178	76	55	44
177	74	56	45
177	74	56	45
176	74	56	44
176	74	56	45
176	74	56	46
176	73	56	46
176	73	57	46
175	72	57	46
175	72	57	47
176	73	57	47
176	74	57	48
176	76	57	47
175	77	57	47
175	77	58	46
175	75	57	45
175	73	57	46
175	72	56	44
175	69	57	46
177	69	57	46
176	70	57	46
177	69	58	47
177	69	58	47
177	70	59	47
179	71	59	48
179	73	58	47
180	73	59	46
182	72	58	45
183	71	59	46
183	71	60	48
182	72	60	47
182	70	60	46
182	68	60	47
180	67	61	48
179	68	60	48
179	70	60	48
178	70	59	48
177	70	61	48
176	68	61	47
176	65	61	48
175	65	61	49
174	66	62	49
173	66	62	48
171	64	62	49
170	62	62	48
171	62	61	49
171	63	61	47
171	64	60	47
171	63	62	47
173	62	60	47
172	63	60	47
172	63	61	47
172	62	61	47
171	63	62	47
170	63	63	47
170	65	63	47
170	65	61	48
168	67	61	48
167	66	61	47
167	63	61	48
166	62	61	48
165	62	62	48
165	62	62	48
164	61	62	48
165	62	61	48
165	63	64	48
166	64	63	48
166	65	63	47
166	63	63	48
165	60	64	48
165	60	64	48
164	58	64	49
164	57	65	49
164	57	65	49
163	58	65	50
162	57	65	49
162	56	66	51
161	58	65	50
162	58	65	49
161	59	65	50
161	62	64	49
161	65	64	50
162	65	64	48
161	66	65	49
161	67	65	49
161	68	64	48
160	68	65	50
159	70	64	50
159	71	65	50
159	71	66	50
159	71	66	49
159	69	65	50
159	70	66	51
158	70	67	50
159	69	66	51
159	69	66	51
159	69	66	51
158	70	67	52
158	70	67	50
158	69	66	51
158	68	67	52
157	70	65	52
157	69	66	52
156	71	66	51
157	71	67	51
157	71	66	51
157	69	65	52
156	69	67	53
156	70	67	52
156	72	67	53
157	71	66	52
156	70	66	51
156	69	66	51
156	69	67	52
156	69	67	52
156	68	67	53
156	70	67	52
156	69	67	53
154	68	67	52
152	71	68	51
153	69	68	52
150	71	70	52
149	68	68	53
149	71	69	51
150	72	68	51
149	71	69	52
148	71	67	51
149	68	68	51
149	64	67	53
149	64	68	52
149	65	68	52
149	69	69	51
149	71	68	50
148	71	69	51
149	71	69	53
147	70	70	53
146	71	70	52
145	72	70	51
146	71	71	51
140	67	75	60
140	63	75	63
140	69	74	57
140	62	71	63
137	67	75	56
141	61	69	60
135	67	77	55
130	63	83	65
124	67	90	62
128	61	86	73
119	75	98	60
140	63	78	67
142	68	74	54
142	70	75	56
143	67	71	56
141	70	75	52
133	69	82	54
99	93	117	31
138	68	75	52
132	70	82	50
123	78	91	44
136	67	75	52
137	66	75	55
137	68	75	54
138	74	74	50
139	72	74	50
139	72	75	51
136	71	77	52
138	70	76	51
138	68	75	54
138	67	76	53
139	67	75	54
138	69	77	56
139	71	78	46
141	67	74	52
141	70	75	51
138	70	79	51
140	71	77	50
142	71	75	53
138	72	78	50
138	74	76	51
138	69	77	48
141	70	74	53
121	82	92	40
141	67	77	44
140	71	73	48
142	69	72	46
141	71	73	45
140	73	74	43
143	71	72	56
140	76	76	50
136	80	73	52
136	74	72	97
85	116	138	118
69	96	159	133
66	98	163	132
72	100	158	128
69	96	160	134
75	99	155	133
72	103	159	130
76	99	155	136
77	97	156	138
78	96	155	137
82	93	154	143
80	98	155	141
87	90	152	148
85	95	152	144
88	94	148	145
89	96	146	142
92	93	148	142
90	93	146	144
92	93	147	142
92	95	144	142
95	94	143	141
95	96	142	140
99	94	139	143
101	93	140	144
98	93	141	146
99	93	140	142
100	88	141	149
99	96	139	138
102	93	140	145
101	97	140	138
104	93	139	143
104	96	139	138
106	97	136	138
105	87	137	151
105	92	136	143
108	84	136	151
109	95	132	139
111	93	130	141
116	94	126	142
117	91	125	146
115	94	127	143
116	89	128	145
118	81	126	153
115	82	128	152
114	77	132	157
115	79	130	154
117	78	130	158
119	78	129	158
120	71	125	157
118	75	128	159
123	74	128	154
121	66	128	165
123	70	127	157
124	73	124	155
126	70	125	156
128	66	125	156
130	63	121	163
132	65	122	165
135	59	121	170
134	58	120	170
138	61	118	166
140	53	121	177
139	58	121	161
143	53	118	162
142	55	123	159
143	60	126	163
145	68	125	157
149	69	119	150
149	68	120	155
150	65	120	153
151	64	123	158
150	69	121	146
152	71	125	148
154	74	120	148
154	71	122	149
152	72	121	152
155	75	125	151
156	72	119	142
157	76	122	153
155	64	127	158
158	73	119	156
156	65	126	158
159	75	123	147
161	70	127	147
160	70	123	145
161	75	126	152
160	67	122	150
162	77	128	152
161	71	125	147
162	75	129	152
159	72	128	138
164	75	128	152
161	70	127	143
163	74	127	151
161	67	123	146
165	71	124	152
163	70	126	151
162	70	127	150
163	75	125	147
160	67	123	142
162	74	127	148
161	70	122	137
164	71	125	148
163	68	124	141
163	71	126	148
164	75	127	139
163	72	129	142
168	76	124	139
161	69	129	138
165	72	125	147
164	71	132	142
165	72	127	135
163	71	124	133
164	72	124	141
168	77	121	134
163	71	126	139
169	76	121	133
169	78	122	134
164	74	127	135
164	75	124	132
162	76	125	134
161	74	125	131
158	75	123	129
159	74	128	136
159	70	131	140
159	71	127	138
162	74	127	134
160	72	128	135
157	72	121	122
160	71	127	136
159	71	128	134
154	69	114	113
154	67	124	128
153	68	128	132
155	68	123	120
151	68	127	128
153	68	126	123
152	68	126	127
153	71	130	135
151	75	133	136
146	84	112	101
146	87	96	93
145	81	112	109
146	76	129	128
146	71	123	119
146	67	128	127
148	66	130	126
147	63	118	112
144	64	93	94
145	69	133	134
146	68	112	103
144	69	92	90
145	71	124	117
147	69	98	93
145	67	110	105
147	63	125	123
145	65	127	122
141	68	107	99
145	65	132	120
142	63	96	86
143	63	95	83
140	64	82	71
141	68	70	65
140	70	83	69
140	72	71	65
140	71	78	67
139	71	68	66
142	69	71	64
141	67	75	65
143	62	73	65
142	56	84	67
141	47	80	70
134	39	80	74
123	34	91	77
116	29	87	76
115	27	80	74
120	28	76	72
116	36	83	73
114	37	77	72
111	36	78	71
117	39	81	76
118	46	86	76
118	55	81	72
120	63	81	73
125	73	80	72
121	80	79	71
119	89	81	72
121	94	81	71
123	94	80	71
125	90	79	68
128	84	84	69
129	83	76	68
126	84	79	72
126	84	78	69
128	86	81	71
128	85	82	68
130	79	83	69
129	77	81	72
128	79	82	72
123	77	87	68
122	75	85	71
120	74	82	71
118	74	83	72
116	73	85	71
119	71	84	70
120	72	84	73
122	76	82	74
122	78	84	72
122	80	85	70
121	79	85	72
121	80	84	71
120	79	84	72
118	78	85	73
118	76	84	72
118	76	84	71
117	76	84	72
116	77	86	72
116	78	86	71
115	78	88	72
115	80	86	73
115	79	86	72
115	77	87	72
115	77	88	73
115	75	86	72
115	74	88	74
115	74	87	74
114	75	87	73
114	75	89	74
113	77	88	74
113	77	87	74
115	79	88	72
114	79	88	73
115	78	88	73
115	77	89	75
115	79	87	73
114	79	89	74
113	77	90	74
113	79	89	75
113	77	90	74
113	78	89	74
112	77	90	76
111	78	91	76
110	79	90	76
110	82	88	75
109	83	88	74
108	81	88	75
108	81	89	75
107	80	88	76
108	81	90	75
106	80	90	76
106	80	90	76
107	81	88	74
107	81	91	76
108	79	87	75
109	78	90	78
110	77	88	76
111	78	88	76
110	78	89	77
111	78	89	77
110	78	88	78
110	76	89	76
110	77	89	76
111	76	86	74
111	74	90	77
110	74	85	75
111	72	87	77
109	72	86	77
111	71	87	77
110	72	88	77
110	71	86	77
105	68	92	80
105	72	86	78
108	69	87	78
106	66	85	77
105	64	88	78
104	64	89	79
104	66	88	78
104	67	90	80
105	69	89	79
103	70	89	76
104	69	91	78
103	68	91	79
105	69	87	78
105	69	89	78
105	68	90	79
105	67	90	78
105	68	90	79
105	66	89	78
105	66	93	79
106	64	92	78
105	62	95	81
104	63	90	81
105	63	95	82
105	61	95	82
107	62	93	82
108	62	98	83
109	66	92	82
109	66	97	82
109	67	94	81
111	68	93	82
112	68	95	82
111	68	93	81
112	68	95	82
113	67	94	82
112	68	94	83
113	67	97	83
114	67	95	84
115	67	94	84
116	69	96	84
116	70	96	84
118	71	96	84
119	70	97	83
122	71	95	84
125	70	98	85
125	67	95	85
125	65	94	86
123	68	97	86
122	66	96	86
121	67	96	86
119	70	99	84
118	71	99	87
119	70	97	87
120	71	98	86
121	72	96	85
119	70	96	87
119	72	100	86
119	70	100	85
117	69	101	87
117	71	100	87
115	69	101	88
114	71	101	87
113	70	102	88
113	70	100	86
110	67	104	85
110	66	103	86
109	67	104	88
106	70	105	88
105	71	104	89
103	74	103	87
101	74	103	88
99	75	103	87
97	77	103	86
93	75	107	86
94	74	100	86
95	73	103	87
94	75	99	87
95	74	100	86
96	75	102	87
94	76	99	87
94	74	101	86
95	73	104	89
94	74	101	88
94	72	102	87
94	70	100	88
95	70	106	89
94	71	104	87
95	69	102	88
95	68	101	88
94	69	100	89
95	68	102	90
94	71	100	89
93	70	102	88
95	69	99	89
93	71	97	89
94	72	102	89
94	71	103	89
95	72	98	88
93	71	104	89
93	73	96	89
91	75	107	87
90	73	102	86
91	73	102	87
90	75	97	88
91	75	108	88
90	74	104	90
91	74	103	90
90	74	105	89
89	74	105	90
90	73	111	90
88	74	107	90
89	75	102	89
89	75	108	90
88	75	104	91
89	75	108	90
90	75	107	90
90	75	106	90
91	75	105	88
91	75	108	90
91	76	105	89
91	74	113	90
93	71	112	89
94	71	107	92
93	73	107	91
92	74	112	90
93	72	112	92
92	73	115	91
92	74	110	91
92	72	116	90
92	73	117	93
90	71	118	93
91	72	116	93
91	72	116	94
91	71	118	92
90	70	119	93
90	68	121	94
92	67	118	94
92	67	120	92
92	66	121	93
93	66	120	93
95	64	122	95
94	62	121	95
95	64	122	95
93	61	124	97
94	63	120	94
92	62	124	97
89	65	127	94
92	64	123	97
92	65	123	97
92	65	123	98
92	64	124	99
90	66	122	98
90	64	126	100
91	65	120	98
91	64	126	96
90	63	123	100
91	66	122	97
91	67	127	98
89	66	125	102
87	67	129	100
89	67	128	99
89	65	128	100
88	67	128	100
88	66	129	102
88	68	129	102
88	67	129	103
88	67	128	103
87	67	130	105
88	66	127	103
87	66	129	105
86	67	129	107
87	68	129	103
88	69	126	103
86	69	129	101
86	69	124	102
85	70	124	103
87	72	123	100
84	71	128	101
84	69	130	102
85	69	126	103
84	68	129	104
85	68	126	105
84	70	125	103
85	69	128	105
83	69	134	106
83	68	134	107
83	68	133	108
83	68	134	109
84	68	130	109
84	70	127	106
83	71	126	104
85	71	127	103
83	69	127	106
84	70	131	105
85	70	127	106
82	71	127	106
84	71	132	105
83	72	134	107
83	69	136	109
85	67	133	108
86	68	130	109
84	67	133	112
86	67	130	111
84	67	130	112
85	68	129	112
84	68	129	112
86	65	130	112
86	65	130	109
88	66	121	112
87	67	125	113
85	66	131	113
89	69	126	110
88	69	126	114
89	68	126	115
89	68	126	112
90	65	127	114
86	65	129	112
87	67	128	111
88	68	132	113
84	68	138	116
88	68	130	115
90	69	127	116
90	68	124	115
91	69	130	117
92	71	129	112
92	69	125	114
94	67	129	116
94	67	123	117
95	65	127	117
93	68	122	117
95	67	129	118
94	69	125	118
97	68	127	118
95	69	127	117
99	69	123	117
99	68	122	119
99	69	125	118
99	67	122	121
101	66	122	121
101	68	125	119
100	68	126	121
103	68	125	119
102	67	125	119
105	69	125	117
104	70	122	116
106	71	119	117
106	72	121	116
106	71	123	117
107	73	124	115
106	73	124	117
106	73	123	116
111	70	120	119
108	71	121	118
111	69	120	118
112	73	120	116
113	70	118	120
113	72	119	119
114	72	116	120
115	71	116	118
116	70	117	119
117	69	116	120
117	66	116	118
118	68	118	118
118	70	116	116
120	69	115	118
121	70	115	117
122	68	113	118
123	69	114	118
123	68	114	118
123	68	114	120
124	68	113	119
125	68	114	119
125	70	112	118
127	70	111	118
128	70	110	119
128	68	110	121
129	69	110	121
130	69	109	120
131	70	110	119
131	69	109	120
133	69	108	119
132	69	107	119
133	70	107	118
132	73	107	116
131	73	107	118
130	74	106	117
130	75	106	116
130	74	105	116
129	72	105	115
130	72	104	116
129	73	105	116
129	74	105	116
128	76	105	117
128	75	104	118
128	76	105	116
129	73	104	116
129	72	102	116
128	71	104	115
127	71	104	114
127	71	102	113
126	71	102	112
126	72	101	111
127	72	102	110
126	73	102	110
128	73	100	111
126	73	101	111
126	75	103	110
127	77	102	109
127	78	101	109
127	78	101	110
128	79	101	108
128	79	102	110
127	79	102	111
127	80	102	111
126	80	104	111
125	80	105	112
126	79	104	112
128	81	104	110
127	80	105	111
129	78	105	110
128	75	105	111
129	73	105	112
130	74	105	111
131	75	105	111
132	77	104	110
134	76	102	111
136	75	103	111
137	76	103	110
139	77	102	109
141	77	100	109
142	76	100	111
145	76	100	109
146	75	101	110
148	74	101	111
149	72	100	110
150	72	101	110
150	73	102	110
151	72	101	109
152	71	102	109
153	70	102	109
153	70	101	110
155	73	100	108
156	74	99	108
155	73	99	108
158	72	97	108
159	69	98	110
159	71	99	108
160	72	98	106
161	72	98	106
162	71	97	107
163	72	98	106
164	70	97	107
164	72	98	104
166	71	96	105
167	70	97	106
168	68	97	106
166	68	101	107
167	70	100	106
170	67	97	107
171	67	95	106
172	69	96	104
173	70	94	102
175	68	94	105
176	66	94	105
176	65	94	105
177	65	94	105
178	64	94	105
177	65	96	104
180	63	93	105
181	62	94	105
180	63	95	105
181	64	94	104
182	65	95	104
184	64	95	105
182	68	96	104
184	67	96	105
184	65	96	107
185	65	96	107
185	65	97	107
185	67	97	105
185	65	97	106
185	66	98	105
187	67	96	104
187	67	96	105
185	67	98	105
182	63	100	106
182	59	99	108
183	60	97	106
183	60	98	106
185	60	96	106
185	60	96	105
183	60	96	103
180	60	98	103
178	61	97	103
176	58	94	101
174	58	95	102
171	59	96	102
168	54	94	102
168	64	95	104
168	67	96	102
164	69	94	100
161	73	97	102
162	76	95	99
158	76	96	102
158	77	98	105
158	77	97	101
159	76	97	102
157	73	97	101
156	73	100	105
156	75	99	102
156	76	101	101
157	75	99	101
155	73	99	100
153	71	99	99
152	69	102	100
151	74	98	98
137	73	97	93
126	62	103	96
131	58	99	100
134	60	100	97
137	58	99	99
137	61	102	100
137	63	104	100
139	66	103	99
140	67	104	101
142	70	103	100
143	71	103	100
142	78	103	98
142	78	104	99
139	78	105	100
134	80	108	100
134	80	107	97
133	77	109	97
137	79	105	95
136	80	104	96
133	78	108	95
132	78	108	95
133	77	108	95
132	78	110	95
132	78	110	96
