0.021604
0.097337
0.067654
0.076321
0.089974
0.124192
0.104910
0.081123
0.062749
0.088739
0.065497
0.099906
0.106682
0.113970
0.112229
0.067647
0.089945
0.112170
0.080774
0.104760
0.101652
0.080714
0.101046
0.091093
0.069443
0.119752
0.088436
0.097868
0.065696
0.084535
0.109216
0.085303
0.109078
0.087832
0.087948
0.124169
0.152158
0.090620
0.071320
0.071395
0.088696
0.072397
0.079590
0.071886
0.082959
0.086622
0.079773
0.106027
0.055570
0.099778
0.079268
0.080042
0.065157
0.100046
0.072733
0.099594
0.133495
0.059744
0.067520
0.092682
0.101556
0.096357
0.102549
0.078378
0.067274
0.065835
0.071556
0.115654
0.078055
0.050801
0.091026
0.070899
0.064619
0.092092
0.067080
0.064139
0.098353
0.063302
0.072612
0.091237
0.084385
0.087366
0.084292
0.061018
0.073711
0.097021
0.088584
0.117760
0.048408
0.088728
0.094237
0.070920
0.085720
0.063632
0.061273
0.089003
0.070471
0.072953
0.089485
0.108679
0.066930
0.102139
0.080896
0.068321
0.104623
0.092515
0.075036
0.063733
0.090119
0.075673
0.095449
0.109454
0.052634
0.080652
0.083137
0.088639
0.073737
0.073289
0.078092
0.071564
0.062859
0.078876
0.103869
0.107430
0.070012
0.091514
0.054937
0.066494
0.093199
0.102609
0.063679
0.068525
0.093825
0.070402
0.095370
0.112504
0.096394
0.063583
0.054679
0.077470
0.122291
0.094123
0.115152
0.078464
0.068572
0.112552
0.056180
0.061001
0.080479
0.073790
0.091716
0.055176
0.066606
0.073535
0.086792
0.114884
0.074252
0.066093
0.057094
0.067407
0.049004
0.079603
0.093905
0.102144
0.061976
0.059211
0.076502
0.087368
0.103211
0.066129
0.082907
0.107542
0.101906
0.063938
0.079509
0.092656
0.068733
0.086190
0.128425
0.120651
0.097500
0.056791
0.077461
0.085912
0.087630
0.085877
0.051284
0.122264
0.053083
0.044729
0.068570
0.041831
0.071838
0.053254
0.061667
0.084087
0.058687
0.082215
0.079373
0.071060
0.060754
0.079101
0.091745
0.090568
0.051306
0.087915
0.107649
0.075330
0.076795
0.111961
0.093072
0.111727
0.111078
0.107372
0.066849
0.061526
0.092795
0.082858
0.095561
0.055717
0.095475
0.129935
0.059381
0.067852
0.110974
0.112014
0.053568
0.069022
0.085820
0.105888
0.116193
0.087029
0.054795
0.054604
0.081229
0.060657
0.054098
0.069848
0.056246
0.075577
0.099303
0.055728
0.104403
0.053677
0.074704
0.110375
0.105006
0.050940
0.085631
0.079747
0.078145
0.074843
0.080021
0.095863
0.102732
0.123107
0.111453
0.114172
0.121257
0.073494
0.104828
0.082359
0.077209
0.078432
0.060172
0.072014
0.072600
0.072729
0.079457
0.093389
0.090648
0.048656
0.068983
0.050277
0.068194
0.071151
0.067450
0.090609
0.065161
0.085443
0.084576
0.082366
0.097502
0.107254
0.095429
0.114827
0.078414
0.111365
0.113775
0.085880
0.067127
0.089312
0.086344
0.091597
0.067799
0.064210
0.070778
0.054086
0.116728
0.061476
0.091444
0.104979
0.115856
0.059518
0.115744
0.065720
0.076783
0.093980
0.100465
0.095150
0.087817
0.106145
0.090670
0.114327
0.056150
0.084439
0.108839
0.121509
0.065731
0.091534
0.084941
0.074943
0.092244
0.086837
0.080298
0.047310
0.083513
0.065489
0.082612
0.085505
0.058173
0.074580
0.078602
0.071759
0.074838
0.078499
0.061903
0.065657
0.050257
0.089304
0.093682
0.077326
0.071389
0.108654
0.059074
0.074776
0.091015
0.072879
0.055377
0.071386
0.119078
0.068538
0.089617
0.115916
0.048760
0.102566
0.105869
0.063971
0.103723
0.051677
0.091322
0.094699
0.076254
0.088306
0.077574
0.114603
0.126310
0.121435
0.049838
0.066761
0.103900
0.095628
0.092283
0.080655
0.054638
0.100682
0.098164
0.089601
0.076478
0.069824
0.092845
0.070960
0.055788
0.077421
0.092536
0.111388
0.125365
0.074600
0.079804
0.043523
0.084540
0.063754
0.073130
0.056994
0.103646
0.093508
0.090536
0.114484
0.141285
0.062694
0.069337
0.083059
0.089812
0.100251
0.123468
0.068169
0.074200
0.067639
0.065975
0.053820
0.059493
0.056356
0.067261
0.076562
0.112833
0.092939
0.080328
0.094396
0.113433
0.108535
0.068888
0.080950
0.069824
0.086899
0.074716
0.056350
0.083323
0.074255
0.084070
0.069584
0.066361
0.101367
0.081528
0.054594
0.081164
0.066950
0.064760
0.094902
0.045000
0.086955
0.072642
0.089524
0.070133
0.082489
0.085605
0.109343
0.072001
0.090254
0.064220
0.106302
0.089320
0.083588
0.091242
0.067884
0.122990
0.067500
0.086155
0.137939
0.088192
0.114429
0.071625
0.088412
0.095277
0.052365
0.119938
0.064143
0.065375
0.086144
0.091653
0.084926
0.113844
0.092850
0.074309
0.064053
0.094232
0.106625
0.047318
0.057646
0.051469
0.084567
0.149651
0.054878
0.080150
0.115423
0.130896
0.041915
0.093448
0.132183
0.083608
0.054230
0.098828
0.080838
0.117901
0.054821
0.097551
0.093069
0.106489
0.090859
0.111976
0.055444
0.081750
0.083949
0.084921
0.062743
0.069863
0.087952
0.074262
0.066440
0.078006
0.073956
0.094286
0.086606
0.100628
0.094924
0.066717
0.057819
0.114045
0.092844
0.082439
0.076931
0.054218
0.081798
0.088091
0.062964
0.087785
0.070399
0.062896
0.056748
0.059820
0.076811
0.138700
0.074372
0.094616
0.101086
0.061599
0.083236
0.088041
0.098221
0.081424
0.100367
0.082452
0.087657
0.101251
0.086885
0.129950
0.075322
0.070889
0.063450
0.102362
0.067534
0.118933
0.100700
0.091273
0.066726
0.103819
0.064162
0.076080
0.070393
0.094993
0.083212
0.103819
0.096218
0.080186
0.115008
0.109053
0.041197
0.107049
0.085273
0.122729
0.052113
0.075386
0.095970
0.081087
0.130100
0.071123
0.077843
0.082995
0.091221
0.112629
0.110079
0.089697
0.070445
0.100639
0.086198
0.116753
0.097396
0.120162
0.062625
0.079843
0.068635
0.108139
0.076595
0.083196
0.127016
0.071495
0.086030
0.045030
0.069368
0.092131
0.071172
0.068250
0.092515
0.099649
0.068617
0.082753
0.070846
0.071790
0.065121
0.104703
0.078377
0.094896
0.087054
0.109410
0.102392
0.089068
0.097739
0.089840
0.102100
0.090943
0.086761
0.109750
0.093046
0.066909
0.073839
0.130385
0.113941
0.099200
0.070086
0.072661
0.106056
0.036273
0.104108
0.067610
0.069913
0.080927
0.114893
0.069698
0.077890
0.102327
0.118178
0.107903
0.115379
0.123122
0.099379
0.103512
0.089866
0.079283
0.077363
0.100452
0.060499
0.073006
0.097231
0.086490
0.098022
0.077189
0.067827
0.095483
0.064239
0.112311
0.107028
0.076045
0.088804
0.091607
0.087684
0.108382
0.073701
0.095882
0.057200
0.084085
0.063865
0.099559
0.060061
0.087742
0.089941
0.052900
0.096990
0.107811
0.098405
0.051225
0.066210
0.084810
0.094134
0.070340
0.064288
0.062233
0.053059
0.048484
0.072233
0.065636
0.106359
0.074654
0.076354
0.044191
0.063504
0.100266
0.071785
0.072292
0.067908
0.091165
0.080195
0.066354
0.071442
0.103809
0.085922
0.087965
0.093322
0.129180
0.059157
0.081914
0.079365
0.089182
0.089024
0.118701
0.050558
0.093680
0.123311
0.072046
0.085507
0.095429
0.098807
0.112401
0.074193
0.093136
0.104774
0.103479
0.140184
0.063718
0.077956
0.086917
0.102998
0.090384
0.086494
0.111228
0.049833
0.087948
0.058129
0.101264
0.114287
0.094885
0.086356
0.059187
0.081024
0.093433
0.085893
0.058778
0.065120
0.082839
0.086961
0.058276
0.068409
0.087162
0.089144
0.081568
0.054375
0.073669
0.098497
0.070965
0.045040
0.058872
0.079033
0.060462
0.073767
0.079942
0.103058
0.072527
0.073515
0.081530
0.091372
0.122724
0.086693
0.111809
0.085244
0.062878
0.128047
0.072622
0.070139
0.057157
0.091062
0.091017
0.091366
0.091161
0.113606
0.092762
0.102583
0.112528
0.067082
0.096607
0.075465
0.057566
0.082319
0.120106
0.046040
0.074782
0.065567
0.086381
0.112574
0.116329
0.041553
0.106471
0.055506
0.083577
0.103618
0.096054
0.110433
0.051502
0.098820
0.071274
0.100899
0.114665
0.105283
0.119636
0.126694
0.102419
0.128436
0.078038
0.102008
0.056156
0.070458
0.094548
0.068810
0.082933
0.091213
0.059386
0.087927
0.099287
0.081993
0.090396
0.060317
0.103042
0.077593
0.111451
0.076216
0.067510
0.099685
0.095335
0.055426
0.077919
0.097294
0.080188
0.098523
0.111531
0.081931
0.066107
0.104609
0.073373
0.062338
0.056210
0.110476
0.107697
0.064979
0.070415
0.072970
0.091585
0.088186
0.090993
0.096935
0.103018
0.066558
0.088417
0.121803
0.061024
0.068326
0.095834
0.118357
0.120879
0.063988
0.045101
0.073600
0.073014
0.073078
0.062195
0.071875
0.084397
0.052346
0.084057
0.096393
0.077106
0.095411
0.061167
0.077503
0.082919
0.117359
0.064986
0.066570
0.058993
0.119138
0.095306
0.041095
0.056707
0.071238
0.069597
0.124775
0.077008
0.061176
0.063526
0.084492
0.080840
0.090772
0.096644
0.086434
0.141109
0.096728
0.118478
0.111965
0.121920
0.067188
0.075279
0.098589
0.070657
0.045879
0.104903
0.111137
0.123937
0.075541
0.080283
0.110615
0.046745
0.096882
0.071284
0.095458
0.125978
0.105145
0.086907
0.079247
0.097657
0.077717
0.062870
0.052876
0.064065
0.103399
0.065942
0.069295
0.055271
0.073757
0.102400
0.069736
0.107872
0.076216
0.063313
0.088578
0.114300
0.066325
0.081785
0.070088
0.081874
0.111089
0.131685
0.072736
0.071211
0.065400
0.084909
0.067965
0.134436
0.079371
0.106657
0.062390
0.064416
0.064003
0.087929
0.095161
0.117926
0.072748
0.058051
0.078912
0.083459
0.105893
0.078313
0.126169
0.078522
0.060643
0.122454
0.112149
0.120542
0.082725
0.080723
0.113350
0.098514
0.110163
0.117525
0.067897
0.052184
0.120505
0.080460
0.084027
0.074084
0.069645
0.098388
0.065552
0.061810
0.076131
0.088505
0.094977
0.075411
0.073317
0.087712
0.044179
0.089492
0.088470
0.082272
0.088831
0.065544
0.065914
0.047010
0.055457
0.080527
0.073198
0.120445
0.080340
0.064818
0.086835
0.089590
0.071847
0.057883
0.062620
0.088564
0.081708
0.069042
0.067094
0.067061
0.093635
0.082600
0.120694
0.095273
0.075876
0.114273
0.049929
0.096751
0.073865
0.105555
0.102493
0.121272
0.055801
0.085947
0.085256
0.067910
0.072717
0.062583
0.105668
0.059033
0.122493
0.047492
0.058477
0.067048
0.040422
0.084756
0.076039
0.061801
0.071017
0.073943
0.073384
0.069962
0.056717
0.064043
0.077354
0.088634
0.068003
0.102249
0.111397
0.096481
0.078100
0.067975
0.065561
0.079154
0.084013
0.087845
0.061758
0.100866
0.066562
0.097267
0.084139
0.090796
0.063658
0.096973
0.059719
0.068605
0.066147
0.089958
0.071605
0.082343
0.062111
0.064174
0.069959
0.069764
0.061672
0.072404
0.069329
0.078247
0.120107
0.105421
0.075550
0.080901
0.065795
0.067125
0.058167
0.102370
0.056385
0.086491
0.088782
0.084822
0.091855
0.096573
0.129654
0.127339
0.088244
0.096669
0.113735
0.087218
0.093685
0.094987
0.121824
0.109947
0.131814
0.117272
0.139198
0.075277
0.117870
0.071317
0.089447
0.107014
0.132392
0.111610
0.055222
0.083302
0.064766
0.065107
0.070904
0.110734
0.082846
0.092899
0.069212
0.061097
0.047463
0.065749
0.093000
0.078037
0.100635
0.121216
0.113420
0.066792
0.082060
0.093313
0.091851
0.077291
0.080322
0.049360
0.084090
0.095295
0.083946
0.125494
0.070642
0.105413
0.088194
0.076412
0.096408
0.110655
0.049239
0.049459
0.105562
0.097964
0.070564
0.067578
0.073847
0.065498
0.082119
0.061892
0.077353
0.109267
0.107756
0.057242
0.079631
0.082368
0.091544
0.106039
0.105127
0.079004
0.129390
0.104072
0.086706
0.056191
0.067925
0.084743
0.078636
0.059307
0.070804
0.109707
0.115271
0.092454
0.072961
0.053293
0.059086
0.053351
0.069831
0.091859
0.063391
0.098038
0.126819
0.068070
0.070189
0.076695
0.073231
0.102351
0.102140
0.088241
0.117135
0.058063
0.060740
0.059718
0.095677
0.087438
0.067165
0.095099
0.083246
0.061995
0.115248
0.093831
0.078590
0.076033
0.099828
0.117030
0.085891
0.078169
0.059762
0.081655
0.088506
0.067905
0.095806
0.067868
0.128410
0.130258
0.066119
0.100705
0.119676
0.060863
0.058081
0.082720
0.053262
0.055961
0.070473
0.117439
0.070395
0.082994
0.073032
0.070300
0.095130
0.068234
0.073358
0.081850
0.097073
0.115806
0.059412
0.080179
0.083122
0.070905
0.081263
0.124926
0.071709
0.098394
0.092577
0.123301
0.090349
0.113324
0.091187
0.114589
0.110127
0.087138
0.093825
0.055717
0.057655
0.093837
0.105350
0.081117
0.078300
0.105344
0.074405
0.060175
0.098305
0.099430
0.096287
0.103679
0.101699
0.099796
0.043223
0.071609
0.096711
0.073871
0.053039
0.106894
0.114452
0.077490
0.082725
0.066243
0.083509
0.071571
0.059605
0.079243
0.078238
0.089862
0.092355
0.065186
0.066733
0.053523
0.055567
0.100581
0.101040
0.074540
0.099402
0.091812
0.067538
0.079667
0.092829
0.064593
0.063372
0.067015
0.099899
0.090911
0.103308
0.073887
0.080533
0.059146
0.114368
0.123848
0.058381
0.080956
0.075508
0.107330
0.125677
0.043221
0.091598
0.118040
0.093446
0.089293
0.109405
0.124516
0.075275
0.062917
0.105464
0.083685
0.106562
0.124588
0.099744
0.078679
0.075235
0.088939
0.078838
0.077915
0.107497
0.125684
0.129006
0.137783
0.122353
0.126504
0.093825
0.082803
0.096111
0.083856
0.063104
0.087430
0.090385
0.073667
0.118145
0.097043
0.077376
0.053870
0.062782
0.084982
0.105675
0.087151
0.090440
0.078047
0.068291
0.100847
0.087721
0.105659
0.127715
0.092756
0.103781
0.059108
0.064394
0.099176
0.072926
0.074661
0.112399
0.054643
0.089155
0.106814
0.094961
0.099400
0.045979
0.113297
0.092606
0.056903
0.088961
0.096229
0.104136
0.077944
0.082646
0.065478
0.064348
0.070349
0.079209
0.089499
0.091083
0.055843
0.074012
0.099986
0.096239
0.074889
0.063735
0.086036
0.081095
0.073893
0.074741
0.090549
0.087904
0.065945
0.100460
0.086907
0.079085
0.085743
0.048845
0.068658
0.086975
0.050046
0.063453
0.094596
0.063679
0.087334
0.122687
0.076050
0.051156
0.074931
0.097551
0.076929
0.068617
0.079834
0.069732
0.050825
0.074118
0.066168
0.084958
0.098376
0.063444
0.091308
0.058378
0.081723
0.049901
0.070269
0.062447
0.063123
0.084954
0.069488
0.085299
0.094154
0.104476
0.089932
0.065088
0.087369
0.114340
0.119710
0.085171
0.047031
0.066823
0.051736
0.067539
0.051716
0.086405
0.132249
0.056505
0.094549
0.099357
0.069572
0.070341
0.062421
0.060954
0.068679
0.081415
0.046132
0.072413
0.117801
0.093618
0.107607
0.133971
0.066735
0.082073
0.060682
0.073042
0.072969
0.053985
0.050459
0.087660
0.108922
0.113239
0.068644
0.086535
0.085993
0.109901
0.065108
0.066875
0.088840
0.066129
0.106294
0.092895
0.061689
0.089830
0.096887
0.073451
0.071599
0.082279
0.061332
0.099535
0.065086
0.080529
0.063290
0.045918
0.064053
0.068215
0.077466
0.091170
0.108921
0.091655
0.079155
0.080918
0.091400
0.065501
0.050333
0.074225
0.078792
0.054424
0.064951
0.044798
0.060242
0.084054
0.087025
0.068911
0.073341
0.063300
0.072397
0.062435
0.082653
0.063976
0.058073
0.053008
0.084017
0.062889
0.071883
0.093139
0.088445
0.060457
0.052279
0.086017
0.089363
0.113932
0.107197
0.076962
0.063024
0.077284
0.065953
0.095914
0.067702
0.077834
0.058461
0.087539
0.097427
0.070615
0.081262
0.094551
0.078831
0.069249
0.060164
0.072664
0.087663
0.062452
0.071639
0.085952
0.105749
0.075977
0.088194
0.115543
0.043586
0.082211
0.095238
0.060440
0.096391
0.048924
0.077325
0.078835
0.044673
0.068085
0.077635
0.090315
0.090489
0.104808
0.102862
0.108015
0.109827
0.087655
0.057829
0.116870
0.055911
0.074008
0.078408
0.091335
0.142355
0.063049
0.054599
0.068041
0.093529
0.058394
0.070292
0.083574
0.098048
0.091865
0.124453
0.122773
0.051989
0.061448
0.130105
0.048184
0.048410
0.045285
0.068383
0.077560
0.064016
0.098912
0.081325
0.064324
0.048034
0.062258
0.074482
0.070598
0.085404
0.105354
0.108094
0.102249
0.088755
0.121536
0.079122
0.057131
0.072782
0.064280
0.083109
0.071835
0.046019
0.108642
0.099114
0.113859
0.065288
0.096725
0.080295
0.120362
0.123008
0.058859
0.103787
0.122338
0.068529
0.087511
0.098289
0.149668
0.084990
0.077048
0.073178
0.108489
0.062226
0.078942
0.122917
0.133267
0.095796
0.086163
0.096481
0.092889
0.120473
0.103734
0.086588
0.084632
0.082963
0.073017
0.064547
0.080502
0.065592
0.062950
0.094367
0.078671
0.078471
0.079677
0.067009
0.084615
0.117975
0.171757
0.066783
0.078612
0.072206
0.070618
0.092778
0.082187
0.074823
0.066378
0.054835
0.094289
0.082111
0.086580
0.074610
0.135649
0.049284
0.052417
0.073693
0.084110
0.063155
0.076649
0.052871
0.065516
0.089657
0.084241
0.072733
0.092061
0.114610
0.060167
0.109767
0.077653
0.105559
0.118567
0.102432
0.086730
0.078899
0.084923
0.108325
0.108636
0.099631
0.110647
0.082616
0.056268
0.087443
0.116691
0.074921
0.101698
0.104383
0.058920
0.084221
0.080471
0.099600
0.093408
0.122411
0.071163
0.064536
0.079861
0.062456
0.107071
0.084931
0.089759
0.066360
0.127035
0.059320
0.069295
0.065056
0.085312
0.126261
0.073497
0.098366
0.066958
0.076896
0.078059
0.095776
0.120103
0.117924
0.071994
0.080684
0.064179
0.059798
0.101121
0.095904
0.093145
0.078471
0.069482
0.075391
0.099144
0.112053
0.114207
0.049657
0.069514
0.063130
0.074250
0.087754
0.126867
0.112825
0.065435
0.073319
0.070565
0.078347
0.059437
0.088857
0.129730
0.068987
0.101317
0.107641
0.077265
0.060405
0.109702
0.108203
0.099492
0.090300
0.061285
0.082280
0.082592
0.092864
0.097172
0.124986
0.056281
0.082753
0.105940
0.072988
0.063987
0.065927
0.090623
0.136407
0.125416
0.134465
0.059218
0.058749
0.077879
0.084656
0.104560
0.101278
0.118324
0.064851
0.070266
0.083777
0.109142
0.115221
0.079058
0.070944
0.091097
0.064988
0.079672
0.125336
0.080963
0.087649
0.071019
0.058925
0.063218
0.056975
0.074266
0.110530
0.048637
0.074323
0.112253
0.073456
0.076892
0.115154
0.064187
0.065233
0.057828
0.082920
0.089655
0.045636
0.092582
0.093294
0.057324
0.121079
0.061700
0.080734
0.078860
0.106382
0.111492
0.123282
0.068784
0.103205
0.103763
0.054388
0.083112
0.073594
0.057222
0.076888
0.090506
0.062203
0.111902
0.144052
0.060642
0.071582
0.070529
0.087253
0.108930
0.082064
0.068813
0.103110
0.088407
0.058621
0.095160
0.059436
0.071993
0.064374
0.089953
0.091043
0.121740
0.094014
0.076806
0.111240
0.091994
0.103580
0.118726
0.126054
0.090529
0.074604
0.082091
0.072238
0.088522
0.079844
0.093505
0.130764
0.062173
0.117895
0.156714
0.124494
0.071210
0.070482
0.099432
0.081258
0.099568
0.093143
0.095964
0.130234
0.068843
0.069727
0.068787
0.075299
0.073543
0.102778
0.137100
0.090645
0.060204
0.060982
0.067288
0.065710
0.079306
0.101324
0.108010
0.052978
0.062951
0.145319
0.039188
0.057974
0.070364
0.092215
0.121138
0.058862
0.111507
0.075872
0.077014
0.092892
0.103994
0.116385
0.074633
0.089535
0.101471
0.122419
0.058762
0.082524
0.085269
0.079605
0.068238
0.092622
0.064848
0.105284
0.096543
0.101013
0.127932
0.080235
0.053063
0.068596
0.098989
0.099997
0.076134
0.094235
0.068653
0.113415
0.067605
0.088129
0.074179
0.110447
0.093984
0.092030
0.056080
0.074808
0.073939
0.077989
0.058624
0.094860
0.069669
0.095254
0.137025
0.081941
0.080482
0.073458
0.055298
0.074686
0.078694
0.060291
0.123522
0.076000
0.082483
0.112542
0.106939
0.079549
0.075046
0.085585
0.078918
0.101162
0.069407
0.070718
0.080105
0.106117
0.103645
0.092623
0.087269
0.111945
0.110184
0.084661
0.066275
0.066922
0.093786
0.111906
0.122530
0.072562
0.076733
0.128207
0.106041
0.089487
0.072630
0.085266
0.082244
0.093172
0.062617
0.082545
0.052909
0.073406
0.080728
0.097444
0.120581
0.051315
0.097974
0.096878
0.100086
0.075693
0.065552
0.110368
0.072378
0.095983
0.067843
0.070496
0.106545
0.094007
0.077659
0.084096
0.068294
0.101461
0.061761
0.128624
0.075955
0.056697
0.078116
0.085050
0.101697
0.115251
0.139092
0.061954
0.059570
0.071819
0.091774
0.106406
0.139944
0.066211
0.084816
0.125491
0.081882
0.067702
0.095588
0.103573
0.079345
0.105794
0.117326
0.103300
0.053595
0.081097
0.089245
0.086802
0.100725
0.054747
0.062377
0.084405
0.093025
0.107151
0.121737
0.090409
0.061435
0.084206
0.092370
0.072215
0.082978
0.068120
0.107455
0.078010
0.088065
0.083594
0.052794
0.084358
0.145568
0.061063
0.092270
0.067363
0.074440
0.070044
0.077907
0.078233
0.102918
0.120600
0.076401
0.086113
0.110482
0.076462
0.068153
0.108902
0.087198
0.052388
0.091562
0.054107
0.062720
0.120954
0.067550
0.091458
0.090732
0.111002
0.111999
0.070904
0.075804
0.083703
0.092150
0.079858
0.070904
0.062867
0.110744
0.075635
0.070265
0.057909
0.061887
0.093106
0.115372
0.143160
0.071865
0.075169
0.100909
0.124294
0.095238
0.080831
0.073014
0.067012
0.062939
0.104187
0.091374
0.068644
0.063027
0.065585
0.086796
0.127423
0.110838
0.074302
0.059071
0.063040
0.083834
0.083907
0.071942
0.060795
0.095124
0.087042
0.080397
0.089998
0.089736
0.069685
0.068632
0.075151
0.102752
0.095693
0.093921
0.057185
0.080658
0.046321
0.073626
0.076124
0.081860
0.068832
0.093819
0.105995
0.083215
0.115944
0.045312
0.122709
0.081888
0.088109
0.066627
0.056918
0.081745
0.069545
0.082971
0.084843
0.065786
0.060383
0.064843
0.064466
0.090790
0.089152
0.113308
0.051267
0.078099
0.061824
0.078106
0.078554
0.116294
0.102840
0.062160
0.083096
0.093190
0.080260
0.092400
0.062620
0.065811
0.071990
0.054689
0.088959
0.084465
0.073165
0.084955
0.069485
0.060105
0.088954
0.107284
0.079597
0.091103
0.138864
0.098957
0.064155
0.116679
0.061642
0.098096
0.078711
0.097106
0.108512
0.106282
0.140997
0.063248
0.075877
0.066323
0.067598
0.060981
0.061433
0.099789
0.133944
0.073674
0.111925
0.078045
0.142708
0.088388
0.080637
0.108434
0.063804
0.072241
0.079131
0.075782
0.083126
0.108305
0.072273
0.070510
0.095237
0.042929
0.079672
0.060156
0.086044
0.058845
0.077631
0.058833
0.102386
0.080422
0.075522
0.086828
0.094847
0.049739
0.104074
0.064790
0.071617
0.095307
0.068930
0.066614
0.064580
0.081425
0.084321
0.123857
0.085016
0.101579
0.082175
0.100817
0.066072
0.074053
0.083028
0.083774
0.084385
0.053296
0.077226
0.111707
0.107702
0.081892
0.093920
0.097967
0.086815
0.112703
0.080913
0.102936
0.072097
0.062404
0.104957
0.065894
0.083024
0.117308
0.061541
0.085958
0.096373
0.080970
0.111854
0.071387
0.109990
0.067757
0.095727
0.085378
0.076316
0.067937
0.111975
0.063586
0.075453
0.109323
0.049082
0.095790
0.091898
0.100335
0.054898
0.090925
0.062106
0.113185
0.051442
0.083915
0.075771
0.071763
0.041865
0.097460
0.072160
0.070622
0.100377
0.100117
0.090758
0.066723
0.074546
0.100378
0.072449
0.060998
0.089055
0.078278
0.069082
0.065667
0.061123
0.066064
0.102807
0.096053
0.115254
0.055137
0.085694
0.113653
0.129556
0.139375
0.062023
0.064918
0.064943
0.104731
0.117295
0.128345
0.136790
0.080450
0.092784
0.074421
0.096165
0.123455
0.059018
0.126126
0.068505
0.081224
0.075391
0.084673
0.073304
0.100967
0.095286
0.102669
0.103995
0.055227
0.096052
0.062771
0.073623
0.104122
0.062184
0.087072
0.118965
0.118070
0.120859
0.119372
0.121290
0.100641
0.088649
0.088455
0.052683
0.065236
0.118777
0.075370
0.111458
0.096912
0.112600
0.073509
0.093282
0.105817
0.078580
0.086728
0.052372
0.079954
0.083830
0.098844
0.109732
0.114368
0.081220
0.100570
0.108096
0.054138
0.057938
0.115550
0.102087
0.079906
0.118958
0.073367
0.068771
0.099337
0.098590
0.067919
0.100435
0.107741
0.079116
0.114621
0.062590
0.087667
0.107201
0.111199
0.062685
0.084047
0.085768
0.096344
0.108815
0.106094
0.090948
0.089255
0.115396
0.091196
0.072659
0.092023
0.064615
0.066326
0.085262
0.081419
0.100565
0.113377
0.123608
0.104208
0.089597
0.081451
0.086006
0.074707
0.098675
0.110094
0.062235
0.055653
0.118627
0.048737
0.072880
0.080330
0.067555
0.083397
0.090472
0.086098
0.077182
0.067454
0.046431
0.053806
0.084139
0.080301
0.110305
0.061342
0.088958
0.114580
0.069008
0.078338
0.059846
0.072817
0.090341
0.074986
0.077264
0.046215
0.064777
0.087866
0.094588
0.067277
0.083258
0.067640
0.079019
0.099938
0.112572
0.081252
0.082780
0.074739
0.060672
0.115948
0.108562
0.105215
0.125713
0.119029
0.104590
0.063812
0.083541
0.094314
0.090581
0.079459
0.066761
0.070916
0.069169
0.089030
0.073974
0.079956
0.063180
0.128806
0.120382
0.080032
0.072280
0.077990
0.080058
0.054713
0.044921
0.112217
0.109057
0.079738
0.069687
0.085165
0.135383
0.108772
0.094964
0.090361
0.090085
0.069359
0.062594
0.072264
0.102484
0.063207
0.078691
0.106531
0.054558
0.052068
0.064806
0.094615
0.098606
0.122302
0.073810
0.081585
0.053710
0.092122
0.125185
0.099905
0.063340
0.060903
0.096934
0.092236
0.058535
0.061109
0.101309
0.131620
0.126154
0.062715
0.083361
0.126686
0.068551
0.060749
0.113423
0.089814
0.090924
0.075366
0.097652
0.054600
0.082955
0.072805
0.056431
0.048980
0.074476
0.081574
0.070868
0.098746
0.068751
0.072577
0.064406
0.094313
0.087741
0.066393
0.082290
0.131084
0.120269
0.065409
0.075555
0.074106
0.088172
0.098683
0.114750
0.064387
0.054175
0.060377
0.110003
0.087259
0.090106
0.053625
0.071740
0.082398
0.094012
0.065130
0.072703
0.108439
0.128009
0.106054
0.102796
0.103292
0.107267
0.099966
0.078729
0.106013
0.079956
0.077006
0.090522
0.053732
0.055647
0.086915
0.096006
0.081646
0.085311
0.077632
0.081674
0.050219
0.102300
0.054368
0.049741
0.054139
0.068707
0.087139
0.057793
0.078214
0.052782
0.066120
0.106817
0.113017
0.067667
0.083836
0.062189
0.097829
0.091519
0.094670
0.077153
0.098318
0.052037
0.066079
0.068361
0.088499
0.075067
0.078734
0.107017
0.106727
0.104211
0.058861
0.090711
0.052542
0.086123
0.109395
0.125028
0.121928
0.112541
0.074063
0.072447
0.063678
0.051503
0.064334
0.078427
0.067410
0.085140
0.078933
0.103359
0.075485
0.100944
0.064680
0.088902
0.095356
0.116874
0.090969
0.076092
0.047570
0.079139
0.072191
0.085845
0.069224
0.093193
0.085859
0.076003
0.064598
0.078426
0.083209
0.055870
0.067977
0.083383
0.057768
0.093066
0.094082
0.108069
0.100580
0.092496
0.061714
0.067198
0.054268
0.081319
0.090768
0.109485
0.097539
0.128128
0.113774
0.058914
0.059561
0.055097
0.093071
0.101537
0.060756
0.060925
0.054664
0.091049
0.074769
0.079332
0.089046
0.104572
0.060336
0.083261
0.049960
0.084558
0.106867
0.080978
0.062018
0.069411
0.130779
0.086223
0.084805
0.054896
0.071813
0.046134
0.087515
0.090841
0.122234
0.119671
0.106756
0.068275
0.047565
0.077219
0.086019
0.078444
0.092523
0.107763
0.078834
0.061443
0.076093
0.091968
0.117927
0.079660
0.091594
0.064942
0.089206
0.084588
0.113904
0.108710
0.044539
0.055300
0.087862
0.060807
0.126977
0.066803
0.085579
0.091757
0.080353
0.075352
0.085628
0.118343
0.067272
0.085940
0.084537
0.112867
0.050097
0.089815
0.057364
0.090854
0.112940
0.152228
0.087255
0.086816
0.088511
0.127243
0.121958
0.065565
0.091057
0.109361
0.068373
0.051495
0.062320
0.057234
0.078741
0.064035
0.074660
0.095832
0.082277
0.103852
0.066048
0.087806
0.106601
0.118337
0.100041
0.073235
0.076326
0.113222
0.074358
0.096440
0.051192
0.071920
0.090764
0.057671
0.105248
0.094336
0.080293
0.052559
0.116075
0.106992
0.128185
0.058841
0.104207
0.061486
0.078464
0.080719
0.051476
0.053650
0.064665
0.083995
0.095398
0.079081
0.065460
0.063850
0.099047
0.072155
0.094841
0.114534
0.120175
0.061590
0.093882
0.118754
0.108150
0.077708
0.098395
0.127751
0.147395
0.152843
0.100566
0.087123
0.079342
0.090403
0.115911
0.057858
0.074218
0.102770
0.061322
0.114294
0.133420
0.090601
0.067106
0.091785
0.055011
0.088655
0.065339
0.067912
0.092021
0.117502
0.092519
0.092540
0.121894
0.074257
0.080107
0.064317
0.077760
0.080296
0.046511
0.061293
0.078154
0.067087
0.085705
0.117524
0.089005
0.081712
0.061363
0.135015
0.124004
0.073182
0.065293
0.060652
0.085824
0.081784
0.091866
0.124806
0.135641
0.128449
0.079932
0.110243
0.083284
0.092580
0.074731
0.079121
0.152533
0.087915
0.104927
0.107074
0.056219
0.081865
0.038593
0.061675
0.075600
0.110751
0.054543
0.110528
0.051965
0.075422
0.072521
0.081731
0.076868
0.050285
0.084965
0.079579
0.112708
0.069516
0.086932
0.096015
0.048666
0.076564
0.064591
0.116786
0.097836
0.057688
0.084210
0.071708
0.058346
0.096432
0.072140
0.071500
0.092608
0.068782
0.065534
0.068218
0.069070
0.064336
0.078737
0.109173
0.065992
0.114347
0.075489
0.072954
0.104139
0.111498
0.100701
0.070294
0.096690
0.061224
0.108223
0.110434
0.081554
0.107397
0.091803
0.082870
0.079344
0.074838
0.127427
0.068410
0.095296
0.088678
0.067305
0.069300
0.051217
0.074108
0.067734
0.091701
0.098827
0.115259
0.069186
0.085455
0.080282
0.073850
0.052140
0.060698
0.103134
0.119615
0.126437
0.054932
0.068527
0.055839
0.084789
0.046243
0.082908
0.086678
0.111946
0.136730
0.053650
0.096579
0.071697
0.089004
0.054073
0.108906
0.109450
0.082823
0.078489
0.100312
0.080369
0.075262
0.088306
0.111089
0.097819
0.063186
0.091384
0.090081
0.064470
0.090257
0.056564
0.060148
0.108066
0.087963
0.061361
0.094061
0.067647
0.082281
0.076752
0.060495
0.086402
0.108648
0.108389
0.072055
0.111385
0.128407
0.105469
0.143238
0.087659
0.079268
0.111165
0.064016
0.077723
0.114182
0.068678
0.071483
0.052824
0.047992
0.091442
0.108014
0.132739
0.043481
0.100382
0.075683
0.086662
0.123202
0.061049
0.083577
0.063619
0.094954
0.113147
0.084489
0.083460
0.061086
0.087984
0.084196
0.062826
0.071786
0.118312
0.093364
0.099375
0.067286
0.057128
0.068553
0.068546
0.084926
0.061330
0.084668
0.093422
0.074127
0.091854
0.076971
0.074900
0.104750
0.055947
0.095978
0.099584
0.097948
0.091791
0.071540
0.083344
0.045753
0.089958
0.103629
0.114020
0.086914
0.067220
0.081852
0.110876
0.118048
0.083997
0.062413
0.074976
0.050679
0.079504
0.083781
0.090268
0.056783
0.082108
0.100583
0.088067
0.101524
0.126508
0.095280
0.111233
0.070909
0.113670
0.064053
0.066347
0.090394
0.110220
0.080040
0.074387
0.093066
0.061125
0.096007
0.065352
0.054558
0.087157
0.098451
0.060345
0.064429
0.066135
0.077539
0.092565
0.057821
0.062363
0.075558
0.077606
0.066658
0.104581
0.091127
0.083396
0.087103
0.063735
0.101217
0.089642
0.082203
0.069264
0.106103
0.102328
0.057981
0.076746
0.074568
0.063454
0.056790
0.129868
0.080697
0.089737
0.054216
0.074909
0.095865
0.060837
0.067985
0.069486
0.097212
0.071012
0.129340
0.094203
0.093473
0.080456
0.082823
0.102607
0.089436
0.065082
0.067944
0.089195
0.093340
0.065274
0.079164
0.071674
0.080863
0.097013
0.106967
0.094112
0.069364
0.071191
0.091456
0.067660
0.058064
0.121305
0.085702
0.080252
0.103641
0.071825
0.072032
0.093312
0.062583
0.087492
0.064860
0.071650
0.081525
0.075713
0.116629
0.077010
0.081938
0.099763
0.073228
0.060347
0.063761
0.101887
0.100305
0.070459
0.078985
0.101663
0.051268
0.086551
0.076978
0.067742
0.104839
0.073290
0.052183
0.078521
0.074812
0.073041
0.093533
0.101890
0.108670
0.078809
0.104600
0.063863
0.043753
0.087598
0.062603
0.070346
0.075667
0.083664
0.078753
0.094939
0.101135
0.105891
0.067025
0.099685
0.065517
0.067089
0.091101
0.111381
0.052462
0.080785
0.057925
0.080021
0.082891
0.061980
0.052584
0.073995
0.071748
0.116865
0.055202
0.095582
0.096389
0.068360
0.097622
0.044830
0.079323
0.063061
0.102755
0.084996
0.086422
0.085193
0.107650
0.069988
0.086979
0.095106
0.068624
0.116643
0.059119
0.081326
0.061734
0.092537
0.094276
0.084109
0.089717
0.054982
0.096169
0.108860
0.070814
0.048112
0.071836
0.076891
0.067722
0.065244
0.097649
0.100489
0.073146
0.098155
0.075569
0.084159
0.081561
0.088398
0.090083
0.077028
0.075385
0.114325
0.103101
0.099161
0.111033
0.055211
0.066274
0.087723
0.079540
0.059523
0.063570
0.051478
0.077513
0.054043
0.075893
0.060557
0.096852
0.123370
0.068080
0.081978
0.097986
0.082173
0.095853
0.083195
0.063786
0.052228
0.089822
0.089170
0.078115
0.087695
0.077370
0.097916
0.057587
0.109792
0.107939
0.075015
0.120738
0.133562
0.114540
0.074291
0.069518
0.100936
0.120327
0.119969
0.085175
0.114644
0.051971
0.064997
0.071496
0.066740
0.098668
0.080965
0.118674
0.088107
0.092728
0.051048
0.092458
0.068348
0.083492
0.132293
0.045596
0.088059
0.082906
0.109329
0.097991
0.077666
0.048639
0.080400
0.055987
0.071544
0.087982
0.125958
0.084763
0.089534
0.069272
0.075055
0.095939
0.102699
0.102443
0.091128
0.066932
0.095749
0.124681
0.092949
0.063648
0.089630
0.094503
0.083159
0.083342
0.046479
0.095070
0.110646
0.066227
0.100484
0.055203
0.070215
0.070994
0.058211
0.085666
0.062361
0.093946
0.065347
0.066447
0.066750
0.090666
0.052257
0.080456
0.078172
0.081557
0.112966
0.068469
0.056704
0.097417
0.091382
0.057225
0.084825
0.101653
0.082659
0.074817
0.111987
0.071937
0.084489
0.048288
0.076218
0.097389
0.056858
0.080982
0.081023
0.090866
0.069635
0.075824
0.081300
0.075022
0.076164
0.051126
0.058966
0.115477
0.066063
0.087001
0.113932
0.084752
0.055882
0.085047
0.069030
0.069387
0.072732
0.112607
0.093626
0.105189
0.102411
0.108342
0.109585
0.122622
0.064231
0.055871
0.076183
0.077999
0.129750
0.076531
0.098641
0.080940
0.063840
0.075683
0.085935
0.107852
0.042355
0.063867
0.070674
0.081738
0.102807
0.045449
0.066958
0.085197
0.094363
0.067552
0.079200
0.086318
0.077712
0.073570
0.079385
0.085243
0.123766
0.088593
0.044643
0.080495
0.041943
0.072328
0.109483
0.083989
0.116511
0.125057
0.076386
0.096092
0.079599
0.107441
0.113264
0.047626
0.052025
0.072846
0.075149
0.092623
0.050455
0.055626
0.065604
0.089260
0.090767
0.060777
0.084633
0.099020
0.064772
0.098815
0.053708
0.080124
0.072519
0.087573
0.053005
0.070427
0.066512
0.052175
0.105325
0.112710
0.072704
0.099069
0.075654
0.089521
0.058186
0.096077
0.124850
0.060666
0.081932
0.123467
0.084800
0.089344
0.089744
0.095024
0.085397
0.074414
0.075657
0.092005
0.103704
0.065898
0.070967
0.085650
0.056191
0.094260
0.088724
0.083987
0.098054
0.099685
0.053590
0.096206
0.114023
0.082679
0.089635
0.067981
0.108705
0.085090
0.059170
0.056559
0.060040
0.075823
0.100145
0.078626
0.066528
0.096975
0.124341
0.051934
0.064043
0.091969
0.090345
0.065661
0.063637
0.076426
0.084797
0.089489
0.064191
0.091447
0.099637
0.082708
0.084353
0.121113
0.088036
0.087738
0.075544
0.102544
0.113502
0.123645
0.133155
0.057068
0.061494
0.086533
0.113991
0.066623
0.076036
0.080854
0.074568
0.108400
0.101664
0.118178
0.118222
0.070794
0.068161
0.077164
0.120816
0.079164
0.064190
0.130819
0.117813
0.068100
0.058981
0.057942
0.063110
0.102604
0.072415
0.083063
0.075093
0.102831
0.091678
0.074791
0.074064
0.075190
0.093338
0.125046
0.058914
0.056962
0.105529
0.072583
0.060961
0.078075
0.063501
0.094129
0.066702
0.059236
0.070223
0.092599
0.069674
0.069463
0.106466
0.096627
0.077271
0.087822
0.075967
0.067053
0.059380
0.044588
0.076362
0.104442
0.135731
0.064200
0.093322
0.078157
0.097245
0.067917
0.071100
0.067508
0.067174
0.092111
0.096304
0.079818
0.137372
0.116346
0.070796
0.076037
0.114341
0.059975
0.091923
0.096595
0.072667
0.097408
0.073498
0.081046
0.102732
0.093948
0.112097
0.074099
0.103605
0.064638
0.051847
0.051698
0.112573
0.133415
0.049726
0.067419
0.040004
0.069606
0.103597
0.062433
0.069484
0.073615
0.088946
0.074185
0.072326
0.086323
0.073799
0.096608
0.078974
0.065835
0.060399
0.070972
0.053531
0.083159
0.079077
0.065954
0.073418
0.080279
0.072863
0.110340
0.062512
0.067515
0.076007
0.093356
0.043909
0.093449
0.093484
0.065878
0.071325
0.070399
0.099757
0.054125
0.080698
0.081829
0.094146
0.070871
0.102914
0.110280
0.081830
0.096852
0.112150
0.114987
0.052856
0.077677
0.047411
0.088664
0.082695
0.071383
0.100900
0.059682
0.083109
0.085764
0.085007
0.064202
0.103640
0.108972
0.116896
0.141003
0.063428
0.078787
0.078239
0.103338
0.083173
0.075800
0.075644
0.081930
0.064958
0.074421
0.110774
0.098713
0.124046
0.076514
0.083872
0.095681
0.049644
0.058643
0.069634
0.060206
0.062907
0.077658
0.067957
0.063223
0.101855
0.105680
0.061263
0.115995
0.093235
0.111219
0.100891
0.089048
0.048048
0.094237
0.067620
0.114514
0.085085
0.108361
0.048466
0.076951
0.110374
0.064230
0.109799
