0.008940
0.044653
0.049974
0.051967
0.064240
0.046813
0.048468
0.055850
0.061439
0.049814
0.053782
0.055732
0.056562
0.055567
0.043741
0.051595
0.059076
0.053726
0.044394
0.049220
0.044851
0.064337
0.044328
0.051996
0.049171
0.049370
0.054781
0.054816
0.062575
0.047128
0.053266
0.044018
0.050110
0.060971
0.048877
0.054342
0.047477
0.049665
0.046072
0.052611
0.056695
0.053593
0.043653
0.048865
0.053377
0.053918
0.047303
0.053869
0.053266
0.048275
0.046637
0.049051
0.044494
0.046821
0.048294
0.055777
0.049202
0.055449
0.054234
0.066463
0.058399
0.050303
0.049697
0.048351
0.051986
0.053571
0.050475
0.049320
0.044905
0.047516
0.046951
0.053091
0.055707
0.050310
0.048477
0.044624
0.045993
0.043121
0.061263
0.051400
0.046885
0.044159
0.054605
0.043955
0.051974
0.054297
0.053456
0.047162
0.049428
0.054022
0.045611
0.044248
0.052904
0.046588
0.054226
0.046317
0.048780
0.052063
0.054241
0.049412
0.049267
0.044069
0.050488
0.044725
0.052568
0.050415
0.046723
0.049435
0.045245
0.047166
0.057700
0.053148
0.049111
0.051768
0.058338
0.046046
0.044289
0.050055
0.061618
0.042047
0.047443
0.054537
0.046549
0.046648
0.050102
0.043935
0.046249
0.046345
0.047235
0.049685
0.049439
0.052036
0.052267
0.041626
0.048384
0.048388
0.054490
0.049331
0.051973
0.049177
0.055002
0.051913
0.049920
0.055145
0.053261
0.048624
0.050580
0.045190
0.046546
0.049083
0.050601
0.056212
0.064821
0.056812
0.046702
0.056732
0.047078
0.049373
0.048078
0.052251
0.046444
0.048746
0.055275
0.048416
0.050191
0.054297
0.043374
0.051246
0.070670
0.057257
0.057349
0.051987
0.056378
0.057922
0.049676
0.047053
0.046074
0.051699
0.053308
0.056872
0.066076
0.054753
0.044557
0.049551
0.048967
0.047029
0.048257
0.053469
0.058352
0.047936
0.056466
0.061005
0.047858
0.043035
0.046220
0.047011
0.054303
0.043276
0.048180
0.052272
0.041026
0.046592
0.049732
0.040322
0.048260
0.045261
0.047322
0.043875
0.045344
0.043095
0.053147
0.049981
0.050233
0.050110
0.045405
0.046619
0.044286
0.047870
0.052109
0.046491
0.046671
0.042437
0.043868
0.052960
0.056189
0.044608
0.046474
0.047105
0.048821
0.047006
0.050003
0.049616
0.055351
0.049589
0.044347
0.057173
0.056430
0.044697
0.047051
0.062773
0.046410
0.051991
0.046618
0.050867
0.049184
0.043428
0.053674
0.060720
0.055253
0.045295
0.045976
0.046774
0.050531
0.047341
0.045774
0.052925
0.047865
0.049809
0.052061
0.047116
0.046790
0.053688
0.055870
0.049349
0.048681
0.058615
0.046693
0.045302
0.052110
0.044115
0.043468
0.056473
0.050714
0.051389
0.055308
0.057229
0.044981
0.051645
0.045986
0.053030
0.046540
0.054438
0.059451
0.047755
0.047846
0.051777
0.045206
0.048924
0.046760
0.046108
0.053492
0.046795
0.058912
0.050672
0.041129
0.043928
0.058581
0.054087
0.052842
0.046419
0.061060
0.048568
0.044115
0.055444
0.048873
0.051491
0.046439
0.046565
0.062534
0.053966
0.046529
0.046564
0.068661
0.049417
0.051314
0.057963
0.051094
0.057320
0.046871
0.050907
0.066160
0.050380
0.067817
0.049798
0.045481
0.048956
0.045344
0.054679
0.052295
0.056334
0.049753
0.044890
0.049860
0.053170
0.050295
0.059926
0.052229
0.043946
0.051341
0.070334
0.051946
0.057540
0.050118
0.059192
0.050907
0.049011
0.049300
0.051171
0.046788
0.047219
0.051353
0.049127
0.049588
0.053197
0.050958
0.047565
0.046292
0.048120
0.054141
0.052577
0.056237
0.051313
0.049502
0.048669
0.061554
0.051947
0.051715
0.046148
0.057051
0.044535
0.052058
0.046410
0.046314
0.049744
0.051347
0.050256
0.049748
0.043727
0.056379
0.049790
0.053637
0.044845
0.057245
0.044051
0.044140
0.062011
0.059284
0.055960
0.048732
0.046896
0.055063
0.049770
0.051183
0.060663
0.056295
0.045597
0.061790
0.062718
0.048198
0.050220
0.050510
0.047909
0.053807
0.050008
0.056979
0.053865
0.054785
0.055587
0.052559
0.054734
0.054733
0.054418
0.049383
0.043932
0.057313
0.046318
0.052590
0.049724
0.046080
0.059578
0.046325
0.043998
0.044312
0.053127
0.049314
0.044336
0.053364
0.049631
0.049169
0.051997
0.049940
0.046757
0.046730
0.054623
0.055131
0.051376
0.049409
0.054175
0.056359
0.048212
0.046480
0.052426
0.050863
0.047635
0.049125
0.054500
0.054953
0.049879
0.052401
0.046631
0.056407
0.049158
0.060114
0.057645
0.046805
0.049113
0.042141
0.047381
0.054312
0.046866
0.044002
0.046920
0.049565
0.047184
0.056451
0.057185
0.044090
0.051066
0.054226
0.046456
0.053182
0.052317
0.079930
0.049548
0.041628
0.044722
0.044731
0.056362
0.044652
0.050173
0.057942
0.055395
0.049633
0.044848
0.057186
0.052673
0.044186
0.054195
0.053936
0.054205
0.057356
0.054410
0.049417
0.043907
0.055061
0.049928
0.048726
0.056285
0.048790
0.047820
0.043468
0.054573
0.054417
0.049309
0.067519
0.045559
0.046538
0.053223
0.049414
0.054620
0.046497
0.066508
0.049981
0.058940
0.059317
0.057706
0.045461
0.046469
0.051305
0.045969
0.048267
0.048731
0.053934
0.046370
0.047440
0.045070
0.046145
0.044375
0.054041
0.056650
0.046582
0.045809
0.043415
0.048280
0.053198
0.050071
0.055459
0.052049
0.063614
0.049626
0.045797
0.048747
0.055729
0.048301
0.045792
0.046193
0.051993
0.048791
0.049406
0.045960
0.045658
0.045885
0.052462
0.052861
0.044880
0.043516
0.051090
0.053719
0.048657
0.051012
0.049439
0.048564
0.048843
0.051136
0.047890
0.056985
0.043369
0.047611
0.049259
0.051753
0.048543
0.046187
0.049814
0.053941
0.043820
0.045550
0.046938
0.049266
0.048469
0.049058
0.050258
0.059949
0.060402
0.053367
0.045763
0.047860
0.053590
0.045544
0.045745
0.048618
0.054467
0.045522
0.048592
0.058779
0.057101
0.049770
0.053276
0.041510
0.064145
0.043642
0.048816
0.049334
0.049862
0.048658
0.043509
0.054484
0.048155
0.058953
0.052746
0.050321
0.051757
0.054008
0.052652
0.055911
0.051416
0.048717
0.054309
0.054066
0.050339
0.045996
0.048385
0.043638
0.048437
0.049228
0.053780
0.046943
0.046756
0.040955
0.044018
0.051569
0.054651
0.056002
0.060588
0.048908
0.044755
0.046336
0.048868
0.045721
0.049864
0.046997
0.057138
0.046120
0.046219
0.043503
0.053829
0.049698
0.057538
0.063142
0.051593
0.048594
0.051730
0.043592
0.047407
0.051325
0.045912
0.049142
0.043846
0.040969
0.040806
0.046137
0.052500
0.054690
0.053801
0.054022
0.050331
0.060228
0.051532
0.056685
0.051479
0.050751
0.050781
0.042865
0.055091
0.046093
0.046918
0.048345
0.056230
0.055240
0.043569
0.053780
0.059309
0.049372
0.051825
0.054615
0.047528
0.048693
0.047236
0.062774
0.046742
0.051419
0.048465
0.045922
0.048513
0.045784
0.046817
0.044740
0.061209
0.046260
0.048754
0.047200
0.058742
0.049783
0.046901
0.045495
0.046454
0.043730
0.044571
0.045439
0.045792
0.059887
0.052861
0.053122
0.048667
0.053940
0.044845
0.056186
0.062863
0.049222
0.048387
0.043489
0.052377
0.049717
0.049623
0.043726
0.050473
0.049922
0.051178
0.043867
0.050724
0.049136
0.051261
0.077633
0.044016
0.051329
0.051183
0.054777
0.047559
0.048503
0.051297
0.065833
0.055595
0.046176
0.059394
0.046301
0.048990
0.048789
0.056269
0.047102
0.045482
0.046206
0.052023
0.048768
0.047959
0.051537
0.048763
0.054259
0.043905
0.056992
0.050125
0.046858
0.054465
0.048411
0.056589
0.045363
0.049769
0.056575
0.049323
0.050276
0.046465
0.047945
0.048330
0.045910
0.061292
0.061895
0.055951
0.051399
0.044932
0.049285
0.043542
0.048690
0.057699
0.061138
0.052496
0.051453
0.054240
0.056865
0.048373
0.057281
0.048795
0.053274
0.052131
0.053065
0.044864
0.059515
0.047003
0.049011
0.049953
0.049043
0.051257
0.048390
0.057967
0.055122
0.049408
0.048811
0.056337
0.046155
0.053628
0.046136
0.045156
0.047330
0.049833
0.045316
0.048347
0.051060
0.049923
0.048558
0.048617
0.053981
0.056063
0.045132
0.053647
0.064211
0.066510
0.053937
0.043875
0.046334
0.049170
0.045146
0.043537
0.054567
0.046204
0.043525
0.046828
0.051745
0.047533
0.046171
0.049831
0.051039
0.051444
0.054324
0.047102
0.052068
0.064528
0.051884
0.050756
0.047626
0.059976
0.046015
0.050275
0.050177
0.056531
0.050295
0.047822
0.047909
0.052133
0.041196
0.048198
0.052648
0.048958
0.051710
0.050400
0.051386
0.046831
0.043917
0.054866
0.057466
0.055313
0.053277
0.052138
0.043472
0.054745
0.043293
0.042077
0.046207
0.045822
0.050372
0.043501
0.052594
0.058174
0.063527
0.050635
0.048459
0.046357
0.047525
0.046187
0.057097
0.045736
0.052904
0.049219
0.054223
0.053817
0.048792
0.057148
0.048541
0.053375
0.050792
0.056417
0.058928
0.055252
0.052832
0.049127
0.045615
0.052570
0.047619
0.052429
0.046853
0.047486
0.045971
0.046394
0.047068
0.052588
0.049178
0.051235
0.053351
0.055821
0.056363
0.047784
0.046029
0.047243
0.045540
0.054826
0.050487
0.043542
0.044472
0.046462
0.048163
0.051269
0.047350
0.045923
0.050121
0.047891
0.051829
0.050785
0.052571
0.054733
0.046838
0.045981
0.050030
0.049122
0.043579
0.048414
0.048888
0.050077
0.048776
0.045029
0.050546
0.055693
0.055160
0.057061
0.048206
0.049275
0.057146
0.050437
0.045887
0.053574
0.051108
0.049872
0.052702
0.052717
0.052946
0.043557
0.058028
0.054239
0.043507
0.043968
0.050864
0.046500
0.052563
0.052478
0.046739
0.042797
0.046473
0.055272
0.060359
0.060694
0.067933
0.060236
0.043471
0.071405
0.053064
0.046685
0.046098
0.058472
0.045882
0.043099
0.050038
0.057393
0.048902
0.044616
0.043907
0.053521
0.055524
0.053397
0.060057
0.042616
0.044909
0.049697
0.051318
0.043053
0.048556
0.051718
0.062377
0.052238
0.047388
0.050593
0.052320
0.053821
0.048673
0.058239
0.056456
0.056542
0.043018
0.045701
0.052360
0.048238
0.049036
0.051024
0.058909
0.043123
0.044080
0.053406
0.047941
0.058787
0.046508
0.049355
0.056012
0.054779
0.054340
0.043362
0.045558
0.056110
0.052654
0.048718
0.041525
0.063833
0.046836
0.045434
0.052076
0.059987
0.041920
0.060262
0.046136
0.062105
0.054944
0.055968
0.044999
0.047807
0.050390
0.043955
0.049550
0.043605
0.052503
0.057788
0.051256
0.046060
0.048290
0.048443
0.048218
0.048387
0.053953
0.043195
0.051002
0.050318
0.046159
0.057359
0.045198
0.046802
0.046262
0.057288
0.051267
0.041722
0.053727
0.049524
0.052038
0.049010
0.043269
0.057632
0.043260
0.047623
0.051272
0.048443
0.043571
0.045324
0.047034
0.051997
0.052318
0.053469
0.048502
0.052456
0.046170
0.056553
0.045750
0.052591
0.051539
0.051274
0.048256
0.049805
0.056615
0.041138
0.051292
0.043679
0.058204
0.049568
0.043882
0.070234
0.047435
0.049739
0.054759
0.051713
0.059713
0.068501
0.060447
0.053649
0.060783
0.056614
0.050441
0.052699
0.055202
0.052837
0.045649
0.048979
0.056098
0.044758
0.043264
0.049762
0.050550
0.056284
0.045835
0.050574
0.045728
0.051368
0.078471
0.057452
0.049220
0.050475
0.065498
0.050174
0.042032
0.046484
0.049526
0.045471
0.045211
0.051607
0.059623
0.046115
0.041931
0.061269
0.046165
0.040821
0.055432
0.072809
0.049597
0.044026
0.049418
0.055317
0.046858
0.054621
0.040652
0.043432
0.048096
0.051201
0.040900
0.053697
0.046127
0.054490
0.053104
0.047757
0.053584
0.047014
0.054145
0.045638
0.058784
0.054779
0.041185
0.048796
0.057304
0.052876
0.044814
0.052866
0.053603
0.046409
0.050243
0.050104
0.049178
0.056383
0.047765
0.043409
0.043268
0.046478
0.047643
0.044811
0.051521
0.048532
0.045554
0.051053
0.053952
0.049826
0.052727
0.048600
0.046656
0.046597
0.051338
0.047867
0.054409
0.050928
0.045163
0.050096
0.052162
0.045871
0.047533
0.048524
0.049864
0.047600
0.055019
0.047733
0.047381
0.047692
0.055682
0.054975
0.045708
0.049840
0.061172
0.045593
0.045028
0.051634
0.050150
0.048910
0.050851
0.057015
0.050869
0.046582
0.065308
0.053199
0.046074
0.046929
0.043581
0.047931
0.043229
0.052474
0.052912
0.059127
0.060780
0.050765
0.054998
0.051515
0.056207
0.051556
0.042846
0.046516
0.046292
0.048932
0.055853
0.056809
0.051327
0.044195
0.046857
0.043866
0.048873
0.046981
0.060272
0.061651
0.050009
0.072103
0.056190
0.048903
0.051480
0.052994
0.048679
0.051972
0.044693
0.049063
0.048899
0.054447
0.054759
0.049258
0.049494
0.053819
0.050056
0.042367
0.057159
0.047888
0.059297
0.056887
0.069292
0.052243
0.052651
0.068316
0.055698
0.055527
0.052871
0.046272
0.052758
0.046347
0.046898
0.043858
0.056697
0.059465
0.044648
0.045572
0.048521
0.048525
0.056441
0.048794
0.058602
0.043417
0.055871
0.072011
0.045963
0.043473
0.061752
0.047694
0.047441
0.055101
0.059795
0.052137
0.042220
0.053824
0.053618
0.045583
0.052651
0.045523
0.054841
0.045644
0.046637
0.042933
0.045905
0.068380
0.044503
0.056221
0.050402
0.046769
0.043165
0.042216
0.046469
0.061352
0.063175
0.054802
0.045969
0.048092
0.057088
0.052343
0.051580
0.043146
0.061684
0.051611
0.045732
0.049757
0.053584
0.045560
0.050937
0.048918
0.051058
0.044245
0.054414
0.056017
0.045109
0.043895
0.047651
0.041533
0.059681
0.057707
0.061411
0.056400
0.046260
0.041181
0.060080
0.056520
0.058211
0.041234
0.050984
0.048665
0.058353
0.043547
0.053456
0.055406
0.045318
0.045847
0.054309
0.050093
0.051206
0.048281
0.054305
0.041179
0.050540
0.049498
0.049016
0.054359
0.048503
0.061407
0.051926
0.068877
0.049380
0.052518
0.047184
0.043990
0.049378
0.041476
0.043700
0.042857
0.060065
0.043728
0.051824
0.050716
0.047889
0.051274
0.054557
0.050455
0.057667
0.054806
0.051129
0.043498
0.051659
0.044513
0.051476
0.043437
0.058389
0.062497
0.046351
0.043600
0.059203
0.057059
0.045872
0.047855
0.065629
0.045594
0.045595
0.049013
0.062891
0.051261
0.053900
0.046425
0.043160
0.048952
0.050220
0.064955
0.043874
0.043879
0.051290
0.065989
0.049018
0.050401
0.055505
0.043455
0.043173
0.044966
0.049778
0.053299
0.045304
0.047997
0.042732
0.050863
0.044533
0.060326
0.045543
0.046144
0.045999
0.060709
0.043844
0.056113
0.066342
0.047860
0.045101
0.048881
0.058545
0.046640
0.051426
0.054895
0.050471
0.051004
0.060891
0.050886
0.050331
0.047779
0.045168
0.053917
0.045770
0.063031
0.054477
0.051497
0.059827
0.050956
0.046211
0.045200
0.048539
0.053347
0.044270
0.057061
0.050360
0.046260
0.059671
0.047799
0.048508
0.051227
0.049692
0.044077
0.050056
0.052304
0.058839
0.046742
0.045822
0.049377
0.046399
0.060007
0.052100
0.049139
0.053690
0.049893
0.043021
0.055404
0.053358
0.051370
0.046438
0.059147
0.044626
0.045717
0.049536
0.048481
0.042000
0.049599
0.054003
0.045954
0.052336
0.043812
0.057024
0.054547
0.049795
0.060661
0.055377
0.043649
0.052619
0.057256
0.045006
0.053933
0.057099
0.047694
0.046530
0.056885
0.053999
0.045696
0.051592
0.052187
0.050499
0.057011
0.051568
0.045411
0.046030
0.047308
0.052038
0.057145
0.046606
0.046845
0.044800
0.048986
0.059211
0.049388
0.052747
0.044719
0.043793
0.052300
0.046109
0.047711
0.046377
0.056151
0.045833
0.051435
0.052183
0.046468
0.043585
0.064043
0.057766
0.049674
0.043393
0.047785
0.048704
0.044677
0.055596
0.048530
0.045200
0.051913
0.049678
0.047161
0.050439
0.056557
0.043835
0.053024
0.048890
0.048904
0.047255
0.049267
0.044416
0.075784
0.051914
0.049972
0.051814
0.046180
0.048262
0.054774
0.059958
0.054508
0.050390
0.049263
0.046518
0.052530
0.056217
0.050596
0.046074
0.051865
0.046030
0.048910
0.056911
0.046924
0.049444
0.047860
0.055007
0.053603
0.048146
0.044987
0.062278
0.055465
0.046682
0.056200
0.053770
0.053697
0.064927
0.056290
0.058500
0.044033
0.046427
0.044789
0.058055
0.070167
0.049012
0.058132
0.043112
0.047630
0.050143
0.048579
0.048744
0.051034
0.063984
0.051430
0.047551
0.043991
0.056470
0.041312
0.053107
0.055712
0.046521
0.043509
0.053025
0.047053
0.052884
0.046564
0.055056
0.055955
0.044667
0.050460
0.053529
0.054915
0.047266
0.046083
0.048195
0.045427
0.059134
0.058707
0.057437
0.047402
0.057622
0.059184
0.053869
0.048932
0.046458
0.050981
0.059273
0.045397
0.046397
0.045927
0.047521
0.054798
0.041276
0.045274
0.053890
0.056903
0.051322
0.054160
0.046689
0.043639
0.045168
0.043506
0.048634
0.045632
0.047114
0.043581
0.045750
0.048780
0.048941
0.048231
0.053372
0.049599
0.049895
0.046762
0.051918
0.051655
0.054012
0.051835
0.048719
0.043468
0.047154
0.049775
0.043822
0.047305
0.049795
0.049321
0.048651
0.053838
0.053011
0.043191
0.057332
0.049312
0.044113
0.051742
0.049186
0.050992
0.045954
0.052854
0.053435
0.048033
0.043419
0.059672
0.044488
0.053831
0.056691
0.050236
0.043919
0.041537
0.049834
0.050566
0.050007
0.047513
0.058199
0.059410
0.043061
0.048623
0.050483
0.041720
0.044341
0.047258
0.050940
0.046656
0.050792
0.053486
0.050462
0.044585
0.048447
0.044869
0.053758
0.049978
0.056528
0.044999
0.046479
0.048743
0.072964
0.049165
0.049262
0.054299
0.042280
0.053770
0.043405
0.062463
0.046281
0.045184
0.051936
0.053770
0.046334
0.053015
0.054327
0.045942
0.053310
0.043177
0.058784
0.054229
0.056927
0.040768
0.062533
0.043119
0.040828
0.059238
0.055393
0.056001
0.042065
0.056778
0.054238
0.044854
0.047899
0.051283
0.046292
0.045970
0.047513
0.052075
0.051064
0.053341
0.043318
0.050396
0.043024
0.053054
0.055138
0.046434
0.064566
0.043277
0.047571
0.052124
0.050879
0.044564
0.047297
0.052697
0.043242
0.049489
0.054730
0.062609
0.052724
0.045753
0.056056
0.053235
0.066660
0.066343
0.048290
0.044176
0.049018
0.049376
0.050106
0.050885
0.048843
0.048480
0.040861
0.043192
0.053214
0.048643
0.042840
0.046039
0.053352
0.048044
0.046317
0.052690
0.050407
0.051677
0.042667
0.045046
0.047895
0.045477
0.048299
0.052891
0.046590
0.048154
0.050519
0.045511
0.054615
0.047003
0.050882
0.056357
0.043382
0.056520
0.051889
0.041304
0.045980
0.048187
0.058800
0.049248
0.042536
0.055458
0.057355
0.046250
0.052559
0.050236
0.067806
0.052908
0.049962
0.045794
0.056604
0.065734
0.060078
0.048712
0.045925
0.054076
0.057033
0.049027
0.052514
0.056888
0.051363
0.050978
0.050314
0.043850
0.043021
0.053849
0.052557
0.049452
0.043707
0.049639
0.055617
0.043515
0.053427
0.047247
0.048143
0.050278
0.044597
0.048900
0.049646
0.055677
0.064525
0.045334
0.048570
0.062515
0.051880
0.046592
0.067222
0.047521
0.054306
0.048006
0.046999
0.052655
0.063950
0.050052
0.051755
0.050225
0.045672
0.053579
0.048471
0.057459
0.045676
0.051055
0.045867
0.049008
0.051415
0.048181
0.043653
0.054477
0.051763
0.051016
0.046539
0.065410
0.057495
0.050109
0.057189
0.044698
0.047232
0.052688
0.066046
0.047398
0.045338
0.064507
0.056339
0.051736
0.046707
0.046657
0.043509
0.042984
0.055861
0.051312
0.041332
0.047441
0.043224
0.062689
0.053158
0.043748
0.052123
0.047154
0.045556
0.047338
0.050716
0.051135
0.050330
0.047573
0.044203
0.048072
0.044538
0.043809
0.065082
0.051578
0.054199
0.051811
0.057205
0.045230
0.054150
0.042442
0.056185
0.057941
0.045897
0.051472
0.054395
0.050423
0.044636
0.049442
0.050281
0.043641
0.051466
0.045818
0.050484
0.055252
0.068576
0.052306
0.050056
0.057538
0.054307
0.043534
0.053032
0.050599
0.048815
0.055687
0.050308
0.043504
0.045670
0.049933
0.061020
0.047074
0.057292
0.052090
0.047283
0.057294
0.065693
0.049709
0.045432
0.054850
0.045579
0.048645
0.049639
0.053515
0.043633
0.048552
0.064529
0.047418
0.052711
0.043670
0.051442
0.055854
0.052466
0.054395
0.043131
0.057866
0.043805
0.047373
0.049474
0.045496
0.047285
0.048717
0.051807
0.056209
0.061049
0.052605
0.049578
0.051744
0.050482
0.059898
0.051910
0.055218
0.052431
0.056997
0.043369
0.051043
0.072895
0.045222
0.048195
0.048394
0.056949
0.045819
0.048721
0.044511
0.062474
0.049151
0.047304
0.062959
0.047769
0.053013
0.043307
0.056854
0.047919
0.044250
0.048673
0.050970
0.040781
0.043468
0.055209
0.048027
0.056323
0.052618
0.052988
0.055573
0.048533
0.064324
0.045361
0.047263
0.052009
0.069834
0.056477
0.051980
0.053804
0.044050
0.049400
0.045031
0.053532
0.048840
0.049195
0.051558
0.057822
0.060865
0.048637
0.045696
0.049444
0.058888
0.052801
0.046523
0.045147
0.047120
0.046642
0.046221
0.046525
0.059419
0.044240
0.050088
0.044757
0.041522
0.046612
0.053313
0.047317
0.045599
0.048439
0.061078
0.059994
0.053230
0.044554
0.060564
0.048542
0.052536
0.048048
0.058542
0.041786
0.054663
0.069300
0.052188
0.049009
0.044060
0.056350
0.043888
0.047795
0.048299
0.049717
0.049962
0.046673
0.052307
0.048548
0.047815
0.049418
0.056176
0.051396
0.046525
0.058900
0.052738
0.051431
0.042702
0.052377
0.059619
0.047072
0.047829
0.047112
0.044028
0.046591
0.053347
0.049767
0.050764
0.048450
0.047687
0.052205
0.049058
0.048589
0.047458
0.046111
0.051788
0.051834
0.059615
0.053067
0.046342
0.059086
0.052290
0.053332
0.050768
0.047380
0.052405
0.052857
0.051579
0.046127
0.052461
0.042567
0.050114
0.041358
0.050138
0.048542
0.053355
0.048862
0.050711
0.054120
0.044611
0.051024
0.048275
0.052786
0.051742
0.050464
0.060294
0.045789
0.046083
0.043296
0.045516
0.045641
0.048051
0.061088
0.055870
0.056302
0.049454
0.045224
0.050280
0.047745
0.055610
0.054961
0.053715
0.051805
0.044412
0.048051
0.060462
0.054522
0.045938
0.052467
0.048990
0.048736
0.045894
0.040979
0.054613
0.045815
0.050254
0.054056
0.045742
0.043694
0.057849
0.055533
0.047763
0.048292
0.054583
0.047081
0.068591
0.046390
0.043299
0.045445
0.056930
0.046438
0.049502
0.044911
0.059428
0.057314
0.049057
0.055892
0.047123
0.051238
0.050434
0.045183
0.047163
0.054778
0.059670
0.051006
0.046678
0.063445
0.057691
0.049320
0.061974
0.044865
0.045887
0.047931
0.051161
0.050075
0.048011
0.053802
0.049061
0.043718
0.043322
0.058623
0.045026
0.044372
0.048558
0.063594
0.053723
0.043859
0.062438
0.059741
0.046968
0.046536
0.055598
0.058060
0.052695
0.043890
0.049121
0.044333
0.046983
0.064139
0.056059
0.056411
0.064685
0.049196
0.045026
0.056921
0.050544
0.048363
0.052514
0.063580
0.062074
0.053664
0.055377
0.050740
0.051418
0.059607
0.052595
0.058033
0.049089
0.046725
0.045301
0.048608
0.051787
0.040699
0.046196
0.051841
0.049206
0.043469
0.053410
0.049452
0.057993
0.048163
0.049638
0.046770
0.043581
0.063425
0.046090
0.050185
0.047805
0.050557
0.048762
0.048948
0.043771
0.043220
0.045087
0.059680
0.046147
0.046516
0.045513
0.051045
0.048489
0.043529
0.057683
0.054823
0.053605
0.058090
0.055673
0.062055
0.048877
0.051206
0.045866
0.046021
0.048541
0.052801
0.051152
0.057268
0.062485
0.044205
0.048316
0.058325
0.058496
0.048146
0.045234
0.044893
0.049748
0.047577
0.049471
0.072936
0.049525
0.046665
0.044713
0.053218
0.049731
0.046144
0.049008
0.048614
0.048087
0.049027
0.047611
0.045622
0.046312
0.051427
0.050436
0.047487
0.048833
0.066843
0.052344
0.051411
0.048265
0.046588
0.053815
0.057102
0.048683
0.043478
0.045975
0.047437
0.047705
0.051297
0.043487
0.046699
0.063365
0.051089
0.048446
0.049971
0.045810
0.045762
0.068662
0.043557
0.051240
0.066629
0.055829
0.047162
0.050310
0.048676
0.050772
0.052811
0.045079
0.049248
0.049889
0.056537
0.053579
0.052133
0.051863
0.046963
0.046401
0.051057
0.059224
0.046040
0.060187
0.059161
0.057838
0.050056
0.051420
0.056632
0.050553
0.045642
0.052258
0.047494
0.045786
0.052899
0.057289
0.041735
0.051813
0.052498
0.057286
0.046860
0.048208
0.041136
0.047894
0.055268
0.053087
0.053666
0.052974
0.053248
0.046985
0.048950
0.049615
0.066750
0.052082
0.055293
0.054314
0.049447
0.048057
0.048831
0.053109
0.046642
0.045931
0.045806
0.046387
0.046049
0.046535
0.046747
0.052675
0.043689
0.043355
0.044937
0.050982
0.047445
0.049511
0.043820
0.045907
0.048480
0.054919
0.050856
0.043306
0.063884
0.063258
0.057779
0.049218
0.043983
0.045707
0.050913
0.056246
0.047509
0.046134
0.043241
0.048195
0.057445
0.062835
0.063117
0.050488
0.049597
0.043744
0.062838
0.045148
0.056614
0.048202
0.048093
0.048984
0.047540
0.058266
0.049004
0.055220
0.051621
0.045892
0.054086
0.046868
0.063211
0.064239
0.046497
0.047640
0.047729
0.065502
0.051217
0.049221
0.050944
0.049256
0.040591
0.050724
0.048819
0.043668
0.046490
0.044684
0.047805
0.059789
0.057145
0.043766
0.051251
0.050430
0.055095
0.049319
0.058376
0.048923
0.058093
0.050384
0.054145
0.064862
0.049934
0.045797
0.069592
0.051345
0.048184
0.048172
0.048866
0.063816
0.054424
0.053939
0.046602
0.045877
0.049012
0.047326
0.048385
0.046767
0.051748
0.049747
0.045661
0.053182
0.045533
0.045851
0.048417
0.044339
0.042794
0.043523
0.043703
0.049864
0.053692
0.054054
0.057096
0.048376
0.053602
0.046260
0.059751
0.044360
0.060081
0.062380
0.048577
0.047760
0.049701
0.056225
0.045934
0.046601
0.058995
0.052754
0.046352
0.048139
0.060430
0.047197
0.044621
0.049375
0.059917
0.052546
0.049293
0.049642
0.064780
0.054305
0.052107
0.060791
0.051892
0.062516
0.050455
0.044528
0.050376
0.044815
0.043435
0.046757
0.055995
0.062011
0.052496
0.058759
0.048587
0.050687
0.052203
0.046649
0.048683
0.043399
0.055083
0.054954
0.057041
0.049066
0.054618
0.046010
0.042969
0.049064
0.043848
0.049351
0.047597
0.046074
0.049057
0.053838
0.054889
0.044280
0.051300
0.048721
0.053774
0.043340
0.046227
0.043799
0.053519
0.056955
0.051118
0.052253
0.059689
0.048019
0.052927
0.057302
0.051963
0.051852
0.055653
0.044110
0.056586
0.054517
0.043490
0.046901
0.043033
0.049052
0.043513
0.056079
0.047105
0.049630
0.054731
0.064322
0.051199
0.052088
0.056215
0.050412
0.046090
0.052546
0.054409
0.050558
0.043364
0.059669
0.046450
0.050357
0.046372
0.051691
0.043201
0.056597
0.059550
0.049021
0.046496
0.051235
0.047122
0.042254
0.058744
0.052919
0.043629
0.049818
0.045937
0.060224
0.048723
0.045953
0.050939
0.047391
0.045976
0.050601
0.047823
0.047228
0.054856
0.044047
0.045781
0.050154
0.055893
0.044328
0.052087
0.058577
0.050219
0.050465
0.051337
0.054522
0.046289
0.045627
0.046580
0.053727
0.050905
0.049134
0.059436
0.046529
0.056401
0.058095
0.043626
0.044777
0.064803
0.045285
0.054155
0.046629
0.056094
0.043894
0.049503
0.058712
0.046079
0.053034
0.054682
0.060472
0.048211
0.056185
0.056493
0.046170
0.051910
0.053426
0.053848
0.043616
0.052179
0.045327
0.057291
0.044484
0.046801
0.045778
0.053267
0.055611
0.048638
0.048488
0.046352
0.053157
0.048192
0.046558
0.048452
0.045124
0.049842
0.050187
0.049773
0.049176
0.055330
0.043532
0.053212
0.051600
0.050110
0.044426
0.054939
0.057240
0.055979
0.049647
0.070015
0.052313
0.050824
0.065245
0.049145
0.050407
0.045144
0.042789
0.050715
0.050145
0.053480
0.051327
0.048763
0.052514
0.050058
0.044610
0.046820
0.051401
0.044611
0.050298
0.048296
0.053666
0.050288
0.048366
0.045084
0.062286
0.041997
0.049231
0.049307
0.044242
0.045995
0.043266
0.043370
0.061461
0.059095
0.054410
0.048274
0.046936
0.055274
0.046345
0.055719
0.051477
0.051476
0.046698
0.062237
0.048879
0.049340
0.052687
0.049077
0.050976
0.047003
0.058086
0.047811
0.055295
0.053652
0.044976
0.048359
0.049716
0.051460
0.066854
0.044841
0.050496
0.046144
0.053372
0.052989
0.048898
0.057104
0.051655
0.047370
0.049580
0.058319
0.050867
0.050157
0.058058
0.043540
0.043116
0.066945
0.054457
0.055692
0.046035
0.047450
0.049811
0.052696
0.055532
0.052137
0.045027
0.057731
0.050416
0.045969
0.043377
0.055304
0.051321
0.048198
0.054576
0.046335
0.044562
0.048426
0.053707
0.052656
0.047195
0.051323
0.057304
0.049582
0.049723
0.043049
0.058076
0.059236
0.050815
0.062661
0.048304
0.046789
0.062444
0.043169
0.052161
0.051243
0.049220
0.047758
0.055709
0.057152
0.044577
0.043687
0.043232
0.048893
0.043715
0.043751
0.046146
0.046824
0.049243
0.052285
0.049536
0.064266
0.045125
0.049054
0.050517
0.048457
0.055138
0.050979
0.043940
0.067735
0.047702
0.050801
0.046433
0.054891
0.043118
0.050822
0.051834
0.052501
0.046534
0.046123
0.051259
0.046695
0.045673
0.046903
0.058477
0.043868
0.051199
0.052142
0.052004
0.059289
0.043693
0.045514
0.057147
0.043093
0.047400
0.049781
0.056841
0.060685
0.046192
0.049374
0.046804
0.049998
0.058176
0.047167
0.046777
0.054668
0.045823
0.044165
0.049333
0.056276
0.045828
0.052623
0.047711
0.045737
0.048436
0.047897
0.049989
0.045708
0.047404
0.045082
0.047007
0.048392
0.047626
0.051389
0.046045
0.045849
0.050425
0.046775
0.042969
0.043349
0.048823
0.047342
0.046254
0.050735
0.056458
0.052958
0.051551
0.046593
0.046352
0.050176
0.065163
0.060444
0.050893
0.067067
0.045752
0.045576
0.056219
0.053618
0.043639
0.045868
0.047054
0.052614
0.047433
0.050060
0.050826
0.047562
0.053935
0.048689
0.045880
0.050932
0.060774
0.046776
0.053013
0.052676
0.057656
0.052797
0.046340
0.046219
0.049653
0.052586
0.043240
0.045176
0.056532
0.056287
0.046436
0.052667
0.049033
0.053047
0.046167
0.065592
0.044587
0.044194
0.053679
0.055831
0.051817
0.048758
0.049335
0.049311
0.052512
0.044177
0.044245
0.057335
0.052095
0.046966
0.055231
0.058689
0.053497
0.045436
0.055537
0.054118
0.057216
0.047733
0.059738
0.049007
0.051216
0.047451
0.050292
0.055034
0.051838
0.046786
0.056784
0.051865
0.054367
0.045701
0.052738
0.050215
0.049462
0.052823
0.060092
0.053806
0.060144
0.056117
0.057479
0.050883
0.048004
0.051175
0.055040
0.057811
0.043798
0.049623
0.051232
0.044949
0.048296
0.044385
0.063925
0.045175
0.055018
0.050551
0.063082
0.055679
0.056985
0.051356
0.062787
0.050066
0.056690
0.055447
0.051326
0.055989
0.052212
0.048421
0.059872
0.046879
0.056360
0.057629
0.053227
0.052797
0.055664
0.046993
0.051422
0.053083
0.069553
0.043736
0.053334
0.045355
0.043464
0.045962
0.060426
0.050157
0.049181
0.044195
0.052771
0.047338
0.048588
0.047839
0.057048
0.060981
0.052909
0.045413
0.054521
0.046277
0.045024
0.052679
0.053636
0.047002
0.049956
0.057287
0.056496
0.052001
0.054733
0.051011
0.045808
0.053086
0.050462
0.049141
0.045913
0.046228
0.051040
0.046384
0.051153
0.049341
0.061637
0.051769
0.046573
0.050442
0.049265
0.052086
0.053086
0.050704
0.049371
0.050952
0.056888
0.051494
0.045107
0.050570
0.048575
0.049200
0.061983
0.049229
0.049980
0.044469
0.062911
0.048852
0.048901
0.062939
0.049143
0.050735
0.054680
0.050224
0.048743
0.046337
0.055219
0.049419
0.043609
0.051848
0.051176
0.047540
0.044826
0.056656
0.043456
0.045943
0.066347
0.045999
0.043592
0.058690
0.045667
0.071018
0.060779
0.048771
0.054407
0.048532
0.050525
0.060864
0.047919
0.051471
0.051020
0.048608
0.050194
0.052449
0.048648
0.053900
0.057462
0.048167
0.048410
0.058022
0.050708
0.049860
0.043731
0.065460
0.043289
0.056090
0.069201
0.055737
0.049287
0.046138
0.049066
0.061376
0.049000
0.048823
0.048522
0.048795
0.048462
0.047722
0.043802
0.054227
0.050720
0.052931
0.055291
0.046424
0.050261
0.049375
0.054709
0.059750
0.056031
0.047635
0.056561
0.051208
0.052831
0.049088
0.047202
0.051914
0.057835
0.052544
0.044458
0.050952
0.043741
0.047003
0.051527
0.060091
0.050795
0.044402
0.053932
0.043681
0.043971
0.050569
0.048930
0.045198
0.051475
0.055005
0.045704
0.048728
0.051125
0.065840
0.041290
0.043256
0.042244
0.047505
0.055536
0.044645
0.052972
0.043961
0.056757
0.063285
0.046017
0.042004
0.051205
0.066427
0.053560
0.057668
0.054048
0.046768
0.050366
0.043464
0.048569
0.052534
0.046597
0.057697
0.044671
0.049718
0.047560
0.045287
0.052968
0.044592
0.068898
0.048425
0.050034
0.052068
0.055557
0.056957
0.062516
0.050360
0.051209
0.046916
0.049129
0.041522
0.047882
0.050121
0.047867
0.046604
0.046107
0.061652
0.043404
0.048337
0.053364
0.046154
0.043676
0.046201
0.062592
0.044633
0.051042
0.061273
0.042157
0.047134
0.049157
0.058270
0.045338
0.051206
0.055650
0.044281
0.045133
0.059608
0.046854
0.055103
0.052079
0.056122
0.049111
0.051536
0.053967
0.043947
0.057766
0.053854
0.048402
0.049727
0.049080
0.055882
0.050919
0.051554
0.043893
0.046198
0.046453
0.064924
0.052925
0.048383
0.055844
0.044036
0.046396
0.043103
0.053501
0.045889
0.049192
0.060449
0.051953
0.045559
0.054363
0.056987
0.046305
0.047208
0.048843
0.064920
0.044070
0.046574
0.046930
0.043216
0.047061
0.045810
0.055624
0.046253
0.043500
0.047939
0.061951
0.053498
0.046114
0.043597
0.051152
0.048691
0.059295
0.054338
0.045156
0.045186
0.063801
0.050458
0.047241
0.055017
0.049469
0.044788
0.045387
0.048956
0.048257
0.051057
0.047537
0.053004
0.043790
0.055734
0.049974
0.043685
0.042208
0.052784
0.047833
0.048511
0.049432
0.049144
0.047370
0.046426
0.047763
0.052234
0.043739
0.060868
0.047352
0.051195
0.047379
0.055929
0.047335
0.047385
0.049224
0.061030
0.046364
0.064373
0.055528
0.050478
0.046132
0.052114
0.049922
0.053115
0.044772
0.051043
0.048727
0.041394
0.044223
0.049007
0.041686
0.058198
0.069814
0.049187
0.047144
0.061165
0.052743
0.046145
0.058127
0.054778
0.057164
0.059234
0.053596
0.048003
0.050640
0.055507
0.046049
0.045100
0.046619
0.051240
0.047047
0.048928
0.043945
0.044398
0.047194
0.049122
0.054918
0.050932
0.055137
0.050920
0.051513
0.050022
0.056017
0.051806
0.052499
0.055132
0.045401
0.046402
0.046867
0.060417
0.059600
0.049406
0.060371
0.049699
0.045129
0.058710
0.047396
0.054789
0.052388
0.043966
0.043822
0.061710
0.046660
0.047523
0.054080
0.056303
0.053652
0.048542
0.054515
0.068776
0.046055
0.056988
0.054193
0.052410
0.044231
0.056229
0.055953
0.049679
0.046562
0.059451
0.045769
0.055485
0.043326
0.054787
0.069668
0.075226
0.054619
0.051634
0.055430
0.046100
0.048504
0.054435
0.046795
0.047481
0.046116
0.050060
0.056897
0.049844
0.056161
0.051167
0.059347
0.065007
0.052216
0.052772
0.057194
0.054486
0.046458
0.058920
0.049074
0.055831
0.065577
0.047022
0.048362
0.059297
0.054802
0.045259
0.051858
0.055267
0.045795
0.060818
0.045787
0.047478
0.046507
0.054862
0.053440
0.048164
0.055709
0.048208
0.053736
0.054004
0.052864
0.051782
0.048053
0.053683
0.051189
0.048589
0.046325
0.068670
0.050575
0.051496
0.043946
0.043717
0.045757
0.062837
0.051646
0.043176
0.050564
0.076639
0.048801
0.048705
0.059847
0.062923
0.055830
0.047533
0.073973
0.052229
0.044806
0.053587
0.050392
0.048666
0.061451
0.056715
0.044518
0.051558
0.046134
0.043749
0.040647
0.050343
0.051087
0.043278
0.048542
0.056618
0.050944
0.048500
0.053520
0.054483
0.043225
0.050417
0.046240
0.050355
0.044816
0.041857
0.061030
0.046926
0.054396
0.044531
0.056083
0.046075
0.049690
0.044589
0.051748
0.045690
0.060872
0.055040
0.045727
0.050469
0.043277
0.055053
0.053780
0.055853
0.047531
0.054143
0.048220
0.054801
0.044735
0.051625
0.054039
0.043866
0.048113
0.052167
0.054894
0.047734
0.046105
0.056741
0.054490
0.058597
0.057901
0.053015
0.042298
0.045523
0.050697
0.042997
0.050710
0.057140
0.047426
0.046753
0.047832
0.051715
0.044433
0.046160
0.057107
0.049633
0.048505
0.048268
0.045918
0.050900
0.046526
0.048332
0.047993
0.062426
0.042475
0.043867
0.055799
0.052467
0.054299
0.052780
0.050174
0.055484
0.048908
0.064359
0.045564
0.045661
0.052182
0.043063
0.044716
0.048433
0.050259
0.043389
0.045959
0.048935
0.053213
0.055573
0.047889
0.052979
0.043600
0.043361
0.050735
0.043485
0.048315
0.059765
0.046036
0.047137
0.047080
0.050881
0.043522
0.045915
0.043035
0.049521
0.053668
0.048710
0.053748
0.055727
0.050078
0.043203
0.060455
0.058864
0.050958
0.042627
0.054828
0.046010
0.040912
0.050907
0.044976
0.048048
0.047388
0.046547
0.041590
0.056337
0.044028
0.052946
0.053987
0.057328
0.043782
0.043643
0.055460
0.047189
0.051319
0.054324
0.051315
0.050188
0.051426
0.046738
0.061769
0.048973
0.046415
0.046062
0.064038
0.049251
0.044531
0.056580
0.050024
0.053612
0.048619
0.060353
0.056885
0.065163
0.046066
0.048965
0.071809
0.043624
0.046612
0.064065
0.050355
0.043202
0.049359
0.046556
0.051565
0.049721
0.060648
0.045891
0.047986
0.049620
0.043923
0.056807
0.053385
0.051327
0.044608
0.058845
0.049430
0.042355
0.053214
0.059140
0.060466
0.052313
0.046367
0.047469
0.046539
0.043528
0.047135
0.056562
0.049001
0.044443
0.052653
0.058024
0.043839
0.042230
0.053160
0.043437
0.051672
0.056830
0.053516
0.046813
0.048022
0.049477
0.046545
0.046552
0.046475
0.043807
0.044262
0.050479
0.043916
0.073718
0.047042
0.053644
0.057923
0.052272
0.045079
0.051172
0.056608
0.054863
0.052694
0.049831
0.043758
0.046586
0.070212
0.051253
0.043945
0.049640
0.050696
0.049398
0.054883
0.049979
0.049567
0.043653
0.054305
0.049138
0.052706
0.051421
0.067519
0.046482
0.051866
0.055388
0.051008
0.052516
0.056748
0.053077
0.044261
0.048214
0.048573
0.051251
0.048643
0.052871
0.053722
0.052791
0.049132
0.057441
0.047004
0.063313
0.043767
0.052400
0.044435
0.048471
0.064595
0.043811
0.048021
0.046545
0.055746
0.046112
0.048554
0.056354
0.043536
0.043713
0.049835
0.052991
0.048852
0.049825
0.057653
0.043370
0.043347
0.052494
0.047247
0.052612
0.049863
0.061412
0.046660
0.049858
0.050219
0.046088
0.049250
0.056055
0.043812
0.060083
0.054872
0.048822
0.048600
0.041639
0.049382
0.049378
0.049732
0.053550
0.051862
0.055836
0.058375
0.053341
0.050333
0.058606
0.052995
0.048367
0.048263
0.045964
0.051167
0.047780
0.048904
0.045401
0.047340
0.042793
0.057076
0.054420
0.043778
0.053126
0.043848
0.044348
0.055493
0.052451
0.043877
0.051668
0.051993
0.055503
0.046637
0.060437
0.041056
0.051014
0.044047
0.049944
0.054516
0.044488
0.045765
0.058307
0.043494
0.063626
0.059769
0.040805
0.051569
0.049136
0.059049
0.047828
0.061140
0.060499
0.043466
0.049291
0.053360
0.066860
0.042393
0.049662
0.051980
0.046472
0.044891
0.056446
0.048330
0.048315
0.051330
0.057238
0.057478
0.053551
0.053445
0.046078
0.047940
0.047969
0.054971
0.048869
0.043629
0.057323
0.053454
0.045978
0.048681
0.043535
0.052059
0.046399
0.059993
0.044699
0.045712
0.049603
0.049359
0.063064
0.046655
0.050819
0.044859
0.051138
0.048804
0.047577
0.047601
0.042422
0.049002
0.050512
0.051243
0.046829
0.046144
0.054248
0.061003
0.049242
0.051751
0.046432
0.049305
0.054189
0.066402
0.049886
0.047655
0.048735
0.047482
0.052145
0.049847
0.055596
0.045058
0.045629
0.043638
0.048496
0.051651
0.055670
0.044159
0.054086
0.057116
0.041260
0.046421
0.049282
0.046728
0.044861
0.057100
0.055417
0.046765
0.044660
0.050481
0.068133
0.048938
0.050373
0.050785
0.052697
0.047310
0.059048
0.049527
0.072696
0.049321
0.061778
0.048272
0.058819
0.053402
0.052295
0.050056
0.051338
0.055548
0.043711
0.057827
0.053260
0.054544
0.045946
0.043943
0.048618
0.051807
0.046758
0.048924
0.051963
0.048146
0.056114
0.055619
0.056611
0.049009
0.049534
0.057146
0.040840
0.045653
0.056298
0.048495
0.045862
0.051399
0.049112
0.044309
0.048747
0.046003
0.050129
0.053853
0.051634
0.043997
0.061094
0.048541
0.047227
0.059178
0.062595
0.053370
0.050649
0.065799
0.043285
0.055488
0.053104
0.046677
0.050591
0.047228
0.047813
0.046830
0.050516
0.051506
0.047062
0.050369
0.063206
0.049351
0.048649
0.047942
0.050189
0.046971
0.049255
0.067100
0.065024
0.059259
0.045932
0.056413
0.041029
0.052226
0.049392
0.053556
0.046236
0.050919
0.052130
0.061029
0.047406
0.044040
0.054164
0.052202
0.057674
0.061602
0.049185
0.046120
0.050668
0.048041
0.046576
0.044537
0.049531
0.051410
0.045192
0.050171
0.044385
0.060932
0.063477
0.043932
0.046209
0.053111
0.049105
0.050867
0.045658
0.053736
0.045831
0.053367
0.068223
0.045480
0.045905
0.049470
0.048899
0.052120
0.051941
0.041263
0.049776
0.049690
0.063653
0.045406
0.053167
0.046755
0.045708
0.043640
0.053656
0.053703
0.043168
0.043537
0.053819
0.046570
0.043200
0.048616
0.064463
0.045700
0.047644
0.055953
0.045967
0.046371
0.048182
0.055142
0.045857
0.048259
0.056781
0.051077
0.048161
0.049315
0.069069
0.050592
0.044189
0.051529
0.045020
0.049088
0.051565
0.049048
0.046365
0.043934
0.053188
0.043213
0.057030
0.055240
0.056004
0.062363
0.045715
0.058299
0.045161
0.050605
0.051548
0.046627
0.047832
0.047673
0.043987
0.045797
0.051091
0.049027
0.064351
0.055990
0.051579
0.057272
0.043119
0.048165
0.057252
0.052308
0.048876
0.072621
0.049607
0.050655
0.045214
0.046055
0.046200
0.041242
0.056136
0.046436
0.050702
0.046588
0.044254
0.054392
0.052282
0.047414
0.053572
0.047151
0.048812
0.054304
0.045708
0.050809
0.049317
0.051581
0.048484
0.046500
0.048799
0.044987
0.057503
0.051226
0.051056
0.044485
0.052348
0.048800
0.056204
0.046891
0.048107
0.060968
0.063529
0.058018
0.042260
0.052314
0.052697
0.053577
0.062406
0.045019
0.045651
0.050442
0.056161
0.041282
0.051056
0.049804
0.049107
0.048899
0.065954
0.048401
0.050490
0.048151
0.052363
0.052003
0.049804
0.049032
0.048803
0.045894
0.049594
0.046545
0.054338
0.046489
0.045174
0.051429
0.049266
0.055307
0.048646
0.043679
0.048503
0.056715
0.066183
0.051649
0.046092
0.045858
0.065557
0.054294
0.047907
0.057109
0.049340
0.051794
0.048996
0.049586
0.048213
0.046231
0.058700
0.050047
0.058329
0.055145
0.046991
0.049934
0.065766
0.062746
0.054552
0.050559
0.061472
0.049484
0.044155
0.048513
0.055490
0.061627
0.049555
0.060780
0.047909
0.049555
0.050513
0.054723
0.044479
0.046422
0.062191
0.044719
0.047745
0.071023
0.048452
0.049185
0.055532
0.066662
0.049263
0.047475
0.059377
0.052202
0.050390
0.043599
0.049063
0.056505
0.049059
0.048176
0.050871
0.056464
0.052024
0.053623
0.043566
0.053070
0.049986
0.049248
0.054151
0.064664
0.051640
0.045789
0.050738
0.051981
0.047748
0.045678
0.059875
0.044227
0.055283
0.054470
0.046378
0.045773
0.051521
0.057724
0.052123
0.046075
0.056205
0.043835
0.053664
0.044272
0.059399
0.049957
0.050027
0.058002
0.056844
0.044454
0.044530
0.048491
0.046526
0.054045
0.053056
0.043944
0.046028
0.046234
0.048614
0.043812
0.046225
0.053662
0.057177
0.050276
0.070667
0.056501
0.058784
0.051965
0.056559
0.046636
0.047688
0.047449
0.054231
0.049189
0.046346
0.048937
0.044674
0.045367
0.043570
0.043368
0.053769
0.052920
0.045070
0.057023
0.051053
0.046885
0.050624
0.069374
0.060694
0.055034
0.052095
0.056422
0.046734
0.053507
0.044971
0.046314
0.046665
0.046325
0.048208
0.051813
0.052346
0.049287
0.050682
0.044946
0.056629
0.043869
0.049216
0.053858
0.059990
0.046411
0.050452
0.055093
0.046046
0.049920
0.049126
0.059861
0.043803
0.051948
0.043745
0.046164
0.060008
0.053110
0.043481
0.053996
0.046060
0.063931
0.046227
0.060587
0.051224
0.046315
0.051262
0.059987
0.043535
0.050983
0.062860
0.048571
0.053628
0.058226
0.051713
0.057490
0.052027
0.046228
0.052469
0.046100
0.043835
0.048379
0.051610
0.059139
0.049164
0.046128
0.048656
0.043478
0.048708
0.042071
0.053386
0.050153
0.052386
0.063318
0.051382
0.048628
0.055635
0.048649
0.046599
0.043800
0.057851
0.049980
0.047222
0.045723
0.047311
0.052136
0.052183
0.058839
0.058468
0.051654
0.045216
0.067374
0.048892
0.054863
0.051646
0.043463
0.048252
0.062474
0.048377
0.049188
0.053798
0.065209
0.047106
0.056906
0.051697
0.056084
0.048229
0.056795
0.048365
0.060867
0.052694
0.055073
0.048402
0.045828
0.047063
0.053251
0.053980
0.048761
0.053261
0.046859
0.054670
0.062992
0.042194
0.053391
0.047066
0.052525
0.043431
0.048935
0.050997
0.051698
0.062377
0.051720
0.045664
0.045522
0.048099
0.057474
0.043113
0.042685
0.059482
0.044146
0.042596
0.049289
0.047438
0.044146
0.056208
0.043320
0.054796
0.044826
0.050284
0.054981
0.044531
0.049387
0.054997
0.052301
0.055189
0.069225
0.053705
0.051103
0.048120
0.045570
0.049957
0.054076
0.051640
0.053621
0.050181
0.044257
0.056323
0.052349
0.051959
0.044840
0.057646
0.066654
0.057625
0.049403
0.057673
0.051756
0.049926
0.059075
0.057452
0.054734
0.052768
0.042327
0.054295
0.056617
0.049002
0.052535
0.056200
0.054954
0.050687
0.046856
0.041575
0.053256
0.054324
0.050069
0.047586
0.060216
0.044101
0.066294
0.044575
0.053180
0.046297
0.054007
0.055315
0.058026
0.058832
0.054593
0.046221
0.048243
0.068785
0.052778
0.046515
0.048725
0.046400
0.056641
0.046684
0.045855
0.046771
0.048860
0.051151
0.047743
0.043422
0.046234
0.046383
0.049686
0.046810
0.060796
0.055293
0.056231
0.056545
0.051615
0.043257
0.065439
0.052886
0.049770
0.044365
0.052003
0.046776
0.049844
0.048097
0.063974
0.047974
0.048619
0.048769
0.048653
0.043188
0.044590
0.052621
0.062817
0.050554
0.045537
0.051179
0.052181
0.055817
0.052472
0.048914
0.054089
0.048593
0.047758
0.051695
0.056693
0.062308
0.055230
0.062272
0.043048
0.058946
0.057997
0.043605
0.052840
0.050092
0.045888
0.043437
0.049601
0.050090
0.046972
0.049163
0.049672
0.051739
0.048911
0.041233
0.057681
0.046002
0.044808
0.048757
0.046576
0.055402
0.054500
0.049219
0.043778
0.049525
0.053525
0.047613
0.043170
0.050440
0.052795
0.047609
0.044336
0.057992
0.042909
0.043079
0.048099
0.055516
0.047449
0.050345
0.055174
0.046518
0.041494
0.043582
0.050139
0.046302
0.046974
0.052393
0.051101
0.054699
0.059160
0.050950
0.052943
0.063593
0.057259
0.050374
0.043307
0.057930
0.043895
0.046376
0.050395
0.043515
0.047060
0.051613
0.046321
0.048585
0.053050
0.051372
0.058317
0.043409
0.051957
0.050107
0.049876
0.048442
0.051735
0.048701
0.046218
0.043324
0.048598
0.058038
0.046454
0.048968
0.046694
0.048866
0.048893
0.041311
0.050386
0.049416
0.051516
0.044315
0.062254
0.048986
0.048614
0.051917
0.045435
0.047654
0.044540
0.046336
0.047526
0.049403
0.041196
0.056387
0.049000
0.047297
0.047503
0.045043
0.043305
0.050051
0.067285
0.046222
0.048251
0.062474
0.058523
0.058091
0.057591
0.046576
0.050010
0.049790
0.046058
0.056562
0.048366
0.060351
0.051207
0.048155
0.046536
0.053895
0.049200
0.048553
0.053932
0.046009
0.047611
0.049474
0.057722
0.053572
0.047558
0.044150
0.048630
0.057496
0.055725
0.045999
0.047508
0.042949
0.055512
0.045547
0.048881
0.044427
0.049095
0.053412
0.046395
0.056209
0.059839
0.044658
0.057285
0.049912
0.054058
0.047576
0.041381
0.048693
0.046871
0.052091
0.053250
0.049193
0.049589
0.057490
0.057982
0.050904
0.048560
0.049874
0.043541
0.053447
0.060898
0.045211
0.049167
0.044248
0.053072
0.055371
0.047521
0.050235
0.046293
0.058243
0.053714
0.046399
0.051672
0.045803
0.044356
0.046093
0.061705
0.048207
0.065430
0.047253
0.048975
0.044294
0.068802
0.047626
0.052165
0.053482
0.060590
0.055847
0.050614
0.052589
0.047088
0.051826
0.050398
0.043722
0.049273
0.047113
0.044252
0.043277
0.058539
0.056530
0.046800
0.050312
0.058773
0.057473
0.052450
0.051441
0.044346
0.046181
0.064952
0.044630
0.049700
0.064739
0.055924
0.047686
0.054779
0.049866
0.048440
0.056251
0.051250
0.049194
0.052522
0.059386
0.046974
0.045204
0.058550
0.048641
0.048854
0.067351
0.047637
0.045830
0.046519
0.057429
0.048222
0.053827
0.049248
0.045852
0.046953
0.043067
0.052491
0.056387
0.051894
0.066618
0.055768
0.047455
0.055839
0.044041
0.043753
0.043149
0.049658
0.046271
0.043529
0.044553
0.050955
0.053537
0.049970
0.055374
0.056298
0.044299
0.043883
0.063030
0.051060
0.047059
0.051567
0.046365
0.047439
0.043580
0.055003
0.043579
0.051167
0.053592
0.050470
0.061893
0.055517
0.054634
0.049384
0.048912
0.048872
0.047754
0.046412
0.049787
0.048357
0.054915
0.046166
0.048661
0.052322
0.049204
0.040893
0.057409
0.044553
0.052015
0.049288
0.049853
0.051426
0.054253
0.047050
