347	135	19	18
345	134	21	20
343	134	21	20
342	135	22	20
345	132	22	19
343	134	23	18
344	139	23	21
342	149	31	28
338	152	33	32
341	157	30	26
344	171	33	31
376	132	31	83
413	122	70	56
400	55	142	85
389	28	44	168
430	5	139	198
230	75	183	132
202	50	113	155
137	46	236	173
163	57	316	159
193	46	334	175
330	48	243	184
300	56	232	158
112	71	209	144
103	64	342	145
268	51	259	172
239	62	212	158
121	77	148	142
117	74	187	137
195	57	298	142
208	53	240	159
100	64	205	150
88	74	376	133
308	51	240	170
158	67	335	147
269	52	252	160
254	59	197	152
83	82	231	121
118	65	264	143
172	60	308	145
311	46	208	163
62	50	463	150
293	55	264	182
189	44	371	146
103	70	433	147
82	41	273	166
95	64	373	150
199	44	285	176
263	59	248	156
102	69	277	141
73	64	432	154
266	49	226	187
295	58	229	156
74	59	388	149
348	54	214	178
77	63	261	146
146	65	353	148
203	47	326	184
310	43	227	190
103	63	399	154
208	45	350	194
276	39	257	199
150	53	395	174
215	40	309	199
272	45	269	193
156	61	394	167
202	45	266	186
108	64	349	161
167	52	336	172
306	49	235	176
80	71	437	144
197	46	341	184
277	52	267	189
254	53	238	156
69	74	296	128
84	73	355	152
229	45	306	155
319	46	220	168
89	70	266	140
73	74	201	146
69	73	264	141
64	67	262	149
55	70	312	139
93	71	244	156
75	69	196	161
63	71	290	149
66	65	234	164
71	72	439	138
192	57	298	172
136	60	312	163
76	54	291	175
67	62	250	170
52	65	404	155
277	54	244	184
102	79	235	149
51	72	207	160
61	74	287	152
68	70	272	161
65	72	220	157
47	73	333	152
117	71	392	161
102	46	383	185
296	61	234	190
176	63	318	156
275	61	183	170
60	71	182	151
40	73	342	134
119	81	206	150
60	68	250	160
48	83	359	146
99	70	408	161
212	55	287	166
178	71	212	146
78	92	239	126
38	69	472	134
199	52	285	174
205	71	292	152
97	69	340	137
60	67	363	158
165	49	379	190
80	59	350	170
51	72	305	151
60	80	364	139
62	79	401	150
146	61	373	161
217	67	329	174
216	63	275	154
56	97	392	120
51	83	498	156
255	48	256	172
84	88	338	130
51	82	445	144
152	50	393	181
277	68	263	184
74	76	355	128
43	86	411	140
150	62	335	152
275	57	266	172
252	71	261	138
49	59	419	153
352	82	218	162
234	52	338	154
293	69	262	154
57	58	448	152
193	75	391	173
245	57	317	160
268	80	260	145
40	69	445	150
312	55	245	189
46	71	429	154
279	51	303	200
289	60	215	159
42	64	342	152
188	66	371	169
266	47	275	170
128	55	249	153
85	88	391	124
71	81	317	132
92	61	336	145
118	83	349	132
94	65	338	151
204	68	335	164
176	63	304	155
138	77	270	150
45	65	234	162
45	50	286	177
65	80	295	154
78	64	295	179
108	63	400	174
213	49	296	189
78	60	322	173
245	64	256	171
52	86	210	147
48	49	348	178
191	74	339	169
76	61	340	153
235	65	343	170
277	65	209	154
78	43	231	178
70	77	316	143
127	69	302	165
78	68	347	167
341	61	205	174
41	48	208	174
65	51	380	172
322	64	226	180
19	50	218	189
153	96	337	128
190	65	243	169
78	80	190	149
76	72	329	144
75	79	284	145
76	75	184	162
137	72	295	146
151	56	257	174
108	76	196	152
96	49	407	138
319	29	234	189
60	66	367	144
186	68	388	166
303	43	230	176
45	68	287	136
61	77	478	143
94	68	421	155
90	61	376	163
97	72	461	168
81	60	452	150
188	57	353	183
163	59	381	166
246	56	336	185
218	55	330	163
260	59	293	172
57	96	227	101
46	54	336	150
101	68	398	155
126	63	406	170
312	44	260	190
63	61	462	166
268	36	257	207
236	69	302	162
96	70	419	141
329	48	221	191
53	40	515	189
159	40	416	223
170	52	358	184
297	43	252	200
81	58	437	168
272	39	266	204
87	81	379	142
88	61	464	166
152	52	434	196
117	57	354	175
203	53	391	190
182	39	382	200
330	44	225	206
42	66	386	165
250	50	302	194
265	62	293	175
134	75	303	151
71	85	248	118
119	56	377	149
345	56	239	174
149	65	344	154
228	60	347	170
234	53	330	188
347	42	205	193
25	59	326	160
199	57	334	171
106	65	361	166
84	56	446	179
132	41	386	207
211	35	375	224
300	31	254	204
222	51	169	170
118	52	129	169
54	44	216	194
57	77	345	151
195	61	371	180
304	45	257	209
171	59	323	178
290	55	255	184
221	61	285	172
168	67	314	164
248	63	282	173
161	75	302	159
164	62	380	169
335	49	237	197
79	60	316	176
132	58	420	183
220	42	322	205
213	46	336	203
291	45	266	208
318	63	236	180
57	67	313	168
193	66	367	178
178	47	362	191
324	43	254	209
285	50	253	182
197	65	318	164
304	58	254	178
29	74	203	159
58	82	269	144
88	77	396	150
153	60	436	181
220	41	308	209
307	44	238	197
87	76	387	145
291	53	281	186
221	65	327	172
335	53	249	178
39	65	363	164
94	64	487	184
195	50	392	171
341	42	222	198
120	68	329	157
280	58	279	175
292	61	252	168
86	60	380	151
292	58	285	179
175	46	389	179
291	42	258	203
345	56	202	171
54	62	216	157
43	60	205	156
40	53	337	159
93	69	394	154
146	67	426	176
262	42	300	194
286	66	274	171
259	58	288	151
149	55	354	161
345	55	220	181
38	48	303	169
242	73	280	156
59	80	223	119
68	51	357	126
315	37	256	172
24	37	449	175
208	52	398	192
133	42	313	185
83	65	450	164
97	55	347	163
96	76	320	143
45	81	332	146
53	82	266	138
59	80	411	145
68	53	432	150
226	46	380	190
348	39	256	199
28	32	487	188
109	58	461	197
43	69	312	140
57	91	387	125
111	54	480	171
217	40	368	217
183	44	351	196
309	46	286	198
248	43	328	173
360	50	214	173
58	64	397	150
265	50	308	192
299	52	264	161
20	30	352	180
216	53	371	175
220	51	346	186
158	51	323	178
193	57	379	172
216	46	344	186
263	44	290	197
130	77	398	159
184	52	333	156
310	54	258	165
42	70	265	145
42	63	477	157
306	36	308	221
252	43	274	189
153	74	413	150
248	54	348	149
208	59	318	160
60	73	296	132
53	73	233	140
104	54	368	145
251	53	303	167
174	71	268	151
73	80	215	112
50	55	324	148
68	77	403	149
286	46	283	175
182	71	241	148
150	62	273	144
40	75	467	137
304	45	282	191
135	59	377	166
341	53	230	186
32	40	281	183
116	77	375	142
223	48	175	151
72	53	185	173
98	43	237	165
43	55	312	148
140	73	378	165
226	49	270	156
97	75	411	130
72	56	287	152
52	68	191	141
36	41	396	182
181	50	379	194
327	38	261	185
34	45	449	162
276	58	324	182
279	63	311	136
49	60	279	150
78	84	449	132
157	58	418	162
222	49	293	182
139	59	312	152
61	78	191	126
46	55	240	134
73	50	367	179
130	66	336	161
68	61	215	135
79	39	358	185
92	80	376	153
129	52	294	151
57	59	391	152
110	78	399	156
61	62	223	137
53	53	350	170
80	78	417	151
161	60	409	147
100	55	406	168
113	67	402	174
181	51	355	152
85	63	370	152
93	78	372	142
52	75	323	134
64	76	207	135
50	59	269	142
49	84	336	112
46	72	216	145
46	54	344	143
96	52	374	171
48	80	316	130
60	73	189	141
38	65	214	118
53	40	293	182
50	82	310	128
54	71	199	128
43	38	328	143
86	76	270	110
53	55	414	157
239	81	340	160
171	53	353	147
183	67	351	154
71	78	233	138
68	76	418	133
47	85	246	115
51	69	239	134
49	56	284	152
47	89	242	99
51	56	185	116
43	49	266	167
114	78	421	146
123	60	227	144
62	64	341	153
64	76	275	134
86	65	436	141
62	76	276	133
119	64	422	142
146	79	365	149
192	58	375	163
63	61	227	164
41	70	468	145
317	59	274	167
49	73	350	152
68	81	319	131
45	78	223	126
37	48	293	149
77	64	475	144
62	72	304	146
74	85	234	135
50	70	359	152
74	80	265	140
77	64	391	149
49	77	375	150
127	55	398	166
83	59	279	157
50	76	201	149
30	56	406	150
56	66	384	159
105	66	212	151
42	59	463	140
297	80	293	154
43	54	478	154
165	73	421	173
225	56	223	151
41	84	169	89
43	63	217	161
83	64	388	134
62	86	229	138
56	73	430	138
85	76	321	134
41	67	249	142
46	66	218	150
39	55	251	159
73	89	211	130
60	79	272	139
69	78	426	121
57	92	221	130
47	71	222	156
42	54	288	163
42	96	403	125
35	59	253	137
31	58	246	140
32	52	308	158
31	79	262	111
41	44	306	163
55	80	256	129
55	70	403	125
50	91	411	128
90	69	224	129
78	37	388	184
86	82	412	150
44	86	260	114
51	67	214	149
33	62	227	154
59	80	219	135
46	70	203	150
32	66	231	146
71	75	298	119
43	58	214	157
72	72	344	124
49	85	251	126
48	72	264	148
47	76	461	135
160	76	405	154
54	79	271	125
115	59	405	143
196	64	415	166
190	46	348	167
96	86	473	147
82	70	236	130
61	47	343	169
57	78	257	117
54	52	310	161
49	96	192	126
38	73	221	153
43	70	215	149
33	63	253	148
40	66	225	152
42	66	273	144
40	72	244	148
46	64	336	150
59	91	288	134
156	68	408	136
92	85	397	138
93	66	462	129
105	58	384	162
199	72	383	159
177	52	321	151
62	78	198	139
42	67	295	135
57	84	468	116
59	83	204	147
38	80	226	145
39	72	231	147
32	65	245	154
51	80	206	143
37	70	300	136
43	94	322	111
73	83	270	132
67	70	258	147
61	80	440	108
64	90	196	131
47	62	252	152
42	64	354	148
54	91	319	125
52	73	215	161
34	68	328	149
46	78	235	130
42	62	255	149
43	64	341	146
70	91	237	125
61	71	414	121
73	90	284	120
37	67	341	138
62	96	269	126
104	70	430	122
168	74	390	142
107	69	435	132
267	65	295	158
74	92	282	105
51	59	376	131
207	60	345	153
98	74	386	141
113	77	295	124
82	57	242	151
184	53	361	135
282	45	254	155
88	47	464	157
85	69	497	169
111	73	502	135
172	54	306	152
68	81	296	118
45	63	362	135
69	73	236	125
91	48	365	141
63	77	370	127
39	65	279	123
51	53	408	134
213	58	311	148
65	80	240	116
68	52	329	132
78	43	345	157
139	68	450	147
142	45	440	147
150	53	325	169
140	47	298	145
154	49	368	153
40	74	221	113
39	48	264	146
49	41	446	151
79	64	485	157
48	61	215	126
39	28	349	150
129	53	390	147
304	53	229	162
56	69	321	129
72	69	180	144
47	48	264	145
61	58	423	125
50	65	229	140
44	40	335	155
62	70	240	143
72	50	447	126
70	68	243	141
70	46	444	131
96	58	319	152
70	44	310	137
44	41	232	160
41	42	211	157
35	33	267	148
48	33	437	156
134	37	429	181
298	22	257	165
20	25	454	169
59	50	396	172
77	37	197	147
50	28	282	150
104	38	396	150
74	35	469	175
245	20	314	171
53	52	207	151
31	37	221	161
48	35	205	150
29	35	386	126
30	14	227	177
63	39	383	152
39	41	322	153
50	49	207	153
30	40	256	147
52	44	211	147
34	36	318	143
44	35	287	164
36	36	271	148
42	26	252	163
28	40	229	145
41	33	249	140
34	27	248	155
23	37	225	143
39	41	156	119
32	56	164	107
120	64	197	139
70	46	235	152
53	38	247	150
40	30	211	156
27	30	273	151
33	47	217	143
49	32	220	161
31	40	227	150
52	32	274	145
47	38	210	137
32	26	243	153
39	43	213	140
35	30	238	156
56	34	243	155
65	32	290	164
59	33	371	180
61	19	177	176
35	36	245	146
35	30	212	158
61	33	310	159
57	25	203	178
45	37	256	158
257	70	263	120
65	56	310	146
102	29	349	189
24	14	389	167
41	40	255	171
72	31	375	171
17	11	273	168
83	26	241	167
63	28	325	169
61	16	522	196
15	13	485	221
42	17	249	170
38	17	464	188
22	0	411	196
27	19	405	192
28	0	171	159
34	23	213	174
23	27	257	165
204	47	213	145
36	44	214	150
24	27	370	177
26	8	321	191
14	5	471	220
18	0	195	167
31	13	227	194
28	20	311	183
13	11	378	202
7	0	244	176
33	16	212	171
16	18	280	176
8	13	302	199
22	7	466	239
13	0	217	181
31	8	246	177
21	13	236	176
33	15	268	186
13	14	515	235
16	0	273	206
0	4	266	201
38	14	318	213
10	9	224	172
33	14	309	191
14	7	225	198
42	22	313	193
23	15	218	157
13	13	292	173
10	15	389	207
0	3	215	172
22	10	241	170
6	12	242	173
34	19	330	192
20	10	227	198
43	23	217	180
68	33	199	166
39	27	213	168
47	33	187	159
21	9	333	189
10	2	228	206
101	26	401	195
21	8	179	162
18	14	364	193
8	0	205	194
19	17	224	172
6	18	255	176
74	26	302	183
59	15	323	209
15	13	183	164
24	23	290	177
134	35	451	233
0	15	229	187
27	21	381	206
8	11	171	156
20	22	340	186
6	8	227	179
21	21	339	189
6	8	224	171
10	13	309	186
1	6	580	264
6	0	228	196
14	11	242	184
9	24	222	171
38	11	380	211
0	0	187	159
17	19	335	197
0	15	215	200
67	28	401	187
0	5	197	173
16	16	241	167
6	18	267	176
3	14	342	205
0	12	206	174
14	21	258	169
27	26	301	184
20	20	467	227
9	8	215	183
40	26	360	188
0	14	460	207
4	0	214	180
8	5	378	206
0	0	207	174
9	11	370	199
0	0	172	176
6	19	295	183
145	35	419	223
1	19	232	178
28	24	270	183
4	26	434	220
0	14	208	176
13	28	248	166
58	23	263	185
51	24	380	218
9	14	206	168
15	24	268	164
8	20	278	185
62	16	493	250
0	0	332	227
3	4	221	180
19	11	431	211
0	0	197	176
12	28	367	189
7	19	212	181
36	25	368	190
0	12	204	175
15	28	241	161
25	24	228	171
109	35	165	164
9	15	247	173
39	23	310	184
22	15	266	202
20	18	509	237
0	0	228	202
16	18	206	178
12	18	273	181
0	19	374	214
0	6	267	176
0	3	275	193
3	10	269	196
34	20	346	214
11	14	206	169
3	20	262	165
37	22	226	176
11	25	266	174
37	25	374	207
4	11	184	159
0	18	249	172
0	17	254	180
0	15	260	188
57	14	366	221
0	8	204	168
19	22	234	156
1	21	244	166
11	22	233	175
16	13	254	190
13	15	480	235
7	0	208	187
0	10	335	193
0	0	209	180
11	10	257	175
0	14	236	175
11	26	205	166
6	10	283	188
0	15	516	242
3	0	232	201
21	13	240	188
0	20	255	182
49	18	379	198
0	7	201	157
15	13	282	194
80	22	501	248
0	3	202	202
19	27	314	184
12	18	412	214
6	4	196	169
23	13	292	188
17	15	523	233
0	2	307	209
7	3	340	223
0	7	264	194
16	12	239	196
60	27	266	188
38	25	317	197
21	21	269	200
12	18	359	221
0	8	305	205
8	6	287	216
29	9	323	220
1	6	218	193
23	25	347	196
2	18	198	158
10	23	224	155
0	24	294	178
13	17	466	236
0	0	223	191
19	24	249	173
3	26	313	186
66	18	531	198
5	0	190	178
18	14	285	189
5	15	548	249
5	0	239	206
25	12	223	191
15	21	246	180
16	18	308	196
0	12	471	210
1	0	189	167
16	9	211	194
26	20	265	185
8	17	534	244
6	0	226	197
26	13	261	190
8	13	502	240
8	0	402	240
0	0	197	182
17	10	224	169
6	11	225	172
26	14	318	193
7	5	284	208
19	6	538	242
30	0	348	256
0	1	254	186
42	7	199	184
9	20	224	164
28	18	402	205
5	0	184	163
23	12	280	197
41	15	541	246
0	0	298	229
28	3	379	198
13	5	227	205
41	18	298	198
18	14	462	198
0	0	206	172
20	7	336	202
0	0	225	210
34	21	391	194
0	1	192	161
17	10	289	190
14	12	566	238
24	0	580	277
2	0	397	248
0	0	293	216
25	1	314	204
1	1	367	208
0	0	227	207
25	17	321	194
8	9	308	208
8	7	538	218
16	0	239	239
35	17	472	222
35	5	341	225
5	4	209	180
24	13	263	173
5	14	278	184
38	13	480	239
30	3	451	248
16	0	239	195
15	6	235	188
25	13	211	179
16	19	230	172
27	24	249	175
39	29	437	192
3	8	232	173
17	10	276	186
10	12	473	227
6	0	193	180
9	11	341	201
0	0	242	198
35	23	252	179
139	38	408	207
0	20	375	195
0	3	214	177
8	12	269	174
2	16	246	178
64	24	266	176
22	22	275	189
94	23	481	193
26	0	185	172
7	12	373	197
2	0	236	213
25	13	330	212
12	10	337	202
0	0	450	219
0	3	261	189
28	8	204	184
18	19	200	166
32	27	197	157
7	21	264	172
25	20	269	187
46	22	505	225
0	0	440	247
0	0	360	226
1	0	249	203
39	13	335	203
15	4	219	207
36	23	360	182
20	6	180	197
29	27	329	184
17	15	407	195
6	2	190	173
21	12	347	201
5	2	292	210
11	2	511	225
25	0	352	232
3	0	254	204
26	11	337	212
6	5	234	195
21	18	224	179
94	29	211	169
27	33	218	161
21	26	252	172
98	34	210	173
35	17	227	186
88	28	256	183
26	23	417	195
6	2	189	165
23	14	249	198
39	21	412	227
33	11	317	198
11	5	224	213
110	34	354	202
19	21	223	164
19	20	250	173
29	23	275	183
13	20	496	237
10	0	285	226
12	4	455	230
6	0	189	170
18	9	273	189
3	9	403	221
0	0	210	176
15	8	261	186
0	12	240	184
24	17	323	186
9	6	259	197
22	11	391	222
4	0	176	169
18	17	330	189
4	6	252	190
25	12	208	184
11	26	205	162
19	31	247	166
13	39	436	167
9	9	192	156
19	22	264	179
30	24	481	223
1	6	249	185
31	23	267	172
18	23	506	208
37	5	285	197
14	22	256	189
86	26	422	204
4	4	181	168
23	16	377	194
15	0	248	185
177	32	145	162
42	21	212	160
19	23	376	180
20	3	309	188
92	38	482	198
134	22	486	209
18	1	368	210
3	0	254	209
26	8	468	240
14	0	261	197
10	15	343	176
7	20	285	191
104	28	467	217
36	7	262	188
14	15	461	206
21	0	217	175
4	5	348	197
7	2	608	229
139	8	500	231
64	12	470	237
58	15	512	243
0	0	598	279
21	18	295	204
11	16	566	210
32	8	509	240
37	4	411	233
18	0	185	169
19	10	355	210
2	0	256	185
30	10	202	176
8	17	304	168
14	10	489	188
4	0	515	223
11	0	318	208
0	2	556	236
69	4	482	248
23	0	560	260
38	0	548	268
28	0	435	247
7	0	226	178
18	8	235	167
0	14	244	162
24	15	216	166
14	21	356	163
18	11	341	193
7	0	295	190
43	15	297	184
29	13	276	202
47	19	556	219
22	0	534	259
37	11	467	245
50	7	360	218
22	0	169	157
39	16	301	173
31	11	281	192
12	18	508	217
32	0	235	190
19	10	408	183
10	0	210	165
27	7	344	199
