0.002934
0.144054
0.217097
0.154325
0.150556
0.153096
0.149179
0.153746
0.149287
0.138668
0.142004
0.222510
0.147581
0.163922
0.152092
0.152006
0.150983
0.148840
0.143464
0.116838
0.155926
0.138795
0.120180
0.166717
0.147808
0.145046
0.131181
0.118033
0.192907
0.111875
0.164461
0.159329
0.155236
0.199557
0.177957
0.179953
0.176918
0.160789
0.195110
0.170070
0.144693
0.140833
0.141107
0.123673
0.156010
0.149269
0.143915
0.145916
0.167022
0.146866
0.166365
0.161272
0.147708
0.143906
0.146247
0.144381
0.140604
0.176417
0.141725
0.143754
0.120691
0.114271
0.113880
0.167621
0.146930
0.150047
0.208277
0.164560
0.148582
0.173652
0.170545
0.146457
0.129336
0.114683
0.125051
0.119614
0.169693
0.144761
0.179475
0.158833
0.162764
0.146438
0.144985
0.139496
0.178837
0.155779
0.160055
0.147532
0.149289
0.141761
0.166989
0.147548
0.147263
0.133650
0.111195
0.121106
0.116396
0.171572
0.153967
0.116792
0.113441
0.114698
0.200800
0.150137
0.146822
0.146153
0.165811
0.151577
0.131744
0.122463
0.115031
0.119890
0.144859
0.140311
0.140410
0.123638
0.116931
0.111742
0.189397
0.147856
0.171315
0.167049
0.151002
0.150071
0.128327
0.114124
0.157020
0.174249
0.146067
0.145146
0.179491
0.161684
0.171095
0.142863
0.157383
0.147664
0.175570
0.142624
0.155213
0.144323
0.150489
0.118521
0.172936
0.149164
0.148627
0.150962
0.168482
0.207691
0.173903
0.150901
0.196846
0.166322
0.201988
0.146670
0.148152
0.152897
0.164011
0.148399
0.175069
0.167652
0.135883
0.158403
0.185036
0.146110
0.130832
0.183425
0.187491
0.202814
0.190269
0.169751
0.152325
0.166661
0.147065
0.169483
0.146760
0.143563
0.139917
0.149045
0.143960
0.138834
0.115673
0.115486
0.116039
0.113080
0.117073
0.111009
0.116870
0.116881
0.113021
0.141058
0.122092
0.115815
0.118751
0.112570
0.121744
0.122208
0.121879
0.122419
0.115516
0.155455
0.150655
0.164580
0.141963
0.171852
0.142983
0.123601
0.143720
0.169585
0.201551
0.143015
0.147218
0.145998
0.142400
0.171550
0.153558
0.151398
0.145191
0.181661
0.148728
0.146033
0.157426
0.147807
0.135786
0.158937
0.165199
0.144815
0.174377
0.145313
0.145419
0.164085
0.117794
0.112756
0.108051
0.141317
0.159983
0.141301
0.147343
0.143758
0.163179
0.165917
0.146250
0.150026
0.147687
0.154920
0.145397
0.146893
0.155985
0.168150
0.143935
0.128834
0.113056
0.119396
0.180307
0.154331
0.153550
0.157460
0.193140
0.166861
0.154741
0.156549
0.146240
0.165650
0.142508
0.139548
0.174247
0.164093
0.149920
0.148090
0.143144
0.150473
0.169762
0.148849
0.136892
0.189759
0.147203
0.144656
0.133557
0.122519
0.119948
0.160370
0.142707
0.143583
0.142395
0.139987
0.137661
0.115321
0.113112
0.117464
0.112663
0.130986
0.118435
0.128524
0.118083
0.159835
0.147682
0.148738
0.149514
0.157218
0.146948
0.121279
0.116792
0.115683
0.177538
0.183831
0.146525
0.151232
0.188348
0.143795
0.171632
0.159233
0.147236
0.179324
0.202054
0.166774
0.145281
0.143871
0.173328
0.142507
0.162816
0.141387
0.143147
0.146144
0.167220
0.149332
0.140868
0.154083
0.189122
0.151573
0.145528
0.143331
0.154584
0.207824
0.147578
0.155613
0.113193
0.115905
0.142898
0.138948
0.117433
0.111474
0.112504
0.119307
0.114372
0.110335
0.113957
0.165646
0.121366
0.113390
0.108211
0.110668
0.125002
0.153019
0.156203
0.139425
0.159312
0.151944
0.152207
0.183037
0.146287
0.146809
0.171213
0.149344
0.140319
0.118093
0.131992
0.171565
0.159900
0.170982
0.142034
0.160469
0.111322
0.111374
0.167166
0.149282
0.147902
0.144087
0.141048
0.142597
0.203064
0.144515
0.196943
0.151102
0.116110
0.183630
0.193114
0.181421
0.144515
0.164317
0.143609
0.142299
0.182954
0.163458
0.168899
0.156039
0.146452
0.144895
0.171100
0.178713
0.143358
0.172369
0.170702
0.143171
0.149005
0.125155
0.124427
0.114908
0.113345
0.115728
0.132249
0.116220
0.114759
0.167505
0.145436
0.141059
0.148344
0.139444
0.157733
0.117203
0.194946
0.142556
0.144868
0.209660
0.156899
0.169004
0.147485
0.142834
0.144501
0.139977
0.114383
0.118336
0.123893
0.169642
0.147833
0.125512
0.115902
0.110598
0.172547
0.158173
0.143903
0.141139
0.167029
0.170265
0.149404
0.152331
0.153597
0.117943
0.113490
0.168084
0.143219
0.168399
0.144972
0.146214
0.155336
0.144552
0.165684
0.170630
0.142443
0.162793
0.183064
0.168684
0.196230
0.149998
0.167103
0.171084
0.168482
0.167463
0.151378
0.148791
0.200168
0.178375
0.156205
0.160496
0.145784
0.146532
0.156103
0.167244
0.128559
0.127926
0.116243
0.177967
0.199094
0.159579
0.149493
0.146962
0.187027
0.150906
0.205650
0.165105
0.160122
0.141409
0.148126
0.170402
0.166656
0.143778
0.188488
0.153553
0.148978
0.148697
0.136230
0.157341
0.147806
0.176273
0.152582
0.218012
0.170699
0.153097
0.152646
0.146940
0.120605
0.117356
0.155542
0.143028
0.142736
0.143808
0.169374
0.142131
0.170732
0.179681
0.168686
0.161237
0.143466
0.145871
0.138742
0.154780
0.148455
0.158903
0.146597
0.165433
0.145231
0.145350
0.156860
0.152912
0.149740
0.151394
0.118357
0.125891
0.118653
0.175780
0.160407
0.124598
0.147154
0.164606
0.190309
0.179879
0.119055
0.158838
0.156827
0.180824
0.152716
0.149223
0.198709
0.151995
0.148504
0.168911
0.114104
0.120177
0.117666
0.118916
0.109245
0.116793
0.112457
0.116205
0.115146
0.112495
0.107627
0.163679
0.150219
0.178651
0.164661
0.170626
0.167494
0.188158
0.116354
0.118892
0.115184
0.150005
0.153649
0.126796
0.171184
0.147195
0.163908
0.145754
0.167009
0.149642
0.169230
0.155344
0.156480
0.148735
0.180993
0.152801
0.147709
0.148814
0.150913
0.145690
0.155310
0.157718
0.154337
0.187611
0.170449
0.149391
0.167822
0.162309
0.151897
0.141416
0.158145
0.172571
0.157928
0.112495
0.150192
0.178678
0.147326
0.177581
0.163069
0.143518
0.140239
0.153363
0.143201
0.151012
0.195862
0.187275
0.184298
0.187047
0.151199
0.140017
0.144731
0.114297
0.210129
0.152920
0.151751
0.163312
0.163482
0.156105
0.147683
0.148112
0.134368
0.117152
0.113458
0.116792
0.158541
0.191652
0.177623
0.152093
0.188025
0.180148
0.181231
0.173332
0.153503
0.183129
0.180030
0.156307
0.148625
0.146722
0.165301
0.158577
0.157167
0.155849
0.177984
0.190081
0.166627
0.144469
0.153739
0.134487
0.115793
0.124788
0.126183
0.166123
0.147049
0.174876
0.148214
0.150564
0.147697
0.188318
0.182375
0.181531
0.185039
0.173356
0.149958
0.146620
0.145180
0.143521
0.160280
0.140237
0.171349
0.171912
0.145936
0.146740
0.123093
0.187202
0.116813
0.119043
0.146741
0.151401
0.170979
0.149958
0.138655
0.169629
0.152708
0.153122
0.138123
0.119663
0.145625
0.148170
0.119985
0.158817
0.120942
0.126049
0.120998
0.220927
0.151488
0.141006
0.122862
0.162371
0.148413
0.146510
0.140136
0.119440
0.164142
0.152361
0.165945
0.167840
0.147232
0.154916
0.147582
0.144726
0.144964
0.174995
0.147924
0.168554
0.147739
0.176291
0.162944
0.183510
0.177716
0.168387
0.146294
0.157342
0.169888
0.167867
0.161319
0.159889
0.153742
0.145987
0.174851
0.162159
0.147039
0.156803
0.148499
0.182823
0.179811
0.170481
0.188128
0.168539
0.161685
0.192698
0.183382
0.177599
0.162320
0.144396
0.151808
0.178393
0.148640
0.146166
0.149568
0.146850
0.120641
0.118849
0.124973
0.151353
0.158780
0.153496
0.161729
0.142018
0.146661
0.198092
0.148468
0.156037
0.183525
0.180207
0.174124
0.149792
0.155410
0.174171
0.181505
0.126279
0.128199
0.141496
0.113687
0.132130
0.171774
0.150230
0.135502
0.113086
0.141540
0.115034
0.172762
0.164929
0.180311
0.140710
0.191412
0.164226
0.165901
0.150592
0.147842
0.184019
0.170384
0.169645
0.120898
0.110276
0.122745
0.115379
0.116850
0.120019
0.118677
0.148808
0.142979
0.144313
0.192421
0.150735
0.134517
0.127788
0.122235
0.115830
0.115770
0.120077
0.122902
0.118365
0.118391
0.132132
0.184109
0.207735
0.146054
0.155699
0.113081
0.168426
0.143247
0.146788
0.142451
0.145788
0.132206
0.208483
0.163079
0.149133
0.121757
0.121871
0.118960
0.124529
0.182321
0.126933
0.119656
0.124660
0.168972
0.147952
0.148609
0.162300
0.145484
0.154366
0.155750
0.146590
0.175468
0.118546
0.115489
0.112499
0.109958
0.112112
0.117663
0.121345
0.119251
0.158474
0.123045
0.157138
0.146959
0.152791
0.154653
0.117053
0.204422
0.155433
0.154221
0.151063
0.144311
0.129337
0.184352
0.195442
0.153842
0.146170
0.151698
0.193263
0.145624
0.148592
0.146577
0.179500
0.201841
0.146329
0.148030
0.131618
0.151580
0.170529
0.168607
0.146363
0.171658
0.153470
0.141888
0.170528
0.148541
0.153643
0.166374
0.151566
0.146982
0.169133
0.147072
0.162136
0.170403
0.158264
0.194885
0.174803
0.159225
0.120981
0.154831
0.191366
0.197630
0.150618
0.147951
0.120187
0.147527
0.154176
0.170634
0.166429
0.148527
0.123810
0.122778
0.117139
0.115181
0.116527
0.115244
0.112790
0.115517
0.124598
0.119624
0.121137
0.116198
0.165140
0.145994
0.149196
0.147095
0.213519
0.147681
0.171524
0.123857
0.187203
0.164493
0.181013
0.192270
0.180396
0.164566
0.155362
0.148156
0.174402
0.178968
0.154466
0.146376
0.150956
0.145783
0.163447
0.121889
0.177210
0.169663
0.168128
0.144566
0.147864
0.147914
0.161217
0.149630
0.154429
0.191170
0.192418
0.169317
0.145438
0.169072
0.164598
0.145427
0.123796
0.115551
0.124718
0.150899
0.188432
0.146596
0.165358
0.147864
0.148829
0.157016
0.145526
0.173684
0.119761
0.151170
0.167798
0.156318
0.145667
0.150393
0.142097
0.140607
0.150039
0.157997
0.202563
0.145287
0.152082
0.129351
0.124293
0.116778
0.126463
0.120906
0.122539
0.167204
0.152824
0.150739
0.121162
0.124799
0.118354
0.178946
0.152828
0.152010
0.149139
0.145960
0.146841
0.156463
0.166007
0.181350
0.165266
0.186428
0.172492
0.170728
0.150995
0.183531
0.155357
0.150169
0.170390
0.187156
0.143599
0.149162
0.150525
0.148546
0.119812
0.118366
0.113914
0.162060
0.176164
0.152500
0.145047
0.157983
0.181971
0.152448
0.170887
0.165066
0.159487
0.146929
0.151743
0.172414
0.180472
0.152123
0.142242
0.156988
0.147227
0.120863
0.114798
0.143623
0.186711
0.148376
0.146496
0.147429
0.188764
0.146749
0.149075
0.170955
0.149479
0.147086
0.128752
0.121308
0.115941
0.170322
0.200001
0.179209
0.147240
0.187002
0.150416
0.172156
0.154298
0.146895
0.145504
0.170855
0.115867
0.128744
0.167944
0.150012
0.151883
0.152996
0.148961
0.200791
0.198710
0.177633
0.170473
0.165270
0.144155
0.148706
0.183551
0.152611
0.149756
0.151239
0.174306
0.167927
0.168755
0.170615
0.150937
0.157334
0.183754
0.174586
0.161121
0.158688
0.145863
0.181403
0.165660
0.175503
0.194555
0.220392
0.169165
0.174825
0.184848
0.174765
0.148436
0.145406
0.163918
0.157171
0.153846
0.142826
0.121201
0.123043
0.123382
0.139709
0.114236
0.115173
0.118926
0.166372
0.151568
0.171546
0.152150
0.151350
0.180152
0.146996
0.155660
0.146624
0.153734
0.170604
0.171782
0.150115
0.206305
0.174970
0.152617
0.151812
0.147308
0.149637
0.156915
0.164826
0.132976
0.158920
0.151338
0.183652
0.165792
0.162552
0.141661
0.153986
0.145309
0.143687
0.141705
0.160673
0.170825
0.144872
0.165542
0.172160
0.160602
0.149301
0.145686
0.168869
0.168568
0.147456
0.156912
0.192568
0.152270
0.160949
0.199059
0.146368
0.164337
0.186938
0.154913
0.144956
0.146017
0.185795
0.174200
0.152636
0.141584
0.118886
0.214248
0.166592
0.145626
0.157715
0.135510
0.119041
0.146307
0.145453
0.148894
0.144383
0.172856
0.168254
0.150309
0.164959
0.146149
0.130795
0.118856
0.118943
0.115988
0.119013
0.146573
0.146953
0.167594
0.171506
0.154595
0.114325
0.117774
0.112798
0.115556
0.165197
0.150445
0.145587
0.143345
0.142399
0.170057
0.147218
0.150062
0.146499
0.156399
0.146559
0.132989
0.112549
0.165789
0.177213
0.154068
0.124910
0.129470
0.162969
0.154346
0.134063
0.163655
0.145673
0.130693
0.124906
0.129671
0.116662
0.121798
0.116872
0.203326
0.164097
0.143998
0.145374
0.146578
0.161613
0.178142
0.178118
0.157754
0.139962
0.162801
0.122421
0.166620
0.118735
0.178679
0.131905
0.127945
0.118947
0.174782
0.145354
0.152056
0.153671
0.145442
0.145504
0.147758
0.129221
0.145235
0.123111
0.117659
0.119042
0.165537
0.188484
0.149330
0.149665
0.145315
0.156223
0.167264
0.166869
0.144656
0.142539
0.141253
0.147913
0.215052
0.158488
0.174840
0.149967
0.122589
0.120451
0.146505
0.172795
0.162349
0.144192
0.139577
0.122020
0.116158
0.120105
0.116122
0.170263
0.145003
0.140800
0.148306
0.152163
0.153201
0.196341
0.146565
0.149610
0.173248
0.147380
0.181887
0.153460
0.206617
0.151428
0.145674
0.150726
0.152400
0.150863
0.197252
0.145679
0.169733
0.147126
0.197460
0.151511
0.152566
0.174631
0.174124
0.145631
0.163455
0.192109
0.150934
0.150180
0.162123
0.200472
0.224813
0.165938
0.193512
0.146498
0.173292
0.173892
0.146539
0.145750
0.147714
0.164375
0.146166
0.145868
0.124999
0.120323
0.117053
0.112194
0.117420
0.171324
0.151845
0.147592
0.145794
0.170929
0.146797
0.213717
0.150832
0.184429
0.151602
0.157611
0.149635
0.164391
0.147862
0.163086
0.145957
0.128122
0.156215
0.194093
0.176951
0.161877
0.148342
0.145303
0.174850
0.147817
0.135862
0.166885
0.149863
0.141422
0.179941
0.127619
0.120134
0.120885
0.217361
0.185440
0.149961
0.146874
0.143820
0.143852
0.124655
0.121640
0.119916
0.143178
0.151157
0.147225
0.161592
0.146759
0.143583
0.124857
0.125475
0.149292
0.152709
0.178048
0.150320
0.166883
0.156498
0.171350
0.144679
0.145949
0.142818
0.187427
0.184287
0.147259
0.146330
0.144443
0.136823
0.126812
0.149495
0.149034
0.167354
0.178149
0.151057
0.150739
0.152153
0.159109
0.187595
0.156718
0.208927
0.174184
0.151371
0.119658
0.152383
0.142079
0.131491
0.162675
0.155905
0.150865
0.153193
0.128537
0.154794
0.186119
0.183333
0.157506
0.139941
0.137461
0.143284
0.147663
0.142306
0.187753
0.148586
0.173800
0.132095
0.115292
0.115707
0.123862
0.152359
0.125028
0.146532
0.149628
0.149860
0.173990
0.160219
0.142179
0.120487
0.159923
0.150999
0.149483
0.172442
0.150362
0.150336
0.149129
0.145411
0.185450
0.138944
0.147280
0.144508
0.137573
0.123689
0.123853
0.125321
0.117431
0.114309
0.140057
0.141248
0.118516
0.115188
0.122072
0.164268
0.149264
0.171327
0.169980
0.141267
0.143030
0.195608
0.191098
0.145990
0.142383
0.172662
0.143382
0.149992
0.201922
0.177198
0.167858
0.153087
0.152962
0.145292
0.151016
0.147423
0.148107
0.151877
0.141429
0.140874
0.144761
0.143832
0.140611
0.141593
0.145381
0.148231
0.144842
0.143857
0.142831
0.139998
0.128148
0.147773
0.170704
0.171176
0.164837
0.181826
0.175367
0.153172
0.150379
0.147727
0.150668
0.122715
0.169412
0.180115
0.123081
0.126693
0.186599
0.178399
0.179255
0.153816
0.154106
0.118261
0.194129
0.149797
0.149172
0.167271
0.147787
0.150635
0.145317
0.146876
0.134781
0.155574
0.181971
0.143575
0.161500
0.119697
0.122056
0.113620
0.136691
0.147856
0.191944
0.151846
0.143858
0.142726
0.194211
0.164562
0.144767
0.143775
0.146465
0.142921
0.167997
0.175414
0.151807
0.149860
0.148923
0.170538
0.146191
0.146784
0.205762
0.172445
0.148659
0.185583
0.150542
0.143936
0.166703
0.148040
0.150583
0.185364
0.183592
0.163033
0.143717
0.152294
0.150161
0.150241
0.195791
0.137252
0.130583
0.117019
0.118709
0.118758
0.170396
0.128788
0.114506
0.121941
0.153297
0.143036
0.149270
0.152212
0.180128
0.192640
0.172698
0.150447
0.150911
0.136288
0.116675
0.151643
0.171805
0.143853
0.196062
0.152189
0.170301
0.119548
0.113452
0.115086
0.123229
0.144346
0.145661
0.167090
0.144198
0.195277
0.177069
0.148858
0.172472
0.152624
0.147053
0.182178
0.145597
0.161107
0.162466
0.156902
0.158736
0.153342
0.172193
0.167049
0.181033
0.177314
0.167930
0.151761
0.152811
0.155835
0.118396
0.119859
0.148807
0.118098
0.122396
0.182351
0.170659
0.205754
0.164136
0.146548
0.140805
0.119740
0.116058
0.176934
0.148530
0.141830
0.187008
0.124401
0.173625
0.176877
0.179248
0.128225
0.169908
0.195825
0.174365
0.163927
0.121339
0.118226
0.190416
0.188866
0.179308
0.182142
0.143148
0.173666
0.148049
0.146343
0.167654
0.161744
0.139590
0.159378
0.169039
0.185820
0.150028
0.151952
0.149270
0.149099
0.161467
0.120214
0.114623
0.121460
0.153134
0.144576
0.212752
0.175961
0.158999
0.113276
0.110214
0.135678
0.154835
0.148911
0.131865
0.119143
0.110738
0.122582
0.119548
0.163816
0.154738
0.210858
0.149614
0.145284
0.145687
0.146712
0.171039
0.152577
0.139978
0.140787
0.118421
0.116736
0.189411
0.168055
0.179778
0.149379
0.147863
0.129570
0.124714
0.177926
0.160936
0.120655
0.141418
0.168859
0.148917
0.152851
0.154294
0.203739
0.148706
0.166019
0.144279
0.145884
0.140950
0.164921
0.147461
0.191756
0.198941
0.154922
0.151895
0.151023
0.172960
0.150518
0.154350
0.185389
0.147952
0.171373
0.147596
0.151207
0.170094
0.169720
0.147814
0.194761
0.147834
0.144766
0.120289
0.181958
0.144121
0.116925
0.165911
0.113878
0.218750
0.163145
0.167325
0.183117
0.146461
0.169327
0.145917
0.146943
0.144649
0.142706
0.152972
0.150060
0.151417
0.173337
0.151763
0.156635
0.150139
0.159786
0.123064
0.118893
0.123157
0.122160
0.116802
0.165715
0.150466
0.125600
0.166837
0.147767
0.192605
0.136971
0.116768
0.114878
0.155556
0.141202
0.141460
0.145412
0.128485
0.119601
0.168425
0.149840
0.147318
0.143002
0.166500
0.146387
0.144762
0.142292
0.120962
0.144772
0.147735
0.146523
0.147633
0.166963
0.147773
0.149142
0.151142
0.122328
0.169483
0.186208
0.186333
0.172790
0.148087
0.144135
0.148284
0.131627
0.165614
0.132424
0.119870
0.110166
0.166364
0.171217
0.118879
0.144167
0.192554
0.172363
0.185024
0.146546
0.149314
0.136588
0.175544
0.150322
0.150774
0.129675
0.118057
0.118582
0.145726
0.164039
0.147818
0.200507
0.177804
0.204871
0.186633
0.220096
0.149669
0.140410
0.146349
0.148490
0.122583
0.153141
0.125259
0.121342
0.142328
0.118664
0.118695
0.145053
0.149158
0.168502
0.171912
0.165860
0.146030
0.158144
0.153265
0.167418
0.151429
0.161839
0.122438
0.125968
0.117574
0.117826
0.118899
0.117484
0.123360
0.202301
0.182223
0.149362
0.167507
0.155059
0.169788
0.194512
0.199654
0.179469
0.153511
0.166586
0.155280
0.144835
0.134176
0.167804
0.197837
0.136616
0.175259
0.157279
0.112759
0.115532
0.149676
0.177572
0.169650
0.153899
0.174835
0.150371
0.167397
0.173091
0.187006
0.216195
0.150565
0.165571
0.172929
0.151768
0.184569
0.170138
0.162488
0.154226
0.138351
0.136894
0.122144
0.115001
0.123935
0.121777
0.142445
0.141372
0.143568
0.147788
0.163989
0.175848
0.175908
0.151677
0.147472
0.146831
0.129208
0.154745
0.145248
0.143914
0.143620
0.116909
0.153470
0.153621
0.169365
0.140597
0.122193
0.158454
0.175105
0.146432
0.123960
0.130073
0.148036
0.134677
0.117226
0.116983
0.158371
0.131577
