0.005111
0.200959
0.143292
0.176365
0.127347
0.121296
0.182897
0.150681
0.168838
0.168113
0.167743
0.170322
0.149616
0.154082
0.139690
0.123736
0.126303
0.129680
0.128281
0.114153
0.158352
0.149070
0.150347
0.123802
0.120783
0.155849
0.182976
0.146250
0.146255
0.154209
0.157242
0.164721
0.188642
0.148788
0.156426
0.132591
0.118664
0.121175
0.137462
0.150584
0.171875
0.155620
0.117968
0.121335
0.113456
0.121327
0.116443
0.119646
0.120865
0.119565
0.164352
0.151171
0.124287
0.112813
0.184843
0.159990
0.117359
0.170757
0.167575
0.153856
0.148121
0.163481
0.145277
0.194298
0.151599
0.158312
0.151452
0.178990
0.158721
0.149065
0.165370
0.144359
0.149114
0.154290
0.148642
0.152324
0.144033
0.140342
0.119133
0.142396
0.150678
0.167144
0.155990
0.153627
0.131597
0.127410
0.175014
0.149375
0.169406
0.142575
0.127985
0.166389
0.149729
0.147312
0.144132
0.140917
0.122929
0.113903
0.120215
0.157937
0.152291
0.152678
0.168614
0.147138
0.147626
0.195378
0.181225
0.125188
0.177611
0.145386
0.154067
0.140221
0.118265
0.125098
0.145330
0.124228
0.154387
0.153404
0.169593
0.149118
0.136925
0.159445
0.114275
0.112156
0.111811
0.132184
0.120703
0.115157
0.131905
0.168893
0.160651
0.168919
0.152972
0.151622
0.179340
0.147089
0.174001
0.146540
0.209908
0.171796
0.167866
0.144621
0.192491
0.171257
0.152404
0.149490
0.173293
0.126990
0.122998
0.122006
0.119973
0.126474
0.131317
0.175741
0.150425
0.170859
0.145576
0.145302
0.147770
0.157667
0.173523
0.153886
0.147753
0.157988
0.115005
0.213253
0.182047
0.177122
0.177253
0.143277
0.141810
0.142642
0.151148
0.114598
0.173123
0.126768
0.118851
0.111744
0.157967
0.155311
0.149120
0.150436
0.169234
0.214018
0.147603
0.146547
0.166378
0.179720
0.153812
0.155971
0.158735
0.166205
0.167437
0.126706
0.114560
0.113314
0.168415
0.182338
0.154361
0.158597
0.168967
0.152711
0.145865
0.203861
0.142980
0.152386
0.166112
0.186462
0.153114
0.174369
0.172464
0.150876
0.146049
0.180273
0.177997
0.149818
0.161279
0.112607
0.146040
0.168073
0.164567
0.145892
0.164954
0.145194
0.145620
0.149196
0.152623
0.150166
0.150536
0.125075
0.114230
0.118784
0.117612
0.113866
0.114462
0.120496
0.118571
0.111979
0.117301
0.112381
0.126458
0.124667
0.159548
0.166148
0.188106
0.204702
0.174445
0.183779
0.182644
0.179357
0.160272
0.145682
0.138731
0.162077
0.156933
0.149170
0.148936
0.148387
0.122249
0.119846
0.128165
0.116309
0.115172
0.168472
0.156122
0.147641
0.149774
0.141199
0.119422
0.125202
0.141768
0.150850
0.151818
0.154053
0.173280
0.150392
0.145524
0.167322
0.119963
0.121905
0.117077
0.169451
0.147559
0.142872
0.172156
0.143643
0.190698
0.153012
0.148828
0.119255
0.158630
0.149332
0.149214
0.175213
0.187029
0.182752
0.185778
0.160816
0.148989
0.145843
0.170988
0.148053
0.189547
0.142502
0.144439
0.149063
0.130980
0.204943
0.122090
0.169131
0.114599
0.110740
0.116400
0.138233
0.163136
0.215553
0.187181
0.149308
0.151534
0.132592
0.119360
0.120299
0.118789
0.173064
0.157546
0.146672
0.145470
0.147509
0.145739
0.124726
0.122500
0.138632
0.123681
0.122577
0.118372
0.119633
0.125087
0.122892
0.127911
0.121951
0.124372
0.191725
0.147130
0.134730
0.118254
0.158618
0.152208
0.150780
0.163082
0.171161
0.184769
0.167735
0.143625
0.143804
0.167545
0.181339
0.118891
0.122066
0.110379
0.111747
0.138535
0.158433
0.142764
0.172578
0.157566
0.174987
0.147926
0.158655
0.172101
0.176581
0.144648
0.149804
0.153120
0.212276
0.207273
0.157747
0.117487
0.153010
0.150785
0.116110
0.147425
0.171501
0.172254
0.142774
0.169368
0.142082
0.142214
0.186532
0.126420
0.170960
0.142351
0.152054
0.154551
0.150877
0.158820
0.126742
0.134551
0.175179
0.150591
0.162631
0.144291
0.181217
0.175435
0.175390
0.149158
0.148160
0.174633
0.154039
0.154530
0.141675
0.116155
0.116673
0.113821
0.138765
0.154885
0.154448
0.148725
0.136269
0.185753
0.139935
0.118981
0.117376
0.117443
0.124871
0.123343
0.151096
0.115721
0.120904
0.117709
0.112510
0.112723
0.110665
0.142126
0.149025
0.150458
0.140064
0.139870
0.175551
0.191966
0.189187
0.148473
0.145300
0.147017
0.145880
0.143984
0.140223
0.121758
0.158449
0.150810
0.175057
0.177886
0.156493
0.152664
0.207742
0.216794
0.205832
0.204083
0.149890
0.149258
0.153622
0.144383
0.112374
0.115159
0.123160
0.118938
0.120667
0.122672
0.193017
0.144357
0.131237
0.162319
0.172691
0.169439
0.151432
0.175715
0.194253
0.150249
0.197785
0.153721
0.174021
0.144921
0.128674
0.161506
0.148295
0.144638
0.171329
0.149849
0.158512
0.149224
0.194823
0.165542
0.151590
0.148276
0.122764
0.119340
0.118271
0.119072
0.118309
0.121842
0.118718
0.117055
0.114915
0.152223
0.150974
0.176731
0.119883
0.126495
0.169564
0.161720
0.176357
0.177358
0.179493
0.165124
0.161217
0.150699
0.165586
0.144766
0.166960
0.205920
0.178807
0.157764
0.163644
0.188832
0.175389
0.147751
0.148634
0.156371
0.157620
0.145226
0.184582
0.146079
0.145854
0.138386
0.187123
0.147748
0.189092
0.155611
0.154235
0.165730
0.142315
0.146972
0.150889
0.145463
0.140330
0.162807
0.119964
0.158909
0.113714
0.144470
0.130315
0.125057
0.202613
0.177314
0.149548
0.163122
0.172052
0.162960
0.148404
0.151139
0.154867
0.173901
0.147322
0.170020
0.147074
0.140131
0.114109
0.192437
0.119432
0.190346
0.151573
0.195962
0.144060
0.174350
0.183112
0.124986
0.122774
0.146314
0.182645
0.143612
0.148459
0.192177
0.166385
0.149459
0.149170
0.156316
0.152807
0.151197
0.183264
0.170562
0.148690
0.146597
0.148602
0.144989
0.148080
0.133644
0.124963
0.119764
0.185265
0.154577
0.149271
0.129605
0.118427
0.112347
0.170313
0.148321
0.146618
0.144873
0.168031
0.142937
0.147758
0.147541
0.176953
0.154766
0.151217
0.210141
0.176467
0.182045
0.150384
0.136571
0.147170
0.193504
0.146649
0.144776
0.173754
0.182315
0.148199
0.146469
0.158499
0.164763
0.159716
0.153441
0.184006
0.167286
0.187644
0.187495
0.183354
0.173462
0.143322
0.147022
0.154351
0.154024
0.150924
0.123038
0.115722
0.164584
0.172694
0.142466
0.172383
0.158951
0.148844
0.201285
0.146234
0.165783
0.154208
0.153782
0.141728
0.120034
0.126283
0.125949
0.118461
0.117868
0.116046
0.121609
0.114257
0.120462
0.135570
0.128049
0.177581
0.170132
0.169697
0.152533
0.151211
0.198631
0.150349
0.147841
0.173532
0.152800
0.140222
0.170457
0.156687
0.174209
0.146485
0.149600
0.149217
0.122733
0.124017
0.128782
0.123578
0.121830
0.196082
0.149255
0.172181
0.205960
0.183451
0.180660
0.174911
0.149163
0.187255
0.194445
0.193765
0.154006
0.153121
0.167602
0.145587
0.169967
0.147645
0.145565
0.148238
0.170199
0.176632
0.153756
0.156392
0.159703
0.152726
0.128713
0.131934
0.107098
0.145443
0.148098
0.146443
0.157977
0.136541
0.170728
0.146948
0.147139
0.163493
0.121663
0.184383
0.175106
0.183427
0.153510
0.175988
0.135536
0.132089
0.148860
0.152063
0.150016
0.149334
0.129890
0.166232
0.185196
0.176146
0.152847
0.149441
0.163703
0.190057
0.150844
0.150627
0.147633
0.187051
0.165631
0.145799
0.146029
0.154778
0.154274
0.164888
0.157363
0.148947
0.147340
0.147117
0.147460
0.122974
0.122050
0.116604
0.181457
0.145930
0.170919
0.146682
0.145223
0.191891
0.171278
0.172323
0.148582
0.148669
0.122055
0.117386
0.111927
0.122866
0.113029
0.169792
0.169520
0.171169
0.165773
0.168551
0.178024
0.155678
0.192944
0.171881
0.173285
0.166274
0.148566
0.158188
0.155896
0.146027
0.121476
0.156288
0.192235
0.166194
0.148738
0.146050
0.117336
0.118179
0.129710
0.142726
0.137624
0.130685
0.124839
0.126323
0.163760
0.150199
0.151850
0.147873
0.150914
0.200703
0.159215
0.189353
0.145216
0.145943
0.131939
0.121041
0.118058
0.118842
0.116231
0.122981
0.152573
0.166964
0.148092
0.154629
0.153885
0.152563
0.179659
0.142352
0.171358
0.159585
0.186076
0.148580
0.163395
0.144670
0.171132
0.128251
0.203783
0.112097
0.120892
0.116722
0.128083
0.187742
0.163020
0.166708
0.189025
0.147322
0.149037
0.151373
0.138529
0.151439
0.149709
0.151357
0.118623
0.158692
0.134900
0.202162
0.172729
0.117922
0.109360
0.164018
0.147450
0.172691
0.179659
0.149602
0.166686
0.183436
0.170849
0.173308
0.149798
0.153914
0.172376
0.147827
0.190520
0.196495
0.181383
0.162514
0.147906
0.167268
0.109604
0.143682
0.144869
0.144809
0.146251
0.146192
0.121287
0.175785
0.155528
0.195661
0.191836
0.165330
0.138773
0.147284
0.145069
0.187428
0.199613
0.176978
0.154089
0.200142
0.176434
0.179219
0.174087
0.159513
0.139829
0.143556
0.176005
0.152170
0.141288
0.144668
0.146139
0.158603
0.148422
0.152421
0.187376
0.153407
0.194189
0.163436
0.143526
0.144152
0.122539
0.191809
0.189558
0.179789
0.148806
0.149503
0.124702
0.150533
0.205650
0.180946
0.171983
0.144853
0.144632
0.163678
0.143883
0.166991
0.181935
0.177319
0.165788
0.141724
0.145983
0.144777
0.158583
0.163235
0.167604
0.148321
0.148242
0.188108
0.131496
0.171371
0.148502
0.144992
0.144802
0.143693
0.169345
0.143187
0.144161
0.110889
0.120569
0.115228
0.118388
0.177877
0.148487
0.146128
0.165869
0.175266
0.156532
0.153040
0.162120
0.173099
0.153881
0.142014
0.136831
0.113436
0.175372
0.152568
0.189685
0.142836
0.116163
0.148467
0.149529
0.159345
0.187379
0.139239
0.113455
0.116324
0.193909
0.146547
0.147195
0.134902
0.145682
0.152315
0.169113
0.192882
0.153418
0.147717
0.174299
0.157382
0.141062
0.118746
0.120521
0.177340
0.152687
0.149704
0.148503
0.145443
0.123541
0.156455
0.149625
0.131690
0.117882
0.117748
0.147922
0.179183
0.147290
0.166432
0.153868
0.149843
0.150008
0.147937
0.147930
0.187565
0.119184
0.135267
0.135735
0.119564
0.121768
0.121388
0.163604
0.165519
0.143360
0.142621
0.144324
0.119436
0.171934
0.166821
0.146535
0.172987
0.151052
0.184363
0.150756
0.146251
0.147725
0.146317
0.169315
0.171118
0.145247
0.169555
0.172043
0.148053
0.152350
0.147241
0.120306
0.160752
0.152356
0.149384
0.116248
0.137610
0.137137
0.170931
0.169104
0.211378
0.153574
0.202252
0.156065
0.182282
0.153899
0.153668
0.146104
0.171318
0.152311
0.149534
0.147599
0.123396
0.171064
0.149267
0.144368
0.146806
0.154005
0.137811
0.174911
0.160397
0.145524
0.170881
0.149923
0.148564
0.146786
0.152913
0.150624
0.143631
0.139493
0.118152
0.115895
0.118189
0.113060
0.176979
0.146848
0.141170
0.121742
0.116938
0.116433
0.188678
0.115719
0.173792
0.156137
0.169374
0.160481
0.152261
0.149328
0.159814
0.129987
0.115618
0.212780
0.190221
0.164380
0.166913
0.177380
0.173140
0.148845
0.150918
0.144814
0.148177
0.145296
0.115091
0.126406
0.189646
0.147400
0.146418
0.148139
0.127596
0.115446
0.176120
0.151811
0.156038
0.149416
0.156582
0.178273
0.175575
0.150342
0.189161
0.169946
0.149314
0.123464
0.111197
0.112585
0.117296
0.153683
0.151525
0.165810
0.148556
0.149323
0.167248
0.156854
0.154893
0.174033
0.150152
0.124645
0.119330
0.118664
0.184674
0.162320
0.147576
0.129269
0.124902
0.134940
0.172003
0.153670
0.118851
0.119925
0.120287
0.160405
0.144890
0.145670
0.149081
0.148418
0.149488
0.170629
0.151760
0.189081
0.155850
0.121108
0.170293
0.160702
0.192077
0.145671
0.143356
0.162913
0.197523
0.168419
0.160873
0.178196
0.169631
0.147645
0.150021
0.145289
0.160258
0.146796
0.152570
0.149410
0.209765
0.146829
0.146480
0.172745
0.149922
0.147053
0.156079
0.153486
0.147214
0.168798
0.172538
0.113498
0.119539
0.116819
0.115849
0.116410
0.178196
0.178768
0.151657
0.186300
0.188370
0.184469
0.187598
0.137736
0.176260
0.144222
0.144332
0.116898
0.163563
0.178849
0.143985
0.192196
0.147524
0.158084
0.115904
0.120524
0.115541
0.164623
0.165921
0.159000
0.134374
0.115897
0.148165
0.126064
0.205022
0.180294
0.160229
0.151625
0.176626
0.152865
0.152967
0.149006
0.186093
0.155385
0.121950
0.108685
0.158321
0.166297
0.157125
0.145657
0.146846
0.130033
0.161459
0.149344
0.144608
0.140807
0.116185
0.164413
0.161306
0.151286
0.167387
0.162181
0.181358
0.217432
0.176198
0.199548
0.177905
0.175024
0.149765
0.189293
0.253632
0.188644
0.193590
0.179927
0.160949
0.148947
0.150158
0.172700
0.141793
0.148786
0.146521
0.167417
0.117785
0.187626
0.150033
0.142005
0.173500
0.149276
0.143308
0.212506
0.177351
0.169819
0.194478
0.160944
0.147855
0.151273
0.125831
0.167374
0.150867
0.152730
0.149516
0.144408
0.127807
0.136971
0.158529
0.124171
0.122161
0.118475
0.186374
0.118882
0.123628
0.130495
0.152334
0.168736
0.155185
0.146444
0.147712
0.112539
0.174972
0.175843
0.179570
0.154222
0.151396
0.152467
0.168924
0.143807
0.170583
0.151848
0.145037
0.148429
0.164828
0.167611
0.151240
0.167885
0.176192
0.185180
0.145883
0.144184
0.143195
0.203488
0.147097
0.142219
0.150363
0.149144
0.122290
0.172042
0.153068
0.180207
0.149144
0.148029
0.129469
0.174633
0.150035
0.146501
0.143796
0.128515
0.154916
0.174801
0.116604
0.118116
0.120791
0.117729
0.111928
0.119413
0.117453
0.112999
0.115124
0.144248
0.146846
0.189105
0.154471
0.147302
0.152933
0.164862
0.164698
0.154233
0.154821
0.179174
0.158231
0.162698
0.189828
0.177068
0.156132
0.147481
0.166886
0.151332
0.160684
0.145680
0.146365
0.167093
0.144014
0.144865
0.118840
0.177909
0.151028
0.147360
0.148221
0.206402
0.171905
0.148198
0.189242
0.150023
0.149942
0.108863
0.116357
0.124851
0.139940
0.137030
0.115738
0.107360
0.116999
0.186829
0.152401
0.148741
0.163932
0.145309
0.144922
0.154297
0.115882
0.166229
0.177876
0.213737
0.151606
0.148308
0.151748
0.150530
0.169846
0.149719
0.165524
0.150084
0.148141
0.145725
0.125808
0.118057
0.163703
0.151161
0.147055
0.189024
0.145529
0.139936
0.144543
0.139267
0.127924
0.118071
0.118676
0.119181
0.115024
0.172956
0.146971
0.141623
0.166030
0.149777
0.144155
0.140097
0.144742
0.148937
0.124421
0.115778
0.117889
0.115832
0.116114
0.173991
0.142810
0.144581
0.170884
0.172169
0.184172
0.162437
0.159275
0.147486
0.122810
0.152855
0.153035
0.146480
0.146609
0.143211
0.140967
0.149079
0.144683
0.142621
0.206826
0.153053
0.174278
0.142339
0.162067
0.146209
0.145266
0.172558
0.150398
0.146319
0.157436
0.155025
0.149053
0.120541
0.174032
0.166548
0.157587
0.114593
0.117255
0.114595
0.114897
0.118215
0.120849
0.145291
0.165479
0.154886
0.152890
0.160714
0.145416
0.148606
0.141651
0.142480
0.170158
0.155626
0.125840
0.115230
0.141465
0.163405
0.144294
0.142381
0.119953
0.162173
0.114005
0.135965
0.151998
0.172198
0.144823
0.147511
0.148113
0.143206
0.184504
0.186552
0.167995
0.159459
0.148778
0.152546
0.152304
0.120641
0.152325
0.150620
0.146274
0.165511
0.146810
0.145165
0.186022
0.118903
0.113433
0.114333
0.114776
0.136459
0.164773
0.177720
0.123757
0.149354
0.167706
0.147369
0.148737
0.141337
0.155013
0.177768
0.151918
0.131362
0.111929
0.115416
0.161405
0.146509
0.158747
0.115129
0.119013
0.168088
0.186204
0.141799
0.149061
0.144567
0.150405
0.146396
0.158136
0.123422
0.117451
0.120378
0.119235
0.114480
0.112842
0.164825
0.185944
0.147726
0.143832
0.159663
0.150960
0.147407
0.146262
0.174056
0.152978
0.149561
0.141473
0.142744
0.137267
0.165480
0.145495
0.216431
0.177912
0.146821
0.142652
0.192832
0.166011
0.159627
0.146298
0.161016
0.167840
0.158992
0.142300
0.143827
0.178438
0.135501
0.124528
0.116732
0.118357
0.114282
0.113982
0.115347
0.115444
0.111647
0.119217
0.166159
0.123887
0.120729
0.168934
0.147978
0.147995
0.199157
0.146033
0.148216
0.126022
0.120445
0.120660
0.162493
0.195392
0.174359
0.176364
0.152281
0.187375
0.158830
0.161858
0.142312
0.116673
0.119046
0.120823
0.113417
0.114117
0.110015
0.126997
0.117057
0.122656
0.182916
0.163863
0.160037
0.156294
0.153213
0.170518
0.149270
0.133036
0.115575
0.198733
0.172951
0.151992
0.147505
0.229881
0.160385
0.151918
0.194400
0.145649
0.147968
0.175916
0.148669
0.123296
0.113924
0.120388
0.118471
0.112143
0.168108
0.151255
0.146624
0.147645
0.115887
0.143394
0.171495
0.168751
0.169781
0.160115
0.154198
0.145199
0.147858
0.145404
0.122103
0.117427
0.196165
0.121756
0.121209
0.117548
0.116458
0.207907
0.146420
0.152303
0.179156
0.185905
0.151631
0.115312
0.113248
0.168905
0.149851
0.142135
0.143912
0.142048
0.115345
0.123445
0.154254
0.187837
0.166931
0.153408
0.212737
0.149629
0.202977
0.169684
0.197226
0.171516
0.181403
0.154918
0.153240
0.162034
0.143195
0.144132
0.125933
0.122845
0.116100
0.157103
0.147389
0.149321
0.170023
0.152923
0.209939
0.198672
0.144578
0.145355
0.149041
0.141325
0.185136
0.177480
0.159368
0.150527
0.149284
0.151906
0.146456
0.146032
0.143516
0.167215
0.145030
0.159427
0.170497
0.163742
0.120128
0.126522
0.144092
0.145312
0.157661
0.172812
0.144415
0.151211
0.140218
0.144760
0.151985
0.138831
0.142943
0.150085
0.193408
0.200104
0.117413
0.117003
0.154435
0.118156
0.117291
0.108291
0.116239
0.155252
0.148947
0.116371
0.117702
0.207249
0.183182
0.179110
0.151375
0.137393
0.202349
0.155446
0.150426
0.197042
0.177965
0.160202
0.148753
0.147466
0.137626
0.138041
0.113656
0.118433
0.119050
0.110437
0.113058
0.150745
0.161792
0.169123
0.153814
0.120890
0.166445
0.170775
0.145470
0.147026
0.154867
0.150562
0.153774
0.150374
0.167636
0.127653
0.165166
0.153325
0.130974
0.119849
0.206808
0.163623
0.141772
0.143129
0.209107
0.146551
0.146241
0.141139
0.122990
0.115122
0.120171
0.114863
0.162649
0.146543
0.154864
0.148133
0.145946
0.158385
0.148317
0.167589
0.147759
0.146616
0.146813
0.143359
0.140149
0.136833
0.168166
0.150025
0.191658
0.154135
0.152072
0.172162
0.167524
0.157149
0.176747
0.175077
0.188801
0.189827
0.150398
0.149640
0.181358
0.151544
0.164553
0.205463
0.185892
0.175546
0.187832
0.209859
0.172585
0.141858
0.142024
0.162620
0.168960
0.154414
0.151934
0.148798
0.142125
0.146835
0.156625
0.155586
0.203184
0.166981
0.171476
0.155581
0.199044
0.149697
0.162882
0.152530
0.166416
0.166427
0.146742
0.217975
0.143048
0.185149
0.146364
0.171453
0.143201
0.151479
0.154283
0.188372
0.160418
0.157657
0.151155
0.151605
0.155232
0.142591
0.133811
0.114673
0.115721
0.117386
0.165416
0.157637
0.147601
0.161493
0.166126
0.144438
0.183473
0.153177
0.157022
0.148758
0.148323
0.166715
0.160846
0.147235
0.147738
0.166552
0.162015
0.149246
0.151362
0.187636
0.147676
0.168872
0.145988
0.143004
0.143118
0.154711
0.151238
0.149962
0.144300
0.147992
0.204286
0.165841
0.148277
0.149133
0.152745
0.127027
0.161636
0.169441
0.143502
0.141934
0.147878
0.167958
0.150589
0.117551
0.169070
0.146895
0.151139
0.142686
0.117858
0.117965
0.121374
0.147641
0.145241
0.114438
0.208602
0.198734
0.179146
0.171388
0.145514
0.148288
0.116787
0.116918
0.114108
0.110754
0.115233
0.168549
0.161599
0.150127
0.143595
0.170990
0.170242
0.180097
0.140698
0.225931
0.164947
0.171813
0.163136
0.153882
0.151167
0.147240
0.150803
0.170358
0.150152
0.194102
0.162284
0.171645
0.185193
0.146839
0.142056
0.119740
0.163548
0.149563
0.169097
0.143824
0.145856
0.147557
0.135256
0.117668
0.111918
0.121804
0.146880
0.190457
0.164356
0.151239
0.175588
0.158459
0.147650
0.203448
0.183478
0.167515
0.145112
0.151121
0.178630
0.169253
0.209479
0.171314
0.160367
0.149870
0.148183
0.117921
0.122700
0.116581
0.172289
0.166399
0.114049
0.110233
0.108055
0.114215
0.114692
0.109310
0.115034
0.169317
0.172872
0.140962
0.179884
0.141756
0.148088
0.139808
0.200596
0.165539
0.175390
0.118668
0.125259
0.174865
0.200826
0.151888
0.124587
0.166158
0.169672
0.164501
0.168553
0.148549
0.148454
0.159293
0.145205
0.206044
0.180730
0.180089
0.191824
0.151487
0.135713
0.119461
0.123003
0.194311
0.150782
0.150947
0.176966
0.163176
0.145931
0.153766
0.150171
0.111290
0.169918
0.144448
0.147244
0.143473
0.150903
0.164262
0.115837
0.142811
0.164368
0.190638
0.155076
0.179015
0.153745
0.149773
0.151824
0.141891
0.144270
0.116851
0.146651
0.123999
0.158995
0.121077
0.159260
0.147283
0.144741
0.146315
0.179002
0.154905
0.166235
0.196266
0.176915
0.156035
0.154685
0.167158
0.119414
0.152882
0.170569
0.147753
0.143931
0.144556
0.152552
0.126491
0.112440
0.110873
0.108953
0.195849
0.143244
0.162033
0.120276
0.146958
0.120582
0.174559
0.174001
0.147799
0.150679
0.164957
0.119207
0.128829
0.176309
0.179183
0.167947
0.151248
0.148187
0.171240
0.149134
0.134675
0.122226
0.118090
0.168867
0.142716
0.143477
0.132115
0.195673
0.147714
0.165376
0.145237
0.144943
0.146960
0.167297
0.169342
0.152974
0.144501
0.147065
0.193474
0.148171
0.202896
0.172022
0.149338
0.173131
0.172131
0.170749
0.146950
0.176015
0.143871
0.119540
0.112619
0.110774
0.113071
0.145827
0.145546
0.143939
0.109601
0.122266
0.174911
0.153039
0.153198
0.169979
0.174338
0.149789
0.147502
0.139483
0.140634
0.140152
0.117984
0.199557
0.179407
0.185779
0.169032
0.172963
0.158382
0.169496
0.146507
0.147396
0.146050
0.168358
0.150888
0.163138
0.164884
0.126131
0.146246
0.142386
0.110731
0.123182
0.114975
0.185324
0.114781
0.204133
0.150192
0.146250
0.213568
0.164182
0.148897
0.144452
0.181753
0.146201
0.150387
0.180084
0.147177
0.142153
0.147337
0.169828
0.145271
0.164815
0.148094
0.150282
0.162796
0.154237
0.172421
0.148766
0.150243
0.217857
0.152168
0.157546
0.118323
0.167677
0.147880
0.117095
0.151204
0.149072
0.147341
0.135412
0.115653
0.114355
0.115605
0.112342
0.115749
0.139224
0.120181
0.115819
0.113509
0.116933
0.163825
0.151312
0.154600
0.165647
0.163527
0.180083
0.166305
0.150701
0.156729
0.151689
0.118854
0.122655
0.114507
0.108912
0.114661
0.123497
0.110806
0.117768
0.115087
0.151304
0.159128
0.145727
0.142304
0.142894
0.144561
0.192363
0.215968
0.116680
0.114290
0.119585
0.114089
0.116848
0.199830
0.173290
0.171960
0.149207
0.154620
0.150286
0.176082
0.197897
0.144257
0.186252
0.142981
0.190945
0.201456
0.158777
0.123353
0.115847
0.212461
0.143016
0.120903
0.164462
0.154962
0.149496
0.192056
0.153192
0.149132
0.163190
0.176442
0.147189
0.145980
0.160970
0.145054
0.140666
0.139982
0.144069
0.120102
0.160995
0.163632
0.176561
0.158600
0.145347
0.147062
0.149051
0.117359
0.113179
0.147496
0.144703
0.172267
0.150011
0.148150
0.146803
0.138412
0.121097
0.182248
0.164637
0.117322
0.116805
0.171486
0.188766
0.191308
0.163548
0.143892
0.164864
0.168130
0.163635
0.180233
0.145243
0.144222
0.172339
0.147480
0.145875
0.180650
0.121249
0.117313
0.117746
0.107522
0.123703
0.134712
0.186806
0.115644
0.117028
0.114132
0.116065
0.166860
0.145913
0.145939
0.166184
0.208757
0.149027
0.146049
0.142278
0.189900
0.165790
0.146734
0.195414
0.146092
0.144457
0.148012
0.143430
0.156631
0.145037
0.147094
0.149187
0.109699
0.116416
0.159074
0.129094
0.114654
0.163419
0.130702
0.116302
0.119072
0.119344
0.183189
0.172414
0.156538
0.124139
0.117203
0.112066
0.163832
0.167815
0.238512
0.177707
0.154705
0.170412
0.181417
0.142409
0.118702
0.118124
0.164933
0.140619
0.142567
0.141315
0.114112
0.170877
0.145535
0.141534
0.170566
0.151325
0.128974
0.169595
0.150815
0.122729
0.116708
0.118621
0.169825
0.145355
0.143755
0.149120
0.165137
0.157507
0.144001
0.142226
0.153951
0.152660
0.147491
0.123755
0.176544
0.168033
0.140375
0.140692
0.143178
0.162741
0.144277
0.146372
0.148065
0.148793
0.147846
0.139248
0.158473
0.151149
0.176149
0.146612
0.147227
0.143504
0.157180
0.177568
0.170215
0.167806
0.148211
0.134095
0.111724
0.150950
0.149537
0.113993
0.114609
0.112785
0.114716
0.118048
0.186424
0.132842
0.192294
0.145627
0.150179
0.175900
0.117318
0.154254
0.149777
0.146998
0.209944
0.141546
0.147873
0.166122
0.145393
0.145730
0.165817
0.150015
0.149682
0.143080
0.179437
0.202261
0.216286
0.177781
0.117409
0.116295
0.122175
0.114095
0.164860
0.165976
0.140767
0.142354
0.153032
0.116049
0.117715
0.162655
0.145748
0.171566
0.147264
0.168325
0.143734
0.144729
0.144365
0.144747
0.184940
0.168682
0.143995
0.144308
0.124218
0.118160
0.116213
0.123120
0.126673
0.168052
0.126723
0.179000
0.168155
0.153690
0.168994
0.155200
0.178183
0.170439
0.150682
0.181021
0.155244
0.168169
0.156053
0.170823
0.144577
0.120236
0.122511
0.119509
0.161304
0.150592
0.173162
0.125735
0.216647
0.141609
0.122819
0.119600
0.117626
0.126029
0.123301
0.128707
0.175203
0.169325
0.173920
0.146737
0.146584
0.148759
0.142060
0.116147
0.119931
0.117762
0.119546
0.114569
0.121447
0.117237
0.122707
0.167205
0.150116
0.149112
0.146924
0.147505
0.121807
0.172075
0.160089
0.148007
0.183601
0.149997
0.153030
0.149272
0.194795
0.141221
0.140820
0.184488
0.162310
0.136026
0.148719
0.199289
0.168825
0.195593
0.156755
0.111531
0.169620
0.147398
0.152556
0.158544
0.152834
0.157497
0.154491
0.130236
0.172614
0.148412
0.146340
0.148496
0.170997
0.145503
0.146592
0.117936
0.115325
0.117542
0.174877
0.167678
0.152174
0.147321
0.151818
0.148504
0.145412
0.149296
0.163185
0.161074
0.130262
0.114564
0.114392
0.116365
0.115721
0.110953
0.116619
0.118859
0.120679
0.166968
0.150954
0.151942
0.119514
0.117831
0.119840
0.112297
0.119445
0.113060
0.132465
0.161909
0.146031
0.145123
0.143366
0.196187
0.172590
0.167199
0.147612
0.149727
0.145912
0.145549
0.117937
0.114672
0.163954
0.149573
0.146634
0.144073
0.146734
0.127800
0.118911
0.111750
0.115995
0.113197
0.109948
0.113733
0.112570
0.164488
0.142810
0.146572
0.173011
0.159580
0.156612
0.181644
0.158049
0.154942
0.118547
0.111471
0.200687
0.149149
0.171199
0.148995
0.155164
0.169276
0.144549
0.157642
0.126566
0.115755
0.181453
0.171177
0.149570
0.232019
0.186505
0.149090
0.152722
0.176567
0.150447
0.146049
0.147488
0.145119
0.207918
0.116598
0.122944
0.146452
0.167512
0.206282
0.180060
0.116689
0.152531
0.143138
0.146872
0.140992
0.114860
0.117028
0.107822
0.115835
0.118854
0.112913
0.115949
0.113118
0.171871
0.147271
0.147144
0.150687
0.170257
0.149004
0.172694
0.173353
0.151057
0.152721
0.153825
0.149449
0.154055
0.132297
0.152894
0.147042
0.116748
0.176210
0.143793
0.142515
0.161996
0.191154
0.144712
0.145918
0.142022
0.145319
0.159315
0.143384
0.143974
0.143180
0.123147
0.145466
0.117604
0.119826
0.115569
0.176304
0.119084
0.113646
0.110224
0.137374
0.142333
0.214351
0.186756
0.147400
0.172047
0.158183
0.161977
0.139358
0.153153
0.134225
0.171647
0.146171
0.128014
0.114591
0.117500
0.117221
0.114365
0.111915
0.111953
0.115121
0.117696
0.162645
0.149354
0.163633
0.156026
0.169205
0.148644
0.149774
0.174070
0.144501
0.146322
0.146067
0.144735
0.121516
0.116811
0.116910
0.114992
0.169976
0.166747
0.145010
0.144549
0.182519
0.146825
0.123062
0.155695
0.115988
0.171745
0.115637
0.114385
0.111431
0.159762
0.132992
0.109961
0.158880
0.148989
0.110978
0.168069
0.149512
0.148759
0.150974
0.146348
0.168061
0.144770
0.151389
0.152581
0.147567
0.148164
0.142759
0.143055
0.146496
0.160130
0.151909
0.152293
0.122994
0.124540
0.119093
0.114286
0.127117
0.125448
0.115027
0.113578
0.110684
0.110838
0.211511
0.148997
0.181549
0.161598
0.140396
0.121208
0.147372
0.147145
0.165395
0.119102
0.119780
0.170604
0.149108
0.175956
0.170140
0.143983
0.143690
0.167514
0.171931
0.146879
0.123731
0.162876
0.143466
0.157273
0.154768
0.151860
0.150593
0.151191
0.134708
0.147173
0.159460
0.117043
0.114252
0.116133
0.121020
0.116134
0.108225
0.115604
0.116937
0.116042
0.113001
0.115992
0.111907
0.135766
0.121856
0.148545
0.143613
0.145827
0.169936
0.147145
0.174293
0.148337
0.186403
0.146438
0.177190
0.147296
0.147253
0.150205
0.135815
0.145510
0.150878
0.147223
0.152186
0.188010
0.175737
0.152084
0.186872
0.221914
0.150208
0.173233
0.159015
0.121528
0.113497
0.165746
0.175198
0.156704
0.177894
0.146940
0.190477
0.144918
0.170763
0.174128
0.183028
0.182794
0.171996
0.150141
0.148205
0.172436
0.194789
0.164095
0.148929
0.152298
0.159792
0.122607
0.156142
0.213123
0.152976
0.148815
0.163633
0.147045
0.160296
0.147864
0.119746
0.119033
0.119334
0.148670
0.142766
0.144818
0.148062
0.186639
0.183042
0.159794
0.151045
0.149553
0.153264
0.146457
0.161531
0.159296
0.146571
0.145000
0.154434
0.143900
0.140148
0.140739
0.151263
0.140928
0.119979
0.128567
0.115096
0.151350
0.178101
0.117151
0.115439
0.115651
0.139926
0.144509
0.137383
0.121534
0.122271
0.120373
0.149725
0.166435
0.123811
0.140102
0.119614
0.114694
0.116864
0.118685
0.116191
0.115371
0.125789
0.190399
0.184602
0.164680
0.148140
0.145085
0.139722
0.141743
0.138415
0.168007
0.172300
0.148604
0.144599
0.145926
0.114871
0.153370
0.151393
0.116210
0.154775
0.192930
0.164926
0.162765
0.150270
0.147913
0.132080
0.115546
0.118425
0.163701
0.121697
0.110493
0.117836
0.174406
0.185696
0.147385
0.155849
0.140933
0.160648
0.147024
0.146218
0.181947
0.148193
0.167832
0.173331
0.144043
0.143902
0.131269
0.116492
0.128027
0.123690
0.121752
0.120472
0.152949
0.150838
0.116257
0.152763
0.154987
0.173117
0.146137
0.143997
0.141247
0.146665
0.148117
0.146445
0.148576
0.154166
0.151486
0.140609
0.142078
0.162279
0.148533
0.150394
0.140751
0.133305
0.117272
0.158194
0.154663
0.153130
0.149925
0.140074
0.120449
0.116504
0.114372
0.114190
0.152621
0.161549
0.160684
0.113502
0.114201
0.118119
0.174198
0.204875
0.153058
0.125601
0.118481
0.146999
0.119851
0.120930
0.185822
0.179697
0.147772
0.155059
0.188184
0.113146
0.119314
0.114370
0.113280
0.121947
0.200344
0.147007
0.142816
0.145032
0.144508
0.138264
0.117566
0.157891
0.148360
0.152191
0.146816
0.168800
0.140824
0.179357
0.145029
0.122937
0.120440
0.176170
0.149347
0.143592
0.146342
0.164141
0.153158
0.140793
0.190845
0.151636
0.167107
0.191059
0.146594
0.143666
0.146352
0.171472
0.152474
0.152800
0.150874
0.193121
0.149538
0.150186
0.148487
0.164564
0.121869
0.162387
0.146034
0.152730
0.149422
0.150020
0.169376
0.143621
0.114067
0.165140
0.173246
0.174266
0.134232
0.157104
0.115005
0.120011
0.118221
0.120908
0.118065
0.113700
0.108743
0.113727
0.116019
0.139123
0.120420
0.117929
0.116808
0.111826
0.167264
0.143344
0.142484
0.170375
0.148887
0.175485
0.158023
0.162529
0.139983
0.142572
0.131651
0.132080
0.115146
0.113888
0.116921
0.112742
0.111138
0.122662
0.113528
0.111902
0.194167
0.169664
0.165718
0.147845
0.217736
0.146379
0.122366
0.175789
0.162331
0.164661
0.148441
0.149178
0.147467
0.170411
0.193178
0.170403
0.152658
0.158501
0.147056
0.171626
0.166758
0.128227
0.115046
0.117125
0.170047
0.168400
0.144322
0.147530
0.145409
0.220363
0.176158
0.165040
0.161571
0.170000
0.171113
0.167269
0.189337
0.149426
0.148082
0.146697
0.143439
0.118758
0.112109
0.109852
0.108238
0.129095
0.167020
0.118296
0.174310
0.184978
0.143480
0.148546
0.161343
0.144132
0.145111
0.143085
0.141635
0.120398
0.127292
0.157492
0.171684
0.174881
0.144715
0.143717
0.176461
0.152259
0.138228
0.114842
0.136953
0.147920
0.166729
0.197870
0.176302
0.187310
0.143506
0.146787
0.173619
0.170398
0.144195
0.148721
0.156136
0.167432
0.147597
0.146886
0.142351
0.139322
0.192919
0.116403
0.117316
0.175978
0.153018
0.143553
0.150302
0.144126
0.170417
0.151823
0.149006
0.147262
0.151915
0.145236
0.112991
0.115715
0.119051
0.121403
0.140126
0.127236
0.131031
0.118492
0.118860
0.113536
0.124454
0.188371
0.126833
0.124775
0.119341
0.232584
0.161641
0.167192
0.140692
0.145329
0.149709
0.166559
0.146468
0.198146
0.143425
0.164700
0.148358
0.147255
0.146952
0.131644
0.122248
0.117755
0.118803
0.149696
0.152676
0.144046
0.114402
0.121525
0.118534
0.136567
0.164151
0.125987
0.208326
0.145187
0.174528
0.136730
0.147472
0.155839
0.153349
0.156891
0.146269
0.149555
0.170314
0.155215
0.136984
0.123759
0.138798
0.154532
0.153365
0.152932
0.147486
0.166016
0.127593
0.124102
0.214753
0.155939
0.147906
0.170185
0.147341
0.146120
0.167805
0.177724
0.171743
0.148390
0.174485
0.144749
0.143585
0.159720
0.141623
0.114529
0.117058
0.173061
0.155396
0.170824
0.150641
0.151045
0.144438
0.145780
0.142647
0.135484
0.117800
0.122556
0.119072
0.121061
0.114813
0.112752
0.114323
0.117254
0.141679
0.145843
0.121696
0.140487
0.120229
0.117771
0.132460
0.137748
0.114541
0.173182
0.146391
0.193038
0.152710
0.150691
0.224300
0.159395
0.153600
0.149806
0.145095
0.166346
0.201094
0.177936
0.173995
0.149740
0.146303
0.146433
0.178052
0.116344
0.109704
0.119818
0.157382
0.188531
0.146046
0.171643
0.169252
0.194177
0.168335
0.146340
0.148617
0.154073
0.177240
0.151883
0.151932
0.142871
0.164721
0.191644
0.156488
0.148776
0.147431
0.164518
0.113756
0.169602
0.147356
0.157766
0.146988
0.143529
0.144283
0.172055
0.187228
0.150848
0.180376
0.142492
0.115797
0.120080
0.117648
0.115483
0.118796
0.118221
0.119796
0.125454
0.122570
0.123605
0.163177
0.165101
0.148566
0.162963
0.152367
0.147207
0.143934
0.139472
0.110083
0.110705
0.114578
0.186735
0.147317
0.160027
0.146893
0.146182
0.172156
0.148557
0.149221
0.155504
0.124487
0.175848
0.148163
0.148605
0.172894
0.193936
0.153229
0.163661
0.152355
0.150165
0.149259
0.146394
0.167892
0.182002
0.152250
0.151359
0.147434
0.130207
0.116504
0.113548
0.120463
0.120581
0.116334
0.118562
0.112022
0.111015
0.217338
0.162525
0.160523
0.149720
0.155971
0.173614
0.142915
0.146218
0.143994
0.146745
0.130568
0.121248
0.123203
0.120638
0.117579
0.170669
0.150863
0.157695
0.146420
0.161354
0.113775
0.127603
0.177505
0.144632
0.142379
0.187084
0.148394
0.151817
0.150889
0.149217
0.173079
0.171653
0.172983
0.152030
0.154819
0.159592
0.154764
0.151608
0.179489
0.216487
0.149348
0.146550
0.163492
0.167040
0.134151
0.164468
0.150150
0.166645
0.168276
0.143298
0.146329
0.145090
0.188997
0.178390
0.132363
0.124771
0.180586
0.149360
0.158119
0.122911
0.178762
0.177871
0.152922
0.161659
0.172654
0.179419
0.155833
0.160776
0.143675
0.176068
0.153992
0.182650
0.148403
0.181508
0.159296
0.222586
0.180826
0.147964
0.198558
0.163989
0.187921
0.180834
0.179076
0.185012
0.135900
0.205549
0.158085
0.174129
0.145806
0.117126
0.113856
0.173090
0.183773
0.144348
0.154067
0.114625
0.182376
0.145930
0.168828
0.168413
0.200471
0.175998
0.177666
0.160518
0.147974
0.184860
0.147208
0.220039
0.202265
0.169871
0.122617
0.134592
0.160855
0.175327
0.142321
0.167739
0.172094
0.148437
0.146803
0.161898
0.177371
0.144242
0.119132
0.150093
0.146678
0.143456
0.121503
0.116538
0.114263
0.117647
0.118287
0.120764
0.178837
0.186349
0.180195
0.155567
0.171997
0.139705
0.139884
0.123863
0.166209
0.163616
0.161424
0.148589
0.146527
0.147003
0.118285
0.118609
0.174273
0.145867
0.183442
0.166097
0.150157
0.146861
0.142956
0.165201
0.161742
0.116023
0.118840
0.131888
0.114925
0.116962
0.168267
0.142342
0.199846
0.123685
0.135120
0.148066
0.200874
0.169446
0.151020
0.147853
0.165317
0.159438
0.144214
0.202248
0.200597
0.188861
0.150856
0.170613
0.167757
0.165399
0.203570
0.183967
0.184233
0.178870
0.173576
0.149645
0.147470
0.187328
0.171765
0.147159
0.164414
0.177097
0.147950
0.129887
0.114600
0.169901
0.204985
0.151655
0.156907
0.151711
0.119978
0.115968
0.112901
0.153786
0.147424
0.152100
0.173911
0.143182
0.146815
0.151474
0.169024
0.155751
0.152649
0.188397
0.150816
0.152775
0.150867
0.168006
0.148402
0.147182
0.148367
0.174898
0.145793
0.120254
0.114605
0.119722
0.185893
0.153747
0.110072
0.124003
0.113297
0.112704
0.114480
0.111898
0.114515
0.116292
0.123546
0.151388
0.148129
0.151864
0.156567
0.163606
0.179523
0.184342
0.149179
0.162483
0.151613
0.156068
0.181455
0.156226
0.147001
0.140935
0.187697
0.201346
0.153322
0.117068
0.116565
0.122523
0.122815
0.152098
0.150098
0.147842
0.201297
0.151680
0.167965
0.146477
0.165472
0.153323
0.169163
0.174674
0.149585
0.148751
0.152478
0.147056
0.195117
0.186499
0.152630
0.149826
0.144381
0.146241
0.149157
0.122089
0.120730
0.120887
0.119505
0.127504
0.119089
0.143262
0.121441
0.146999
0.171510
0.168486
0.145504
0.168745
0.168407
0.152067
0.174853
0.143288
0.173863
0.152725
0.191239
0.156895
0.121846
0.114959
0.158193
0.151121
0.152446
0.191345
0.186520
0.173389
0.148780
0.147643
0.168439
0.207949
0.154256
0.153418
0.219003
0.155542
0.150272
0.133295
0.164917
0.122453
0.161352
0.114499
0.115706
0.166621
0.147275
0.194975
0.167098
0.166766
0.168725
0.142505
0.195217
0.151993
0.148059
0.130690
0.143888
0.143239
0.188893
0.148520
0.143638
0.141925
0.143677
0.141936
0.146771
0.185636
0.146004
0.150114
0.199647
0.123343
0.192355
0.144996
0.149740
0.147132
0.147890
0.186189
0.173236
0.172786
0.154135
0.190251
0.151013
0.140580
0.146077
0.178538
0.163970
0.142873
