0.005136
0.185802
0.178420
0.187528
0.145746
0.148427
0.152081
0.149928
0.145157
0.149533
0.186269
0.176218
0.171546
0.161391
0.119739
0.212276
0.172841
0.163625
0.151931
0.139175
0.122877
0.121558
0.123063
0.123601
0.121427
0.121232
0.201241
0.176750
0.179893
0.164380
0.159706
0.175316
0.182446
0.150429
0.150730
0.146781
0.161685
0.150223
0.152200
0.153380
0.122892
0.114363
0.111748
0.116940
0.229820
0.160219
0.150171
0.181438
0.206418
0.184018
0.183393
0.174947
0.156104
0.144268
0.114959
0.195215
0.165415
0.164547
0.147982
0.147869
0.166170
0.150360
0.149225
0.143178
0.120505
0.120674
0.121070
0.169494
0.154542
0.114289
0.116949
0.115475
0.183561
0.148843
0.187201
0.143605
0.194584
0.145979
0.171618
0.121424
0.116194
0.116879
0.148370
0.149032
0.146210
0.183690
0.117336
0.118083
0.152925
0.171870
0.156133
0.145165
0.147566
0.116894
0.113453
0.121917
0.171396
0.183202
0.149017
0.149794
0.149122
0.145811
0.129449
0.113281
0.111935
0.117115
0.118334
0.206596
0.175461
0.169806
0.145848
0.145442
0.117938
0.183356
0.173986
0.172867
0.171487
0.146396
0.116288
0.142033
0.150855
0.147516
0.142367
0.166492
0.148921
0.145473
0.147256
0.113025
0.112387
0.110904
0.113501
0.117758
0.116861
0.116318
0.115552
0.116551
0.171248
0.143188
0.144256
0.147178
0.198297
0.150167
0.159603
0.205516
0.181758
0.141873
0.176479
0.148774
0.141137
0.144066
0.124963
0.114567
0.116548
0.115280
0.123073
0.114601
0.116831
0.113702
0.117439
0.123648
0.114956
0.120015
0.114200
0.171992
0.200570
0.194409
0.165410
0.168156
0.147619
0.135389
0.175025
0.165211
0.147628
0.136111
0.115385
0.114283
0.111478
0.114922
0.115631
0.115213
0.114348
0.111036
0.110242
0.115418
0.114376
0.114824
0.114347
0.116215
0.121833
0.192674
0.185517
0.152523
0.176830
0.181141
0.176006
0.152858
0.200718
0.170585
0.187180
0.144052
0.180472
0.164183
0.169107
0.147854
0.145409
0.159713
0.147851
0.146599
0.171600
0.147988
0.134772
0.113661
0.112618
0.168327
0.168900
0.145875
0.147669
0.116254
0.110169
0.116116
0.115128
0.114809
0.111170
0.116392
0.119292
0.115479
0.113453
0.123249
0.173058
0.172710
0.145420
0.172570
0.149272
0.160907
0.173202
0.227839
0.198617
0.187929
0.148732
0.157933
0.178448
0.195313
0.167616
0.141549
0.161481
0.150501
0.177131
0.139094
0.139459
0.173277
0.171502
0.145822
0.169196
0.163980
0.150617
0.165007
0.143956
0.198293
0.151070
0.148968
0.145962
0.190325
0.151429
0.173534
0.222016
0.170052
0.148444
0.163447
0.118723
0.193635
0.147463
0.148772
0.134359
0.128201
0.121262
0.173939
0.167324
0.121268
0.118030
0.187668
0.168215
0.146003
0.144660
0.146652
0.143062
0.147122
0.147987
0.145525
0.144574
0.113432
0.111996
0.115996
0.174920
0.142858
0.202799
0.171841
0.148101
0.148418
0.115283
0.112503
0.116523
0.113258
0.117345
0.120862
0.112180
0.113108
0.111450
0.172617
0.147448
0.145465
0.146639
0.146738
0.146408
0.148311
0.147504
0.163235
0.142346
0.143501
0.143480
0.118735
0.135942
0.135388
0.147836
0.138309
0.140833
0.134403
0.140351
0.140668
0.140324
0.135528
0.141009
0.140190
0.148621
0.135771
0.139879
0.139657
0.147478
0.140142
0.140071
0.139797
0.139621
0.138854
0.141282
0.141173
0.136413
0.147494
0.168741
0.176463
0.149808
0.144453
0.147017
0.182167
0.159083
0.186617
0.148749
0.116697
0.110998
0.116301
0.169927
0.149578
0.205385
0.153328
0.126125
0.171882
0.154573
0.173512
0.170204
0.191541
0.147052
0.161825
0.150187
0.172658
0.150808
0.137319
0.114011
0.111162
0.111790
0.112564
0.115554
0.113303
0.168355
0.144840
0.147014
0.144437
0.144982
0.182356
0.145630
0.205745
0.167986
0.166307
0.157841
0.146006
0.161981
0.211208
0.167877
0.148710
0.149108
0.143588
0.117318
0.202270
0.177312
0.169070
0.131986
0.166166
0.141207
0.199268
0.139310
0.146527
0.148446
0.144702
0.180254
0.178056
0.150331
0.213557
0.179180
0.179890
0.169729
0.136334
0.134886
0.136064
0.141040
0.141921
0.140135
0.140590
0.162785
0.148828
0.151231
0.121035
0.162783
0.156326
0.145953
0.162505
0.116864
0.191994
0.199530
0.178822
0.177115
0.160248
0.140280
0.151684
0.167415
0.149237
0.149352
0.149227
0.168798
0.144188
0.144712
0.133844
0.110705
0.115300
0.117671
0.115424
0.109613
0.111780
0.117359
0.202828
0.174062
0.175353
0.176857
0.165826
0.146051
0.153452
0.140442
0.114262
0.195374
0.181999
0.182240
0.156538
0.137751
0.140343
0.138890
0.126674
0.113638
0.113013
0.121586
0.112249
0.140219
0.113412
0.111123
0.112715
0.115649
0.113601
0.118926
0.116552
0.113174
0.112804
0.114284
0.115312
0.116715
0.117189
0.115949
0.198772
0.120350
0.111498
0.120781
0.160527
0.119552
0.120278
0.114554
0.118381
0.112758
0.175477
0.143515
0.146885
0.129593
0.115604
0.116157
0.115268
0.119500
0.116313
0.113036
0.114964
0.112819
0.112699
0.113733
0.174858
0.178767
0.175962
0.208403
0.145503
0.189136
0.146189
0.146531
0.146246
0.171974
0.154840
0.172205
0.152529
0.152204
0.150141
0.155294
0.148479
0.143575
0.173765
0.118593
0.213643
0.183133
0.190208
0.151158
0.161110
0.138570
0.133302
0.156689
0.173915
0.143102
0.135724
0.173500
0.149179
0.139945
0.137794
0.139043
0.145965
0.140899
0.139110
0.167156
0.167817
0.147820
0.144037
0.146979
0.129597
0.118685
0.115541
0.120463
0.117915
0.117745
0.118862
0.119418
0.116296
0.114604
0.113518
0.115070
0.109000
0.116109
0.189612
0.198714
0.169034
0.147742
0.146971
0.113285
0.114586
0.117094
0.113371
0.112417
0.120992
0.226239
0.187333
0.182428
0.181282
0.200437
0.163123
0.147904
0.162289
0.193286
0.145703
0.171545
0.151163
0.154561
0.141626
0.120316
0.117405
0.117799
0.118022
0.120806
0.116689
0.114404
0.116860
0.117389
0.165056
0.143907
0.138680
0.112895
0.114382
0.116762
0.123333
0.164503
0.139702
0.136678
0.139544
0.131398
0.114975
0.160474
0.147654
0.147468
0.154630
0.146716
0.148445
0.118866
0.115002
0.185351
0.166846
0.148741
0.117143
0.121727
0.161043
0.180731
0.177645
0.182412
0.175597
0.139486
0.137585
0.138583
0.137330
0.137274
0.141052
0.139634
0.134630
0.137109
0.137168
0.177921
0.148340
0.173073
0.186974
0.143165
0.184122
0.171504
0.141305
0.142866
0.145221
0.140413
0.183351
0.141124
0.137713
0.140762
0.137639
0.136767
0.149586
0.138862
0.137113
0.137550
0.179029
0.147265
0.150541
0.144011
0.143571
0.147282
0.142910
0.163062
0.152807
0.113735
0.118198
0.112576
0.120231
0.163762
0.148639
0.139546
0.117073
0.197963
0.149792
0.118631
0.118106
0.116098
0.116268
0.113010
0.159249
0.163792
0.168489
0.168304
0.146991
0.140985
0.114346
0.153673
0.162417
0.142887
0.145083
0.147049
0.140451
0.172750
0.167217
0.144616
0.145863
0.149737
0.133759
0.112324
0.148833
0.183222
0.178204
0.152154
0.138001
0.142757
0.144109
0.153013
0.122921
0.174812
0.162024
0.162689
0.148294
0.148049
0.149531
0.120255
0.114866
0.127792
0.114565
0.111703
0.113872
0.114386
0.116785
0.115356
0.113676
0.113933
0.115443
0.114821
0.115622
0.116431
0.113214
0.117485
0.172727
0.142954
0.142923
0.150567
0.127338
0.118561
0.122582
0.122839
0.119272
0.117114
0.174649
0.137934
0.167800
0.143823
0.191435
0.173964
0.143734
0.146930
0.147305
0.167260
0.150125
0.150817
0.120429
0.130244
0.121078
0.177422
0.193913
0.197036
0.149057
0.153321
0.146519
0.143645
0.206283
0.147720
0.146671
0.145180
0.169970
0.147222
0.150203
0.152895
0.146590
0.130423
0.121126
0.116913
0.167262
0.146158
0.174603
0.152345
0.151619
0.147183
0.118906
0.116242
0.113110
0.128366
0.114486
0.115853
0.112849
0.113064
0.115993
0.171274
0.175398
0.164425
0.146556
0.145849
0.147726
0.196367
0.178257
0.182684
0.173831
0.172591
0.203882
0.168429
0.196426
0.184426
0.188376
0.157739
0.140137
0.163760
0.159768
0.145744
0.150287
0.147155
0.134798
0.113477
0.114490
0.110678
0.111421
0.115475
0.123466
0.168187
0.150968
0.152241
0.116889
0.114129
0.160773
0.127958
0.115140
0.113406
0.110869
0.110223
0.174071
0.148820
0.135149
0.175529
0.168711
0.146036
0.171155
0.151181
0.187754
0.164026
0.156202
0.145880
0.145969
0.142712
0.118325
0.115124
0.111877
0.112298
0.111424
0.107634
0.185672
0.200569
0.176030
0.195666
0.203350
0.196076
0.173912
0.161510
0.202844
0.172248
0.190670
0.164336
0.145077
0.184078
0.145979
0.171582
0.153527
0.146603
0.147188
0.120391
0.113514
0.116405
0.154803
0.149144
0.191270
0.116749
0.116386
0.120063
0.116235
0.120802
0.170236
0.159619
0.119920
0.133078
0.159511
0.145736
0.169510
0.149815
0.151152
0.153780
0.147412
0.148270
0.126350
0.108644
0.113340
0.114768
0.113235
0.121293
0.114763
0.155232
0.187025
0.171393
0.173756
0.145471
0.142939
0.192595
0.162596
0.181690
0.144077
0.141986
0.144587
0.157526
0.152152
0.143632
0.141572
0.143986
0.143659
0.110055
0.115178
0.180223
0.153356
0.157071
0.135956
0.148514
0.138321
0.135993
0.139402
0.143414
0.145165
0.137886
0.161008
0.148394
0.175429
0.142978
0.143614
0.136753
0.137072
0.136503
0.169590
0.136785
0.137872
0.139914
0.142432
0.138507
0.171133
0.116166
0.154354
0.136758
0.167118
0.117110
0.144578
0.147629
0.139121
0.136862
0.144323
0.143599
0.140272
0.171634
0.145694
0.147403
0.143730
0.148145
0.132584
0.114585
0.116078
0.129343
0.175285
0.195823
0.149366
0.147726
0.185166
0.164768
0.141265
0.141736
0.170483
0.157008
0.141558
0.140865
0.148743
0.141588
0.140056
0.129953
0.107761
0.109944
0.112319
0.114212
0.108386
0.117100
0.113306
0.169140
0.150783
0.173750
0.174264
0.180424
0.222423
0.170455
0.168250
0.164426
0.146587
0.152122
0.147078
0.127147
0.115330
0.114275
0.113779
0.116054
0.114247
0.115170
0.111938
0.118989
0.114497
0.158943
0.149940
0.149274
0.177770
0.161829
0.167910
0.162695
0.147614
0.156507
0.155040
0.164146
0.154158
0.114496
0.121036
0.112956
0.110903
0.113472
0.177621
0.153787
0.175749
0.150574
0.168133
0.143579
0.145557
0.152934
0.172622
0.157638
0.174805
0.149900
0.152491
0.151519
0.149369
0.117521
0.112864
0.159930
0.169960
0.145890
0.140038
0.116325
0.203660
0.177218
0.194358
0.184507
0.185905
0.191294
0.150958
0.176924
0.122107
0.117080
0.117417
0.111796
0.115401
0.169031
0.173307
0.148143
0.149162
0.123499
0.113830
0.114748
0.120651
0.119204
0.116348
0.112999
0.116793
0.161268
0.170121
0.158808
0.167078
0.178429
0.172526
0.169673
0.140789
0.165448
0.166255
0.146785
0.150715
0.160842
0.163906
0.143847
0.117225
0.117737
0.118523
0.169798
0.170771
0.135973
0.117027
0.114797
0.114328
0.112357
0.121094
0.118553
0.115583
0.139110
0.115241
0.114967
0.166507
0.171422
0.154561
0.156661
0.176582
0.183597
0.169154
0.136853
0.162674
0.148677
0.150026
0.170875
0.170366
0.155673
0.145537
0.193123
0.209326
0.182425
0.178441
0.160930
0.129116
0.118922
0.163498
0.164182
0.152976
0.213174
0.173741
0.166272
0.145710
0.181806
0.176742
0.163067
0.210742
0.176200
0.149261
0.146847
0.187509
0.186998
0.169367
0.147378
0.146348
0.194684
0.183402
0.161378
0.198775
0.149076
0.198039
0.150532
0.167723
0.149053
0.194498
0.162380
0.145811
0.189104
0.177897
0.176795
0.147525
0.151431
0.147783
0.148780
0.168931
0.149859
0.171571
0.150470
0.117672
0.172681
0.163001
0.145163
0.145221
0.146696
0.121148
0.110474
0.112596
0.113679
0.110989
0.110595
0.169928
0.160507
0.149045
0.146260
0.193691
0.199981
0.118481
0.116406
0.114161
0.114450
0.117490
0.117071
0.151202
0.118298
0.115322
0.147199
0.149998
0.118470
0.117676
0.124997
0.189639
0.160725
0.144753
0.147825
0.145558
0.111786
0.184287
0.171378
0.136088
0.115582
0.114026
0.115407
0.110647
0.115453
0.112191
0.113707
0.171350
0.167514
0.143740
0.182411
0.199584
0.169746
0.144859
0.150121
0.139513
0.162773
0.162560
0.144853
0.148091
0.122703
0.114078
0.117448
0.115426
0.114411
0.112711
0.116566
0.117167
0.122873
0.123671
0.144992
0.145055
0.131728
0.188412
0.171571
0.139802
0.167213
0.167478
0.145915
0.151514
0.132177
0.121777
0.118719
0.112545
0.115876
0.116261
0.117476
0.114748
0.113904
0.114957
0.109724
0.110775
0.113279
0.114831
0.115852
0.112976
0.111761
0.112648
0.161568
0.116927
0.116499
0.117483
0.119675
0.120277
0.112604
0.167417
0.149246
0.171797
0.195699
0.187661
0.177946
0.175824
0.171012
0.155274
0.171691
0.115743
0.112947
0.115154
0.178660
0.148463
0.158927
0.170946
0.156430
0.117036
0.173068
0.148889
0.148132
0.161288
0.169568
0.142668
0.197811
0.163546
0.141656
0.168303
0.116852
0.114601
0.111010
0.144031
0.213083
0.160361
0.152832
0.177775
0.184797
0.176103
0.202170
0.153447
0.152744
0.120218
0.118803
0.172455
0.151590
0.151537
0.210893
0.166307
0.144295
0.114377
0.115699
0.115893
0.115700
0.116444
0.169499
0.150925
0.155765
0.169484
0.174054
0.152225
0.126528
0.174818
0.148707
0.143666
0.116955
0.118842
0.118084
0.212558
0.133198
0.117830
0.118306
0.113806
0.206258
0.186652
0.200721
0.188531
0.184030
0.147423
0.150638
0.191945
0.183055
0.151171
0.172002
0.156951
0.179254
0.158866
0.147695
0.145325
0.142668
0.162259
0.146800
0.172686
0.147512
0.155443
0.149667
0.145398
0.176508
0.147876
0.140798
0.136719
0.138719
0.136901
0.139534
0.161657
0.192276
0.144908
0.146873
0.143403
0.146121
0.143644
0.114162
0.115795
0.110442
0.144356
0.145695
0.149927
0.154750
0.182715
0.150943
0.137333
0.112038
0.201529
0.194011
0.180529
0.180274
0.164999
0.157826
0.197350
0.141249
0.137683
0.134362
0.188628
0.115242
0.167649
0.147402
0.172969
0.146307
0.159938
0.147678
0.146994
0.178850
0.175401
0.196671
0.176726
0.170842
0.155456
0.155721
0.109667
0.108762
0.111739
0.113072
0.144972
0.194853
0.201481
0.150981
0.146846
0.177350
0.114581
0.110826
0.115618
0.114319
0.112221
0.112059
0.154161
0.159952
0.144998
0.185059
0.145566
0.114049
0.128365
0.118905
0.114362
0.147246
0.145997
0.148674
0.140384
0.116990
0.115681
0.113107
0.112683
0.112913
0.113239
0.107013
0.148408
0.159745
0.149792
0.152231
0.207789
0.186416
0.187424
0.173785
0.166336
0.165508
0.145285
0.205968
0.208877
0.175791
0.178858
0.183897
0.167902
0.186838
0.151348
0.173108
0.160635
0.191655
0.185500
0.215071
0.158015
0.152700
0.157481
0.152461
0.150766
0.152255
0.163768
0.156596
0.144994
0.141422
0.114299
0.121477
0.117620
0.177337
0.147135
0.148929
0.147427
0.145333
0.169759
0.150484
0.164911
0.150170
0.169447
0.161669
0.161375
0.165124
0.189260
0.161517
0.150577
0.150118
0.138232
0.154766
0.149395
0.150652
0.149781
0.140251
0.180721
0.177307
0.168655
0.150830
0.150465
0.148884
0.143880
0.111471
0.116406
0.117346
0.136566
0.174325
0.175819
0.160354
0.148093
0.148009
0.178925
0.173217
0.147893
0.149309
0.185918
0.181911
0.149571
0.146660
0.150854
0.147064
0.116780
0.115967
0.119982
0.172665
0.196931
0.173304
0.168926
0.147538
0.166834
0.143074
0.131330
0.109966
0.112457
0.112861
0.111375
0.117132
0.117136
0.148946
0.121543
0.113443
0.112415
0.117132
0.113361
0.109834
0.115804
0.159637
0.150870
0.153164
0.145231
0.112405
0.117458
0.117862
0.200721
0.174766
0.173270
0.135712
0.147389
0.140084
0.141770
0.140420
0.142522
0.135134
0.139215
0.170611
0.148661
0.150711
0.193348
0.178720
0.152234
0.147011
0.137804
0.116169
0.114787
0.120182
0.173325
0.151117
0.148447
0.140708
0.182071
0.173640
0.176973
0.170007
0.144466
0.142389
0.172992
0.149361
0.153185
0.115649
0.169857
0.159383
0.152298
0.144816
0.114819
0.116196
0.197678
0.194949
0.166122
0.152097
0.152689
0.153252
0.173910
0.146813
0.148750
0.172852
0.153189
0.149889
0.149494
0.128042
0.116984
0.119499
0.119479
0.115252
0.118503
0.133790
0.150392
0.158005
0.136322
0.135862
0.137009
0.156621
0.114958
0.132995
0.148973
0.146587
0.139458
0.140222
0.172314
0.148589
0.143024
0.178371
0.117164
0.111833
0.109531
0.167577
0.139318
0.113059
0.149169
0.185866
0.183715
0.165779
0.142066
0.139488
0.142962
0.140603
0.142493
0.141649
0.145215
0.143936
0.146193
0.159347
0.140560
0.129826
0.112623
0.110415
0.157322
0.177045
0.204610
0.140005
0.144531
0.143443
0.142972
0.141176
0.140736
0.135041
0.146051
0.144449
0.135564
0.138912
0.170198
0.134902
0.114917
0.109681
0.115017
0.119146
0.116750
0.114861
0.114272
0.113949
0.110830
0.111478
0.173536
0.144332
0.142832
0.141798
0.140436
0.137842
0.162121
0.150477
0.151884
0.177078
0.148032
0.112003
0.120585
0.116271
0.113237
0.112653
0.109560
0.172595
0.147233
0.172394
0.183786
0.147941
0.149409
0.149663
0.125226
0.175604
0.151384
0.158983
0.146264
0.145534
0.139858
0.136278
0.133766
0.141235
0.149429
0.141616
0.168084
0.150254
0.159701
0.145221
0.122393
0.155688
0.146905
0.124551
0.116388
0.115501
0.116536
0.116867
0.114773
0.117405
0.111287
0.112709
0.110778
0.109951
0.107942
0.115121
0.113381
0.115470
0.110276
0.210913
0.149130
0.182216
0.157157
0.152791
0.180455
0.110860
0.168811
0.155869
0.111017
0.124385
0.230166
0.152211
0.145689
0.159786
0.149852
0.147608
0.143979
0.149933
0.190451
0.170596
0.141764
0.142193
0.142719
0.142682
0.169376
0.143700
0.146883
0.147450
0.148306
0.135253
0.115823
0.158703
0.141073
0.137003
0.141904
0.143587
0.142653
0.141856
0.140388
0.142360
0.173930
0.147301
0.146600
0.147000
0.165071
0.170584
0.149755
0.145794
0.145542
0.140391
0.152412
0.117369
0.171429
0.149299
0.149895
0.144209
0.115877
0.119140
0.118460
0.173404
0.168170
0.144154
0.146163
0.115575
0.114923
0.117668
0.115469
0.115475
0.116655
0.115772
0.115339
0.115900
0.113568
0.113353
0.117597
0.115598
0.114774
0.111237
0.113771
0.115199
0.181726
0.146389
0.146389
0.144386
0.147885
0.159519
0.111480
0.114734
0.149566
0.142708
0.142615
0.138319
0.138922
0.152887
0.135295
0.136574
0.135240
0.137306
0.138031
0.144401
0.117596
0.114596
0.110841
0.111853
0.199486
0.167316
0.174154
0.176048
0.151561
0.152041
0.142302
0.169326
0.146131
0.159544
0.142733
0.142313
0.155701
0.171269
0.152538
0.147079
0.156487
0.157252
0.148031
0.172614
0.178631
0.158211
0.166049
0.169362
0.146484
0.149874
0.147369
0.146477
0.115207
0.114547
0.175857
0.158773
0.172829
0.147833
0.146678
0.143295
0.145286
0.127773
0.112766
0.176238
0.182406
0.166540
0.136726
0.136576
0.134126
0.143409
0.143987
0.142203
0.137388
0.138504
0.138459
0.157948
0.156645
0.144067
0.201583
0.167316
0.154119
0.149132
0.147141
0.149976
0.170564
0.149971
0.149015
0.197560
0.149815
0.139134
0.181294
0.184453
0.203734
0.166054
0.131857
0.114204
0.115310
0.116399
0.171370
0.142558
0.143520
0.136566
0.170217
0.176860
0.172580
0.185000
0.158157
0.149014
0.130084
0.117602
0.120288
0.183217
0.178809
0.172968
0.141793
0.149310
0.166917
0.146360
0.150406
0.150500
0.117312
0.115986
0.116097
0.114912
0.217000
0.168414
0.148340
0.195307
0.178842
0.181461
0.198278
0.167256
0.142813
0.142414
0.140119
0.143158
0.136904
0.155966
0.147931
0.150346
0.129260
0.117789
0.112025
0.120932
0.117205
0.114597
0.113108
0.111232
0.130231
0.114631
0.190749
0.193451
0.169336
0.145414
0.182297
0.143921
0.144492
0.142963
0.145404
0.126372
0.139091
0.137732
0.137079
0.139965
0.141647
0.136735
0.140319
0.142201
0.148257
0.175404
0.175897
0.146675
0.143091
0.148389
0.149657
0.153559
0.149430
0.144014
0.115708
0.117901
0.116311
0.114809
0.115892
0.120213
0.121348
0.116802
0.204225
0.158556
0.116930
0.118163
0.188385
0.175566
0.210544
0.186746
0.172285
0.154683
0.214487
0.180456
0.154372
0.138591
0.138264
0.148162
0.153455
0.194105
0.150188
0.151444
0.151211
0.125447
0.112476
0.171256
0.146206
0.146326
0.163158
0.167657
0.168569
0.205458
0.150699
0.142307
0.141602
0.139630
0.175231
0.221246
0.142577
0.142263
0.141873
0.146632
0.145855
0.168818
0.167713
0.136483
0.148703
0.145291
0.148416
0.141706
0.138026
0.146301
0.144379
0.179411
0.135743
0.141095
0.138394
0.135161
0.134257
0.137905
0.211504
0.146181
0.161313
0.150207
0.144945
0.142421
0.142159
0.141784
0.139533
0.171374
0.143418
0.145054
0.142797
0.145769
0.182207
0.146211
0.149256
0.146073
0.146583
0.140628
0.141175
0.136993
0.136987
0.135874
0.134818
0.135533
0.140257
0.186883
0.144868
0.149278
0.167649
0.153141
0.142745
0.146299
0.139533
0.149084
0.144870
0.145387
0.179602
0.186707
0.150566
0.167798
0.150651
0.170054
0.159150
0.146566
0.173782
0.172316
0.149857
0.150421
0.147481
0.157782
0.168787
0.166128
0.149274
0.181576
0.148824
0.147842
0.118876
0.202755
0.148220
0.152427
0.154671
0.170057
0.154952
0.139829
0.114239
0.142991
0.146709
0.144629
0.148564
0.121027
0.112712
0.114634
0.114125
0.117672
0.187952
0.146693
0.145468
0.143530
0.160246
0.115048
0.174401
0.166676
0.149585
0.149258
0.141116
0.132339
0.112669
0.115288
0.115477
0.117976
0.117373
0.197232
0.186835
0.147282
0.144686
0.178976
0.149338
0.201200
0.186569
0.164099
0.160272
0.148406
0.123773
0.110680
0.116560
0.116425
0.165963
0.143063
0.145704
0.147952
0.130371
0.119343
0.119177
0.150252
0.147766
0.148470
0.206726
0.181559
0.175908
0.167398
0.138315
0.138710
0.164712
0.168860
0.150406
0.202662
0.146684
0.146076
0.144706
0.130455
0.112444
0.109282
0.117864
0.114178
0.186217
0.166473
0.198390
0.172995
0.173795
0.150056
0.146036
0.115836
0.178497
0.152220
0.200899
0.177290
0.189475
0.151683
0.153450
0.151805
0.146943
0.142492
0.124928
0.116181
0.112108
0.117151
0.111569
0.115817
0.115685
0.114554
0.112425
0.115049
0.120973
0.116758
0.119611
0.170847
0.147723
0.220753
0.189325
0.188935
0.182912
0.177506
0.141303
0.139802
0.151716
0.131404
0.114928
0.114411
0.114160
0.169579
0.121222
0.114409
0.113261
0.112485
0.141969
0.138975
0.164310
0.169658
0.153052
0.150583
0.127078
0.114601
0.115755
0.118672
0.171291
0.138753
0.140970
0.142827
0.149538
0.158794
0.119539
0.117060
0.111058
0.149235
0.174332
0.185297
0.183475
0.120047
0.113602
0.223250
0.146480
0.175752
0.146664
0.148803
0.170041
0.143966
0.135218
0.136316
0.139017
0.143038
0.140673
0.142495
0.141065
0.157364
0.174073
0.151189
0.146522
0.143220
0.145809
0.140390
0.112160
0.112603
0.112386
0.111644
0.115899
0.117727
0.119188
0.121681
0.152102
0.150224
0.147212
0.199112
0.172341
0.146919
0.146153
0.146276
0.142913
0.147521
0.151438
0.151510
0.148940
0.119666
0.120139
0.169522
0.138782
0.110832
0.116274
0.115302
0.115361
0.178744
0.164845
0.172405
0.146612
0.143439
0.167174
0.146237
0.144407
0.149024
0.174243
0.202242
0.166904
0.146093
0.172403
0.147463
0.175581
0.146038
0.147213
0.187394
0.114997
0.159801
0.144613
0.122951
0.196411
0.172722
0.146835
0.115758
0.115272
0.112184
0.174463
0.149907
0.170170
0.221590
0.193758
0.171381
0.149540
0.117082
0.112994
0.114314
0.110374
0.116029
0.129745
0.199748
0.179316
0.172711
0.166158
0.148492
0.148994
0.175467
0.145369
0.133349
0.176003
0.150794
0.167036
0.147307
0.144715
0.164659
0.145018
0.179633
0.152361
0.145638
0.159559
0.199754
0.176343
0.159859
0.157162
0.145866
0.146385
0.210587
0.176422
0.170431
0.147623
0.144304
0.114197
0.112700
0.183573
0.170609
0.152359
0.224623
0.161768
0.144524
0.142757
0.118392
0.117180
0.120517
0.152455
0.143134
0.133322
0.114995
0.202213
0.126598
0.117130
0.114625
0.111865
0.118124
0.116955
0.115398
0.183296
0.141059
0.143035
0.149285
0.146811
0.167551
0.147423
0.144439
0.205690
0.169549
0.185988
0.139594
0.136530
0.138968
0.163933
0.174237
0.142232
0.114963
0.113660
0.115374
0.166112
0.190240
0.152294
0.150317
0.193675
0.177504
0.182419
0.180038
0.153865
0.160551
0.148135
0.144442
0.140624
0.107363
0.107064
0.114883
0.173748
0.169335
0.144947
0.134106
0.168119
0.198732
0.150691
0.168720
0.150899
0.150508
0.157303
0.182282
0.147099
0.142200
0.186015
0.148703
0.143644
0.193118
0.169004
0.147092
0.145477
0.132350
0.110357
0.119234
0.114645
0.115694
0.113557
0.114391
0.187394
0.171846
0.147235
0.191735
0.188114
0.157450
0.150367
0.151131
0.195556
0.183074
0.180602
0.181312
0.156489
0.140836
0.141342
0.185056
0.137185
0.140561
0.139173
0.141807
0.145469
0.170855
0.146902
0.147455
0.146425
0.132721
0.117257
0.115652
0.175374
0.148993
0.148821
0.150371
0.159146
0.169505
0.153700
0.153454
0.205811
0.180849
0.171900
0.166341
0.149379
0.175757
0.151840
0.179425
0.171677
0.171844
0.147882
0.152976
0.147880
0.147098
0.118382
0.114283
0.112267
0.173242
0.148278
0.151965
0.164730
0.145463
0.146924
0.176728
0.163943
0.172080
0.165355
0.143056
0.184083
0.165455
0.152751
0.174964
0.204703
0.188013
0.145920
0.163367
0.144179
0.152204
0.119092
0.118550
0.114984
0.169074
0.144176
0.175994
0.202719
0.184254
0.180938
0.159685
0.157816
0.175103
0.148403
0.168956
0.140729
0.112794
0.117860
0.113697
0.113901
0.110529
0.113165
0.187958
0.182955
0.173106
0.147402
0.143942
0.149142
0.197862
0.172668
0.175200
0.141052
0.140111
0.143720
0.143778
0.143242
0.143147
0.189116
0.158365
0.117917
0.116928
0.111251
0.117590
0.114876
0.115309
0.114471
0.112943
0.111042
0.116700
0.114661
0.191854
0.115275
0.159521
0.145904
0.172220
0.140667
0.142282
0.141864
0.171539
0.136461
0.173064
0.149093
0.150313
0.188774
0.183844
0.168989
0.148834
0.146734
0.145124
0.146852
0.130336
0.138196
0.163369
0.167392
0.162045
0.175652
0.166822
0.143758
0.118983
0.112074
0.115343
0.116577
0.117413
0.116890
0.113982
0.164921
0.145875
0.151050
0.147942
0.127537
0.115314
0.166933
0.165196
0.143545
0.146739
0.147172
0.173191
0.149501
0.193645
0.182613
0.181539
0.157812
0.178239
0.148262
0.114222
0.114298
0.114219
0.113717
0.114161
0.112383
0.117776
0.176778
0.154331
0.123395
0.162436
0.148103
0.153393
0.119989
0.110593
0.117271
0.114073
0.116312
0.176577
0.118240
0.138693
0.159860
0.158418
0.118938
0.117831
0.118748
0.119100
0.118505
0.117427
0.117872
0.121368
0.116267
0.113312
0.111736
0.117044
0.174709
0.169949
0.148264
0.117711
0.153981
0.185470
0.142646
0.177183
0.143064
0.143946
0.149798
0.144767
0.118041
0.161434
0.214917
0.163189
0.114470
0.114692
0.117723
0.113690
0.110990
0.174052
0.151517
0.154441
0.145139
0.116664
0.115876
0.114582
0.115865
0.159712
0.199200
0.185217
0.180162
0.174506
0.140514
0.138401
0.136342
0.141495
0.160700
0.148138
0.169285
0.147781
0.150914
0.144530
0.125210
0.188785
0.194769
0.160860
0.169671
0.142085
0.141711
0.141889
0.148182
0.152377
0.144852
0.119371
0.170208
0.144647
0.149892
0.123743
0.119053
0.117159
0.123521
0.155393
0.147313
0.124475
0.161956
0.114320
0.120701
0.113997
0.132639
0.150253
0.145590
0.125172
0.114391
0.116727
0.155774
0.113619
0.149116
0.151421
0.148121
0.174963
0.143057
0.146125
0.147441
0.122684
0.113233
0.176149
0.184867
0.143708
0.148396
0.139315
0.109900
0.122657
0.118760
0.117295
0.170130
0.171545
0.148244
0.177188
0.152483
0.152123
0.150867
0.147784
0.128838
0.116940
0.113878
0.111169
0.118137
0.157920
0.144657
0.145241
0.132480
0.115372
0.112399
0.120169
0.112270
0.204651
0.174682
0.175756
0.170074
0.167619
0.146783
0.150884
0.146301
0.119282
0.188008
0.143841
0.114542
0.116735
0.190800
0.175723
0.185162
0.171607
0.144370
0.143200
0.188427
0.146677
0.146577
0.145579
0.206169
0.142501
0.128820
0.113004
0.111233
0.110792
0.110492
0.176241
0.202938
0.186260
0.144862
0.208177
0.171681
0.144938
0.138241
0.120631
0.115059
0.111140
0.115240
0.112228
0.187121
0.143290
0.170616
0.200273
0.157744
0.146334
0.173285
0.160349
0.171283
0.174888
0.197423
0.168549
0.144073
0.207422
0.188427
0.192646
0.149006
0.160853
0.140682
0.172684
0.214097
0.179337
0.174946
0.173038
0.167667
0.144606
0.143170
0.115770
0.197499
0.168060
0.145781
0.145713
0.157494
0.146227
0.148045
0.154732
0.143454
0.114103
0.114824
0.113457
0.114473
0.152695
0.151440
0.151192
0.121945
0.194692
0.163271
0.152570
0.151359
0.147416
0.157888
0.145705
0.147582
0.152351
0.117255
0.118508
0.117121
0.167823
0.144520
0.143044
0.206906
0.182606
0.180519
0.187909
0.152967
0.146349
0.176978
0.114879
0.113203
0.113018
0.112071
0.114123
0.112423
0.147145
0.143409
0.142601
0.121058
0.136063
0.185115
0.115697
0.193754
0.179837
0.141229
0.145622
0.151771
0.195544
0.169783
0.146979
0.141573
0.116300
0.168687
0.176539
0.168972
0.139832
0.139970
0.137485
0.137679
0.140288
0.141136
0.175206
0.148960
0.151425
0.151464
0.148329
0.122664
0.120589
0.122029
0.194321
0.181431
0.198307
0.145880
0.150183
0.188293
0.213039
0.178519
0.178601
0.175215
0.181175
0.140064
0.165170
0.171405
0.149642
0.148036
0.148608
0.147743
0.113024
0.113109
0.115103
0.112039
0.167953
0.147449
0.118065
0.116997
0.115412
0.112839
0.118906
0.112328
0.111995
0.113231
0.172717
0.152552
0.143339
0.143213
0.141135
0.110941
0.115263
0.117840
0.125381
0.116605
0.112459
0.113602
0.115103
0.115677
0.172576
0.134488
0.116199
0.114778
0.116433
0.116850
0.110435
0.110061
0.114274
0.115213
0.114807
0.115632
0.114316
0.114511
0.113827
0.151057
0.172175
0.194225
0.171751
0.150896
0.171838
0.185989
0.166880
0.156374
0.185839
0.163682
0.186603
0.148975
0.149977
0.149557
0.131309
0.109669
0.165602
0.151159
0.144007
0.159510
0.117614
0.112067
0.113433
0.118730
0.114841
0.114616
0.113262
0.169511
0.141264
0.147836
0.145301
0.124126
0.114043
0.111368
0.121334
0.122179
0.116315
0.117634
0.116072
0.117316
0.114664
0.116642
0.110878
0.110950
0.112743
0.112719
0.114098
0.115035
0.161274
0.146457
0.137281
0.111150
0.111636
0.158708
0.150784
0.148569
0.122628
0.169124
0.145207
0.146415
0.143467
0.145929
0.153422
0.143815
0.145187
0.145589
0.170341
0.145058
0.140722
0.119769
0.127155
0.117835
0.113198
0.115121
0.166630
0.148751
0.148368
0.147645
0.144846
0.121885
0.113222
0.121346
0.116144
0.113912
0.163953
0.177478
0.148627
0.156744
0.131507
0.165621
0.115480
0.115339
0.115676
0.114915
0.169353
0.115626
0.114687
0.114864
0.145457
0.137603
0.172998
0.143722
0.183405
0.150269
0.142925
0.177123
0.152004
0.155309
0.175260
0.152362
0.147105
0.116826
0.117719
0.118488
0.208282
0.143985
0.196773
0.178888
0.149102
0.113619
0.114123
0.112040
0.109790
0.115875
0.113502
0.174074
0.152267
0.149565
0.173206
0.149463
0.172814
0.201972
0.181439
0.175746
0.185113
0.185825
0.182126
0.147420
0.167635
0.148429
0.148193
0.148463
0.138257
0.115793
0.112015
0.110698
0.114347
0.117835
0.115100
0.147553
0.161049
0.173074
0.200956
0.149898
0.148679
0.176184
0.158214
0.141201
0.134566
0.152790
0.143795
0.136960
0.139241
0.138490
0.135181
0.142668
0.132773
0.188716
0.154640
0.164343
0.145686
0.167615
0.169558
0.137775
0.177942
0.152262
0.150358
0.159928
0.150388
0.142178
0.170831
0.151970
0.213658
0.199486
0.156908
0.195362
0.151532
0.160496
0.167958
0.172811
0.204840
0.200982
0.180202
0.203588
0.196341
0.175475
0.166582
0.170909
0.154444
0.173215
0.147060
0.175201
0.192451
0.172036
0.152075
0.145767
0.179429
0.153904
0.148261
0.150759
0.146995
0.111534
0.176904
0.192550
0.181690
0.143899
0.168992
0.146694
0.146718
0.155621
0.148005
0.152169
0.117548
0.122779
0.116054
0.116514
0.115962
0.116644
0.117934
0.114330
0.224271
0.165162
0.155266
0.210135
0.220281
0.180030
0.176266
0.164896
0.144884
0.138015
0.137318
0.141236
0.183140
0.157446
0.153062
0.185956
0.160089
0.173434
0.203656
0.172615
0.152733
0.182075
0.203107
0.166115
0.146321
0.145376
0.145771
0.149074
0.151371
0.151484
0.131251
0.168517
0.169840
0.153709
0.170218
0.147807
0.156112
0.155163
0.150268
0.165300
0.187824
0.145896
0.151719
0.174186
0.168163
0.151430
0.145217
0.150107
0.120438
0.113754
0.118601
0.112556
0.113839
0.176152
0.168594
0.144832
0.146158
0.144449
0.120346
0.116432
0.115291
0.116951
0.119319
0.178901
0.185004
0.157672
0.160154
0.112585
0.117023
0.112566
0.172281
0.148667
0.154137
0.148643
0.129278
0.148088
0.139176
0.122456
0.125463
0.120704
0.124631
0.123034
0.124118
0.117000
0.167113
0.113886
0.115599
0.172611
0.148052
0.165629
0.143528
0.165125
0.168426
0.186697
0.164855
0.160779
0.147291
0.145886
0.142220
0.118632
0.115151
0.115999
0.116587
0.113955
0.114840
0.119632
0.113465
0.114952
0.112902
0.112840
0.169991
0.148072
0.143864
0.144318
0.166719
0.175074
0.183218
0.138386
0.162635
0.143517
0.171735
0.145586
0.147409
0.157259
0.146847
0.173011
0.149706
0.149243
0.145302
0.135586
0.136827
0.169493
0.147935
0.143745
0.149946
0.209057
0.184096
0.118880
0.137852
0.121937
0.209046
0.186350
0.144783
0.139586
0.139770
0.141412
0.166515
0.148397
0.145878
0.149930
0.151087
0.149450
0.112980
0.111246
0.115647
0.166981
0.156892
0.117729
0.118287
0.112256
0.111949
0.114249
0.170992
0.144274
0.148695
0.146680
0.116580
0.142534
0.194877
0.178391
0.178290
0.172628
0.179075
0.175104
0.146972
0.166596
0.159997
0.144525
0.198269
0.166437
0.144574
0.144495
0.146709
0.169602
0.142353
0.179496
0.154332
0.174569
0.138299
0.113977
0.113882
0.113343
0.118330
0.112585
0.114616
0.118761
0.181094
0.200241
0.120746
0.115295
0.111510
0.111345
0.163100
0.146832
0.168323
0.185178
0.182210
0.140404
0.170768
0.152534
0.138602
0.184435
0.116884
0.116380
0.118734
0.117267
0.118543
0.119222
0.161386
0.175205
0.171391
0.157282
0.147355
0.118121
0.122595
0.118090
0.115377
0.111876
0.111076
0.119998
0.168800
0.156393
0.148392
0.169641
0.193843
0.150590
0.150527
0.149893
0.149195
0.179801
0.198124
0.182841
0.155800
0.173554
0.177319
0.145926
0.144700
0.211168
0.152199
0.152631
0.118338
0.116040
0.116367
0.116623
0.122120
0.120072
0.111727
0.111553
0.115216
0.113628
0.114695
0.109479
0.111773
0.109707
0.115112
0.116139
0.112158
0.195155
0.195569
0.185606
0.158915
0.142035
0.141225
0.142395
0.136508
0.137685
0.139194
0.186954
0.167562
0.164947
0.149755
0.144493
0.143915
0.161997
0.144757
0.142473
0.156736
0.157182
0.149586
0.166139
0.168074
0.149219
0.144661
0.143628
0.132362
0.189751
0.184482
0.179020
0.195152
0.147022
0.162661
0.144706
0.145212
0.124259
0.115972
0.115615
0.114963
0.177523
0.147539
0.150098
0.185071
0.173489
0.150989
0.193499
0.179119
0.173943
0.151261
0.167384
0.146256
0.151752
0.207011
0.187274
0.189236
0.194329
0.145145
0.136500
0.183697
0.146846
0.148494
0.139979
0.151483
0.150923
0.173490
0.173464
0.148863
0.170885
0.166706
0.152748
0.152624
0.146671
0.146388
0.132036
0.115005
0.118999
0.154202
0.202639
0.175890
0.178926
0.164965
0.149508
0.179207
0.151583
0.146774
0.148104
0.164680
0.146201
0.148558
0.144280
0.158620
0.144535
0.146805
0.161000
0.145337
0.201971
0.167792
0.125194
0.118332
0.110409
0.125596
0.116117
0.194051
0.209046
0.171790
0.173786
0.167279
0.145876
0.171823
0.196613
0.198335
0.176073
0.167357
0.143349
0.140347
0.141227
0.136280
0.169132
0.194311
0.153971
0.146057
0.148593
0.159864
0.151508
0.150800
0.137569
0.115986
0.167941
0.169209
0.145864
0.146175
0.144411
0.128075
0.181179
0.138255
0.145255
0.166946
0.150340
0.173172
0.147898
0.145425
0.169477
0.147014
0.151972
0.216347
0.161484
0.173162
0.152206
0.171917
0.144788
0.147718
0.144485
0.167154
0.158185
0.146214
0.159863
0.183451
0.186882
0.173668
0.169166
0.147549
0.145426
0.144043
0.135682
0.114105
0.117668
0.173112
0.151899
0.159720
0.154929
0.181900
0.168097
0.146013
0.137946
0.119099
0.123084
0.121820
0.171297
0.142124
0.142555
0.146598
0.115062
0.112628
0.119652
0.165531
0.147523
0.147213
0.150037
0.117319
0.174354
0.184585
0.168107
0.161695
0.125950
0.119279
0.188511
0.147164
0.137082
0.136337
0.123798
0.176155
0.143315
0.147048
0.138484
0.114903
0.174737
0.149595
0.172352
0.152038
0.209697
0.167839
0.150355
0.156105
0.115420
0.114652
0.165198
0.150381
0.147418
0.150475
0.148132
0.120802
0.117916
0.200581
0.142247
0.144523
0.180519
0.160039
0.146851
0.143776
0.143952
0.140037
0.142610
0.126577
0.117132
0.116871
0.128150
0.165929
0.169988
0.177563
0.175562
0.146764
0.137512
0.110693
0.116133
0.134984
0.191958
0.147049
0.149334
0.165359
0.144258
0.152635
0.149118
0.141225
0.147553
0.175112
0.168459
0.192036
0.177962
0.177682
0.150431
0.148021
0.150135
0.173312
0.153584
0.128857
0.115732
0.115279
0.121469
0.127462
0.146723
0.145887
0.147134
0.169216
0.139079
0.138102
0.146505
0.146434
0.147607
0.120404
0.108605
0.192108
0.163612
0.209750
0.175085
0.194084
0.138780
0.144375
0.142945
0.145269
0.144107
0.138248
0.141140
0.139442
0.138453
0.167209
0.167759
0.174356
0.166791
0.208087
0.174376
0.148384
0.146031
0.145375
0.142585
0.160123
0.143938
0.139882
0.168054
0.145247
0.147700
0.148686
0.148006
0.123766
0.150084
0.146217
0.146005
0.182951
0.116979
0.117462
0.116752
0.117008
0.114600
0.115348
0.179147
0.171159
0.183971
0.138133
0.178778
0.182816
0.165226
0.145682
0.149043
0.176599
0.171150
0.145812
0.165303
0.147525
0.147338
0.147829
0.165861
0.150604
0.175656
0.145431
0.164079
0.147139
0.148153
0.149980
0.117850
0.117198
0.168797
0.146056
0.172961
0.175463
0.210832
0.189471
0.167982
0.175625
0.146456
0.142040
0.146688
0.145604
0.117184
0.121465
0.112642
0.117130
0.171659
0.149635
0.149997
0.213745
0.201257
0.154146
0.162979
0.185146
0.178114
0.160693
0.144279
0.143439
0.141191
0.197327
0.180893
0.190818
0.206481
0.147002
0.121714
0.157173
0.142752
0.143580
0.142893
0.115369
0.118892
0.166635
0.193262
0.181696
0.190085
0.181616
0.171866
0.155205
0.153865
0.151369
0.144432
0.145166
0.144771
0.144290
0.163594
0.150829
0.139447
0.142216
0.137880
0.139356
0.167805
0.150771
0.205621
0.140965
0.146734
0.135643
0.138226
0.141198
0.136878
0.137681
0.138596
0.187265
0.147190
0.166162
0.147357
0.165147
0.198182
0.151922
0.150167
0.146243
0.172933
0.143246
0.195402
0.170387
0.173182
0.114762
0.163776
0.142524
0.187367
0.147723
0.151052
0.161461
0.141655
0.196784
0.137925
0.166775
0.147786
0.159392
0.161554
0.166045
0.147252
0.139606
0.140083
0.140954
0.123360
0.119236
0.143124
0.144165
0.147246
0.112736
0.111464
0.142291
0.188370
0.150029
0.150230
0.120481
0.123858
0.111626
0.169862
0.146867
0.168297
0.151191
0.200985
0.187449
0.202608
0.183704
0.167764
0.143330
0.137275
0.137866
0.135703
0.136821
0.137449
0.138907
0.138677
0.166219
0.149259
0.149416
0.141487
0.136083
0.114144
0.115794
0.112461
0.112952
0.118013
0.201019
0.176774
0.176066
0.157284
0.116293
0.117403
0.110286
0.169437
0.166514
0.208222
0.151494
0.152946
0.167579
0.146595
0.148084
0.145422
0.127053
0.165481
0.152804
0.153582
0.168262
0.149728
0.144967
0.143474
0.176856
0.181617
0.190056
0.167251
0.150000
0.173053
0.150125
0.195981
0.150141
0.159249
0.175039
0.146068
0.168175
0.172682
0.181939
0.177391
0.181256
0.150007
0.204687
0.150496
0.175477
0.169897
0.148539
0.123744
0.148082
0.131417
0.197411
0.177974
0.178572
0.169413
0.170778
0.148021
0.142726
0.150616
0.146035
0.112078
0.165492
0.184142
0.183881
0.144447
0.215465
0.159132
0.155001
0.151056
0.172564
0.149333
0.148490
0.172707
0.203785
0.169688
0.149581
0.148147
0.186209
0.203042
0.183138
0.183499
0.182129
0.177844
0.162072
0.140738
0.141087
0.177191
0.149313
0.193789
0.152662
0.147918
0.197382
0.168352
0.149322
0.144268
0.183027
0.154117
0.186437
0.172332
0.145432
0.144966
0.171675
0.149979
0.122049
0.109763
0.116762
0.205289
0.169489
0.193507
0.151346
0.152226
0.169736
0.147213
0.120122
0.114857
0.139126
0.158823
0.144509
0.159519
0.142636
0.207227
0.178731
0.182781
0.176649
0.178435
0.177644
0.166537
0.147317
0.145187
0.205158
0.131860
0.115878
0.165213
0.147687
0.147495
0.146585
0.161086
0.148274
0.157496
0.150140
0.144824
0.133011
0.131812
0.168362
0.146504
0.130412
0.173751
0.145773
0.142860
0.146408
0.157139
0.155055
0.148413
0.168309
0.147122
0.152377
0.192673
0.179465
0.180439
0.136282
0.136127
0.135111
0.185564
0.181843
0.188486
0.155972
0.145209
0.146392
0.159804
0.154991
0.176449
0.151821
0.174066
0.167527
0.172161
0.140621
0.143363
0.113661
0.159837
0.175713
0.147903
0.150726
0.159830
0.150406
0.141947
0.175098
0.152337
0.187211
0.169057
0.178297
0.186520
0.169891
0.171118
0.163946
0.152113
0.156452
0.166143
0.152815
0.146114
0.146191
0.120845
0.116024
0.149167
0.115976
0.114341
0.114623
0.115901
0.113521
0.112891
0.116235
0.146803
0.140616
0.118996
0.109676
0.116608
0.113434
0.116622
0.167973
0.154327
0.203406
0.202748
0.161546
0.165624
0.147572
0.148816
0.177569
0.185784
0.186867
0.155508
0.142816
0.114963
0.171955
0.162532
0.131607
0.148697
0.163834
0.170015
0.148009
0.160326
0.149719
0.145853
0.142407
0.125706
0.115689
0.121264
0.169596
0.169839
0.145726
0.168683
0.202698
0.160163
0.154012
0.155956
0.177230
0.122574
0.115594
0.111670
0.109359
0.117732
0.116866
0.116068
0.118672
0.205560
0.158529
0.163527
0.162087
0.167681
0.132847
0.117619
0.189993
0.148299
0.202689
0.207796
0.171070
0.168806
0.144161
0.185370
0.190058
0.182913
0.153210
0.134379
0.117953
0.115056
0.111574
0.113811
0.113185
0.108930
0.136574
0.161375
0.148409
0.172542
0.171849
0.149967
0.148774
0.150172
0.148551
0.210881
0.161487
0.168251
0.153797
0.149748
0.148558
0.146838
0.118487
0.115370
0.113820
0.114511
0.111885
0.112936
0.117402
0.116663
0.120538
0.167998
0.146155
0.144512
0.144424
0.169612
0.148682
0.156303
0.143011
0.146645
0.144138
0.149363
0.154104
0.147514
0.193744
0.189339
0.184953
0.184713
0.144560
0.157122
0.140799
0.142546
0.144795
0.139778
0.141886
0.122076
0.119588
0.119030
0.113584
0.119106
0.119349
0.170059
0.146464
0.170760
0.147014
0.148592
0.142276
0.163089
0.144783
0.130147
0.173119
0.166818
0.158661
0.189734
0.180151
0.160177
0.146031
0.141381
0.148475
0.124477
0.153554
0.143223
0.147656
0.146465
0.164050
0.145987
0.145290
0.154047
0.144396
0.141651
0.137101
0.139563
0.135221
0.152488
0.145799
0.168137
0.163401
0.195788
0.163330
0.148445
0.148315
0.146925
0.117268
0.117389
0.117387
0.147177
0.167625
0.205082
0.171301
0.151049
0.191450
0.165818
0.171586
0.149417
0.190497
0.148891
0.171031
0.150557
0.117018
0.168792
0.174634
0.148071
0.145847
0.149771
0.173377
0.145881
0.196652
0.141712
0.139212
0.110798
0.141977
0.164932
0.162370
0.116043
0.110076
0.164252
0.178455
0.147820
0.142782
0.116433
0.115702
0.120988
0.116592
0.113550
0.195240
0.117520
0.118783
0.116651
0.119407
0.125158
0.122416
0.117421
0.117397
0.172709
0.192033
0.142864
0.142662
0.162023
0.154511
0.161443
0.147768
0.145915
0.153148
0.149536
0.171060
0.144295
0.152601
0.205619
0.143066
0.139472
0.136832
0.170570
0.150357
0.154295
0.115330
0.120303
0.180676
0.156934
0.162987
0.196055
0.216921
0.162097
0.164166
0.166678
0.167400
0.151256
0.174216
0.158965
0.151215
0.146474
0.146255
0.166532
0.196911
0.149074
0.152895
0.142367
0.184490
0.183035
0.183348
0.166815
0.145607
0.171818
0.169363
0.153661
0.153454
0.146736
0.148041
0.140687
0.116761
0.115062
0.118724
0.124033
0.117480
0.116176
0.115241
0.118986
0.119768
0.121547
0.119775
0.165955
0.151947
0.129174
0.117616
0.113850
0.112307
0.120955
0.115310
0.175407
0.134953
0.116851
0.112210
0.113355
0.115890
0.118423
0.116342
0.117090
0.112363
0.215143
0.172597
0.149046
0.155529
0.168869
0.150410
0.149221
0.152100
0.161674
0.154408
0.140147
0.174843
0.192155
0.157657
0.198539
0.178349
0.203808
0.176202
0.179492
0.155123
0.171371
0.148524
0.158875
0.155821
0.139673
0.143683
0.129281
0.120267
0.148234
0.174219
0.142020
0.170465
0.149650
0.155707
0.165012
0.151689
0.150369
0.152737
0.120988
0.170763
0.174805
0.152087
0.153173
0.150787
0.149015
0.120530
0.116453
0.126111
0.121248
0.118765
0.117500
0.128808
0.117515
0.116598
0.121277
0.117107
0.122370
0.132124
0.123544
0.120947
0.175593
0.148806
0.184059
0.148672
0.151926
0.144243
0.116750
0.117992
0.137600
0.185485
0.144406
0.118189
0.117758
0.170868
0.152055
0.133868
0.117976
0.117323
0.115212
0.117316
0.169540
0.148467
0.149078
0.118028
0.117990
0.119552
0.120578
0.123885
0.117842
0.117136
0.117779
0.116879
0.150036
0.177524
0.160519
0.202695
0.182267
0.182908
0.168748
0.150726
0.174183
0.185953
0.156109
0.143557
0.142492
0.148669
0.144486
0.144446
0.150311
0.173878
0.186135
0.147760
0.121250
0.168313
0.156064
0.149122
0.151615
0.115809
0.116097
0.151908
0.147783
0.152761
0.165936
0.145408
0.195877
0.176784
0.176598
0.173527
0.139093
0.134905
0.148946
0.142000
0.161385
0.151035
0.183106
0.158840
0.167701
0.193142
0.177552
0.115508
0.117902
0.164049
0.150228
0.190278
0.214409
0.144311
0.149450
0.144873
0.142612
0.143343
0.147442
0.140663
0.148488
0.119536
0.129285
0.175256
0.160680
0.174554
0.182119
0.186576
0.134208
0.117378
0.200816
0.179600
0.177119
0.175097
0.152342
0.142472
0.142155
0.145008
0.139391
0.141620
0.141413
0.137615
0.138658
0.141045
0.135452
0.201782
0.143467
0.177478
0.136526
0.165415
0.170477
0.180178
0.167343
0.196979
0.174374
0.174658
0.174131
0.164799
0.147237
0.149404
0.190023
0.136209
0.170392
0.171169
0.167057
0.201014
0.167425
0.147293
0.184744
0.149516
0.145602
0.151474
0.116450
0.111361
0.114276
0.113385
0.111861
0.148417
0.150153
0.142551
0.186148
0.182262
0.163683
0.185376
0.150649
0.156305
0.147834
0.166722
0.141773
0.165017
0.185665
0.145558
0.148185
0.161699
0.156635
0.201870
0.175859
0.161350
0.140636
0.142253
0.139244
0.142383
0.176168
0.200103
0.155247
0.115842
0.121631
0.227048
0.210300
0.199888
0.180709
0.183649
0.181915
0.187612
0.155521
0.181651
0.156456
0.150475
0.201895
0.152498
0.146971
0.142554
0.142534
0.117418
0.118913
0.117450
0.121776
0.117476
0.117776
0.116700
0.114713
0.113692
0.115417
0.114548
0.112761
0.111592
0.116481
0.163631
0.151297
0.156676
0.168469
0.142238
0.145308
0.141837
0.138933
0.138319
0.182903
0.146482
0.180619
0.195568
0.176934
0.182453
0.139786
0.110917
0.164533
0.146048
0.148958
0.146496
0.146323
0.192247
0.186531
0.140773
0.140876
0.137002
0.147885
0.160566
0.145074
0.167821
0.145021
0.146716
0.146127
0.145849
0.189101
0.113946
0.208251
0.146664
0.171788
0.193383
0.192538
0.181003
0.201293
0.159085
0.153393
0.160909
0.237477
0.175506
0.152589
0.157773
0.204267
0.187589
0.171636
0.174922
0.145268
0.151240
0.150261
0.117623
0.118450
0.119519
0.166841
0.149996
0.156206
0.120905
0.118569
0.115661
0.121452
0.208292
0.175573
0.159162
0.176366
0.168198
0.151456
0.176295
0.155517
0.175455
0.147531
0.182941
0.147640
0.145431
0.193770
0.146150
0.183975
0.152319
0.148652
0.150146
0.115109
0.113914
0.147900
0.175365
0.155317
0.167772
0.153816
0.125819
0.120079
0.118668
0.120970
0.160687
0.169944
0.145503
0.176936
0.146823
0.152972
0.153015
0.169856
0.150901
0.153467
0.153089
0.159012
0.167287
0.149376
0.152800
0.134843
0.169831
0.233178
0.207713
0.164321
0.152971
0.179992
0.170129
0.200444
0.145456
0.147178
0.149594
0.145539
0.126635
0.121785
0.121218
0.122632
0.169681
0.153660
0.151334
0.149336
0.148356
0.139579
0.171426
0.150385
0.152606
0.131580
0.127324
0.186256
0.116125
0.197390
0.119173
0.138333
0.115899
0.160856
0.155007
0.170769
0.150367
0.151886
0.151444
0.150367
0.162609
0.115128
0.177606
0.137713
0.143070
0.143777
0.141246
0.141113
0.130766
0.149403
0.127916
0.153584
0.177393
0.148651
0.148764
0.149550
0.155867
0.195773
0.172590
0.185029
0.113098
0.119882
0.115892
0.109655
0.111003
0.112112
0.112673
0.107736
0.112237
0.113251
0.117138
0.111966
0.123486
0.123713
0.167355
0.115529
0.115726
0.117342
0.112926
0.122770
0.123808
0.118196
0.120548
0.120501
0.123668
0.123609
0.115104
0.172751
0.170903
0.144534
0.174985
0.150279
0.145486
0.151642
0.122831
0.120880
0.120529
0.113691
0.168021
0.159000
0.150315
0.145210
0.156137
0.154651
0.152074
0.164202
0.175763
0.206619
0.163922
0.174337
0.151597
0.151562
0.150961
0.149674
0.179677
0.177275
0.150425
0.150806
0.189905
0.130242
0.120163
0.121692
0.122798
0.120799
0.202103
0.207036
0.189049
0.149890
0.163444
0.151757
0.158826
0.153900
0.151736
0.149369
0.124259
0.168503
0.149698
0.182587
0.202646
0.174716
0.156392
0.149430
0.138406
0.188930
0.145024
0.157997
0.168486
0.163416
0.148771
0.147866
0.157598
0.149089
0.149333
0.141641
0.117608
0.115862
0.114751
0.118267
0.119369
0.116813
0.205988
0.151327
0.152330
0.146967
0.149810
0.124345
0.120059
0.121063
0.143171
0.164279
0.217474
0.179869
0.159020
0.172266
0.186769
0.122807
0.181783
0.151518
0.149411
0.120884
0.124428
0.201263
0.224496
0.177785
0.186661
0.169200
0.151752
0.145683
0.178107
0.146613
0.166714
0.150333
0.145747
0.143748
0.119967
0.168994
0.144930
0.149339
0.145442
0.142232
0.118885
0.172751
0.193234
0.192544
0.180264
0.197603
0.117688
0.180584
0.193636
0.161849
0.147832
0.160583
0.179663
0.141064
0.155005
0.148943
0.146943
0.119137
0.116856
0.119844
0.119153
0.116980
0.157013
0.161170
0.122238
0.125251
0.172351
0.148264
0.173681
0.167385
0.178484
0.168424
0.144619
0.186085
0.147348
0.146777
0.139257
0.184566
0.180512
0.173541
0.139294
0.139347
0.141408
0.143393
0.143450
0.143044
0.142423
0.141772
0.168107
0.147782
0.148357
0.151739
0.136060
0.112568
0.121622
0.118254
0.110479
0.116513
0.116730
0.117699
0.117517
0.145828
0.144549
0.177595
0.195766
0.148338
0.151299
0.147704
0.163968
0.155744
0.179378
0.156178
0.144555
0.166071
0.152037
0.135959
0.113020
0.110690
0.163625
0.168684
0.191725
0.146452
0.161128
0.173780
0.151836
0.148745
0.194830
0.176622
0.177678
0.168790
0.140385
0.174170
0.141925
0.136871
0.142790
0.142545
0.141249
0.142221
0.136774
0.141165
0.142564
0.158763
0.141999
0.142441
0.175056
0.146934
0.143334
0.167431
0.150768
0.151855
0.125010
0.113845
0.116837
0.117751
0.176035
0.124472
0.118513
0.115858
0.121027
0.200113
0.164200
0.152766
0.147650
0.142366
0.115897
0.172962
0.146901
0.143256
0.144611
0.143068
0.118750
0.114948
0.112848
0.169475
0.148246
0.169665
0.154403
0.159531
0.144824
0.123842
0.111597
0.122030
0.115809
0.114659
0.158080
0.191231
0.207607
0.182327
0.144915
0.145734
0.189924
0.148362
0.148395
0.147820
0.187964
0.171336
0.148020
0.150079
0.149536
0.169822
0.170448
0.141536
0.159803
0.166321
0.149238
0.141929
0.119955
0.119473
0.118680
0.122402
0.119881
0.183321
0.152350
0.142852
0.165469
0.148617
0.172606
0.152386
0.130188
0.181162
0.200188
0.174260
0.145442
0.146786
0.148345
0.166786
0.180616
0.166849
0.180481
0.147964
0.188453
0.170475
0.146337
0.146481
0.197453
0.139490
0.190914
0.155609
0.149398
0.190651
0.165625
0.145539
0.191564
0.178674
0.165147
0.138695
0.142982
0.159847
0.181895
0.144505
0.149101
0.143736
0.141685
0.189217
0.150598
0.150272
0.141419
0.115251
0.112943
0.116105
0.119084
0.153803
0.145569
0.172532
0.149458
0.147134
0.169020
0.166711
0.185187
0.150656
0.148002
0.118854
0.116272
0.115785
0.116656
0.128661
0.144425
0.173524
0.165910
0.118361
0.116570
0.116893
0.154408
0.158726
0.156487
0.153805
0.147034
0.150185
0.119501
0.120109
0.113189
0.112655
0.114605
0.114051
0.169999
0.149611
0.148455
0.147787
0.146541
0.180412
0.168962
0.150362
0.144629
0.144293
0.187421
0.178842
0.179565
0.179972
0.144103
0.143629
0.151515
0.180277
0.151919
0.172860
0.148504
0.144124
0.183348
0.150973
0.187627
0.176974
0.146860
0.143272
0.144580
0.161931
0.150509
0.151363
0.147041
0.172614
0.210270
0.176397
0.151797
0.187166
0.174513
0.181662
0.145072
0.126690
0.117145
0.114342
0.112467
0.119265
0.119718
0.114349
0.120861
0.120636
0.121195
0.121305
0.117085
0.111743
0.146871
0.144066
0.137198
0.137268
0.136317
0.136583
0.139366
0.182091
0.149107
0.150635
0.151990
0.143517
0.113750
0.165730
0.161366
0.148047
0.193927
0.187598
0.184057
0.185644
0.139767
0.140086
0.144836
0.151486
0.175138
0.171355
0.110642
0.113250
0.117925
0.119368
0.118383
0.119312
0.119400
0.118631
0.117362
0.165588
0.149932
0.148232
0.158259
0.116599
0.107711
0.118386
0.111662
0.109622
0.175124
0.152989
0.148276
0.150790
0.146730
0.145490
0.133935
0.115690
0.111181
0.117761
0.118822
0.115928
0.158498
0.166405
0.150651
0.151068
0.149405
0.123653
0.115283
0.115528
0.144206
0.134244
0.142638
0.114069
0.114398
0.113734
0.122660
0.120653
0.159313
0.146084
0.146890
0.148591
0.123614
0.119265
0.197618
0.184793
0.178323
0.177931
0.181757
0.147638
0.179809
0.150508
0.131981
0.120906
0.120294
0.120605
0.125464
0.120198
0.116558
0.114388
0.113523
0.115096
0.114597
0.151978
0.152005
0.144978
0.144556
0.156151
0.149871
0.142524
0.156128
0.149818
0.114379
0.116589
0.116429
0.118127
0.116806
0.171971
0.157266
0.145223
0.163585
0.149133
0.151500
0.148280
0.121091
0.119139
0.166304
0.169747
0.148940
0.145542
0.143829
0.116323
0.114528
0.156065
0.156568
0.140344
0.140467
0.139400
0.139679
0.141976
0.144559
0.139099
0.141127
0.116815
0.161444
0.164396
0.163601
0.166224
0.144680
0.142485
0.133114
0.113895
0.112705
0.113922
0.120875
0.117532
0.114125
0.113041
0.118665
0.150841
0.159298
0.117236
0.111866
0.186208
0.150126
0.174230
0.151005
0.176920
0.149642
0.148915
0.142391
0.169450
0.149840
0.187972
0.147510
0.151249
0.144418
0.194955
0.180748
0.187631
0.156693
0.136192
0.171677
0.171983
0.147410
0.133408
0.117455
0.113886
0.194553
0.174406
0.137260
0.142258
0.153166
0.159130
0.163807
0.145899
0.142902
0.119782
0.119645
0.122174
0.135599
0.153824
0.166219
0.167848
0.170854
0.150262
0.150251
0.152186
0.218394
0.166488
0.173682
0.147303
0.147343
0.148708
0.125518
0.126151
0.123754
0.195659
0.169868
0.141372
0.148375
0.137547
0.138834
0.139285
0.137935
0.140790
0.139473
0.138265
0.170459
0.169467
0.170989
0.113845
0.126882
0.115789
0.112389
0.110320
0.170516
0.144658
0.148647
0.225574
0.163435
0.145569
0.146966
0.136411
0.113333
0.115691
0.115055
0.118307
0.119223
0.166430
0.129010
0.117562
0.116134
0.116756
0.129799
0.198997
0.179888
0.173439
0.151648
0.227696
0.175336
0.203006
0.175880
0.141572
0.140183
0.139227
0.136707
0.140547
0.139082
0.145113
0.142963
0.147182
0.138836
0.136927
0.141725
0.193496
0.149591
0.144977
0.168754
0.144301
0.144219
0.135450
0.122326
0.201427
0.178055
0.141038
0.180099
0.146494
0.145668
0.118527
0.114706
0.112335
0.115741
0.109384
0.110658
0.171961
0.163179
0.149457
0.143191
0.144328
0.159897
0.139882
0.161036
0.152319
0.174602
0.146241
0.147269
0.163418
0.170409
0.172931
0.146141
0.177454
0.165931
0.161512
0.152061
0.147521
0.128599
0.170957
0.169776
0.152752
0.180557
0.158285
0.166978
0.176551
0.181754
0.148681
0.154217
0.156472
0.198985
0.150846
0.147301
0.166418
0.174525
0.154837
0.150504
0.149117
0.187415
0.116776
0.169573
0.148414
0.149774
0.120960
0.118350
0.113013
0.115447
0.201070
0.165795
0.177118
0.150034
0.149846
0.150824
0.148587
0.160783
0.155070
0.148794
0.142194
0.150142
0.166269
0.148164
0.147697
0.202465
0.190183
0.162346
0.187434
0.197492
0.180244
0.179058
0.150447
0.149065
0.137784
0.191567
0.190856
0.148326
0.149110
0.154572
0.126419
0.114168
0.212069
0.149652
0.185358
0.179625
0.165682
0.184442
0.170933
0.149000
0.145655
0.168994
0.152392
0.149920
0.153032
0.135543
0.116153
0.120449
0.114699
0.114396
0.118250
0.118877
0.154876
0.166415
0.187365
0.154371
0.174476
0.152435
0.219820
0.176535
0.166482
0.176835
0.174379
0.174401
0.158336
0.140521
0.172543
0.176159
0.140200
0.146805
0.130227
0.158425
0.148763
0.157170
0.210728
0.142829
0.173042
0.151032
0.173150
0.201146
0.207490
0.184339
0.179025
0.171472
0.164694
0.155858
0.167229
0.143558
0.141872
0.168805
0.152246
0.147277
0.147301
0.146938
0.170281
0.150914
0.146929
0.150024
0.145646
0.116512
0.112350
0.112238
0.116476
0.114327
0.111840
0.112469
0.113399
0.115892
0.117941
0.145525
0.184095
0.123913
0.121503
0.150430
0.147737
0.151207
0.163383
0.191785
0.151710
0.148366
0.140823
0.142452
0.140457
0.139278
0.188515
0.169185
0.147333
0.140113
0.114604
0.113250
0.106059
0.135727
0.161367
0.119427
0.120728
0.190984
0.178947
0.186912
0.148496
0.145174
0.145625
0.143752
0.116703
0.167426
0.181139
0.141460
0.139642
0.143578
0.143946
0.141163
0.139689
0.137521
0.141600
0.140166
0.141312
0.140402
0.140164
0.165571
0.181326
0.175421
0.185255
0.153684
0.167007
0.146322
0.142583
0.132517
0.117446
0.187839
0.174532
0.148951
0.149253
0.146789
0.117671
0.115570
0.115698
0.115971
0.115609
0.116445
0.117003
0.119229
0.113388
0.115520
0.171040
0.169770
0.181895
0.178740
0.177116
0.144503
0.147005
0.168334
0.167677
0.159754
0.192786
0.142569
0.165254
0.185371
0.168414
0.206333
0.179121
0.178454
0.194365
0.126099
0.115789
0.175415
0.141699
0.165208
0.147058
0.192393
0.138097
0.139153
0.140019
0.171983
0.143451
0.164858
0.185187
0.192215
0.150470
0.141793
0.114772
0.118806
0.114112
0.117298
0.147424
0.162336
0.148876
0.149813
0.122856
0.142716
0.184818
0.148990
0.163965
0.167815
0.114588
0.157387
0.146060
0.150505
0.200737
0.186954
0.179751
0.193352
0.176363
0.151610
0.151536
0.174594
0.152042
0.147931
0.146121
0.123680
0.114327
0.117399
0.117609
0.112139
0.110687
0.116197
0.112239
0.145908
0.115279
0.171212
0.138091
0.137212
0.140043
0.141690
0.208565
0.151970
0.156051
0.148277
0.145489
0.146392
0.175290
0.165944
0.191404
0.141840
0.142208
0.141719
0.150968
0.157833
0.140590
0.140621
0.139360
0.140638
0.120640
0.180731
0.157538
0.173999
0.148527
0.147266
0.187700
0.128193
0.146368
0.113853
0.111168
0.110373
0.178488
0.150134
0.146183
0.148146
0.183206
0.151947
0.171680
0.151208
0.150411
0.144549
0.131714
0.114583
0.113996
0.120327
0.116630
0.148982
0.169230
0.143621
0.146963
0.152078
0.116512
0.120797
0.117076
0.162230
0.151763
0.156575
0.198076
0.147752
0.146496
0.115783
0.113657
0.169471
0.174415
0.149352
0.178413
0.174495
0.145965
0.170451
0.149425
0.188272
0.167767
0.174086
0.157470
0.190385
0.147848
0.122423
0.168630
0.143601
0.142619
0.158011
0.149587
0.143306
0.142683
0.145018
0.143138
0.140743
0.120802
0.114911
0.108691
0.109845
0.166578
0.192799
0.175048
0.176831
0.173499
0.141252
0.133841
0.137032
0.146981
0.146972
0.173218
0.168690
0.185211
0.192974
0.174017
0.132014
0.115931
0.115206
0.117316
0.119966
0.158081
0.210783
0.179762
0.145838
0.117892
0.175202
0.152882
0.127698
0.168178
0.150177
0.173856
0.158484
0.198496
0.186589
0.198012
0.174794
0.145346
0.201961
0.177857
0.179592
0.178319
0.188837
0.198388
0.155396
0.171644
0.148879
0.149924
0.152671
0.149251
0.182306
0.178488
0.175021
0.179984
0.161369
0.168653
0.146854
0.170369
0.185597
0.176869
0.145385
0.133136
0.138912
0.136475
0.161511
0.140069
0.141231
0.145592
0.142183
0.138910
0.140640
0.139335
0.139588
0.140865
0.140023
0.140403
0.141768
0.121688
0.126473
0.193976
0.175323
0.144539
0.176040
0.138904
0.163873
0.150736
0.188212
0.185072
0.148307
0.149020
0.163275
0.147151
0.150363
0.124587
0.170274
0.150474
0.154059
0.146959
0.149542
0.114195
0.214900
0.184932
0.171530
0.172528
0.132552
0.139586
0.136725
0.142395
0.142485
0.168070
0.149207
0.140176
0.120888
0.116688
0.116872
0.116152
0.115844
0.153321
0.156201
0.185408
0.146096
0.141886
0.173547
0.205030
0.162649
0.172396
0.186021
0.137503
0.141658
0.144649
0.136125
0.137936
0.144041
0.140905
0.143725
0.174240
0.152500
0.150310
0.219113
0.119443
0.116122
0.114562
0.116248
0.118331
0.176208
0.153274
0.148867
0.146099
0.117640
0.128562
0.112202
0.111663
0.114026
0.121808
0.116888
0.120957
0.116186
0.163954
0.173410
0.155890
0.160885
0.172178
0.146879
0.170155
0.149490
0.152367
0.150379
0.131103
0.207550
0.214747
0.175321
0.149547
0.208661
0.182550
0.150349
0.137196
0.168983
0.144692
0.124266
0.165481
0.144686
0.150123
0.137879
0.137064
0.140508
0.149777
0.152426
0.187986
0.153923
0.132999
0.117204
0.116824
0.118179
0.115150
0.114899
0.136794
0.114357
0.109741
0.112227
0.123670
0.189701
0.153521
0.159006
0.136246
0.165591
0.171336
0.146307
0.110452
0.116462
0.144111
0.174508
0.184245
0.111843
0.114064
0.182648
0.145142
0.139820
0.167464
0.189122
0.179219
0.150720
0.178684
0.150132
0.153266
0.183040
0.196271
0.145824
0.148251
0.146463
0.133601
0.198985
0.190803
0.183472
0.155996
0.158435
0.151005
0.152688
0.170731
0.185608
0.208011
0.151131
0.166538
0.159012
0.154393
0.124325
0.119853
0.181328
0.195333
0.212209
0.145622
0.147091
0.148439
0.145453
0.118844
0.133680
0.160182
0.148161
0.151765
0.145437
0.146108
0.181352
0.149718
0.149781
0.167596
0.148682
0.151775
0.147384
0.171040
0.144053
0.149551
0.117512
0.117240
0.121926
0.126421
0.122344
0.119399
0.113935
0.158393
0.169835
0.166692
0.168837
0.149875
0.147857
0.139465
0.112984
0.116504
0.114452
0.162822
0.153800
0.167524
0.147035
0.118258
0.112253
0.113024
0.118401
0.111187
0.113072
0.113996
0.120601
0.170372
0.119089
0.119323
0.192024
0.134708
0.173301
0.152453
0.162763
0.165565
0.141051
0.143650
0.142271
0.150952
0.149329
0.140605
0.199810
0.145461
0.148952
0.150253
0.137634
0.137634
0.140994
0.134255
0.138048
0.157754
0.166884
0.169313
0.162835
0.167465
0.142274
0.177476
0.193568
0.148604
0.176618
0.147279
0.134227
0.113410
0.113751
0.198722
0.181515
0.178076
0.179168
0.157538
0.167336
0.143096
0.151385
0.141382
0.184749
0.137985
0.113534
0.112942
0.111587
0.139711
0.141603
0.138995
0.137261
0.117019
0.116681
