402	320	261	304
374	306	287	292
380	303	288	307
379	315	279	288
394	316	273	295
376	310	282	292
410	304	263	304
386	303	293	301
383	314	301	298
400	306	265	292
389	307	282	295
391	307	292	303
386	316	275	297
413	313	249	287
403	317	253	281
413	315	246	282
410	323	242	271
420	315	232	267
425	317	247	256
424	327	246	254
430	310	237	283
437	310	234	286
440	311	240	279
431	310	257	283
446	308	239	281
431	314	252	275
438	305	269	278
420	301	294	289
412	297	343	300
413	303	333	296
456	303	270	300
437	306	364	314
429	290	359	330
447	289	419	352
438	293	439	338
434	298	442	307
447	301	428	332
448	295	428	332
447	305	426	291
460	292	410	308
465	311	421	318
466	302	416	296
475	306	419	308
481	304	411	268
496	302	403	318
495	303	411	283
504	312	409	310
503	308	417	309
491	305	436	302
502	305	419	276
503	310	427	313
494	305	437	283
502	301	424	306
493	304	437	296
509	303	429	299
530	311	410	277
522	313	428	298
504	311	432	278
547	312	413	313
565	314	389	276
578	313	367	319
585	316	367	309
619	329	339	320
620	316	346	308
620	324	340	301
637	316	323	278
668	304	300	318
667	313	287	304
650	311	302	315
639	306	306	314
666	312	279	308
660	319	277	305
679	317	259	305
693	331	238	287
666	322	261	283
664	316	263	283
670	319	249	275
679	319	238	259
685	311	226	258
693	316	212	253
696	320	205	234
703	324	192	222
711	303	180	236
717	308	177	251
726	305	169	236
735	312	161	248
736	305	159	239
736	289	158	272
734	308	168	264
737	298	149	251
758	289	135	272
759	289	134	272
774	289	126	272
770	292	118	260
786	291	115	256
769	289	118	253
791	288	110	251
786	283	125	249
799	282	113	252
788	282	118	246
798	283	121	245
783	285	136	245
793	282	135	255
781	285	144	255
798	288	137	259
780	284	160	246
783	283	161	247
777	280	172	250
776	285	179	236
779	283	187	241
775	273	185	241
770	279	200	236
782	272	183	232
757	274	209	236
786	285	183	217
765	264	205	241
794	284	183	229
769	266	211	239
799	286	187	230
777	269	202	230
775	291	196	217
767	282	196	208
762	291	196	199
760	280	208	211
782	294	189	204
764	284	209	200
749	288	220	210
755	293	213	211
740	293	226	205
744	295	221	205
727	294	245	197
746	291	240	205
727	283	241	209
731	286	256	203
739	287	233	208
728	287	225	205
743	288	203	207
722	278	223	203
711	280	225	195
720	281	223	197
709	277	227	193
708	278	236	197
711	277	210	195
701	275	235	192
697	275	236	202
694	277	226	200
699	277	228	193
688	273	228	199
693	275	219	191
684	270	215	193
691	276	202	184
673	266	213	188
687	273	200	182
680	267	201	180
701	271	180	182
706	266	175	179
710	264	168	185
711	265	156	175
714	258	160	184
716	267	157	171
721	254	150	180
719	266	129	169
719	246	139	189
717	251	128	181
715	240	131	196
701	254	146	187
713	249	132	182
710	248	132	188
701	249	136	196
686	250	149	191
703	264	129	170
704	251	122	173
701	261	122	171
697	255	115	160
690	260	126	167
687	253	139	160
671	260	149	148
664	256	151	155
656	259	164	149
656	260	159	150
647	259	153	148
648	251	146	165
642	250	149	156
646	254	142	155
632	252	150	154
636	247	141	167
627	249	147	162
625	252	149	159
622	255	147	156
616	258	152	160
597	256	169	160
572	256	184	164
583	260	188	171
566	257	191	175
589	264	172	172
560	255	190	177
566	262	194	168
550	263	199	172
574	257	187	183
553	254	196	184
570	257	200	174
547	260	214	175
553	234	219	202
566	245	206	204
546	248	221	212
569	237	235	204
569	248	212	208
588	238	205	210
577	249	202	210
584	242	193	206
594	247	187	203
592	242	187	210
592	238	184	205
599	247	173	194
600	239	162	206
607	258	157	190
614	250	147	202
614	254	146	195
621	256	140	199
618	256	135	197
625	266	145	187
630	264	131	185
639	271	132	184
598	255	169	221
625	284	109	209
617	285	130	185
627	285	123	194
610	277	140	210
588	281	143	229
606	312	111	207
590	306	138	204
589	290	137	216
612	282	117	224
599	281	132	228
596	285	113	227
591	285	126	218
586	278	118	234
542	290	144	229
470	322	203	213
374	299	322	228
340	322	339	259
306	319	380	275
297	329	398	269
335	327	353	252
317	316	370	277
311	328	379	256
314	312	359	279
327	289	369	278
351	284	335	279
318	274	377	281
318	264	385	293
334	273	381	279
336	265	373	287
344	271	395	284
376	276	374	283
365	266	386	289
349	267	413	299
337	262	419	307
334	265	418	298
335	252	415	258
336	263	416	273
326	239	427	291
320	251	425	280
316	222	427	311
321	259	410	271
307	240	417	277
322	234	396	287
323	221	419	295
338	224	415	305
318	225	424	315
316	246	439	302
319	241	421	315
326	250	395	282
326	242	414	298
337	249	408	301
365	258	388	312
368	263	380	305
356	256	413	256
372	239	413	294
383	239	412	300
386	234	407	302
393	223	413	291
390	219	425	308
393	213	392	271
402	196	398	272
401	200	415	285
404	198	387	267
390	193	408	287
376	204	417	289
379	194	408	306
369	236	415	281
373	239	422	292
370	251	428	285
378	243	436	291
380	252	431	287
403	246	421	261
417	245	412	279
431	256	410	281
424	246	437	286
416	270	445	267
431	252	429	262
422	291	427	244
436	259	415	285
426	261	419	289
420	271	398	273
411	258	430	268
399	268	427	269
399	258	408	268
409	252	396	280
385	261	436	277
371	250	461	317
343	244	514	326
315	216	564	367
304	215	578	397
297	194	598	445
284	176	633	464
267	156	689	488
305	141	626	506
274	128	632	513
266	101	678	526
299	126	618	509
325	170	592	463
281	185	607	451
481	201	421	443
350	211	503	413
480	202	367	425
445	222	388	418
280	173	547	451
512	221	375	423
240	164	622	460
329	175	589	471
355	157	519	487
399	164	514	472
366	153	509	477
275	165	594	489
388	178	521	488
470	197	396	460
455	218	392	440
375	207	433	414
386	193	407	412
423	229	346	361
431	236	310	337
443	234	290	314
454	237	272	301
458	241	260	291
471	245	246	273
478	251	227	271
481	266	217	264
483	256	209	258
486	265	203	282
482	265	203	252
485	276	195	261
485	268	184	243
479	273	185	266
475	278	188	250
475	280	185	251
469	278	189	282
469	266	193	272
474	251	185	296
470	261	185	298
474	257	182	292
470	259	174	305
476	257	171	329
465	259	167	345
455	259	186	342
449	253	190	355
453	250	182	338
450	250	188	375
445	244	193	332
449	240	191	368
444	243	198	327
442	235	198	362
439	237	200	381
438	240	203	376
430	242	207	366
426	243	218	369
429	241	212	372
436	247	233	346
449	238	211	364
468	237	201	350
467	246	226	356
466	256	241	347
458	250	240	360
468	259	248	353
474	259	268	360
458	248	297	374
446	244	303	402
442	258	307	378
430	246	327	407
436	227	306	411
434	202	312	423
436	200	333	427
428	201	320	444
435	211	317	411
414	221	355	423
387	230	376	436
382	243	350	408
383	229	369	416
376	236	373	433
339	224	392	425
341	201	387	428
354	185	357	427
320	157	403	440
364	133	383	437
356	125	407	438
359	134	377	425
388	144	399	431
343	154	398	433
354	148	406	440
321	162	416	429
346	159	394	431
377	148	425	462
344	167	404	428
342	178	424	434
334	191	403	425
381	175	427	438
375	184	422	436
382	200	424	411
373	206	434	402
399	209	426	400
378	212	445	400
396	226	421	392
384	222	442	382
389	216	449	402
380	228	464	395
386	224	451	401
401	247	461	376
398	246	466	383
395	251	471	376
415	252	456	364
510	282	357	331
593	280	273	310
634	299	224	254
634	264	215	235
627	282	215	229
635	280	203	230
638	274	200	243
634	290	217	228
635	282	207	237
646	275	194	232
649	281	192	220
655	257	192	237
677	277	170	222
657	261	191	221
674	259	185	226
655	263	205	220
676	274	179	216
666	267	196	228
679	276	179	225
689	262	174	231
707	281	161	215
706	276	170	221
709	283	165	225
713	287	168	220
720	279	160	233
724	285	164	223
728	282	162	224
728	287	164	222
728	293	164	228
732	293	162	219
734	294	162	211
735	291	160	229
734	285	164	232
722	286	173	233
712	283	185	235
702	292	193	230
687	293	205	238
705	289	187	240
717	288	177	236
746	290	153	236
739	284	165	227
722	287	187	231
748	291	162	233
748	282	169	243
761	288	160	239
752	287	172	243
756	284	166	251
761	286	164	239
758	282	161	254
761	294	149	245
765	292	146	248
767	285	141	249
769	285	143	262
770	286	140	271
775	290	123	253
775	293	133	268
784	295	129	265
784	297	133	265
779	298	123	261
789	304	124	258
779	308	125	256
786	311	125	260
779	316	134	257
777	315	127	266
793	319	124	261
782	318	137	262
784	313	135	272
780	307	143	276
789	301	140	282
785	297	146	285
788	294	147	293
784	293	138	291
792	294	143	290
792	294	145	300
788	295	152	297
784	295	147	295
780	295	154	294
776	295	150	297
775	296	162	290
772	291	161	302
771	293	168	285
760	291	181	293
765	288	183	291
746	288	206	290
750	279	205	294
749	284	209	297
735	281	223	302
745	275	215	306
751	271	213	318
741	280	227	315
755	279	213	309
721	268	247	325
754	266	214	330
748	271	213	309
763	269	199	319
779	268	186	327
743	265	217	328
766	264	196	348
784	268	179	345
788	263	158	353
790	269	166	349
788	273	156	346
781	278	151	354
780	285	139	341
767	291	159	343
753	289	150	330
748	284	155	334
746	269	162	342
743	270	163	337
739	268	173	338
723	268	174	342
716	273	201	335
704	281	216	339
680	292	233	314
651	287	267	321
629	285	312	333
649	295	319	341
615	284	305	364
647	296	310	360
606	294	345	354
630	322	344	347
594	312	361	363
609	323	363	361
569	310	395	374
557	342	411	342
543	313	426	343
537	343	430	354
533	324	432	341
529	349	436	361
524	328	446	321
506	356	447	340
513	336	441	333
482	350	461	360
492	334	453	320
467	347	469	364
513	319	425	328
474	317	469	374
474	297	481	341
487	301	465	391
503	291	453	347
505	307	452	374
512	269	454	356
509	329	456	344
510	276	448	341
524	301	430	365
536	285	428	347
568	300	400	367
585	282	393	380
608	299	363	379
583	286	389	398
597	301	366	376
622	297	337	365
622	297	324	369
623	312	327	352
649	310	304	340
656	317	288	339
655	308	276	328
682	331	248	310
701	324	239	309
714	329	224	289
758	311	175	294
738	301	196	319
744	334	182	305
717	319	194	327
770	361	137	280
732	328	168	308
730	338	176	297
744	347	157	284
733	334	162	290
721	323	165	307
733	306	154	291
712	287	164	317
714	284	167	278
685	269	191	297
707	292	155	266
651	277	215	290
672	306	199	256
686	287	184	268
668	286	210	289
694	305	195	262
685	292	209	276
696	308	209	264
676	299	227	268
704	303	196	256
681	292	220	258
707	304	194	258
665	289	238	259
707	285	215	264
695	289	225	263
708	289	206	271
720	298	193	286
684	294	235	266
710	289	202	272
716	296	203	262
707	301	210	258
717	302	199	248
716	299	198	239
703	283	208	246
718	285	198	273
721	283	197	280
717	281	202	295
718	288	204	304
711	292	204	293
703	281	213	318
693	274	225	343
681	279	228	345
672	297	217	313
621	271	270	353
425	261	442	334
499	254	335	354
442	254	386	338
476	256	343	339
479	260	347	325
472	258	349	333
483	262	334	323
482	261	343	356
522	277	294	321
533	274	285	357
547	282	265	344
565	274	242	372
571	264	242	351
575	260	238	375
582	285	235	355
585	288	237	354
592	295	230	360
600	293	229	368
604	303	234	378
594	314	253	354
584	324	263	362
587	340	264	331
575	325	273	336
577	326	269	343
565	329	288	324
575	332	279	346
578	333	299	339
566	328	312	333
563	326	324	350
538	333	339	315
557	332	352	324
566	331	328	303
552	326	303	287
572	320	240	238
584	318	262	240
566	333	251	205
566	330	264	229
554	349	205	144
547	351	235	175
543	340	210	145
536	350	202	138
530	341	220	150
527	333	209	162
517	336	216	157
513	346	202	147
513	337	204	152
501	344	204	143
491	340	222	146
487	338	213	152
474	338	221	154
473	337	229	157
465	335	218	155
463	336	236	150
455	341	225	151
443	345	243	139
465	360	210	133
439	356	235	140
443	360	242	133
460	356	210	141
459	356	223	139
464	353	223	144
461	351	225	142
461	347	227	138
463	343	226	135
481	344	207	136
470	335	210	142
475	333	209	136
477	330	205	138
478	327	200	140
470	323	202	138
472	317	198	146
464	312	195	142
458	307	198	145
455	312	186	136
451	310	189	138
450	311	180	138
445	312	180	135
442	306	181	137
439	297	180	141
434	293	177	143
430	290	179	145
425	297	185	144
424	299	185	143
421	289	188	150
445	287	174	146
439	280	186	149
442	280	179	147
447	273	182	147
458	268	177	149
456	279	170	137
454	284	172	134
468	289	168	134
460	269	165	145
471	270	164	140
471	285	163	133
467	285	150	142
460	297	147	138
482	302	125	140
482	304	124	141
478	312	126	148
485	309	123	153
477	316	130	147
473	314	121	144
465	313	126	148
466	321	120	156
453	323	119	146
463	322	111	150
450	326	114	153
457	316	106	144
447	306	103	145
435	302	101	156
438	289	99	152
431	278	100	156
443	268	89	156
443	264	91	165
447	261	86	159
449	258	76	164
452	255	83	154
467	245	78	154
475	244	80	158
480	252	83	151
487	258	80	151
492	257	82	155
499	259	81	156
502	266	84	152
501	271	87	152
497	289	88	142
487	288	93	153
482	294	99	156
470	293	98	164
456	294	98	171
447	303	107	157
442	306	103	157
447	295	100	169
441	298	105	166
441	296	106	163
437	296	114	167
443	294	113	157
443	290	108	170
445	291	109	163
445	292	115	167
447	287	121	165
453	290	123	161
453	291	125	169
455	292	138	163
454	294	137	164
447	292	150	172
449	288	156	181
452	291	158	176
456	288	150	178
456	291	156	176
460	294	154	178
467	291	152	178
478	291	149	189
477	294	149	183
479	299	151	188
484	302	149	179
481	307	153	181
479	306	156	170
473	309	168	176
486	307	164	170
484	325	175	176
479	319	175	173
483	328	174	173
487	323	169	187
481	331	172	173
493	335	160	175
498	336	150	175
493	340	152	189
502	338	200	209
486	327	151	207
506	334	143	203
484	340	183	206
473	338	222	218
466	339	251	242
472	335	233	240
462	336	252	241
452	335	254	239
455	337	226	239
468	338	235	234
473	340	245	238
475	342	248	246
469	339	249	249
482	344	225	240
487	346	203	228
494	342	180	238
494	340	197	252
496	339	196	246
500	349	186	238
502	356	175	236
502	357	212	252
509	339	211	254
523	336	209	251
543	331	199	270
534	339	212	235
582	343	195	246
608	320	179	251
626	335	149	259
631	324	146	258
549	320	227	269
527	311	242	257
490	319	269	255
545	319	205	251
584	304	165	259
607	301	154	278
619	314	142	261
630	314	141	263
633	312	140	264
632	316	147	250
629	315	155	254
641	328	146	240
652	335	137	227
624	320	171	236
632	326	174	230
643	334	178	217
652	333	186	218
641	326	193	229
637	327	196	231
641	331	208	228
642	333	184	232
651	339	175	223
654	336	181	222
662	334	162	223
662	326	163	226
654	331	161	215
650	324	165	215
650	325	175	210
647	323	161	211
646	317	149	209
641	319	157	203
639	322	160	200
639	321	149	200
637	319	158	199
640	332	161	185
623	330	174	192
638	336	156	188
613	336	160	181
611	335	154	176
596	332	164	181
592	332	158	178
588	334	156	178
586	333	152	171
591	334	144	179
591	334	140	173
588	330	146	171
592	326	150	184
587	332	164	179
582	322	175	189
581	320	179	190
601	322	159	196
605	313	158	191
616	329	147	188
617	319	155	191
615	330	156	187
616	325	161	190
645	327	135	188
626	329	148	181
639	330	138	185
623	326	163	189
636	333	164	183
627	331	174	194
632	326	175	192
636	324	166	201
642	330	160	193
629	331	171	192
662	335	137	184
653	328	147	200
644	330	158	192
631	328	166	198
630	330	166	191
630	323	163	197
643	317	154	201
639	320	152	204
623	319	154	203
634	316	143	203
629	330	144	201
594	312	174	195
585	308	179	224
603	307	156	208
609	298	151	238
601	311	153	211
593	288	161	238
598	287	158	242
610	289	137	243
607	276	152	261
604	282	162	262
605	281	160	252
609	279	162	268
612	292	151	245
612	290	161	254
618	294	148	247
621	287	153	243
624	292	149	255
630	310	143	236
629	310	136	213
621	307	153	230
621	319	156	210
624	323	168	217
631	334	191	200
629	324	200	209
630	349	203	197
631	342	211	200
637	355	195	187
643	347	199	195
641	343	196	198
644	337	170	201
644	336	184	201
652	330	163	195
681	340	144	188
684	341	150	187
692	336	143	189
691	336	150	189
683	345	156	182
674	340	158	190
688	335	154	184
692	339	138	190
652	347	166	182
664	341	154	177
675	352	145	176
686	351	132	174
698	349	120	165
704	349	119	175
699	349	126	181
704	347	121	179
714	345	115	185
694	351	133	179
716	353	119	177
714	349	123	193
732	356	104	181
712	350	125	186
764	333	100	188
768	329	101	197
780	325	108	202
785	325	114	205
784	319	121	192
788	317	121	207
791	314	122	205
791	310	126	216
784	314	133	213
769	309	146	214
768	322	151	206
753	312	166	212
750	318	176	209
741	309	198	218
727	313	196	219
709	317	206	223
681	315	227	235
702	342	213	215
676	333	228	232
661	336	253	236
659	338	259	231
645	333	262	245
627	342	278	243
646	352	266	229
625	344	286	234
618	339	298	243
614	349	308	248
603	344	310	258
633	360	264	230
612	343	273	225
589	336	291	251
598	344	284	239
590	316	287	269
598	326	268	264
607	316	265	266
595	332	254	261
598	318	261	281
599	331	276	274
565	311	299	276
549	314	321	293
526	308	351	314
529	325	346	280
515	313	338	286
507	315	341	304
488	314	357	291
480	320	360	280
476	323	357	278
469	341	350	260
470	332	336	270
469	329	335	283
472	342	320	273
470	338	312	284
492	327	302	317
476	335	276	306
484	327	271	307
465	331	267	313
471	326	262	315
450	329	283	310
452	323	270	320
443	322	287	345
459	323	265	301
449	327	302	345
447	339	281	273
447	323	299	309
446	337	269	303
438	334	270	288
448	332	220	284
448	337	223	288
441	342	200	266
443	352	193	281
436	329	193	290
431	353	187	285
405	340	206	299
413	352	170	287
410	346	179	283
411	351	174	292
404	347	154	289
402	349	172	282
397	345	129	292
407	343	133	285
412	341	111	280
402	335	127	271
392	338	128	265
394	317	140	248
380	319	147	256
371	326	147	261
365	323	134	270
359	319	131	275
351	315	139	278
341	321	141	273
336	315	155	280
319	316	141	282
312	311	154	264
291	311	154	279
281	301	220	301
254	311	175	269
235	307	180	271
213	301	198	286
233	293	171	291
209	301	180	280
213	294	179	297
206	295	182	280
211	299	180	292
218	302	175	274
224	304	170	265
230	297	168	283
236	301	150	257
240	301	152	270
239	305	146	248
240	302	148	263
240	306	142	253
242	302	123	264
246	303	126	260
243	305	124	257
247	301	128	260
240	306	116	256
236	299	135	258
215	301	151	260
196	309	158	262
213	307	146	254
213	306	125	262
189	307	154	259
212	304	134	259
217	307	118	259
208	304	120	257
207	301	128	258
204	306	128	254
202	297	122	264
201	298	120	261
203	297	119	257
198	298	116	257
194	299	130	251
191	301	119	251
179	298	122	249
174	302	124	243
170	303	124	245
171	308	118	243
174	307	111	245
178	304	103	248
177	303	107	242
172	299	107	243
170	296	115	243
166	292	119	251
167	295	125	247
161	297	134	245
168	293	138	241
178	291	142	245
170	297	163	230
176	296	164	236
188	305	163	220
199	301	158	229
207	311	154	222
207	307	156	221
212	314	157	229
213	311	160	228
217	315	166	229
226	329	169	212
225	328	178	215
229	332	182	214
225	326	185	214
231	342	185	205
232	336	200	205
238	336	205	209
249	335	194	202
243	336	208	200
240	340	223	195
239	335	226	196
230	337	249	191
215	337	260	189
245	334	251	193
235	330	251	190
240	324	268	195
249	327	254	189
249	324	265	185
256	319	261	191
255	320	272	194
262	317	281	192
273	298	285	192
292	280	280	200
305	272	289	193
303	267	290	212
293	277	283	204
309	291	294	199
285	301	297	203
251	337	286	202
257	331	308	188
252	321	313	205
236	339	285	190
229	340	313	178
230	348	321	193
236	364	286	180
232	360	309	174
234	350	306	185
230	344	308	190
229	353	321	178
260	353	299	194
252	382	316	182
266	400	315	179
273	407	321	181
290	401	317	180
308	386	311	183
322	375	308	169
321	364	313	186
319	353	319	199
318	345	309	188
321	339	324	196
325	341	286	164
330	333	297	186
328	334	312	190
338	334	300	190
331	327	314	197
328	328	313	192
320	334	326	194
344	328	308	210
327	337	338	206
332	328	343	224
361	324	286	217
357	328	309	219
370	320	262	224
374	317	278	225
374	331	244	207
382	321	261	216
384	309	232	221
395	314	232	210
384	318	229	200
393	314	248	228
399	306	218	227
403	313	213	213
405	310	215	209
410	320	212	204
412	315	221	212
414	315	207	213
423	310	209	223
426	307	210	220
418	311	204	225
428	303	205	229
438	300	188	222
445	298	197	233
444	297	171	231
449	302	200	234
449	299	173	228
454	303	169	223
459	305	164	222
460	309	152	213
458	315	168	224
455	310	189	231
459	302	178	228
457	306	157	214
464	310	173	232
465	313	148	211
469	308	267	264
469	296	302	302
481	285	298	360
486	287	307	321
469	270	313	393
482	288	314	316
479	268	299	364
488	282	298	362
492	259	291	373
495	282	275	384
496	262	298	337
484	284	284	356
495	283	277	374
505	269	282	360
508	292	272	362
509	299	274	323
494	294	287	362
508	303	275	349
523	303	276	335
514	306	279	337
509	310	277	326
517	312	275	319
534	317	258	299
542	297	244	337
530	311	264	315
521	308	268	307
484	311	310	320
496	321	301	312
491	300	318	335
480	302	322	327
483	307	313	322
443	304	354	332
443	300	361	330
419	288	390	347
434	287	380	333
424	269	387	341
395	259	397	351
394	252	403	352
379	243	417	367
435	271	362	337
441	290	348	322
589	301	206	305
645	317	171	255
649	322	172	268
650	314	185	263
654	302	178	282
658	310	181	279
654	309	196	252
660	307	190	269
664	309	195	266
660	300	203	271
670	310	200	264
675	314	199	256
680	320	195	252
669	328	207	242
682	328	205	239
686	340	198	231
694	342	194	205
679	342	208	212
701	343	181	222
691	350	192	206
687	353	189	208
703	355	170	193
676	346	208	201
696	342	197	220
708	347	173	214
685	344	206	211
704	343	188	220
678	340	200	224
695	341	190	228
668	337	208	230
686	341	200	225
678	337	195	231
682	348	196	214
664	337	188	222
687	341	159	215
658	340	186	211
669	335	175	222
660	333	184	224
681	332	171	229
664	330	178	225
689	327	163	228
668	320	179	229
699	329	145	221
706	324	140	223
719	325	127	231
723	321	124	232
735	326	118	233
733	323	121	234
735	323	125	238
736	326	118	233
745	326	117	237
743	326	122	237
742	328	122	236
748	328	117	238
745	328	120	238
747	330	110	236
751	333	116	231
744	334	122	231
736	340	125	226
742	339	122	233
743	348	126	227
726	362	136	221
729	355	137	230
730	344	154	240
709	335	180	244
705	327	204	253
683	338	189	242
686	342	213	240
671	330	223	254
656	332	252	256
636	326	259	270
633	329	271	267
648	339	237	261
634	333	242	272
628	339	252	263
618	341	260	268
620	355	265	263
613	357	275	261
620	363	255	255
618	377	246	241
585	370	274	249
585	363	276	259
581	355	286	273
588	341	265	299
607	352	244	295
563	356	271	276
572	359	267	269
565	353	281	283
547	357	283	290
526	364	315	281
482	358	347	296
444	355	386	285
421	355	407	296
393	346	424	291
383	345	424	303
387	336	412	297
394	347	397	316
390	333	399	309
403	332	377	319
426	327	345	317
431	344	352	327
488	351	305	300
477	351	324	315
508	364	305	300
495	368	319	272
493	351	323	299
497	349	321	281
499	336	326	319
508	329	304	317
499	327	287	331
512	326	266	305
492	330	282	311
496	332	269	309
469	325	284	309
493	318	277	327
462	322	295	327
464	337	241	272
468	333	204	271
474	335	206	259
481	333	167	258
476	345	155	261
469	335	151	270
460	346	159	270
454	345	162	252
451	358	142	255
445	339	140	259
438	334	143	270
433	341	126	268
429	341	127	266
418	332	126	273
416	329	116	272
405	326	106	266
396	326	100	255
391	318	98	262
375	316	91	272
359	320	96	281
348	309	103	275
341	315	105	271
327	325	101	266
321	315	117	268
322	322	116	258
313	325	111	254
313	322	113	260
311	329	102	254
304	307	99	278
305	328	102	269
302	318	91	266
303	331	96	258
289	327	96	257
296	336	95	242
282	342	93	231
289	346	98	249
274	352	99	231
284	358	103	227
273	360	100	224
283	362	99	222
272	364	102	219
285	365	94	215
272	369	100	207
273	364	93	211
278	358	98	215
268	361	100	210
276	362	99	210
269	363	100	208
281	359	97	212
271	362	108	206
279	357	108	211
276	354	116	215
282	350	115	222
275	347	124	223
274	344	130	214
265	340	145	223
256	339	157	217
268	348	146	188
266	347	150	189
263	349	160	192
272	349	160	184
262	343	170	185
244	347	194	185
260	347	180	184
241	340	205	193
246	343	213	191
228	344	245	192
256	343	221	198
245	342	232	186
269	341	208	189
279	327	209	198
285	334	221	200
277	332	222	194
282	338	209	187
277	335	241	205
296	337	206	193
281	334	234	192
290	329	232	207
291	325	220	205
297	320	235	211
284	324	231	206
303	318	216	204
283	321	232	202
302	313	236	213
297	320	223	203
298	317	236	199
290	318	241	199
305	317	247	200
304	316	242	197
314	310	241	202
314	314	239	195
312	316	238	190
314	316	236	189
304	319	246	186
310	321	247	185
314	322	251	189
310	321	261	190
323	314	257	199
310	333	265	177
326	318	261	195
331	322	244	188
346	317	229	190
347	318	233	185
352	317	222	183
354	319	228	179
363	317	224	180
359	317	238	181
358	320	230	179
364	318	227	181
356	319	233	181
362	317	222	184
365	320	216	181
363	321	230	186
374	319	203	185
379	316	213	185
375	319	199	180
395	302	199	203
400	315	177	184
409	309	166	188
408	308	163	192
408	305	160	191
402	310	161	197
396	308	163	193
395	311	157	192
398	311	151	195
398	320	142	195
403	323	138	183
409	324	132	192
412	329	132	182
415	331	132	187
422	324	130	188
428	328	128	200
430	321	133	214
432	315	236	233
450	307	319	282
434	300	378	327
466	301	380	257
441	291	398	319
480	311	359	266
458	299	393	334
487	304	372	264
481	303	382	304
494	300	359	269
472	300	380	327
492	294	374	256
471	291	381	294
506	292	346	288
480	287	362	296
500	285	339	290
496	286	345	287
497	275	351	296
485	284	352	284
459	282	352	301
445	289	343	298
426	310	344	298
427	310	343	287
407	309	351	284
398	307	334	285
387	302	346	290
397	303	311	281
372	300	332	282
349	291	349	276
362	271	352	286
369	252	364	281
380	269	378	296
393	253	336	312
409	267	357	314
406	260	355	302
400	257	360	312
414	290	359	292
405	279	378	302
417	285	359	300
405	302	369	301
416	294	368	297
417	302	368	310
391	295	389	317
418	292	357	301
408	308	386	298
417	300	360	300
408	319	377	291
417	302	370	296
402	314	386	292
473	317	305	292
515	329	276	260
515	342	286	238
508	347	284	232
491	353	304	237
599	356	199	238
626	369	172	192
593	363	209	190
609	377	184	175
622	369	187	167
626	356	189	170
631	351	181	173
615	354	189	170
626	354	177	167
637	356	173	163
618	354	202	176
579	350	232	175
608	365	222	171
581	340	233	182
548	345	295	194
576	343	278	204
491	347	335	226
507	345	347	238
533	355	340	230
552	352	330	236
552	351	300	240
554	359	321	222
533	357	348	225
613	376	276	205
579	376	275	202
609	372	270	197
598	378	268	190
638	376	250	171
614	372	253	193
636	370	253	183
609	369	256	205
631	364	263	189
600	364	274	193
635	370	257	182
609	365	269	193
632	369	266	182
609	360	271	196
640	355	262	191
611	350	269	207
637	350	264	203
607	352	268	204
642	347	256	200
612	351	267	200
651	351	256	188
630	352	249	199
652	342	256	190
628	350	260	193
620	348	290	186
637	346	281	187
623	344	275	195
649	350	274	181
638	345	278	195
624	345	309	194
652	346	290	195
633	340	316	203
632	336	324	212
637	335	306	226
620	340	328	222
578	333	391	208
562	330	415	231
369	311	617	250
387	291	566	275
487	306	474	242
619	346	345	222
687	338	289	199
705	332	250	188
689	337	273	189
694	338	279	182
699	345	274	185
693	345	252	203
669	350	267	207
666	357	268	185
660	364	291	189
672	361	276	173
663	359	273	184
675	355	265	181
661	361	258	191
672	358	267	172
661	358	254	201
657	350	291	172
669	346	262	206
661	353	277	187
666	361	259	202
662	365	263	187
678	359	259	184
667	360	267	169
688	357	248	187
682	357	255	176
681	364	263	172
688	364	255	170
704	368	251	159
708	370	240	159
716	372	238	160
731	378	220	156
736	374	226	158
736	370	226	166
732	371	244	167
738	354	246	183
723	382	249	171
746	375	246	161
737	370	247	176
736	371	250	186
742	372	254	169
753	368	232	162
753	370	240	166
750	373	240	170
771	373	227	162
752	375	246	163
761	375	224	171
771	376	228	158
756	371	257	165
768	370	244	168
777	372	239	166
767	376	227	168
801	366	221	168
782	372	254	154
800	374	242	156
795	370	247	160
822	369	220	161
810	373	220	159
824	374	213	153
807	378	218	158
798	378	229	156
789	376	226	160
771	378	246	159
763	382	232	157
768	380	246	159
754	380	260	161
751	365	256	173
741	373	278	169
731	375	279	171
753	382	260	161
741	376	265	165
750	380	263	155
742	372	263	164
745	373	268	163
744	370	264	165
758	370	246	166
758	365	262	162
754	367	238	167
785	361	230	170
761	362	264	169
759	364	279	170
745	361	294	177
780	342	243	186
757	340	266	186
785	348	251	177
760	347	263	181
778	306	244	214
742	340	276	174
777	342	259	181
754	334	290	189
745	342	285	185
758	338	287	189
734	342	269	190
751	339	273	192
731	324	277	197
731	330	281	195
719	332	309	197
535	324	346	212
566	321	444	219
380	315	624	246
337	309	632	249
368	332	619	256
344	282	614	281
386	309	587	275
392	274	570	289
361	303	596	263
427	282	567	289
421	301	570	241
557	319	408	238
480	315	499	245
433	305	549	271
397	299	571	261
448	298	512	281
481	301	486	265
408	293	567	278
384	301	576	259
378	285	608	291
372	329	593	239
422	298	537	292
410	325	561	260
579	346	411	244
437	338	548	256
389	333	552	264
403	316	563	274
495	332	460	249
430	317	524	273
425	309	516	281
443	335	503	255
447	305	503	272
449	327	522	261
462	298	469	280
479	321	471	250
484	311	466	271
483	332	489	245
500	305	453	269
490	356	461	232
507	324	486	263
508	303	403	286
541	333	472	258
539	335	464	251
541	354	459	250
549	340	346	268
549	342	310	257
562	342	306	237
561	335	407	241
549	313	402	249
542	303	282	244
548	303	255	224
546	307	303	207
537	301	263	227
570	298	272	209
550	296	252	208
567	290	262	200
548	290	329	207
558	282	341	231
575	277	295	240
575	291	307	223
589	297	292	224
601	303	379	219
590	309	376	237
606	312	393	238
602	311	369	242
648	299	309	234
640	305	329	223
649	300	265	232
672	320	355	206
672	316	360	220
665	311	373	230
674	309	367	242
653	310	388	241
702	319	332	230
694	323	336	210
738	319	295	213
738	323	317	210
741	317	331	217
748	316	340	215
743	313	353	235
769	305	320	245
760	315	335	232
767	314	310	232
794	316	306	236
774	320	283	218
795	319	296	223
779	327	321	220
799	331	304	224
801	330	281	220
804	331	293	219
789	333	304	218
804	331	281	214
814	326	283	215
799	320	304	223
792	310	263	228
801	314	240	205
792	315	282	211
779	303	232	210
802	314	225	205
795	318	218	195
896	140	104	376
791	312	200	207
777	308	209	210
768	309	220	203
760	308	224	203
736	294	232	206
740	292	244	218
717	288	254	193
728	282	265	212
712	271	268	226
714	265	284	233
700	254	288	244
721	266	295	238
712	275	295	225
707	271	320	235
705	255	317	251
709	266	315	235
710	256	316	247
683	262	316	235
693	258	329	245
697	259	294	238
683	265	333	230
679	266	342	239
671	269	315	239
670	279	257	221
656	293	124	198
680	303	118	157
683	304	114	165
686	305	110	164
677	307	113	159
677	310	122	150
669	307	125	151
669	312	141	151
653	313	145	148
648	313	165	148
643	319	152	140
639	322	175	150
635	324	153	143
635	324	163	140
629	326	142	139
635	323	143	154
622	321	138	146
629	320	132	156
627	325	127	141
624	327	132	145
621	328	124	137
619	333	143	156
608	329	143	158
603	331	140	152
607	332	129	157
600	327	112	151
600	331	111	151
595	327	104	146
590	328	110	148
586	325	111	137
582	324	112	156
567	322	103	155
571	321	89	167
566	317	97	175
553	329	93	169
552	325	90	176
550	327	87	176
543	326	84	178
537	326	82	176
533	327	86	173
528	321	77	179
524	322	81	174
517	321	78	177
516	322	84	177
508	320	74	180
497	329	94	189
488	323	95	196
485	332	104	187
480	339	105	187
487	336	105	192
479	339	116	188
473	334	117	182
456	327	146	199
440	330	147	180
442	326	156	202
440	326	165	189
428	331	166	205
409	342	186	200
407	337	193	194
406	338	191	197
415	333	180	202
405	341	200	194
408	343	197	199
409	339	204	208
395	350	224	196
393	350	231	199
390	338	234	209
381	344	231	198
375	339	233	198
373	332	254	207
369	329	248	196
365	327	247	197
362	318	246	199
359	321	237	189
363	315	231	194
359	316	252	191
355	336	250	174
369	316	242	194
369	321	260	182
377	316	241	184
373	299	238	195
354	296	254	190
353	284	243	188
349	267	241	193
353	243	240	193
344	245	239	181
345	239	233	184
344	230	234	195
337	237	235	197
330	241	235	192
329	244	237	188
328	256	236	183
330	251	238	197
325	265	244	183
328	266	250	196
330	273	251	186
333	275	245	189
332	281	249	197
331	291	253	194
332	294	244	189
329	298	249	193
321	315	245	180
325	307	242	194
321	321	246	188
321	312	245	193
317	328	247	181
326	309	233	199
316	337	249	183
320	320	233	193
318	320	243	190
319	317	237	187
324	302	233	197
317	316	248	182
323	310	251	192
322	321	245	175
325	322	254	190
321	338	282	174
334	336	267	175
340	342	273	177
348	351	257	176
352	350	260	182
360	348	246	182
369	338	230	194
361	360	250	183
371	349	229	194
366	359	250	182
374	351	235	194
377	357	254	191
387	363	243	184
412	344	245	216
419	346	231	197
438	329	223	207
441	329	225	198
442	332	228	193
459	315	212	207
465	317	229	204
460	328	238	201
476	326	225	203
485	324	239	198
475	347	257	183
504	320	229	211
493	350	242	178
503	345	239	190
512	344	233	191
521	356	225	181
513	377	192	161
520	361	198	177
536	346	186	192
537	343	183	187
538	341	177	189
543	343	168	196
550	340	160	190
555	343	160	196
563	341	159	192
567	346	150	204
569	348	144	182
573	351	149	191
579	350	143	188
582	350	143	194
583	358	134	173
588	361	144	178
595	354	152	182
601	353	133	176
605	356	144	172
611	346	154	174
618	344	150	171
624	346	108	158
627	347	123	168
628	341	141	162
634	339	102	163
633	337	142	169
636	330	96	162
634	319	113	182
630	318	116	189
625	314	113	177
626	306	131	190
625	311	125	192
624	319	176	212
629	314	206	228
635	308	192	223
630	314	194	231
633	314	186	219
632	307	182	229
628	314	184	219
628	320	178	206
621	307	180	218
625	312	168	198
622	308	149	207
623	314	199	223
633	305	183	217
643	303	177	216
658	294	168	218
658	288	171	206
684	283	131	237
636	280	189	212
688	259	130	248
683	269	144	229
696	271	129	225
702	267	129	223
708	267	121	228
694	262	141	237
686	251	140	227
722	239	107	238
711	248	132	224
726	245	124	218
717	239	141	205
715	234	137	207
720	220	131	196
717	222	134	209
713	217	140	201
707	215	146	213
721	229	126	200
718	224	134	218
717	220	136	225
706	227	150	227
712	226	146	198
725	219	139	228
670	237	180	225
702	247	146	191
753	253	107	204
756	267	111	195
755	272	117	196
743	275	134	196
744	277	128	197
753	276	112	192
754	274	101	202
749	268	113	203
760	272	94	190
747	274	108	191
745	284	114	185
744	286	116	180
735	283	125	188
743	283	110	183
725	276	132	190
736	277	121	185
698	263	163	193
713	273	161	189
734	278	132	182
729	281	139	188
728	296	150	180
728	311	181	171
715	308	192	188
768	323	138	199
721	352	179	213
737	374	160	190
748	386	147	178
751	395	141	174
741	385	151	172
737	373	152	175
746	371	148	158
740	358	146	162
744	353	138	160
742	342	144	172
744	338	147	172
737	340	151	171
735	337	157	178
733	334	170	183
731	341	184	197
723	349	206	189
737	368	200	179
741	369	202	187
758	381	175	178
740	384	187	176
735	389	201	186
724	392	217	193
711	377	232	216
710	402	214	196
704	380	213	208
691	379	235	211
687	393	231	209
688	381	223	199
676	364	237	227
717	391	202	210
702	378	205	190
687	365	225	213
692	367	225	220
680	358	243	233
712	373	216	218
688	361	219	220
674	362	239	220
670	370	234	229
655	364	239	250
660	364	238	257
653	364	239	253
644	365	239	252
636	354	250	234
631	347	262	255
639	352	264	235
628	344	264	241
588	328	302	253
546	320	344	263
519	314	366	268
519	325	355	275
513	328	352	247
519	321	344	268
516	325	348	256
518	337	341	260
517	335	337	224
527	334	327	257
535	350	327	219
544	336	309	265
539	327	304	262
536	343	296	255
540	330	268	262
530	334	259	257
528	337	246	257
527	341	232	256
504	352	239	256
499	360	239	266
494	369	237	258
489	375	233	258
476	366	242	263
464	363	238	267
444	372	248	266
424	377	227	254
416	378	203	236
417	380	182	217
420	366	176	220
430	357	157	227
424	334	255	262
402	324	173	249
417	327	217	239
396	315	174	232
407	310	196	238
398	303	169	235
399	309	170	253
392	306	167	233
386	308	175	238
372	312	190	238
352	309	183	221
341	309	187	230
329	313	186	225
327	319	178	235
319	330	184	236
316	339	182	213
300	347	192	213
301	344	189	233
295	345	199	232
303	345	192	223
293	348	200	229
293	360	196	218
280	358	209	224
293	361	206	216
282	376	206	207
264	372	218	211
255	375	214	212
246	369	211	211
235	370	211	214
236	365	212	227
220	371	223	215
209	367	229	214
200	366	235	214
194	378	234	200
183	366	233	213
172	385	235	192
166	371	238	206
156	378	241	195
138	377	264	198
120	377	275	199
119	375	290	205
121	363	275	190
114	369	291	192
113	359	299	198
116	351	302	209
127	353	282	206
123	349	297	206
130	351	273	202
117	342	290	210
120	347	293	201
116	348	299	200
108	344	312	201
112	352	311	196
107	351	317	196
116	356	313	188
118	345	317	198
126	347	312	206
117	342	322	212
115	346	317	212
102	334	320	215
95	329	308	208
101	335	293	202
94	331	295	209
94	332	291	211
91	336	293	200
93	338	293	199
87	335	294	201
81	344	299	195
72	342	298	196
64	350	296	191
57	342	293	199
49	348	293	207
42	333	281	214
37	350	278	199
35	339	269	209
24	349	277	199
16	359	268	201
4	348	267	204
6	356	254	199
0	359	254	204
0	361	242	201
0	370	242	202
1	362	240	208
0	358	214	209
4	352	196	212
10	351	181	216
12	342	170	216
10	343	164	224
5	339	154	212
5	344	149	223
10	340	147	219
14	331	142	235
12	342	119	228
7	343	133	208
9	348	127	202
4	342	119	207
3	348	109	196
2	371	107	178
8	365	103	199
3	368	109	198
0	374	114	208
0	376	105	212
0	379	101	213
0	384	99	199
0	387	101	187
0	387	102	180
0	386	109	206
0	387	120	205
0	380	137	218
4	368	158	225
13	351	177	232
29	350	181	229
27	347	202	232
8	360	245	228
59	362	211	216
60	347	227	229
55	351	250	227
49	346	270	237
105	353	230	237
113	328	241	247
125	353	247	237
116	334	270	242
130	348	266	232
125	341	278	229
127	338	281	249
123	341	294	237
121	336	293	236
123	335	302	234
136	334	294	236
140	332	300	246
138	341	307	228
138	330	308	232
138	335	309	227
135	335	317	228
132	336	326	234
135	338	321	232
123	337	335	236
113	347	344	237
121	341	335	249
100	337	360	252
88	346	367	265
82	350	386	266
94	362	363	243
86	355	381	257
85	356	376	260
92	356	396	263
111	366	350	256
113	362	383	260
132	363	351	267
121	364	386	252
125	359	373	258
121	359	396	256
125	357	399	261
141	363	399	247
160	364	341	253
153	364	381	222
158	359	383	244
168	371	338	243
158	355	370	259
168	361	367	244
175	358	343	247
157	347	364	258
152	350	380	270
151	350	365	245
161	353	372	248
166	354	347	238
176	355	346	260
171	352	328	235
171	360	340	237
179	352	307	262
175	343	323	248
179	361	318	245
185	338	311	253
186	356	309	253
190	333	299	294
187	329	310	293
192	347	302	297
203	330	304	300
190	362	314	287
190	345	307	278
186	345	330	282
182	358	350	300
178	356	361	294
179	354	347	307
223	345	305	313
207	340	316	326
229	342	301	321
219	337	306	323
227	337	301	331
236	350	292	326
247	340	284	343
267	354	267	322
270	348	257	328
273	348	246	328
271	351	232	322
272	343	225	333
268	352	227	325
278	360	215	324
278	355	202	335
276	355	188	330
268	356	168	341
258	362	175	335
258	361	169	338
249	359	163	332
248	358	168	331
240	356	181	333
229	350	172	342
213	349	203	346
203	359	219	320
198	357	233	339
177	345	249	363
164	356	284	333
138	356	339	330
123	369	334	326
100	368	364	331
86	372	376	331
67	377	399	327
56	377	408	324
52	366	418	339
46	365	439	354
20	360	509	352
41	357	531	361
60	358	541	361
42	368	544	351
42	352	565	367
56	352	549	358
41	338	603	381
52	349	580	364
32	343	612	375
26	339	652	380
22	355	645	355
12	318	630	376
97	342	548	371
195	318	631	344
102	330	464	366
434	280	198	425
172	332	308	368
435	277	38	401
189	364	303	286
127	290	331	362
66	328	378	385
79	318	350	369
37	340	389	348
0	310	440	367
33	324	377	375
12	318	437	357
25	330	408	349
45	318	395	358
45	342	400	364
55	329	370	361
43	346	357	348
62	317	335	359
57	354	331	343
64	313	319	357
52	357	318	324
50	324	314	350
46	331	305	360
46	324	294	351
42	332	292	354
44	304	301	349
48	323	283	334
39	329	281	340
35	345	266	337
14	355	268	332
14	347	258	332
8	340	204	357
0	380	153	319
0	396	170	230
2	379	132	216
0	400	95	200
0	412	102	187
0	444	97	118
1	435	45	138
0	448	30	72
0	464	92	97
105	644	114	44
82	574	214	143
322	580	127	139
329	559	292	40
452	575	227	21
660	503	35	74
670	540	56	38
664	551	54	28
645	535	62	40
618	488	83	90
614	468	92	125
629	449	78	156
835	478	37	138
862	510	105	76
851	487	111	107
787	439	204	149
614	339	598	52
717	299	475	34
723	85	469	213
564	237	472	371
525	233	514	319
590	219	486	371
131	288	387	307
307	265	595	316
538	224	538	368
595	203	393	387
0	330	204	263
2	311	254	237
6	356	255	190
18	325	266	223
1	354	293	208
3	349	292	204
4	352	295	205
15	348	294	229
10	333	310	219
0	343	322	227
17	349	299	205
14	342	327	222
10	353	328	218
18	337	345	233
0	332	364	253
2	337	379	247
5	341	379	244
0	331	407	254
0	330	413	270
3	326	418	274
18	331	410	264
39	324	404	290
36	333	412	296
62	311	388	239
50	313	411	293
101	335	383	276
69	291	369	264
49	313	425	273
55	325	441	345
66	310	424	261
44	308	448	322
86	332	443	236
77	315	373	304
47	321	421	294
77	336	419	244
59	325	408	313
39	316	429	252
50	314	426	322
89	316	358	248
73	318	398	273
73	314	422	293
79	313	378	248
80	313	402	297
102	306	398	295
104	305	402	292
87	310	415	251
88	300	436	255
132	307	411	236
131	306	426	239
147	305	424	257
149	310	444	227
164	306	432	216
170	304	425	247
170	304	425	240
177	309	430	234
185	309	409	260
188	301	426	228
192	316	409	241
189	311	389	295
184	311	410	222
182	310	402	278
175	319	382	285
177	325	391	260
179	320	401	272
183	329	379	237
172	321	407	254
162	318	403	263
165	306	397	262
160	313	395	259
163	305	396	269
180	305	362	268
188	292	372	254
177	298	375	264
188	304	370	248
186	289	377	257
183	284	376	277
190	289	362	264
197	278	362	268
213	286	341	248
205	277	361	260
216	284	341	261
216	281	356	240
214	281	365	247
241	276	345	265
222	269	369	269
216	278	352	277
229	265	366	279
219	270	375	278
223	258	374	282
208	274	385	272
222	276	344	293
232	256	336	282
232	277	339	252
234	266	343	265
234	266	331	277
216	279	353	263
224	274	347	268
227	274	330	268
205	275	357	270
210	292	345	255
211	287	341	265
218	291	354	274
207	295	372	276
194	303	374	270
196	295	365	277
188	314	343	258
184	303	374	234
173	316	358	254
198	289	361	263
185	311	339	269
200	303	342	255
191	305	337	264
184	307	340	272
187	305	331	270
201	309	315	261
183	304	346	271
183	314	334	259
180	307	351	259
170	303	353	279
174	323	335	248
168	314	362	240
152	318	355	254
162	320	373	265
165	317	350	278
177	318	340	247
155	321	365	257
150	330	370	252
157	319	373	273
164	328	344	278
172	324	337	243
161	328	369	255
156	328	371	273
178	336	355	242
187	323	335	266
183	327	350	262
183	330	338	266
199	323	329	242
176	323	351	263
184	330	335	266
190	327	344	245
190	326	338	259
199	328	342	270
215	325	313	266
194	327	348	264
195	333	343	251
199	328	359	267
207	324	327	264
222	321	344	265
214	326	333	277
204	322	340	259
197	326	369	257
207	333	346	254
210	323	354	231
201	324	343	272
205	330	369	259
219	328	330	244
214	326	367	258
207	330	352	273
218	322	370	234
203	323	373	256
196	327	372	254
229	307	355	280
205	323	357	269
211	319	360	238
204	311	373	266
208	319	365	267
213	316	336	258
216	313	363	248
207	311	362	265
222	308	331	263
212	311	351	266
240	304	322	263
205	305	356	272
218	312	334	263
217	305	362	241
198	306	367	258
219	308	371	266
215	301	362	270
206	306	359	266
205	305	376	266
199	315	377	251
217	307	375	252
205	307	372	262
218	312	367	263
223	304	365	270
233	304	348	262
231	304	329	276
224	299	347	261
219	305	354	269
228	307	340	258
223	301	352	274
243	304	316	256
222	298	347	263
203	305	360	264
200	310	369	263
215	310	341	245
215	310	354	264
217	307	343	264
214	316	351	258
210	319	351	266
233	309	324	276
223	319	336	261
212	322	349	258
227	318	326	262
231	319	330	257
219	321	355	261
225	320	333	268
220	322	329	270
214	323	357	268
235	327	323	271
212	328	349	265
207	330	351	263
214	328	337	264
211	328	341	256
211	319	345	278
201	339	348	250
211	317	357	253
193	323	347	271
210	326	356	267
211	326	342	266
191	324	348	269
183	332	371	258
192	332	341	257
190	335	371	273
182	342	361	258
182	333	389	273
181	346	369	265
196	334	377	257
177	345	374	279
199	332	368	251
182	341	390	262
184	338	389	268
179	345	383	248
188	336	382	263
188	341	402	275
206	335	373	298
199	327	402	302
237	332	352	293
187	339	397	273
208	353	350	223
187	335	393	270
195	358	378	243
183	334	409	280
184	339	430	296
175	335	468	302
157	339	414	303
140	353	459	302
141	329	542	326
135	327	401	251
159	342	396	276
153	350	425	277
161	335	420	305
165	348	407	268
167	349	410	272
173	341	402	268
171	351	404	266
177	348	391	271
181	358	385	260
186	345	364	269
177	357	380	255
162	349	401	273
163	354	399	261
171	352	395	269
174	356	398	270
181	347	381	263
172	355	390	272
169	348	411	269
173	361	384	274
184	340	392	278
182	365	385	258
188	350	376	278
182	347	373	274
167	354	400	272
172	363	406	272
182	361	376	267
184	355	356	251
164	366	373	280
168	349	390	270
155	350	414	284
152	352	406	295
163	358	385	267
165	357	390	265
165	343	378	278
152	351	397	271
151	348	395	258
144	347	410	267
157	353	387	259
144	329	392	271
134	348	388	299
119	330	433	295
91	325	440	298
115	332	406	298
110	340	406	290
124	329	387	271
103	336	417	290
109	340	407	287
96	345	419	305
101	352	412	278
107	353	403	286
103	341	425	304
129	354	362	246
106	339	397	299
125	333	388	291
110	349	416	284
115	342	403	277
105	345	431	290
118	336	426	303
111	333	419	284
124	350	388	280
119	339	383	286
109	340	404	287
109	341	394	285
97	340	410	278
133	356	364	265
117	332	388	287
119	339	394	280
136	348	378	276
138	337	381	272
135	348	357	280
137	351	369	264
139	339	358	275
117	333	399	295
119	340	391	285
100	342	414	301
120	343	401	283
93	343	393	308
128	340	352	261
114	348	369	277
128	337	365	272
127	343	371	280
111	343	396	272
115	341	395	285
120	345	378	266
111	336	376	273
103	352	389	270
125	333	362	253
105	342	373	281
109	343	362	280
96	341	379	289
106	347	365	268
91	356	377	274
104	342	380	284
95	366	384	254
102	348	359	276
89	354	371	273
105	339	350	278
90	358	370	263
103	341	347	273
83	346	371	285
98	332	353	279
70	347	391	269
69	337	382	276
69	349	374	281
92	337	344	288
59	344	381	290
96	332	361	289
59	345	411	285
60	340	402	263
72	339	367	278
58	339	382	295
74	333	348	239
62	340	379	274
65	338	368	281
58	347	398	283
84	328	366	310
51	345	411	274
86	345	353	252
70	343	363	276
75	343	355	275
95	348	335	266
101	335	344	285
76	342	371	269
81	351	358	262
79	346	356	274
105	349	339	253
84	329	374	289
75	338	379	291
73	338	369	282
75	340	374	289
69	344	372	285
58	344	380	286
87	364	340	249
71	341	367	274
69	342	364	285
62	357	364	271
74	364	344	261
76	351	332	267
55	353	359	271
49	355	378	278
83	354	328	255
71	372	353	255
74	343	343	258
72	363	348	267
74	362	319	246
86	355	348	292
82	349	361	275
69	353	390	284
56	355	394	286
86	344	384	293
50	347	395	304
73	356	388	293
58	353	426	291
89	346	340	269
61	350	376	279
55	355	388	284
53	348	410	291
27	352	441	294
25	338	486	311
6	340	355	243
31	356	363	296
17	360	359	249
27	357	368	273
20	364	351	253
33	355	349	282
21	362	350	261
29	364	362	279
51	339	320	272
10	353	371	277
23	352	345	272
0	355	387	272
0	359	379	278
5	336	343	257
0	364	338	256
0	350	343	253
0	350	369	291
39	326	314	267
0	346	378	291
11	356	379	279
26	353	361	291
0	366	401	273
0	363	405	268
13	360	383	282
23	359	379	265
6	361	416	281
5	352	422	267
4	344	427	280
7	342	453	302
27	324	793	326
0	295	410	281
0	342	415	275
0	345	440	285
25	365	393	272
27	347	424	292
6	353	481	297
25	364	402	291
24	376	450	283
54	360	537	310
31	360	424	236
18	349	436	286
24	361	439	286
46	360	488	300
17	353	486	307
31	365	533	296
14	352	637	312
15	331	411	301
58	342	392	299
18	357	395	296
55	374	392	287
66	358	411	306
23	367	460	297
25	374	493	302
26	374	458	324
47	388	460	314
44	403	462	298
50	409	544	286
41	391	380	228
35	382	404	277
87	333	380	314
88	343	404	293
111	322	402	298
121	311	400	303
122	322	380	287
130	318	372	289
107	326	378	277
124	334	384	285
111	339	384	297
106	347	395	282
91	348	400	297
75	348	419	287
108	334	394	305
112	310	362	279
69	301	404	299
97	278	353	286
61	272	390	299
86	253	356	278
49	237	397	302
80	254	350	252
51	252	410	276
82	259	385	282
70	263	398	294
71	279	397	264
65	272	411	283
62	277	393	272
69	273	420	292
75	281	418	258
85	281	412	280
107	281	382	282
110	269	367	241
