0.048677
0.032166
0.032283
0.043551
0.046744
0.032803
0.039415
0.050086
0.038913
0.038648
0.031324
0.042120
0.039618
0.045548
0.046271
0.044446
0.040050
0.036705
0.044770
0.039503
0.039870
0.030977
0.031164
0.030128
0.030442
0.032220
0.031118
0.041958
0.033748
0.031412
0.031376
0.029675
0.040988
0.032214
0.034333
0.031883
0.031418
0.031590
0.049334
0.048097
0.044126
0.033813
0.034348
0.030462
0.034835
0.045115
0.033432
0.050050
0.040270
0.045350
0.038067
0.040002
0.043290
0.038663
0.033767
0.048055
0.052743
0.040302
0.030421
0.038271
0.050942
0.034806
0.033812
0.033585
0.034914
0.030549
0.058611
0.043749
0.032339
0.041069
0.037290
0.031934
0.045290
0.039982
0.031504
0.031655
0.029937
0.031100
0.031932
0.032946
0.043842
0.031277
0.029293
0.030646
0.045304
0.030952
0.038355
0.050420
0.034442
0.050878
0.043961
0.040521
0.048876
0.040538
0.038954
0.031827
0.032919
0.035640
0.043246
0.046377
0.031835
0.029701
0.043796
0.036130
0.033511
0.038593
0.030978
0.030260
0.053872
0.045678
0.051331
0.035172
0.030080
0.043395
0.049046
0.043900
0.047234
0.036002
0.033246
0.030512
0.028672
0.043988
0.032433
0.045235
0.035246
0.041251
0.049139
0.050646
0.045506
0.038144
0.032091
0.039118
0.041434
0.040255
0.036191
0.030990
0.024700
0.024376
0.026234
0.025428
0.023692
0.037130
0.031296
0.052154
0.039323
0.029216
0.024017
0.026835
0.025816
0.025477
0.035045
0.029162
0.027039
0.025363
0.037189
0.031648
0.045479
0.047964
0.044226
0.043307
0.044379
0.032970
0.046201
0.033835
0.036928
0.031486
0.032823
0.036609
0.055523
0.037117
0.041636
0.041824
0.029808
0.051107
0.033536
0.032270
0.037293
0.029966
0.050220
0.045429
0.043532
0.036120
0.036726
0.041130
0.035164
0.025358
0.042847
0.042788
0.044882
0.034410
0.038275
0.029954
0.045756
0.040723
0.046745
0.034102
0.042797
0.040146
0.034546
0.047071
0.033387
0.035167
0.044948
0.034648
0.046840
0.038842
0.044563
0.046166
0.049871
0.037630
0.046724
0.039378
0.031852
0.039024
0.038300
0.039339
0.031121
0.041099
0.051948
0.033318
0.037961
0.033178
0.040418
0.043265
0.042200
0.046146
0.032866
0.032061
0.032167
0.035613
0.045781
0.047907
0.043306
0.031817
0.046882
0.029987
0.036236
0.044571
0.032977
0.033346
0.032040
0.045191
0.041015
0.033705
0.034258
0.034036
0.043502
0.044809
0.034369
0.035233
0.041498
0.045132
0.048109
0.035835
0.033166
0.034190
0.039365
0.037969
0.033472
0.050334
0.031286
0.030026
0.031011
0.042227
0.041247
0.047562
0.040318
0.056930
0.042296
0.045572
0.033625
0.044609
0.039557
0.042386
0.046301
0.051289
0.043790
0.040913
0.053129
0.047648
0.039092
0.035869
0.035725
0.046984
0.055058
0.050148
0.051888
0.043079
0.054399
0.052914
0.044318
0.041045
0.036194
0.035577
0.051928
0.051818
0.040952
0.034701
0.041670
0.041854
0.052505
0.064107
0.040094
0.040175
0.046763
0.038272
0.034751
0.032231
0.036335
0.031018
0.051344
0.050385
0.033929
0.048001
0.038639
0.036607
0.033076
0.035064
0.043745
0.032300
0.053398
0.054311
0.039798
0.033180
0.041121
0.041280
0.036387
0.031766
0.038506
0.035566
0.033956
0.033494
0.044353
0.039264
0.047749
0.032637
0.038904
0.034192
0.042891
0.032881
0.047279
0.035288
0.045450
0.051872
0.033662
0.033522
0.056856
0.034281
0.051392
0.053121
0.053913
0.031728
0.031825
0.027530
0.031079
0.030404
0.044971
0.053149
0.054739
0.039382
0.031288
0.040370
0.037844
0.042134
0.035707
0.034546
0.055394
0.034209
0.061213
0.036887
0.030245
0.031952
0.028516
0.036753
0.034537
0.035848
0.042940
0.031795
0.045816
0.044848
0.032748
0.030399
0.045579
0.036796
0.041391
0.042529
0.041507
0.033741
0.032134
0.033460
0.039330
0.042793
0.033882
0.032742
0.032205
0.034411
0.036477
0.039960
0.024959
0.043497
0.043786
0.039433
0.045923
0.033288
0.042179
0.033208
0.036647
0.043292
0.043460
0.040187
0.031410
0.048393
0.038705
0.041223
0.030944
0.036552
0.041339
0.030606
0.035954
0.042572
0.029301
0.040536
0.052370
0.038013
0.044405
0.030011
0.033261
0.033129
0.030679
0.038918
0.028795
0.169433
0.032906
0.035175
0.034074
0.030854
0.036314
0.038819
0.036927
0.039022
0.029991
0.030613
0.050307
0.030756
0.030526
0.030503
0.031487
0.032710
0.031903
0.037154
0.049186
0.042657
0.034018
0.040719
0.032845
0.030442
0.038448
0.042283
0.033949
0.035092
0.032164
0.034983
0.032952
0.030659
0.051395
0.033315
0.039433
0.030361
0.047801
0.038628
0.037012
0.041293
0.030180
0.039981
0.036920
0.035671
0.035002
0.033817
0.029433
0.030378
0.029721
0.029094
0.030102
0.038400
0.034788
0.049707
0.032021
0.031254
0.031143
0.031616
0.041624
0.042921
0.035068
0.037585
0.039624
0.046031
0.034756
0.031693
0.029812
0.029721
0.037806
0.036156
0.029315
0.029528
0.044784
0.034229
0.030109
0.037992
0.029608
0.030355
0.034251
0.038609
0.043096
0.038867
0.040992
0.032516
0.046150
0.027622
0.029756
0.041158
0.030882
0.032454
0.031596
0.031153
0.031946
0.029878
0.029875
0.051280
0.033568
0.051477
0.039218
0.034786
0.047464
0.048279
0.032856
0.031420
0.043686
0.033000
0.034348
0.032676
0.046878
0.030614
0.031180
0.033921
0.033072
0.033180
0.037174
0.034611
0.049556
0.044890
0.044754
0.042472
0.040145
0.041080
0.035678
0.045729
0.042472
0.034372
0.049190
0.034867
0.039609
0.046655
0.037245
0.040730
0.038952
0.059180
0.049440
0.040489
0.035950
0.037726
0.037118
0.048399
0.045454
0.045212
0.050970
0.046684
0.039775
0.034261
0.036247
0.033187
0.050889
0.049530
0.042228
0.051281
0.048462
0.045929
0.044671
0.042906
0.037282
0.035149
0.035670
0.040676
0.034915
0.036440
0.037057
0.040359
0.035815
0.037135
0.036177
0.036710
0.036047
0.035648
0.036335
0.036532
0.057387
0.052556
0.050340
0.035548
0.039791
0.049991
0.050377
0.038522
0.038743
0.065697
0.056679
0.038797
0.038125
0.056741
0.038022
0.053319
0.046886
0.042151
0.042929
0.059708
0.042959
0.042906
0.067260
0.048389
0.053663
0.049872
0.045321
0.045726
0.053854
0.055184
0.045762
0.042488
0.051627
0.042279
0.043147
0.056564
0.057917
0.054844
0.059511
0.047870
0.057240
0.055785
0.042945
0.059019
0.053328
0.049446
0.046945
0.068806
0.049860
0.052037
0.049593
0.073648
0.045454
0.042456
0.044917
0.064990
0.051491
0.047158
0.058125
0.054046
0.058098
0.056045
0.044283
0.051043
0.044751
0.053050
0.043098
0.054809
0.050727
0.046691
0.059007
0.040906
0.039473
0.039054
0.041750
0.039775
0.047438
0.059321
0.046226
0.052747
0.029273
0.045508
0.048869
0.036999
0.037214
0.036085
0.040989
0.031554
0.038157
0.060768
0.050979
0.041259
0.041194
0.052505
0.045395
0.052572
0.045328
0.037899
0.048321
0.040715
0.047014
0.034158
0.059038
0.044979
0.040474
0.038798
0.037698
0.041943
0.036250
0.050543
0.042954
0.036517
0.042314
0.048621
0.043399
0.041730
0.044721
0.038944
0.039586
0.038104
0.044259
0.044088
0.040160
0.036040
0.039529
0.038428
0.035659
0.040702
0.049746
0.038275
0.039638
0.037353
0.035905
0.036500
0.042204
0.037462
0.039988
0.042679
0.042779
0.042062
0.051574
0.039980
0.039136
0.045417
0.041166
0.057489
0.060041
0.049263
0.058272
0.046727
0.042064
0.043503
0.042994
0.043338
0.044808
0.040814
0.039222
0.036497
0.037810
0.035689
0.038492
0.044484
0.043848
0.049793
0.044421
0.057011
0.044025
0.047836
0.039442
0.045007
0.037052
0.036645
0.053391
0.059485
0.045350
0.039874
0.039379
0.057325
0.059588
0.039599
0.043254
0.063343
0.046149
0.043338
0.048163
0.053766
0.052053
0.066463
0.052124
0.052327
0.043475
0.050515
0.046327
0.048081
0.060798
0.046360
0.044609
0.056185
0.068408
0.053441
0.050072
0.064444
0.069965
0.063987
0.060234
0.070349
0.050727
0.064444
0.064030
0.059777
0.079957
0.060396
0.047996
0.044043
0.056644
0.046421
0.043187
0.060326
0.044221
0.045942
0.039800
0.043956
0.061122
0.054219
0.047261
0.039915
0.038903
0.039330
0.055083
0.048004
0.040251
0.036849
0.054839
0.041644
0.038348
0.045821
0.042699
0.054400
0.062197
0.053786
0.044730
0.049419
0.040392
0.038243
0.043827
0.063145
0.042296
0.057657
0.051766
0.038315
0.053133
0.041249
0.036087
0.037805
0.039057
0.038851
0.036919
0.048953
0.054224
0.036246
0.039392
0.061182
0.044204
0.047582
0.055421
0.038209
0.042828
0.036040
0.050433
0.035749
0.041618
0.035414
0.036150
0.056539
0.040108
0.040257
0.037208
0.045516
0.045350
0.054742
0.050986
0.049633
0.045313
0.040376
0.036033
0.037862
0.040971
0.038396
0.044868
0.036919
0.056821
0.039429
0.048805
0.051712
0.048295
0.039763
0.038143
0.048499
0.036897
0.035705
0.036414
0.036096
0.062228
0.044211
0.056959
0.049633
0.037611
0.042548
0.036860
0.061410
0.040824
0.039768
0.037368
0.036225
0.034889
0.038669
0.036016
0.039775
0.033436
0.056277
0.035944
0.049747
0.047247
0.042331
0.053076
0.038945
0.039238
0.040565
0.034143
0.036421
0.038523
0.038715
0.029266
0.032977
0.052300
0.050330
0.051276
0.036639
0.043204
0.054070
0.058492
0.042781
0.042901
0.034339
0.047911
0.047148
0.034532
0.033064
0.045782
0.036535
0.031192
0.033773
0.032022
0.033393
0.043300
0.033286
0.043117
0.035777
0.032652
0.041044
0.034692
0.035370
0.034279
0.034815
0.034785
0.054230
0.032782
0.035374
0.031384
0.026555
0.026139
0.048335
0.038075
0.033699
0.040754
0.039468
0.036677
0.039485
0.047020
0.045097
0.032376
0.042617
0.035876
0.031355
0.031664
0.053112
0.039924
0.036281
0.032667
0.033288
0.038712
0.043188
0.037146
0.032792
0.040220
0.031753
0.031697
0.043931
0.032193
0.032892
0.031374
0.031812
0.036933
0.045441
0.050494
0.047857
0.055052
0.040274
0.033798
0.034314
0.049626
0.048181
0.039382
0.044137
0.042541
0.058190
0.038650
0.048667
0.049359
0.045581
0.052425
0.053300
0.055036
0.059739
0.044281
0.057208
0.048926
0.041323
0.063456
0.048890
0.046731
0.061290
0.045191
0.045089
0.055513
0.050032
0.043074
0.046186
0.059387
0.046999
0.049533
0.061732
0.063190
0.062400
0.051382
0.060722
0.049743
0.066302
0.054286
0.049574
0.061707
0.054682
0.061875
0.046620
0.048255
0.084146
0.060925
0.052475
0.068037
0.049671
0.048059
0.047741
0.047497
0.069663
0.046416
0.057175
0.050838
0.040086
0.055260
0.041191
0.039243
0.038876
0.044903
0.054528
0.044450
0.044391
0.047352
0.045551
0.042173
0.050097
0.042889
0.060760
0.047061
0.048229
0.052231
0.049784
0.048485
0.068276
0.052658
0.042256
0.040797
0.043097
0.064901
0.059964
0.054317
0.051727
0.040318
0.041706
0.056829
0.050508
0.055434
0.066296
0.057196
0.064160
0.051188
0.043985
0.043624
0.042852
0.058443
0.044079
0.041165
0.044135
0.052508
0.050781
0.057655
0.054969
0.061409
0.056434
0.061960
0.052400
0.054731
0.061444
0.046496
0.048554
0.065284
0.054521
0.063271
0.043617
0.058526
0.050172
0.064730
0.064398
0.053977
0.063993
0.048958
0.059345
0.045151
0.044272
0.047451
0.046557
0.046167
0.043682
0.050759
0.063508
0.045223
0.046676
0.057603
0.077358
0.049531
0.065791
0.057944
0.046320
0.064064
0.070408
0.043648
0.049586
0.060083
0.039748
0.060867
0.058099
0.066569
0.043559
0.052275
0.042342
0.044879
0.034774
0.037034
0.049131
0.049641
0.047830
0.054672
0.052690
0.063543
0.045422
0.049070
0.052029
0.048201
0.046983
0.069817
0.050227
0.048921
0.055172
0.064448
0.068302
0.049440
0.048794
0.043093
0.055065
0.051509
0.050983
0.056759
0.064195
0.049468
0.072121
0.050437
0.074461
0.067070
0.051084
0.052776
0.055560
0.054341
0.070849
0.054682
0.056905
0.075311
0.064703
0.084773
0.064201
0.054040
0.055726
0.082366
0.071650
0.052311
0.051819
0.051756
0.039389
0.072314
0.070014
0.064370
0.072448
0.055289
0.076225
0.056661
0.050859
0.050044
0.051436
0.067074
0.046920
0.058099
0.056902
0.050696
0.045563
0.044026
0.048078
0.057775
0.059780
0.067688
0.048891
0.059222
0.043219
0.046644
0.049547
0.051880
0.055995
0.052970
0.052949
0.043581
0.040330
0.035816
0.041587
0.037159
0.048895
0.033917
0.043450
0.054245
0.036051
0.035614
0.047318
0.041987
0.035530
0.059247
0.038700
0.037282
0.040707
0.034508
0.042034
0.044099
0.038026
0.037515
0.036320
0.034143
0.047792
0.038350
0.046935
0.035959
0.042446
0.037760
0.042815
0.035458
0.033877
0.052372
0.053237
0.041964
0.043103
0.035905
0.035458
0.036620
0.047839
0.054389
0.046977
0.049405
0.047207
0.036674
0.054129
0.032125
0.035126
0.034633
0.053653
0.043616
0.036649
0.036955
0.040084
0.031238
0.038388
0.039546
0.032725
0.049316
0.050783
0.027544
0.038542
0.050853
0.039238
0.054380
0.041287
0.045617
0.036449
0.048375
0.035265
0.037311
0.036027
0.040200
0.057593
0.048129
0.035107
0.034664
0.033787
0.042655
0.057766
0.032748
0.037352
0.033303
0.032587
0.046423
0.041574
0.034532
0.036961
0.034184
0.036927
0.045732
0.048456
0.045745
0.034583
0.035291
0.037000
0.052671
0.035321
0.032411
0.048279
0.038957
0.036027
0.034220
0.033992
0.044683
0.036422
0.029839
0.028214
0.041441
0.063369
0.035984
0.035590
0.048072
0.039132
0.067215
0.043143
0.033117
0.036765
0.044500
0.041048
0.048879
0.034044
0.038956
0.034578
0.033743
0.034161
0.052271
0.047673
0.033283
0.049056
0.037575
0.033584
0.049954
0.053945
0.045879
0.042727
0.054782
0.055229
0.042856
0.033952
0.035667
0.052729
0.035327
0.037978
0.051719
0.034676
0.037774
0.047834
0.036000
0.037611
0.051329
0.048728
0.045981
0.047766
0.041662
0.040235
0.031252
0.042804
0.047641
0.026099
0.050644
0.035399
0.035526
0.033850
0.034622
0.047695
0.030920
0.043389
0.042679
0.039078
0.049998
0.045912
0.033482
0.034592
0.034286
0.044730
0.035328
0.034300
0.046108
0.040051
0.040263
0.033622
0.033195
0.040865
0.034903
0.033697
0.036527
0.054894
0.049977
0.037448
0.034997
0.043307
0.039299
0.035037
0.050778
0.056649
0.045034
0.041058
0.034251
0.038522
0.035012
0.047553
0.047480
0.039620
0.040248
0.036743
0.038836
0.045481
0.051391
0.062655
0.044857
0.041144
0.053262
0.045295
0.043075
0.037139
0.041545
0.042170
0.052290
0.060290
0.049457
0.039801
0.059421
0.046229
0.059683
0.038940
0.037688
0.042172
0.044109
0.039841
0.037064
0.038866
0.053582
0.047809
0.035985
0.040246
0.039064
0.073828
0.039474
0.051758
0.044954
0.045198
0.043382
0.044998
0.043204
0.048039
0.037131
0.038868
0.047935
0.036028
0.035346
0.037020
0.046349
0.036541
0.053821
0.037447
0.036327
0.050382
0.058319
0.055154
0.043892
0.036195
