562	415	18	22
559	413	18	21
558	412	18	21
557	412	18	21
555	410	18	22
555	410	18	21
554	410	18	21
554	409	18	21
553	408	18	20
553	408	17	20
552	408	17	19
552	408	17	19
552	408	17	19
551	407	16	19
551	407	16	18
551	406	16	19
551	406	16	19
550	406	16	19
550	405	16	19
551	404	16	19
550	405	18	17
550	404	18	16
550	404	18	16
550	404	17	16
550	404	17	16
551	404	17	16
551	403	17	16
551	403	17	16
551	402	17	17
552	402	17	17
553	401	17	17
553	402	17	18
555	401	17	18
556	401	17	18
558	400	17	17
558	400	17	17
559	400	17	17
560	400	17	17
562	400	17	17
563	400	17	17
565	400	18	17
565	399	18	17
567	399	18	17
568	398	18	17
569	398	17	17
571	397	17	17
573	397	17	16
574	396	17	15
576	396	17	15
576	396	17	15
577	395	17	14
578	395	17	14
579	395	16	14
579	396	16	14
579	396	15	14
580	396	14	15
580	397	14	15
581	398	15	14
581	398	15	14
581	397	16	14
581	396	16	14
580	397	16	13
579	397	16	14
578	398	16	13
579	398	16	13
577	397	16	14
576	398	16	14
575	397	16	14
575	397	15	14
572	397	16	14
572	397	16	14
570	397	16	14
568	397	16	14
566	397	16	14
565	397	15	14
563	397	16	14
560	397	16	14
559	396	16	15
557	396	16	15
555	396	16	14
554	396	16	14
554	396	15	14
552	396	16	14
551	396	15	14
550	396	15	14
548	396	15	14
547	396	15	14
547	396	16	14
547	396	16	14
546	396	16	14
545	396	16	14
544	396	16	14
544	397	16	14
543	397	17	14
544	396	16	14
543	396	16	15
542	396	17	15
541	397	16	15
541	397	17	15
541	396	17	15
541	396	17	15
541	396	18	15
541	396	18	15
541	396	18	16
541	395	17	16
542	395	17	16
542	394	16	17
544	391	16	17
551	390	16	17
553	390	16	17
553	389	16	17
553	389	16	17
552	389	16	17
554	388	16	17
554	388	17	17
554	388	18	17
554	388	19	17
556	388	19	17
556	389	19	17
558	389	19	18
558	390	20	18
558	390	21	19
559	389	21	20
559	390	22	20
560	390	22	21
561	389	23	21
562	389	23	21
563	389	22	22
563	389	22	22
564	389	21	22
564	389	21	22
564	389	21	22
566	389	21	21
566	388	21	21
566	388	21	21
566	389	21	21
567	389	21	21
566	390	21	21
567	390	21	21
567	391	20	21
568	392	20	20
569	392	20	20
570	392	20	20
570	392	21	20
570	392	20	20
570	393	20	20
571	392	21	20
570	392	20	20
571	393	20	21
570	393	20	21
571	394	20	21
571	394	20	21
570	394	20	21
570	394	20	21
570	394	20	20
570	395	20	20
570	395	19	20
571	395	18	19
569	395	18	19
568	395	17	19
567	395	17	19
567	396	17	18
565	395	16	18
565	395	16	17
563	395	16	18
562	394	16	18
559	394	17	18
556	393	17	18
556	394	17	18
553	393	18	18
552	393	18	18
549	393	19	18
547	393	20	18
546	393	20	18
544	393	20	18
544	393	20	18
544	393	19	18
543	394	19	18
542	394	18	18
541	394	19	18
541	395	18	17
539	394	19	17
538	395	19	17
537	395	19	16
535	396	19	16
534	396	19	16
535	396	18	15
535	396	18	15
533	396	18	15
534	396	17	15
532	395	17	15
533	394	17	15
534	393	16	15
534	393	16	15
535	393	15	15
535	393	15	15
535	393	14	15
535	394	14	15
535	395	14	14
535	395	14	14
535	396	15	14
535	397	15	14
535	398	14	14
535	398	14	14
535	399	14	14
537	397	14	14
539	395	14	15
539	394	13	15
541	396	13	15
541	395	13	15
542	394	13	15
543	393	13	16
544	392	13	16
547	392	14	16
549	392	14	16
551	392	15	16
551	394	15	16
551	394	15	17
553	394	15	17
556	394	15	18
558	394	16	18
561	394	17	18
561	394	19	19
562	394	20	20
562	393	22	21
563	394	23	21
565	395	22	21
566	396	21	21
569	396	21	21
570	397	22	21
571	397	21	21
575	398	21	21
576	398	21	21
577	398	21	21
578	397	22	21
578	397	23	21
578	396	23	22
578	397	22	23
579	397	22	23
579	397	22	23
581	397	23	23
582	396	22	24
586	395	22	24
586	395	22	25
588	395	22	25
587	395	21	25
587	396	21	25
589	396	21	25
590	399	21	25
590	398	21	24
591	398	21	24
591	398	20	24
591	398	20	24
592	397	20	24
592	397	21	24
594	398	21	24
594	399	21	24
593	400	21	23
594	400	21	23
594	400	21	23
594	401	20	23
593	401	20	23
593	402	20	23
593	403	20	22
593	404	20	22
593	406	19	21
593	406	19	20
593	407	19	20
593	408	18	19
593	408	18	19
593	408	17	19
593	408	17	18
591	408	17	18
590	408	17	18
590	408	17	18
588	408	17	18
587	409	17	18
585	408	17	18
584	407	17	18
581	407	18	18
581	407	18	18
579	407	18	18
577	407	18	18
576	407	19	18
573	406	19	18
570	406	20	18
568	406	20	18
566	406	21	18
564	406	21	18
562	406	22	18
560	406	22	19
558	406	23	19
559	405	22	20
558	405	22	20
557	406	21	20
556	405	21	20
555	405	21	20
555	406	21	20
554	406	20	19
554	406	20	19
552	405	21	18
551	405	20	19
550	405	20	19
549	405	20	19
546	405	20	19
545	406	21	19
542	407	20	19
542	408	20	19
542	409	19	19
541	409	19	19
541	409	19	19
541	409	18	19
541	409	18	19
541	409	19	19
541	409	18	18
542	409	18	18
543	410	18	17
543	409	18	17
544	410	18	16
544	410	18	16
545	409	18	16
546	409	18	16
547	409	17	16
549	404	17	17
553	401	16	17
554	399	16	17
554	399	16	18
556	399	16	18
561	399	17	18
561	398	18	18
562	397	19	18
563	396	20	19
563	398	20	19
564	397	21	20
566	396	21	21
568	393	22	22
569	393	23	22
570	391	23	23
569	390	24	24
570	393	24	24
573	393	23	25
573	393	23	26
575	393	23	26
577	393	23	26
577	394	23	26
577	395	23	25
582	395	24	24
584	395	24	25
584	395	23	25
584	394	23	26
586	394	23	26
587	393	22	26
588	392	22	26
590	392	22	26
589	393	23	26
589	392	23	26
591	391	23	26
590	392	23	26
591	392	23	27
594	390	23	27
594	390	23	27
594	390	23	28
596	388	23	28
596	387	23	29
597	389	24	29
597	388	24	29
596	388	24	29
597	388	24	30
597	388	24	30
596	387	24	30
596	387	24	30
596	387	24	30
596	386	24	30
596	386	24	30
596	386	24	30
596	386	23	29
596	387	24	29
595	387	23	28
595	387	23	28
594	387	23	28
594	387	23	28
594	387	23	27
592	387	23	27
591	385	23	27
591	384	23	27
589	384	24	28
588	384	24	27
587	384	24	27
584	384	25	28
582	384	25	27
581	384	25	27
579	384	25	27
576	384	26	26
574	384	27	26
575	383	26	27
575	382	26	27
576	382	26	27
576	381	25	28
575	382	24	29
574	380	25	28
572	381	26	27
572	382	26	26
571	382	26	26
570	383	27	26
569	382	27	26
568	382	27	26
567	381	28	25
567	381	28	25
568	381	27	26
568	380	27	25
569	379	27	25
570	379	26	25
571	377	25	25
572	376	25	25
573	376	24	25
573	377	24	26
573	377	23	26
574	377	23	26
575	378	23	26
576	378	23	26
577	378	23	26
576	378	22	26
576	380	22	26
577	381	22	25
580	381	22	24
581	380	22	24
581	380	22	24
584	380	22	23
585	379	22	24
585	378	22	24
586	377	22	24
589	376	22	24
589	374	22	24
589	373	21	24
590	372	21	25
592	375	21	26
594	375	21	26
594	376	21	27
594	377	21	26
595	377	21	26
598	377	21	26
598	378	21	26
600	378	22	26
600	379	22	25
600	380	22	25
601	381	22	25
602	381	22	25
604	382	22	24
605	382	22	24
606	383	22	24
606	384	21	23
607	385	22	23
607	386	23	22
608	386	23	22
609	386	23	22
609	386	23	22
609	386	23	22
609	386	23	22
611	386	22	23
612	386	22	23
611	386	22	23
612	386	22	23
612	385	21	23
611	385	21	23
611	385	21	23
611	383	21	24
611	382	21	24
611	382	21	25
610	381	21	25
609	382	21	25
608	382	21	25
608	381	21	26
608	381	21	26
607	380	21	27
606	380	21	27
604	380	21	27
602	381	22	27
601	380	23	27
601	380	23	27
599	380	24	27
597	381	24	27
595	381	24	27
594	382	24	26
592	382	24	26
591	383	24	25
589	383	24	25
586	384	24	25
585	384	25	25
583	384	25	25
580	384	25	25
577	388	26	24
574	387	27	24
573	386	26	25
574	385	25	25
575	384	24	25
576	384	23	25
575	385	22	25
573	385	21	25
572	385	21	25
570	385	21	24
570	386	21	24
569	386	21	24
568	386	21	23
565	386	22	23
564	386	22	23
562	387	22	23
561	386	22	23
559	387	22	23
559	387	22	23
558	387	22	23
558	387	22	23
556	388	23	22
558	388	23	22
557	388	22	22
557	389	22	22
558	387	22	22
558	388	21	22
559	385	21	22
560	385	20	22
560	386	20	22
559	386	20	22
559	386	20	21
559	387	20	22
561	385	20	22
561	381	19	22
562	377	19	23
563	376	18	24
565	376	18	25
567	377	18	25
567	377	18	26
567	376	18	26
568	376	19	26
570	376	19	26
571	375	20	26
573	374	20	26
574	374	21	26
573	374	22	27
573	374	22	27
575	374	22	27
575	375	23	27
578	376	23	27
579	376	23	28
579	377	23	28
579	377	23	29
582	378	23	29
583	378	23	29
585	381	22	30
585	381	22	29
586	382	22	30
586	385	22	29
588	383	22	29
589	385	22	29
590	383	22	29
590	385	22	29
592	383	20	31
595	384	19	31
596	384	19	31
596	383	19	32
597	386	19	32
596	384	19	31
597	383	19	32
596	383	19	33
597	383	19	33
598	385	19	32
598	384	19	32
598	384	19	32
598	384	19	32
599	384	19	31
598	385	19	31
598	385	20	31
598	386	20	30
598	386	19	30
599	387	19	30
599	387	19	30
600	387	19	29
599	387	19	28
600	387	19	27
600	387	18	27
600	388	18	27
600	389	18	26
600	390	19	25
599	391	20	25
599	391	20	24
600	391	20	24
600	391	20	24
604	391	19	24
606	391	19	24
606	391	19	24
606	391	18	24
608	391	19	24
610	391	19	24
610	395	20	23
612	396	20	22
614	396	20	22
613	397	20	21
614	398	19	21
617	399	19	20
621	399	20	20
622	399	20	20
625	399	21	20
625	399	21	20
625	395	20	21
629	394	20	22
631	394	19	22
632	392	19	22
634	390	19	23
638	392	20	23
640	390	20	24
641	388	20	24
642	387	20	24
644	389	20	25
646	389	21	26
648	389	21	27
648	389	22	28
650	388	22	28
654	388	22	29
655	388	22	29
657	388	22	29
657	388	23	29
658	388	23	29
659	387	24	28
658	386	26	28
660	385	27	27
666	391	25	28
667	393	25	27
668	393	24	28
670	393	24	28
673	393	24	28
673	394	24	28
675	395	24	28
674	396	25	28
675	398	25	27
677	399	24	27
679	401	24	26
681	402	23	25
681	403	23	25
681	403	23	24
682	405	22	24
683	405	22	24
684	405	21	24
685	405	20	23
686	406	20	22
685	406	20	21
686	405	20	20
686	405	20	20
685	404	19	20
684	405	19	20
685	404	19	20
685	404	19	19
685	404	19	19
684	405	19	18
684	405	19	18
682	405	20	18
682	404	20	18
682	405	20	18
682	405	20	18
684	404	19	18
685	403	19	18
685	404	19	18
685	405	18	18
684	405	19	18
684	405	19	17
685	406	19	17
685	406	18	17
685	407	18	17
685	408	18	16
684	408	19	16
684	409	19	16
684	409	19	15
684	409	19	15
685	409	19	14
686	409	19	14
686	409	19	14
686	409	19	13
686	410	19	13
690	410	19	13
692	409	20	13
696	406	18	13
699	406	17	14
700	405	16	14
704	404	16	14
706	404	15	15
707	405	14	15
709	404	14	15
712	403	14	16
715	402	13	16
718	401	13	17
721	401	13	17
721	401	13	17
723	401	13	16
727	400	13	17
730	399	13	17
734	400	13	16
737	400	13	16
737	401	13	16
740	401	13	16
743	400	14	16
746	402	14	16
750	402	14	17
754	402	14	17
753	403	14	17
757	403	14	17
760	403	14	17
763	405	15	17
766	405	15	17
767	405	15	17
772	405	15	17
774	405	15	17
777	404	15	17
780	405	15	17
783	406	15	17
783	407	16	17
785	407	16	17
788	407	16	17
792	408	16	17
795	408	15	17
798	408	15	17
799	408	15	17
801	408	15	17
802	409	16	17
806	409	15	17
807	409	15	17
810	409	15	17
810	409	15	17
811	409	15	17
813	409	15	16
815	409	15	16
815	409	15	16
816	408	15	16
817	408	15	16
817	408	16	16
818	408	16	16
820	408	16	16
818	410	16	16
820	409	17	16
820	409	18	15
821	409	19	16
822	408	19	16
826	408	18	16
827	408	17	16
827	408	17	16
826	409	17	15
825	409	18	16
825	410	18	15
825	409	19	15
826	410	19	15
826	410	19	16
827	410	18	16
827	411	18	16
828	411	18	16
828	411	18	15
827	411	18	15
827	411	18	15
827	411	18	15
826	412	18	15
826	412	17	15
826	412	17	15
826	412	17	15
826	413	16	15
826	412	16	14
825	413	16	14
826	412	16	14
826	412	15	14
825	412	15	14
826	411	14	14
828	411	14	14
828	411	14	14
828	410	14	15
829	412	14	15
829	412	14	14
830	412	14	14
828	412	13	15
828	411	13	15
829	413	13	15
829	414	13	15
831	414	13	14
831	415	14	14
831	415	14	14
831	415	14	14
832	414	14	15
833	415	14	15
833	415	14	16
833	416	14	15
832	416	13	16
832	416	14	16
832	416	14	16
832	417	14	16
833	417	14	16
833	418	14	15
832	418	14	15
832	418	14	15
831	419	14	15
831	419	14	15
830	420	14	15
829	420	15	15
829	420	15	15
829	420	15	15
827	420	16	15
827	420	16	15
826	421	16	15
826	421	17	15
824	421	17	16
823	421	18	16
821	422	19	16
820	422	19	16
819	423	19	16
817	423	20	16
815	423	21	17
813	423	21	17
812	423	21	17
811	422	21	18
810	422	21	17
809	422	21	18
806	422	21	18
803	421	22	19
800	420	23	19
795	424	24	19
794	424	25	18
792	424	25	18
789	424	27	17
786	424	29	17
782	424	29	16
778	427	29	16
775	430	30	15
772	429	30	15
768	428	30	15
763	428	31	15
760	427	32	15
761	427	32	15
757	426	31	16
754	426	31	16
750	426	32	16
745	428	32	16
743	428	32	16
744	428	32	16
748	425	28	19
748	422	25	21
746	420	24	23
745	418	23	24
743	417	23	25
742	417	23	25
740	416	23	25
738	417	23	26
736	417	23	25
733	417	24	25
731	419	24	25
730	418	24	25
729	418	24	25
726	417	24	25
724	416	24	26
722	415	24	26
719	417	24	26
719	417	24	27
718	416	24	27
713	418	24	27
711	416	24	27
709	415	23	27
709	415	23	28
707	414	23	27
706	414	22	27
704	414	22	27
700	417	22	27
699	417	22	27
699	417	22	26
697	418	22	26
696	418	22	26
694	418	22	26
692	418	22	26
690	419	22	26
689	420	23	26
687	420	23	26
686	419	23	26
684	420	23	26
682	419	22	27
680	419	22	27
679	419	22	27
677	420	22	27
675	420	22	27
674	420	22	27
671	421	22	27
669	421	22	27
668	423	23	26
666	423	22	26
664	423	22	26
662	422	22	26
660	422	22	26
660	423	22	27
658	423	22	27
655	424	23	27
654	424	23	26
652	423	23	26
650	423	23	26
651	424	23	26
649	424	23	26
648	424	23	25
646	424	23	25
644	424	23	25
642	424	23	25
642	424	23	25
641	424	23	25
640	425	22	25
638	425	22	25
638	425	22	25
636	425	22	25
636	426	22	25
635	426	21	25
633	425	21	25
632	425	21	25
632	426	21	26
631	426	21	26
630	426	21	26
629	426	21	25
628	426	21	25
627	425	21	25
626	426	21	25
625	425	20	26
625	425	20	26
624	425	20	26
623	426	20	26
621	426	20	26
621	426	20	26
620	426	20	26
619	426	20	26
618	426	20	26
617	426	20	26
616	426	20	26
615	426	20	26
615	426	20	26
614	426	20	26
614	426	19	26
612	426	20	26
611	426	20	26
610	426	19	26
610	426	20	26
609	426	19	27
608	426	20	26
607	426	20	27
606	426	20	27
606	426	20	26
605	426	20	26
605	427	19	26
604	426	19	26
603	426	20	27
603	428	20	27
602	427	21	27
602	427	21	27
602	427	21	26
601	427	21	27
601	427	22	26
601	427	22	27
601	427	22	27
600	427	22	27
601	428	23	27
600	428	23	28
600	427	23	28
600	428	23	28
600	428	24	28
600	429	24	28
600	429	24	27
600	429	24	28
601	429	23	28
602	429	22	29
602	429	22	29
603	429	22	29
603	429	21	30
605	428	19	31
606	428	18	32
607	428	18	32
606	427	17	32
607	428	17	33
607	426	17	33
608	427	17	33
608	426	18	34
609	427	18	34
609	427	18	35
609	426	18	35
610	425	19	35
611	425	19	36
611	425	19	36
611	425	20	35
611	426	20	36
611	426	20	36
611	427	19	35
611	427	20	34
611	427	20	33
611	427	20	33
610	427	20	33
610	428	20	32
610	430	20	31
610	429	20	31
608	430	20	30
608	430	20	30
607	430	20	30
607	431	20	30
606	431	20	29
605	430	20	29
603	431	20	29
601	431	20	29
600	431	20	29
599	431	20	29
597	431	19	29
596	430	20	29
594	430	20	29
592	431	20	29
590	431	21	28
586	432	22	27
584	432	23	27
580	433	24	27
576	432	24	27
575	432	23	28
573	432	24	28
570	431	24	28
566	432	24	28
562	431	23	29
558	431	23	29
557	431	22	29
554	431	21	29
551	431	21	30
548	431	20	29
544	431	21	29
541	430	21	29
539	431	21	30
537	431	21	29
531	430	21	29
529	430	21	28
525	433	21	28
522	432	22	28
521	432	22	28
518	432	22	28
514	432	22	28
510	433	22	28
506	432	23	28
503	433	23	28
500	432	23	28
496	432	23	28
492	432	22	27
489	433	22	27
485	434	22	27
484	434	22	27
481	434	22	27
478	434	22	27
475	434	22	27
471	434	22	27
468	434	22	26
467	435	22	26
464	435	22	26
460	435	23	26
457	435	23	26
452	434	24	26
448	435	24	25
447	435	25	26
442	436	26	26
438	436	26	26
434	436	27	26
429	435	27	27
424	435	28	27
423	436	29	27
419	435	29	27
414	435	30	27
409	435	31	28
404	436	31	28
399	435	32	29
394	435	33	30
388	435	34	30
383	435	35	31
378	435	36	31
373	435	36	32
372	436	37	32
367	436	38	33
362	436	38	34
357	436	39	36
352	435	40	36
348	436	41	37
347	436	41	38
343	437	41	40
338	438	42	42
334	439	42	44
329	442	43	46
324	444	43	49
323	445	45	49
320	446	45	50
316	447	44	51
312	447	44	52
307	447	44	52
303	447	44	52
302	449	45	51
297	449	45	51
293	451	46	50
288	452	46	49
285	453	46	49
280	453	45	49
279	455	46	48
277	455	46	48
267	457	46	47
262	456	46	47
257	456	46	47
256	458	48	46
253	457	47	47
249	455	47	48
244	452	49	50
238	452	51	51
232	451	54	52
232	450	54	54
228	449	57	54
223	446	58	54
216	444	60	55
210	443	61	56
209	442	65	55
209	441	67	55
208	441	70	56
202	440	70	58
196	438	66	61
196	436	65	60
195	437	63	59
194	436	62	59
194	435	60	58
193	436	59	56
193	436	58	55
194	435	56	53
194	435	53	51
195	435	51	49
197	434	48	47
198	435	45	46
199	434	42	47
200	433	39	46
201	434	37	46
202	433	36	44
204	433	35	42
205	433	34	42
206	434	33	41
206	434	33	41
207	434	33	40
207	435	33	40
208	435	33	39
209	434	33	39
210	433	32	38
212	434	31	39
212	434	31	38
214	435	31	37
216	434	31	37
217	434	31	36
218	433	32	35
219	432	33	35
220	432	33	34
225	431	32	35
230	431	30	35
233	431	30	34
238	431	29	34
240	431	28	33
241	430	28	32
243	429	28	31
247	429	27	31
250	429	27	31
255	429	27	30
257	428	27	30
260	428	27	31
263	428	27	31
266	428	28	31
270	427	28	31
274	427	27	31
276	427	28	30
278	426	29	30
281	425	28	31
284	426	28	30
287	425	28	30
292	424	27	31
292	424	27	31
295	423	26	31
298	423	25	31
302	422	24	31
307	422	24	30
310	422	24	30
312	422	24	30
316	422	24	30
318	422	24	29
323	421	23	29
326	421	24	29
330	420	23	29
331	420	23	29
334	420	22	30
338	419	23	29
342	419	22	29
345	419	22	29
354	418	22	29
354	418	22	29
358	418	22	29
362	418	23	29
366	416	21	31
370	416	21	31
373	416	22	30
373	416	22	31
378	416	22	31
382	415	21	33
387	414	20	34
390	414	20	34
395	414	21	34
394	414	21	34
398	414	21	34
402	415	23	33
405	416	25	32
411	416	27	31
414	417	29	31
414	417	31	31
418	416	33	31
420	415	32	33
424	417	33	33
429	416	34	34
430	417	35	34
432	416	36	34
437	415	35	33
441	414	34	33
444	414	33	34
447	414	32	34
447	414	30	34
454	413	29	34
458	414	28	33
461	414	27	32
464	414	26	32
466	417	27	31
466	419	27	30
467	421	26	29
471	419	25	29
476	417	25	28
479	417	24	28
482	415	24	28
482	418	24	27
484	416	23	27
487	415	22	27
491	416	22	26
493	415	21	26
496	414	21	26
496	416	21	26
498	414	20	26
499	413	20	26
501	414	20	26
500	415	20	25
501	414	20	25
503	415	19	25
501	414	20	25
500	415	20	25
499	416	19	26
498	416	20	26
495	415	21	26
492	415	21	26
490	415	22	26
489	415	22	26
486	415	22	26
482	415	22	26
481	415	22	26
479	416	23	25
475	415	23	25
472	416	23	25
468	416	24	25
465	416	24	25
464	417	24	25
462	417	24	25
458	417	24	25
455	417	25	25
452	417	25	25
449	417	26	25
449	417	26	26
446	417	27	26
444	418	27	26
441	418	27	27
439	418	28	27
437	418	29	28
437	418	29	28
435	418	29	28
434	418	30	29
431	418	31	29
430	418	31	30
429	418	32	30
429	418	32	31
429	418	32	31
428	418	32	31
428	418	32	31
429	418	32	32
429	418	33	32
429	418	33	32
429	418	33	33
430	418	34	33
430	418	34	34
431	418	36	34
431	418	36	35
431	418	37	36
432	417	37	37
433	416	38	37
435	416	38	38
437	417	39	38
436	417	39	38
438	417	39	39
440	417	39	40
442	418	39	39
443	418	40	39
444	422	41	38
445	421	41	39
448	420	41	39
449	419	40	39
452	422	40	39
456	420	40	39
460	420	40	40
460	420	40	41
463	419	41	41
472	422	43	40
474	421	44	41
479	427	50	36
479	426	54	34
480	426	55	34
486	426	57	33
488	432	59	32
488	432	61	31
488	432	63	31
488	432	65	31
488	437	67	30
489	435	67	31
491	440	67	30
493	437	65	31
500	436	65	31
502	435	65	32
510	440	65	31
521	439	64	32
525	438	65	33
529	436	66	33
526	436	66	33
529	435	66	33
532	435	65	34
535	434	67	34
532	434	68	34
527	441	68	34
528	440	67	34
521	434	57	41
523	430	50	45
527	431	47	46
529	428	44	48
529	432	44	47
530	430	42	47
531	433	42	46
532	432	42	46
540	430	41	47
538	429	39	48
538	428	38	48
539	428	37	49
542	428	36	48
544	427	35	48
545	429	36	46
546	428	36	45
547	427	36	44
547	427	36	44
546	426	36	43
546	425	37	42
544	425	39	41
547	425	40	42
550	425	39	42
552	425	38	43
556	425	37	43
557	424	36	43
560	424	36	43
563	424	36	43
566	424	35	42
567	424	34	41
570	422	32	41
573	423	31	40
577	422	29	39
581	422	28	38
582	423	27	37
585	423	26	35
588	424	25	34
590	424	24	34
592	425	24	33
595	425	23	32
596	425	23	31
598	425	22	32
599	425	23	31
601	425	23	31
603	424	23	32
606	423	23	32
606	423	23	32
607	424	24	33
608	423	24	33
610	424	24	33
614	424	25	33
615	424	26	34
616	424	27	33
617	423	28	34
618	424	29	34
621	424	29	34
624	424	30	34
628	425	31	35
630	425	31	34
630	425	32	35
632	424	33	35
636	424	34	36
640	424	35	36
642	424	36	37
643	424	37	37
645	424	37	38
647	424	38	38
650	424	38	38
655	423	38	39
658	422	38	39
657	421	37	40
661	424	38	39
664	424	39	38
665	421	38	38
667	423	38	38
668	421	36	39
669	422	35	38
670	422	34	38
672	424	34	38
672	425	34	37
676	424	34	37
676	426	34	36
676	424	33	36
675	427	33	35
676	424	32	34
678	425	32	34
677	423	32	34
677	425	31	33
676	423	30	33
676	425	31	33
675	423	31	33
674	421	30	33
673	419	30	32
673	421	30	31
674	422	30	31
672	420	30	30
671	420	30	30
672	422	30	30
670	419	30	30
670	421	30	30
669	419	30	30
668	416	29	30
667	418	29	30
668	421	29	30
666	419	29	30
666	417	28	30
665	419	28	30
665	418	28	30
665	417	28	30
664	420	28	30
664	422	28	29
664	423	28	29
664	423	28	28
664	424	27	27
664	424	26	27
664	425	25	27
664	425	24	26
664	425	23	26
663	424	23	26
661	423	23	25
659	423	23	24
657	422	23	24
656	421	23	24
655	416	23	24
650	415	23	24
649	414	24	24
648	412	24	24
646	409	24	25
648	407	24	25
646	404	23	26
645	405	22	26
644	403	21	27
642	402	21	28
640	401	22	28
639	401	22	28
638	404	23	28
636	403	22	28
634	406	22	28
633	405	22	27
631	404	23	26
631	405	23	26
630	404	23	26
629	403	23	25
628	402	23	25
626	402	23	25
624	403	24	25
623	404	24	24
622	405	23	24
621	406	23	24
619	407	23	23
617	406	22	23
616	407	22	22
616	408	22	22
615	407	21	22
614	407	20	23
614	406	20	23
613	404	20	22
613	404	20	22
613	403	20	21
613	402	20	21
614	401	20	20
615	400	20	20
616	399	20	20
617	398	20	21
616	397	20	21
620	392	20	22
620	391	20	22
622	389	20	23
623	388	21	23
622	386	21	23
623	385	22	23
625	383	22	24
625	381	22	24
627	378	23	25
628	376	22	27
627	377	21	28
629	375	21	28
631	376	22	28
633	378	23	28
633	377	23	28
636	376	24	28
639	374	25	28
641	377	27	27
643	376	28	27
646	375	28	28
650	375	29	28
650	374	30	28
654	377	30	28
658	377	31	28
662	378	31	28
667	378	31	28
671	378	32	28
672	379	32	28
676	379	32	27
675	378	30	28
679	376	28	29
686	376	28	30
688	375	28	30
687	373	27	30
689	372	26	31
690	370	25	31
691	372	26	30
690	371	27	30
688	373	28	29
687	371	28	29
686	370	28	29
685	372	29	28
682	371	29	29
678	370	29	29
675	369	30	29
675	367	30	30
671	370	30	30
666	368	31	30
662	370	32	30
657	367	31	31
655	364	30	32
653	363	29	31
651	363	28	31
647	363	28	30
643	363	29	29
639	363	29	28
638	363	28	28
634	366	27	28
630	366	27	28
626	365	28	27
623	366	28	27
620	365	27	27
618	365	27	26
616	366	26	26
615	367	25	26
613	368	24	26
611	367	24	25
609	366	24	25
609	366	24	24
606	366	24	24
606	365	24	23
605	365	23	23
605	364	23	23
604	365	22	22
604	364	22	22
603	364	22	22
602	364	22	22
599	366	23	22
597	368	23	22
597	367	23	22
596	367	24	22
594	366	24	22
593	365	24	23
593	364	23	23
593	363	23	23
592	362	24	23
591	364	24	22
591	363	24	23
590	362	24	23
589	362	24	24
589	362	23	24
589	363	23	24
588	364	23	25
586	369	23	24
586	368	22	25
586	367	22	25
587	365	23	25
586	366	23	25
585	368	23	26
585	366	23	26
587	363	24	26
586	362	24	25
586	360	24	25
587	361	24	25
587	359	23	25
587	360	23	25
587	359	24	26
589	359	24	26
589	360	24	26
590	361	24	26
589	359	24	26
591	360	25	27
591	358	25	28
591	357	24	28
592	360	25	28
592	360	25	28
592	360	25	28
592	359	25	28
593	357	25	29
593	359	25	29
594	360	26	29
593	361	26	29
595	362	26	29
596	363	27	29
597	364	28	28
597	365	29	29
597	366	29	28
597	367	30	28
598	368	31	28
598	369	32	28
599	370	33	28
599	368	34	29
599	368	34	29
600	367	34	29
599	368	34	29
598	366	33	29
596	364	31	30
595	362	29	31
596	362	28	31
594	360	27	32
595	363	27	32
594	363	26	31
594	363	26	31
594	363	27	31
594	364	27	30
592	361	26	30
590	360	26	30
590	361	26	29
586	361	25	29
585	360	25	28
585	360	25	29
583	359	25	29
582	359	24	29
582	361	24	29
583	364	25	28
583	362	25	28
583	361	26	28
582	364	26	28
580	363	28	28
579	362	28	29
577	365	29	29
576	364	29	29
576	364	29	30
575	364	29	30
573	364	28	29
573	364	28	29
572	364	26	29
572	364	25	29
572	366	25	28
571	367	25	27
571	368	26	27
570	367	27	27
569	367	27	28
569	367	27	28
568	366	28	28
568	365	28	29
568	366	28	30
567	365	29	30
568	365	29	30
568	365	29	30
568	365	29	30
567	365	30	30
567	366	30	30
567	367	30	30
566	367	30	30
566	368	30	30
566	368	31	29
566	368	31	29
566	367	30	29
567	367	30	29
567	366	30	29
568	365	29	29
569	365	28	30
569	364	28	30
569	364	28	30
569	364	27	30
570	365	27	30
568	364	27	29
568	365	26	29
566	365	26	29
564	367	26	29
564	366	26	28
564	365	25	28
564	365	25	27
561	364	26	27
559	365	26	28
558	363	25	28
557	364	25	28
556	365	25	29
553	362	25	29
551	363	25	29
549	361	25	29
547	362	26	29
545	360	26	29
544	360	26	29
542	361	26	30
540	362	26	30
537	361	26	30
536	358	26	31
533	360	26	30
533	361	27	31
532	359	27	31
530	359	28	30
528	359	29	30
525	358	29	31
523	359	28	31
521	358	29	31
519	360	29	32
517	363	30	31
515	361	31	31
513	360	31	31
512	362	31	30
511	360	30	31
509	359	30	31
508	359	29	31
506	360	29	30
504	363	29	30
503	363	29	30
501	362	29	30
499	363	29	29
498	362	29	29
496	361	29	29
494	363	29	29
495	363	29	29
493	362	29	29
493	361	29	29
494	361	29	29
494	361	29	29
496	361	29	29
496	361	29	29
498	360	28	29
501	360	28	29
503	360	28	30
506	359	28	29
509	359	28	30
512	358	28	30
515	359	28	30
517	360	28	30
520	360	28	31
523	360	28	31
523	360	29	31
526	362	29	31
528	364	29	31
532	362	29	31
534	365	30	30
538	364	29	30
538	363	28	31
540	366	28	30
543	366	28	31
545	365	28	30
548	368	28	30
550	366	27	31
552	365	26	31
552	365	26	31
554	365	26	32
556	365	26	32
556	365	26	32
556	365	26	31
557	364	26	31
557	364	26	31
557	366	26	30
556	367	26	29
556	369	26	29
555	366	26	29
553	367	26	29
552	368	26	29
551	369	26	29
549	368	26	29
547	369	26	29
545	370	26	29
544	369	26	28
542	370	26	29
539	372	26	28
536	374	27	28
532	372	27	28
529	374	27	28
528	372	27	28
524	373	28	27
521	374	28	27
517	375	28	26
512	376	29	26
509	377	29	26
509	378	29	25
505	380	29	25
503	383	30	24
499	387	32	22
496	385	31	22
496	383	31	23
495	381	31	23
494	381	31	24
491	382	31	24
491	379	31	25
490	380	31	25
489	382	31	26
488	383	32	26
487	386	33	25
484	390	36	23
484	390	38	21
483	390	38	21
482	393	39	20
482	392	40	20
482	395	41	20
482	395	41	20
482	394	41	20
482	393	40	20
482	396	41	19
482	395	41	19
483	398	43	19
482	396	43	19
482	399	42	20
483	398	41	20
483	401	41	20
484	401	41	20
484	401	42	19
485	404	42	20
486	404	42	20
488	403	43	20
487	402	44	20
486	406	44	20
487	405	44	21
488	405	44	21
489	405	45	21
488	408	46	21
487	408	46	21
488	408	48	21
488	407	48	21
487	411	49	21
485	410	50	22
484	415	49	22
483	415	50	23
481	415	50	23
481	415	51	22
479	414	51	23
478	413	52	23
478	412	52	23
476	410	51	24
473	415	51	24
471	414	52	24
469	417	53	24
465	416	52	25
465	419	52	25
463	418	53	25
461	416	53	26
461	412	48	31
456	418	51	28
452	423	52	27
452	423	53	26
450	423	52	26
449	422	54	25
447	422	54	26
445	428	55	25
443	428	57	25
442	429	58	26
440	428	58	26
440	427	58	26
440	427	58	26
439	426	59	26
439	425	60	26
439	428	59	26
440	426	59	27
441	425	58	27
441	425	59	26
444	424	58	27
446	423	57	27
447	421	57	27
448	426	59	26
451	426	60	25
452	424	60	26
454	423	59	26
454	422	58	27
456	427	60	26
459	427	60	26
460	425	60	26
464	425	60	26
465	423	59	26
465	422	58	27
467	421	58	28
472	419	56	28
473	418	55	29
478	416	54	30
484	414	52	30
489	412	47	33
492	410	47	32
495	413	47	31
496	411	47	30
495	414	47	29
498	412	46	29
499	415	47	28
501	413	45	28
503	412	44	28
507	411	42	27
508	409	37	30
509	411	35	31
512	409	33	32
513	408	31	32
515	407	30	33
513	405	30	32
513	403	30	32
513	404	30	31
516	402	29	32
516	403	30	32
517	403	30	31
521	402	30	32
523	400	30	32
522	400	30	32
526	399	30	32
528	396	30	32
529	398	30	32
532	395	31	32
532	396	32	32
531	396	33	32
530	396	35	31
533	395	35	32
535	394	35	32
537	394	35	32
538	393	35	32
544	391	33	33
547	390	32	32
549	389	32	32
553	390	30	33
557	388	29	33
557	389	28	33
560	388	28	33
562	388	28	32
564	387	27	33
567	386	27	33
569	386	27	33
570	386	27	33
572	384	26	33
574	384	26	33
577	383	26	32
580	384	26	32
583	383	25	32
584	383	25	32
587	382	24	33
590	381	24	33
592	380	24	33
594	380	24	33
598	380	24	33
598	382	24	32
600	380	25	32
605	382	25	31
607	380	24	31
611	382	25	30
615	384	26	29
614	382	26	29
621	382	27	29
625	384	28	29
628	382	28	30
631	383	29	30
636	384	30	30
635	382	30	31
639	384	31	31
642	382	31	31
646	381	30	32
649	381	29	32
652	381	28	32
654	381	27	32
658	383	28	31
663	382	28	31
664	383	27	30
669	383	27	30
669	385	28	29
669	387	29	28
674	384	28	29
673	385	29	28
674	387	29	27
679	386	28	27
681	385	26	27
681	385	25	27
682	383	24	27
683	384	24	26
685	383	23	26
686	384	23	26
687	388	24	26
688	388	24	26
689	388	23	26
691	388	23	26
692	389	23	26
694	389	23	26
694	391	23	25
693	388	23	25
694	389	23	26
694	387	23	25
692	383	23	25
693	383	23	25
693	383	24	25
694	384	24	25
694	384	24	26
695	384	24	25
695	384	24	24
696	383	24	25
695	385	24	24
696	384	24	25
699	385	23	25
700	383	22	25
702	382	21	26
702	383	21	26
702	383	21	26
703	383	20	26
702	383	20	26
701	384	21	25
701	384	21	25
700	383	21	25
701	382	20	25
703	382	19	26
704	382	19	26
705	383	19	26
706	383	20	26
707	383	20	26
708	383	20	25
709	383	20	25
711	383	20	25
712	383	20	24
713	383	20	24
714	384	20	24
716	384	20	24
718	384	20	23
720	384	20	23
722	384	20	23
725	384	20	23
727	384	20	23
729	384	20	23
732	384	20	23
737	384	20	22
739	383	20	22
743	384	20	22
744	384	19	23
746	384	20	23
749	384	20	23
752	384	21	23
754	383	21	23
759	384	21	24
759	384	21	25
760	384	21	25
764	383	21	26
765	383	20	26
767	383	21	26
768	383	20	27
768	383	20	28
768	383	20	28
769	383	21	28
769	382	21	28
769	383	21	27
769	383	21	27
769	384	22	27
770	385	22	26
772	385	22	27
772	386	22	26
773	385	22	27
773	387	22	26
774	386	22	27
776	386	22	28
776	387	22	27
777	386	23	27
779	389	24	27
778	388	25	27
779	387	25	28
781	389	26	27
783	388	26	27
785	388	27	28
784	388	25	29
783	388	24	29
784	387	23	30
786	387	22	29
789	389	22	29
790	391	21	28
790	391	21	28
790	391	22	28
792	392	23	27
792	393	23	26
794	393	23	26
796	395	23	25
796	395	23	24
798	394	23	25
799	395	24	24
800	394	24	24
800	394	23	24
802	394	24	24
801	394	24	25
802	394	24	25
804	396	24	25
805	395	24	25
805	398	24	25
805	399	24	25
806	398	23	25
806	398	23	25
807	397	23	26
808	398	24	26
809	397	23	26
808	399	24	26
808	397	24	27
809	399	23	27
809	397	23	27
809	395	23	27
813	396	22	27
814	395	21	26
814	395	20	26
814	394	19	26
814	394	19	25
814	395	19	25
815	395	19	25
815	395	19	25
815	396	19	25
815	396	19	24
817	396	18	24
816	396	19	23
816	396	19	23
816	395	19	22
816	395	20	22
816	396	20	22
817	396	20	22
817	397	20	22
818	396	20	22
818	396	21	21
819	396	20	22
819	396	20	23
819	396	20	23
820	396	20	23
821	396	20	23
821	396	20	23
822	396	20	23
823	396	20	23
824	395	19	23
825	396	19	24
825	396	19	24
827	395	19	23
828	395	19	23
830	396	19	23
831	397	19	23
831	397	19	24
831	397	19	24
832	397	20	24
833	398	20	24
835	397	20	24
836	397	20	25
836	398	20	25
837	398	20	25
837	398	20	25
837	398	20	25
837	398	21	25
837	398	21	24
836	398	21	24
836	399	20	25
836	399	20	25
835	398	20	24
835	398	19	24
834	398	19	24
832	398	18	23
831	399	18	23
831	399	18	22
830	398	18	22
829	397	18	21
826	397	19	21
825	397	19	20
824	397	19	20
821	396	19	20
819	397	19	20
817	397	19	20
815	396	18	20
813	396	19	21
812	396	19	21
810	397	19	21
807	396	20	21
807	397	21	21
805	398	21	20
805	399	22	21
804	400	23	21
803	400	23	21
802	402	23	21
800	400	24	22
798	398	24	21
796	399	25	21
796	400	26	21
794	397	26	22
792	396	25	22
790	397	25	22
789	396	25	22
787	397	25	22
787	398	24	22
786	396	24	22
785	395	24	22
784	394	24	21
784	393	23	20
784	393	23	20
783	392	23	21
784	392	23	21
784	391	23	21
782	391	22	21
782	391	23	21
781	391	23	21
782	390	23	21
780	390	23	21
780	389	22	21
779	389	23	20
776	388	23	20
777	388	23	20
776	388	23	20
774	388	24	20
774	388	24	20
771	387	24	20
770	387	24	20
770	387	23	20
768	386	23	19
767	386	23	19
766	385	22	19
766	385	21	19
764	384	20	19
765	384	19	19
763	383	18	18
761	383	18	18
758	383	18	18
756	383	18	17
753	383	18	17
750	383	18	17
747	382	18	17
744	382	18	17
741	381	18	17
737	380	17	17
737	380	17	17
734	380	17	17
732	380	16	17
728	380	17	17
724	380	16	16
721	381	16	16
720	382	16	16
718	381	16	15
713	381	16	16
710	380	17	16
708	380	17	16
706	382	17	15
706	382	16	15
702	382	18	14
704	381	17	14
704	381	16	15
704	381	16	15
706	381	16	15
706	381	16	14
707	381	15	14
709	381	16	14
710	381	16	15
713	381	16	14
718	380	16	15
722	380	16	15
727	379	16	16
731	379	16	16
735	378	15	16
741	378	15	16
741	378	15	17
747	378	16	17
751	381	16	17
755	381	16	17
760	382	16	17
763	383	17	17
764	383	17	16
767	384	18	16
770	384	17	17
773	384	17	17
776	385	17	16
778	385	17	16
779	385	17	16
780	385	18	17
782	385	18	17
782	385	18	17
783	385	18	17
783	385	18	18
783	385	18	18
783	385	18	18
783	385	19	19
782	386	19	19
781	385	19	19
781	386	20	19
781	386	20	19
780	386	20	19
777	385	21	19
776	386	21	19
775	386	21	20
775	387	21	20
774	387	21	20
772	387	21	20
770	386	22	21
770	387	22	21
770	388	21	21
770	387	21	21
769	388	21	21
769	388	21	22
770	388	22	22
770	388	22	22
770	388	22	23
770	388	22	23
770	388	22	24
770	389	22	24
771	389	22	24
771	390	23	24
771	390	23	25
770	389	23	25
770	390	23	25
769	390	23	26
769	391	24	26
768	391	24	27
767	391	24	27
766	390	25	27
764	391	25	28
762	391	25	28
757	392	26	28
755	392	26	29
755	392	26	30
752	392	26	30
748	392	27	31
745	393	28	32
741	392	28	32
737	392	29	33
736	393	29	33
732	392	30	34
727	393	31	34
721	394	31	35
717	395	31	36
710	396	32	36
710	396	33	37
704	395	33	37
698	397	34	38
690	397	35	38
683	398	36	39
676	397	36	39
675	397	37	40
667	397	37	41
658	399	37	41
649	399	38	42
640	399	39	43
631	399	39	43
622	400	40	44
621	400	41	45
612	400	41	45
602	400	42	45
583	406	43	45
572	407	44	46
571	408	44	46
563	408	45	47
550	409	46	47
540	412	46	47
529	414	47	47
521	415	48	47
519	416	49	48
509	417	49	49
501	418	49	49
489	421	50	49
478	423	52	49
468	426	53	49
468	427	53	50
458	426	54	50
449	428	53	51
440	430	54	52
431	430	53	53
423	431	55	53
422	433	56	54
414	434	57	55
405	436	57	55
396	437	57	56
390	438	57	56
381	440	57	57
380	440	56	58
373	442	57	58
366	443	58	57
358	446	58	56
348	448	57	56
347	448	56	56
344	450	55	55
340	451	54	55
337	452	53	55
336	453	54	55
334	453	53	55
334	454	52	56
334	455	53	55
335	456	53	55
337	457	53	54
338	458	54	53
340	460	53	52
341	461	53	51
344	462	52	51
345	463	51	51
348	463	51	50
349	463	52	50
353	464	52	49
355	465	51	49
358	465	51	48
361	465	50	47
367	465	49	46
370	465	48	46
373	467	46	46
374	467	45	45
378	467	44	45
383	468	44	43
387	469	44	43
391	470	44	41
393	471	44	41
404	472	43	39
410	473	41	38
417	472	41	37
424	473	40	36
430	474	38	37
430	474	37	37
438	475	36	36
444	476	36	36
452	477	36	36
458	477	36	36
466	478	34	36
466	478	34	35
470	479	34	35
478	478	34	35
484	478	34	36
490	480	34	35
496	480	34	35
496	481	34	35
501	483	35	34
507	486	36	34
511	487	39	30
516	488	41	28
523	488	42	28
523	489	44	27
523	493	44	27
532	496	45	26
536	495	44	26
546	494	44	27
551	494	45	27
557	495	46	26
564	496	46	27
568	496	46	27
574	498	46	26
580	498	47	27
579	498	48	27
585	499	48	27
588	498	47	27
595	499	47	27
598	501	48	27
603	501	48	27
603	501	47	27
608	502	47	27
616	505	47	26
620	505	47	26
624	508	47	26
631	509	45	26
633	509	44	25
632	512	44	25
637	511	42	26
641	513	41	26
646	512	39	26
651	512	35	29
651	512	32	30
654	513	30	31
656	514	29	31
660	514	30	31
661	516	31	30
664	517	31	30
663	519	31	30
664	519	30	30
664	521	31	30
664	523	30	31
664	525	29	31
664	525	29	31
665	526	29	31
664	528	29	31
662	529	29	31
662	531	29	31
660	532	28	31
662	533	28	31
660	534	29	31
659	535	29	31
657	536	28	31
655	539	28	31
654	540	27	32
654	540	28	31
653	542	28	32
651	544	27	32
650	545	27	32
648	547	27	33
647	549	28	33
647	549	28	32
647	551	28	32
645	554	29	32
644	555	28	33
643	557	28	33
642	560	28	33
641	562	28	34
641	563	29	34
640	564	29	35
639	565	29	35
638	567	29	36
637	568	29	36
637	571	30	36
637	571	30	36
637	573	30	37
637	575	30	37
636	577	29	37
637	578	29	38
637	579	29	38
637	581	29	38
639	582	29	39
638	584	28	40
639	585	29	40
639	587	29	40
640	588	30	39
639	590	31	39
638	592	32	40
636	593	32	40
635	594	32	41
634	594	33	42
633	597	34	43
632	601	36	43
628	604	37	44
625	607	38	45
622	611	39	45
620	608	40	47
618	607	41	49
610	612	43	50
606	610	45	51
602	616	47	52
600	614	48	53
596	615	50	54
591	615	51	55
582	617	51	57
576	622	52	57
570	623	54	56
560	625	55	57
557	631	54	55
552	630	55	55
548	627	55	57
541	626	57	57
535	625	59	57
530	625	60	58
527	624	60	59
521	623	61	59
515	621	63	59
510	618	62	61
506	617	63	62
503	614	63	62
504	615	62	62
499	611	62	62
493	611	64	62
488	611	64	62
487	608	64	62
485	606	64	62
485	611	64	61
480	604	65	61
476	597	65	62
475	592	65	62
473	589	65	61
473	589	65	60
472	588	65	59
473	584	64	59
476	582	63	59
477	578	62	58
481	574	60	58
481	574	59	58
484	571	58	58
486	568	57	57
489	565	56	55
491	563	55	54
494	560	55	53
495	559	54	53
496	556	53	53
499	554	52	53
501	553	52	52
504	551	51	51
505	550	51	50
506	549	51	49
507	548	50	49
509	546	50	47
510	545	50	46
511	542	49	46
512	540	48	46
512	541	47	46
512	538	47	45
512	537	47	45
512	533	47	44
513	531	46	44
514	530	44	43
513	528	44	43
512	527	44	43
511	526	44	43
511	524	44	42
511	522	44	42
511	523	44	42
512	521	43	42
512	520	43	42
510	518	45	42
510	517	45	42
510	516	46	42
510	515	47	43
510	514	47	43
509	513	49	43
510	513	50	42
511	512	51	42
513	511	51	42
514	511	51	42
514	509	51	42
517	509	51	42
518	508	52	42
520	507	53	41
522	505	54	41
523	504	55	41
525	503	54	41
527	502	55	41
529	500	55	41
535	498	54	42
538	497	54	42
540	496	54	41
544	495	54	41
547	494	55	40
552	493	55	40
555	491	56	40
558	490	57	40
561	489	57	40
565	488	57	40
568	487	58	40
572	486	59	40
576	484	59	40
579	483	58	41
582	483	60	40
587	482	59	40
591	480	59	40
596	478	59	40
602	476	60	40
604	476	60	41
608	474	60	41
613	473	60	41
619	471	61	41
623	471	60	41
627	470	59	41
629	469	59	41
633	468	58	41
638	466	59	41
644	464	57	42
650	462	57	43
651	461	57	43
658	458	57	44
664	456	57	44
669	454	58	44
673	452	58	44
677	451	59	43
678	452	58	43
682	450	60	44
686	449	60	44
689	447	61	44
693	446	62	45
696	444	63	46
695	444	63	46
697	442	63	47
699	441	64	48
699	439	65	49
699	436	64	51
699	434	61	52
700	434	62	53
698	432	60	55
700	432	60	55
701	430	60	56
698	429	58	58
698	429	58	58
698	429	57	58
695	428	57	58
688	428	59	57
681	427	58	58
674	425	58	59
668	424	57	60
660	423	57	61
652	422	57	62
644	422	58	62
635	421	59	63
626	422	59	63
623	422	57	63
617	422	55	63
606	421	54	63
602	422	53	62
594	423	53	61
590	428	52	59
589	429	52	59
586	431	53	58
583	433	53	56
580	434	53	56
578	435	53	56
577	436	53	57
577	438	52	58
576	438	52	58
575	439	53	58
575	440	52	59
575	442	53	59
575	442	54	58
575	443	54	58
574	444	54	57
573	444	55	56
572	445	54	56
569	447	53	56
567	448	52	54
564	449	51	54
562	451	53	52
559	454	54	50
554	451	56	49
547	449	57	48
547	446	55	49
542	443	55	48
538	441	54	48
530	441	56	47
525	440	55	48
518	440	56	48
516	439	55	49
512	439	54	49
508	439	55	48
503	438	55	49
496	438	55	50
492	438	56	50
491	438	56	49
486	437	57	49
482	436	58	49
479	435	59	47
475	433	58	48
472	433	58	48
468	430	59	47
468	430	58	47
465	429	57	48
462	428	58	47
458	426	57	48
457	425	56	48
455	424	57	48
450	423	59	48
445	421	59	48
440	419	58	48
437	418	59	48
433	417	60	48
431	415	59	48
428	414	58	49
425	413	58	48
419	412	59	47
415	410	58	47
412	410	58	47
409	409	56	47
404	408	55	48
399	406	55	48
394	404	54	48
390	403	52	48
386	401	51	48
384	400	50	47
378	398	49	47
375	397	47	48
371	397	46	48
368	395	45	48
363	391	46	48
364	391	45	48
361	393	45	48
357	390	45	48
353	388	45	49
350	387	46	48
348	385	45	48
345	382	46	49
343	383	46	49
345	384	46	47
347	380	45	47
350	382	45	47
350	382	44	47
354	381	44	47
361	379	43	47
365	377	43	47
369	376	43	47
373	375	42	47
373	375	42	47
377	374	42	47
383	373	42	48
386	374	43	48
393	374	42	48
397	371	41	48
397	373	41	48
401	373	41	48
407	374	42	48
411	377	43	48
415	385	51	40
419	386	55	36
418	386	57	34
419	374	51	41
423	387	55	37
424	387	57	35
426	392	59	33
431	398	61	32
429	398	61	31
432	397	63	31
435	397	64	30
431	396	63	29
432	395	63	29
433	395	63	29
434	395	63	30
433	400	62	30
431	400	61	30
433	399	61	29
429	399	60	30
431	398	59	30
428	397	60	29
428	397	61	29
427	396	60	30
422	401	61	29
420	400	63	29
419	399	64	29
415	399	63	30
412	398	62	32
408	396	61	33
405	396	61	33
401	396	61	34
401	397	62	34
395	395	62	35
393	401	64	34
389	402	67	32
382	402	68	33
377	403	70	33
376	403	70	33
370	402	71	34
368	404	73	34
357	406	78	34
348	407	83	35
345	408	86	35
337	407	88	35
330	406	91	36
324	405	92	37
320	405	93	37
315	404	92	40
315	404	91	41
310	404	92	42
305	403	93	43
299	403	94	44
294	403	94	45
290	403	95	44
288	403	96	44
289	402	94	46
289	401	94	47
285	402	95	46
287	403	94	46
290	403	95	45
289	404	95	45
294	406	96	45
299	405	96	44
307	404	94	45
314	405	93	44
322	405	93	45
321	405	92	45
330	405	92	45
338	405	93	44
348	404	92	44
365	403	93	43
369	401	90	44
379	401	89	45
389	401	90	44
401	399	88	44
414	399	88	44
424	397	87	45
425	397	87	46
435	395	86	47
446	394	86	47
457	394	85	47
467	392	84	48
475	390	84	49
476	389	85	50
485	388	83	51
491	396	84	49
500	396	83	48
511	395	83	50
518	394	83	51
518	393	83	53
525	392	83	54
530	389	78	61
536	389	77	66
543	390	76	67
548	392	78	67
549	393	78	68
553	395	80	69
557	394	81	66
561	393	82	65
566	391	82	65
568	389	81	66
571	385	77	67
576	383	75	65
579	388	76	63
583	392	79	59
587	389	79	58
586	389	79	59
589	389	78	60
590	390	79	60
592	390	79	60
594	391	79	62
596	392	79	62
594	392	80	62
599	397	81	60
600	398	83	60
601	405	82	59
602	403	82	59
603	399	81	60
603	398	80	61
603	397	79	63
605	397	79	64
608	399	79	66
609	400	80	65
613	399	79	65
613	400	79	65
614	401	78	67
615	402	80	66
615	400	81	67
619	400	80	68
620	399	78	70
623	399	78	69
625	398	78	70
626	398	78	70
627	399	77	70
631	399	77	70
632	400	78	71
632	401	78	72
633	400	79	71
637	406	79	72
638	406	78	72
639	403	77	72
640	400	74	71
641	400	73	70
642	400	72	71
643	401	71	71
643	400	71	69
643	405	72	68
638	405	74	66
639	404	74	66
640	402	72	67
641	401	71	67
641	401	72	66
640	401	72	65
639	402	71	65
639	402	71	65
638	402	71	64
637	402	70	63
638	408	69	60
635	407	68	59
634	406	66	59
632	404	64	58
631	405	60	59
629	405	57	57
628	406	56	56
626	408	55	54
625	409	54	53
623	410	53	51
621	410	53	50
617	410	53	48
613	410	51	48
610	410	48	47
607	409	46	47
603	409	43	46
599	409	42	46
594	409	41	44
591	408	40	44
588	408	39	43
586	407	39	43
583	407	38	43
579	405	36	43
575	405	36	42
571	404	36	41
566	403	36	41
565	401	35	41
560	400	35	41
556	399	35	41
551	399	36	39
548	401	37	38
544	403	38	37
537	403	39	36
533	399	39	36
527	400	39	36
518	400	38	36
515	401	38	36
514	402	37	35
510	402	37	35
503	403	36	35
498	403	35	35
494	402	35	34
489	402	34	34
490	402	34	33
483	401	33	33
478	401	32	32
476	401	32	31
469	401	31	31
467	399	32	29
467	399	31	29
465	399	31	28
463	399	32	28
459	397	32	28
458	396	32	28
455	394	31	28
455	394	29	28
454	394	29	27
455	393	28	26
457	393	26	26
459	392	25	25
459	393	24	24
460	393	23	23
461	393	22	22
462	392	22	22
465	392	21	21
467	392	21	21
468	392	21	20
470	392	20	20
472	391	20	19
475	390	20	19
478	390	20	18
481	388	20	18
482	388	20	17
485	388	19	17
488	388	18	16
493	388	18	16
495	388	17	16
501	384	17	16
502	383	16	16
507	384	16	16
510	385	15	15
513	383	15	15
517	381	15	15
520	380	15	15
521	380	14	15
524	380	14	15
528	378	15	15
530	378	15	15
533	377	16	16
535	375	16	17
535	374	17	17
538	376	18	17
541	374	18	18
547	374	19	19
549	373	19	19
550	372	19	19
553	374	20	20
554	374	21	20
557	373	21	21
560	372	21	22
563	372	22	22
563	372	23	23
567	371	24	23
570	368	25	25
571	369	26	25
573	367	26	27
576	366	25	28
576	365	25	29
579	366	25	29
582	366	25	29
584	366	25	29
588	367	25	29
591	366	25	30
591	366	25	30
593	367	26	30
596	368	26	29
598	367	26	28
601	367	26	27
604	367	26	27
606	368	25	26
608	368	25	26
610	369	25	25
615	368	24	25
618	368	24	25
618	368	24	25
621	368	23	25
623	368	23	25
625	368	24	25
627	369	24	25
629	369	24	24
629	369	24	24
631	369	23	24
633	369	23	24
636	369	23	24
638	368	23	24
639	368	23	24
640	368	23	24
641	368	23	24
643	368	22	24
645	369	22	24
646	368	23	24
648	369	23	24
648	369	23	24
648	370	24	24
649	370	24	24
648	370	24	24
648	370	24	24
646	369	25	24
645	370	26	24
644	370	26	24
641	370	26	24
638	368	26	25
631	369	26	25
629	369	27	25
624	369	27	25
620	369	27	25
613	370	27	26
608	370	28	26
602	371	29	26
602	371	29	26
598	370	29	27
590	371	30	27
584	371	30	28
580	371	30	28
573	371	30	27
572	371	30	27
569	371	30	27
565	371	30	26
562	371	31	25
557	372	30	25
555	373	28	26
554	373	28	25
552	373	27	25
550	374	27	25
550	375	26	26
549	375	26	26
548	374	26	26
550	376	26	26
550	375	27	26
550	377	28	26
553	377	28	25
556	376	28	25
552	377	27	26
553	377	27	26
553	377	26	27
553	377	26	27
554	378	26	27
555	378	27	28
556	380	28	28
554	379	30	28
555	380	30	29
554	380	30	28
554	381	30	28
553	382	31	28
553	383	32	28
552	384	32	28
553	383	32	28
554	384	32	28
553	384	33	28
553	384	33	28
553	384	34	28
553	384	34	28
554	384	34	27
553	385	36	25
553	386	38	23
559	386	37	22
562	387	35	22
564	387	34	21
564	388	33	21
564	389	33	20
564	391	33	20
564	392	34	19
565	392	34	19
567	393	34	19
568	394	34	19
570	394	35	20
570	394	36	19
572	394	37	18
571	394	38	18
570	394	39	18
569	396	39	18
564	393	38	19
564	393	36	19
565	393	34	19
566	393	33	19
567	392	32	19
567	393	31	19
569	393	29	21
569	394	28	22
572	400	29	21
572	402	30	21
574	408	31	20
575	411	32	20
576	413	33	20
578	412	34	20
576	411	34	20
578	408	34	21
572	400	33	21
572	400	33	20
571	400	32	19
570	401	32	18
581	404	27	20
584	406	24	23
585	410	23	24
587	413	24	24
589	416	25	24
590	418	26	24
591	418	27	24
594	420	31	23
596	423	34	22
599	421	35	22
601	424	36	22
604	423	38	23
604	422	39	24
605	423	41	24
606	422	42	25
605	425	42	25
608	424	43	26
610	427	44	26
609	425	44	27
607	428	45	27
604	430	47	28
606	432	48	28
605	433	49	29
608	430	48	30
606	432	48	30
609	431	48	31
607	433	47	32
609	434	47	32
607	437	48	32
610	434	48	32
611	437	48	32
613	436	47	32
616	439	46	31
617	439	47	30
618	442	45	30
619	441	44	30
619	442	44	30
620	443	43	29
620	446	43	29
623	446	39	31
623	449	40	30
623	448	37	32
626	445	36	33
627	447	34	33
629	450	34	33
626	454	34	34
628	455	34	34
618	467	39	31
614	469	41	28
616	473	42	27
618	474	43	27
621	475	43	27
623	476	44	28
624	476	44	29
626	475	43	30
630	471	42	34
632	467	41	37
635	467	39	40
637	468	39	41
637	470	40	42
640	467	40	42
645	470	39	42
647	471	39	43
645	473	40	42
647	473	40	43
649	474	40	43
649	476	41	42
647	478	43	42
649	481	44	42
657	479	42	42
659	479	41	42
661	478	40	41
663	481	40	41
666	483	39	41
