0.051041
0.032615
0.024511
0.027584
0.027129
0.026459
0.023174
0.023052
0.022717
0.023317
0.023223
0.022797
0.022702
0.022763
0.022890
0.022708
0.024990
0.026035
0.024694
0.025131
0.023784
0.041646
0.033187
0.029601
0.032028
0.032104
0.030150
0.032151
0.031930
0.031432
0.032268
0.031214
0.029598
0.046937
0.035982
0.029817
0.029386
0.029075
0.028633
0.028719
0.028904
0.029582
0.029071
0.029036
0.030101
0.031578
0.030218
0.025278
0.023685
0.023761
0.025054
0.024405
0.023923
0.025019
0.025863
0.025555
0.023924
0.022748
0.024838
0.023407
0.037419
0.034133
0.029508
0.030322
0.030250
0.029608
0.031185
0.031388
0.031891
0.030812
0.031705
0.031331
0.029915
0.031155
0.030356
0.025902
0.025729
0.026859
0.026563
0.038658
0.049710
0.037350
0.035151
0.030485
0.031116
0.030102
0.030901
0.040262
0.037944
0.035851
0.034271
0.034968
0.035301
0.034250
0.035259
0.036503
0.035999
0.034556
0.030109
0.029137
0.028423
0.028120
0.031874
0.029846
0.027961
0.027598
0.030711
0.036093
0.027541
0.029160
0.027725
0.028459
0.029164
0.030063
0.034300
0.031454
0.036273
0.031921
0.033425
0.040760
0.036067
0.045494
0.035150
0.033448
0.033032
0.038889
0.031776
0.030283
0.030436
0.030467
0.030287
0.030170
0.025017
0.025465
0.024279
0.024173
0.025188
0.024582
0.024901
0.025006
0.024681
0.024728
0.025263
0.026390
0.025722
0.025909
0.024592
0.026196
0.026617
0.025966
0.043975
0.037580
0.036123
0.037169
0.042839
0.034243
0.026160
0.024559
0.029890
0.024428
0.025610
0.027005
0.023921
0.024297
0.026393
0.024607
0.023035
0.025578
0.025084
0.023315
0.025771
0.025234
0.024310
0.025970
0.027158
0.023955
0.025536
0.024234
0.024988
0.025208
0.023478
0.026178
0.027272
0.027400
0.025080
0.024187
0.026838
0.023770
0.024853
0.023182
0.029601
0.037669
0.037584
0.037257
0.038661
0.038005
0.045911
0.032609
0.036439
0.033422
0.032828
0.031482
0.031321
0.031148
0.031552
0.030659
0.031314
0.024780
0.026186
0.026613
0.026810
0.025897
0.026151
0.026184
0.026038
0.026286
0.025578
0.025136
0.026037
0.026855
0.025964
0.025247
0.027549
0.026937
0.027019
0.026162
0.035715
0.024973
0.025054
0.025006
0.057001
0.041684
0.037573
0.037685
0.032678
0.030889
0.030451
0.030211
0.030575
0.040009
0.031987
0.045601
0.025102
0.025345
0.023767
0.023165
0.029275
0.024417
0.023387
0.026478
0.027667
0.023904
0.024423
0.024884
0.027715
0.024179
0.024924
0.027348
0.034553
0.044180
0.037548
0.037110
0.037466
0.036644
0.036301
0.036984
0.036532
0.037246
0.030586
0.045270
0.033803
0.032048
0.032315
0.032564
0.031905
0.031829
0.030814
0.024724
0.024830
0.028073
0.028168
0.045955
0.030776
0.031450
0.030791
0.030051
0.030283
0.030189
0.030946
0.028002
0.028110
0.028340
0.027418
0.027874
0.027572
0.027864
0.040870
0.032850
0.026079
0.026994
0.026281
0.025062
0.025812
0.026130
0.025308
0.025967
0.023257
0.025380
0.024788
0.025259
0.036100
0.044436
0.035681
0.032077
0.030730
0.029780
0.029526
0.029339
0.030435
0.029519
0.029581
0.030109
0.026565
0.027705
0.026838
0.024647
0.024695
0.024807
0.027126
0.026885
0.026972
0.026579
0.025517
0.026120
0.026587
0.025444
0.024200
0.023904
0.024102
0.025000
0.026587
0.048454
0.024449
0.023832
0.024049
0.024375
0.026026
0.043835
0.034665
0.025692
0.027900
0.027001
0.025666
0.025875
0.026037
0.026241
0.026342
0.026413
0.026952
0.026031
0.026610
0.025874
0.025957
0.024662
0.025401
0.025640
0.036607
0.038911
0.031462
0.029855
0.029496
0.029136
0.029681
0.030121
0.029923
0.029279
0.029362
0.023600
0.026282
0.024237
0.025193
0.025653
0.023683
0.023299
0.023412
0.023608
0.023471
0.023445
0.023439
0.023700
0.023503
0.023226
0.023851
0.023041
0.023050
0.024357
0.025385
0.024182
0.023693
0.035669
0.027367
0.023311
0.024591
0.031770
0.031490
0.032070
0.029380
0.029181
0.029938
0.030280
0.029335
0.029234
0.023089
0.022958
0.022793
0.023095
0.023136
0.022398
0.022621
0.022356
0.022950
0.022228
0.024380
0.022778
0.022709
0.022207
0.022132
0.023731
0.024034
0.024743
0.023426
0.023498
0.023204
0.024668
0.023530
0.024781
0.023032
0.022640
0.022756
0.023309
0.024003
0.024100
0.023428
0.023657
0.023166
0.023846
0.023109
0.023027
0.022706
0.023269
0.023914
0.023535
0.024247
0.023589
0.023645
0.025097
0.026257
0.024366
0.023409
0.023534
0.025159
0.025233
0.024777
0.025062
0.024004
0.023908
0.024168
0.023986
0.025325
0.025432
0.023168
0.024841
0.027060
0.026055
0.024908
0.025352
0.024821
0.024813
0.024373
0.024611
0.024307
0.025210
0.027574
0.027102
0.038590
0.027752
0.027159
0.029538
0.027457
0.053966
0.039054
0.034706
0.035152
0.035815
0.047424
0.040000
0.033714
0.030091
0.032506
0.031043
0.031806
0.032153
0.032429
0.029707
0.029186
0.030893
0.030434
0.031178
0.023252
0.023323
0.023084
0.023162
0.023090
0.023458
0.024462
0.024080
0.023877
0.025548
0.025896
0.035346
0.026402
0.025978
0.023754
0.023007
0.024815
0.026006
0.023162
0.022950
0.023681
0.023418
0.024322
0.022979
0.023381
0.023035
0.023058
0.023460
0.022914
0.023579
0.022957
0.023067
0.023866
0.022797
0.022004
0.022350
0.022489
0.023030
0.024581
0.023666
0.023521
0.024344
0.023149
0.025311
0.026269
0.025932
0.023890
0.023159
0.025126
0.024447
0.023938
0.023348
0.022622
0.024065
0.023630
0.023990
0.024380
0.023597
0.024652
0.041883
0.040651
0.048707
0.037609
0.044036
0.034575
0.029388
0.026137
0.035457
0.036791
0.036189
0.034898
0.034294
0.034099
0.034708
0.034028
0.051250
0.039377
0.029893
0.029322
0.028389
0.028400
0.029363
0.030243
0.029153
0.029821
0.032123
0.030123
0.029055
0.029289
0.029208
0.029508
0.029990
0.030961
0.027537
0.024076
0.035320
0.030443
0.028792
0.028958
0.031179
0.030461
0.030499
0.029863
0.030325
0.029906
0.030413
0.031325
0.032061
0.029938
0.025044
0.024096
0.025205
0.024871
0.024588
0.025318
0.025104
0.025656
0.022738
0.023142
0.024328
0.025512
0.024236
0.023191
0.024389
0.023419
0.023797
0.024240
0.024246
0.023465
0.023472
0.024951
0.025765
0.024504
0.024182
0.022339
0.022385
0.022829
0.023324
0.022905
0.022987
0.022876
0.023062
0.022920
0.022986
0.022861
0.022986
0.022947
0.022852
0.023085
0.031076
0.026043
0.025430
0.025810
0.029366
0.028729
0.027406
0.027185
0.029478
0.027358
0.027093
0.026626
0.052635
0.037341
0.034521
0.035862
0.035318
0.034780
0.034237
0.034270
0.036472
0.034689
0.035357
0.034597
0.035013
0.035366
0.030206
0.031536
0.031082
0.030571
0.027734
0.025981
0.024223
0.023298
0.027302
0.023495
0.023464
0.025618
0.024128
0.023017
0.026070
0.023311
0.023419
0.025287
0.023648
0.024500
0.048311
0.034371
0.032658
0.030040
0.030339
0.031305
0.031683
0.031273
0.030497
0.030760
0.029868
0.030030
0.030870
0.030385
0.030203
0.029635
0.029289
0.029914
0.026713
0.023564
0.043879
0.048088
0.041903
0.036811
0.035570
0.037503
0.038050
0.036135
0.037321
0.036987
0.038368
0.037058
0.029524
0.023520
0.024276
0.025009
0.023562
0.025586
0.024244
0.024403
0.024514
0.024568
0.024340
0.024402
0.024560
0.023748
0.023401
0.023257
0.023499
0.025326
0.024852
0.023820
0.023348
0.023369
0.024767
0.022528
0.022936
0.023197
0.024050
0.025491
0.025192
0.045469
0.031711
0.030358
0.030792
0.029813
0.031726
0.031814
0.030527
0.030676
0.030821
0.029689
0.037601
0.030600
0.029601
0.023060
0.024127
0.022885
0.025127
0.024382
0.023939
0.023864
0.024212
0.023511
0.024338
0.022877
0.023732
0.022886
0.023630
0.024927
0.025042
0.023550
0.027479
0.025986
0.024886
0.026277
0.026349
0.026027
0.026675
0.027520
0.026542
0.025546
0.026477
0.025605
0.025810
0.026381
0.027086
0.026218
0.026897
0.026823
0.024409
0.024298
0.032647
0.033360
0.031231
0.031811
0.033959
0.033063
0.030897
0.048725
0.032227
0.030521
0.028727
0.028578
0.030137
0.028838
0.028567
0.029062
0.024076
0.024614
0.024070
0.023983
0.023540
0.025599
0.023524
0.023627
0.025549
0.025399
0.036325
0.025024
0.052524
0.039102
0.037490
0.036875
0.034725
0.036791
0.035985
0.035558
0.036170
0.039275
0.037673
0.037740
0.035439
0.031236
0.030203
0.030433
0.030734
0.029545
0.032231
0.030873
0.030279
0.030461
0.027142
0.026632
0.024101
0.033625
0.034200
0.026448
0.024280
0.024281
0.025704
0.025345
0.025841
0.024565
0.025845
0.024400
0.026465
0.024689
0.026432
0.024782
0.024056
0.025730
0.026221
0.025199
0.024315
0.024254
0.027142
0.024987
0.025013
0.023627
0.025508
0.026725
0.024637
0.024830
0.023514
0.027606
0.025087
0.024872
0.024710
0.023573
0.027399
0.025590
0.025204
0.024306
0.026080
0.026308
0.024748
0.044955
0.031308
0.026359
0.025223
0.024862
0.024716
0.024982
0.025151
0.025055
0.024966
0.025212
0.025525
0.024570
0.025182
0.025286
0.025707
0.026692
0.027052
0.025679
0.025444
0.025337
0.027058
0.026888
0.026650
0.026738
0.026478
0.027678
0.027387
0.026367
0.025687
0.025769
0.027050
0.026576
0.026897
0.030624
0.027522
0.028037
0.027562
0.026140
0.029331
0.026278
0.026221
0.028470
0.026435
0.026053
0.026367
0.027490
0.029143
0.026092
0.025750
0.028172
0.027245
0.028615
0.026096
0.025777
0.028104
0.025923
0.025609
0.025820
0.025705
0.026134
0.026700
0.025660
0.025631
0.024638
0.037066
0.026728
0.025019
0.024378
0.026783
0.024390
0.027133
0.025442
0.025883
0.025311
0.025322
0.024195
0.025445
0.025844
0.024173
0.026256
0.041257
0.036984
0.037959
0.037532
0.037214
0.037399
0.036203
0.036998
0.036221
0.036392
0.037318
0.029522
0.029367
0.030327
0.029309
0.031111
0.031703
0.029643
0.029906
0.031355
0.039890
0.030799
0.037135
0.030818
0.030273
0.030789
0.031104
0.030827
0.030949
0.031060
0.030975
0.033678
0.033117
0.034624
0.029406
0.030106
0.028348
0.045927
0.032435
0.028463
0.028245
0.038578
0.034453
0.033130
0.032243
0.031957
0.046227
0.052973
0.040297
0.037396
0.037979
0.037066
0.038214
0.038601
0.039129
0.038090
0.037707
0.038964
0.037529
0.037163
0.037895
0.039125
0.034009
0.031910
0.032437
0.030291
0.030734
0.030615
0.030612
0.030818
0.031948
0.031954
0.031294
0.032985
0.032920
0.031016
0.030300
0.029497
0.029258
0.029885
0.028753
0.029293
0.028838
0.029335
0.029223
0.029024
0.029639
0.029115
0.028812
0.028756
0.031384
0.030575
0.031191
0.031960
0.031602
0.029730
0.031198
0.030288
0.028760
0.028235
0.027825
0.027865
0.028059
0.030563
0.048309
0.030728
0.047242
0.044678
0.037382
0.033646
0.032702
0.032101
0.032666
0.032438
0.037219
0.033658
0.033482
0.033894
0.032128
0.048272
0.052123
0.042912
0.033869
0.038871
0.037772
0.037787
0.037923
0.038378
0.032300
0.030688
0.030716
0.029856
0.029822
0.031645
0.031610
0.033308
0.034040
0.031851
0.031277
0.031939
0.032320
0.031149
0.031300
0.033317
0.030293
0.024873
0.025157
0.025098
0.025917
0.025459
0.025697
0.026010
0.026066
0.026241
0.026377
0.026567
0.026714
0.025052
0.027894
0.028282
0.026409
0.027803
0.031806
0.031210
0.030812
0.032990
0.032386
0.031669
0.031019
0.030761
0.024617
0.024738
0.024640
0.024690
0.024385
0.024323
0.024194
0.024045
0.026250
0.025352
0.024818
0.025057
0.025087
0.027358
0.027638
0.027239
0.026215
0.024102
0.024192
0.023811
0.023552
0.024876
0.025916
0.025442
0.054172
0.040601
0.035621
0.035432
0.037498
0.036820
0.035603
0.035428
0.035444
0.035708
0.040938
0.038869
0.040882
0.036432
0.033299
0.030325
0.032850
0.033339
0.032906
0.032446
0.031960
0.033615
0.030663
0.034492
0.030910
0.031333
0.033414
0.030288
0.028364
0.028299
0.028979
0.030651
0.041427
0.030136
0.028912
0.030433
0.030307
0.030603
0.030774
0.029913
0.029945
0.031826
0.029650
0.030386
0.029361
0.030688
0.029402
0.029199
0.028966
0.029113
0.031083
0.031682
0.030613
0.033197
0.034280
0.033035
0.033154
0.029566
0.028928
0.028816
0.029579
0.029319
0.028051
0.027962
0.028819
0.028405
0.028220
0.028599
0.027676
0.027898
0.027591
0.027624
0.027671
0.027653
0.027933
0.030115
0.031214
0.031918
0.032821
0.031805
0.029445
0.028067
0.028326
0.029083
0.028224
0.028089
0.028073
0.028196
0.030143
0.030003
0.028440
0.028074
0.028174
0.028136
0.028579
0.028341
0.028703
0.028254
0.028126
0.029051
0.028229
0.028249
0.031960
0.030172
0.030289
0.040875
0.045717
0.035457
0.032100
0.031481
0.034068
0.041598
0.046294
0.031465
0.031718
0.035891
0.033147
0.033010
0.033564
0.032091
0.031733
0.033009
0.032032
0.031002
0.031026
0.031388
0.031327
0.032215
0.030783
0.026087
0.027625
0.024518
0.023685
0.024157
0.047142
0.036537
0.034136
0.032212
0.032768
0.036410
0.032780
0.033810
0.034042
0.031059
0.030476
0.030514
0.030369
0.031296
0.042541
0.043425
0.034501
0.030724
0.031776
0.033054
0.032170
0.031629
0.031948
0.031031
0.033612
0.031643
0.031675
0.033063
0.028636
0.024739
0.026248
0.026628
0.025198
0.026525
0.025814
0.025131
0.027511
0.027039
0.026166
0.026247
0.027391
0.025300
0.024669
0.052294
0.033810
0.032706
0.030869
0.030159
0.030438
0.031031
0.031794
0.032233
0.031243
0.032175
0.031892
0.026776
0.025470
0.025844
0.025174
0.025047
0.025119
0.024667
0.034476
0.031971
0.031997
0.031863
0.031286
0.031271
0.031260
0.031329
0.043899
0.032243
0.032274
0.030059
0.029161
0.029045
0.029362
0.029306
0.029526
0.027922
0.023209
0.022870
0.022847
0.023527
0.022915
0.022611
0.022817
0.022880
0.022791
0.023029
0.023793
0.023552
0.023624
0.023400
0.024720
0.022814
0.023006
0.025434
0.025312
0.024018
0.024888
0.026978
0.024910
0.024276
0.024338
0.023918
0.028851
0.029123
0.028875
0.028395
0.030354
0.027866
0.027812
0.027318
0.026915
0.026128
0.027341
0.026062
0.025459
0.027261
0.027966
0.027902
0.028062
0.036787
0.034400
0.035212
0.036291
0.036458
0.033570
0.032391
0.029780
0.030221
0.030046
0.029107
0.030089
0.029015
0.028813
0.028734
0.028797
0.028634
0.029280
0.030763
0.024106
0.034117
0.025864
0.026276
0.038083
0.030474
0.030123
0.041164
0.033229
0.024076
0.022978
0.023563
0.024883
0.023292
0.023575
0.023599
0.022999
0.023296
0.024598
0.023747
0.023527
0.024457
0.025385
0.024517
0.025481
0.024262
0.024665
0.023602
0.024013
0.022596
0.022297
0.022373
0.024296
0.024517
0.023540
0.024318
0.023546
0.025166
0.023595
0.024874
0.025855
0.024634
0.024632
0.024646
0.024251
0.023597
0.023046
0.025624
0.025322
0.024334
0.024336
0.025208
0.043394
0.047573
0.047178
0.035365
0.031842
0.031569
0.032047
0.031158
0.030871
0.031438
0.031244
0.031728
0.031978
0.046746
0.037115
0.033475
0.028805
0.031049
0.030056
0.029780
0.029643
0.030236
0.028835
0.028693
0.031680
0.028726
0.032374
0.029035
0.032086
0.029968
0.029088
0.023892
0.024716
0.024034
0.042181
0.035968
0.032808
0.031626
0.032184
0.031908
0.032129
0.031312
0.033298
0.030297
0.031787
0.032096
0.032284
0.027064
0.025856
0.026513
0.026220
0.029136
0.026080
0.038621
0.035084
0.025913
0.026980
0.042532
0.032605
0.032111
0.030953
0.031826
0.031167
0.030939
0.043668
0.039580
0.042941
0.039741
0.036297
0.032389
0.032489
0.031544
0.031440
0.031979
0.030798
0.032180
0.044322
0.034675
0.031884
0.031835
0.032648
0.033371
0.029656
0.029730
0.030720
0.030180
0.028857
0.029221
0.028978
0.028958
0.028450
0.028674
0.029145
0.028691
0.029461
0.028722
0.030293
0.031123
0.029851
0.029201
0.029265
0.029788
0.029422
0.029354
0.029530
0.029230
0.029525
0.029208
0.029668
0.029239
0.029446
0.027708
0.025264
0.025900
0.043472
0.023218
0.040509
0.043823
0.024966
0.024199
0.026236
0.024022
0.024595
0.050227
0.035659
0.024695
0.023969
0.024221
0.025222
0.023981
0.025191
0.031542
0.040135
0.038368
0.038339
0.038376
0.041983
0.044102
0.033574
0.032708
0.032864
0.031065
0.030274
0.030438
0.030771
0.030143
0.030654
0.032859
0.030568
0.030314
0.030500
0.030549
0.029932
0.024233
0.024358
0.024930
0.024739
0.024911
0.025218
0.026854
0.033757
0.024907
0.024538
0.024425
0.025010
0.025521
0.025715
0.024150
0.026879
0.044996
0.031509
0.024030
0.025777
0.024817
0.024590
0.044856
0.033546
0.031875
0.031618
0.031438
0.032066
0.031655
0.032130
0.041480
0.038838
0.043747
0.041139
0.046513
0.036984
0.036516
0.036355
0.036455
0.036782
0.037787
0.037587
0.037494
0.036480
0.029281
0.030035
0.031035
0.031048
0.029956
0.030345
0.030294
0.030655
0.033102
0.032849
0.033817
0.030994
0.030717
0.031564
0.029887
0.029932
0.030059
0.028040
0.028395
0.032905
0.050151
0.022803
0.022682
0.022175
0.024375
0.024975
0.022762
0.022910
0.023776
0.023090
0.023061
0.022899
0.022952
0.022233
0.022738
0.023125
0.024142
0.023851
0.024989
0.025346
0.024178
0.022445
0.022215
0.022226
0.022887
0.023582
0.024738
0.024212
0.023468
0.023618
0.024062
0.025234
0.025654
0.024250
0.023879
0.023884
0.023587
0.024941
0.026801
0.025862
0.025399
0.024498
0.023191
0.023326
0.023039
0.023380
0.025290
0.024069
0.037195
0.048717
0.035098
0.037598
0.030642
0.031269
0.030198
0.029618
0.031282
0.030493
0.030766
0.030242
0.030369
0.029172
0.029737
0.029222
0.029332
0.029137
0.029150
0.023749
0.039306
0.047078
0.030706
0.045498
0.034223
0.030504
0.030885
0.029240
0.029457
0.029395
0.029328
0.029264
0.029530
0.030973
0.030530
0.031275
0.031000
0.030762
0.030582
0.031429
0.030458
0.030366
0.031472
0.030294
0.030482
0.044494
0.041166
0.046164
0.045380
0.034959
0.023972
0.024829
0.023797
0.023090
0.022964
0.023389
0.023582
0.023415
0.022956
0.023291
0.023463
0.023155
0.023325
0.023343
0.023149
0.023181
0.023346
0.023120
0.026218
0.025562
0.026198
0.027421
0.023902
0.023592
0.023594
0.024087
0.025089
0.024431
0.036922
0.023198
0.026263
0.045316
0.035330
0.034453
0.034735
0.033668
0.034005
0.031862
0.027226
0.027181
0.028442
0.045350
0.033842
0.029262
0.027423
0.046885
0.045551
0.026464
0.044994
0.026629
0.034158
0.027269
0.026129
0.026295
0.026614
0.025945
0.027558
0.029857
0.027477
0.050110
0.038014
0.034695
0.035886
0.036163
0.034658
0.035428
0.034098
0.034057
0.034328
0.034850
0.034250
0.033867
0.039401
0.033602
0.031011
0.033900
0.030671
0.030745
0.030918
0.029334
0.031131
0.028836
0.030811
0.030252
0.030033
0.029555
0.026851
0.039480
0.031222
0.029031
0.029289
0.029103
0.028978
0.029505
0.035006
0.029916
0.029015
0.030563
0.030792
0.031184
0.026695
0.024167
0.045893
0.039533
0.032206
0.030458
0.030443
0.029739
0.029703
0.030699
0.029908
0.030610
0.030400
0.030666
0.030663
0.029781
0.029551
0.029505
0.029567
0.025172
0.023341
0.022169
0.023169
0.044893
0.035747
0.031858
0.029107
0.029667
0.028085
0.028080
0.028021
0.029607
0.030228
0.038076
0.028995
0.028580
0.028371
0.028880
0.028231
0.028529
0.028744
0.029252
0.031577
0.043705
0.033136
0.031508
0.031345
0.031476
0.031998
0.031702
0.031446
0.031030
0.031730
0.031713
0.032990
0.030754
0.027302
0.025911
0.026499
0.025838
0.026186
0.026588
0.026157
0.025893
0.025445
0.025616
0.026208
0.026248
0.025953
0.025925
0.024748
0.023898
0.023642
0.024706
0.025475
0.026360
0.026913
0.026820
0.030727
0.031452
0.031282
0.030274
0.030221
0.032660
0.031142
0.029693
0.027536
0.028324
0.027132
0.027308
0.030125
0.033505
0.038647
0.032116
0.030215
0.030182
0.030497
0.031524
0.030937
0.030883
0.030160
0.031587
0.030957
0.031088
0.029170
0.029191
0.026230
0.022952
0.022657
0.022614
0.022609
0.022793
0.024897
0.025054
0.022800
0.022655
0.022469
0.023039
0.024351
0.024348
0.024567
0.024329
0.025513
0.025042
0.025151
0.024359
0.024566
0.026371
0.025553
0.025275
0.024785
0.024668
0.025746
0.026246
0.024509
0.023971
0.025972
0.025236
0.026176
0.025620
0.023248
0.022395
0.022379
0.022353
0.022890
0.022260
0.022703
0.022414
0.022227
0.022928
0.022784
0.023865
0.024733
0.023302
0.022590
0.022644
0.022905
0.025564
0.023106
0.022647
0.022394
0.022923
0.023378
0.025699
0.023966
0.026490
0.025514
0.023019
0.022645
0.022758
0.022766
0.022692
0.023104
0.023387
0.023689
0.023455
0.023514
0.023828
0.023977
0.023628
0.024960
0.023619
0.023373
0.022933
0.023200
0.024059
0.026036
0.024009
0.023711
0.024154
0.023393
0.028787
0.024765
0.023184
0.024548
0.024806
0.023555
0.025410
0.022597
0.022913
0.022793
0.024925
0.025479
0.028457
0.026328
0.026432
0.050118
0.039651
0.045032
0.045001
0.035439
0.031622
0.031683
0.031796
0.030734
0.029808
0.029337
0.029234
0.029347
0.030908
0.031232
0.029589
0.029234
0.030950
0.028548
0.024354
0.023260
0.024240
0.024494
0.023847
0.024604
0.023450
0.023885
0.023623
0.022771
0.022185
0.023419
0.023295
0.035468
0.029909
0.028871
0.030749
0.031455
0.030469
0.029535
0.051717
0.039850
0.036734
0.037201
0.036619
0.035663
0.035831
0.035669
0.035715
0.036072
0.037318
0.038143
0.037006
0.029236
0.029568
0.027585
0.027367
0.027907
0.027145
0.027748
0.027138
0.027443
0.027096
0.027154
0.027060
0.029067
0.030880
0.031478
0.031230
0.029703
0.028664
0.028314
0.027858
0.027785
0.031725
0.031287
0.028765
0.028542
0.029125
0.028068
0.027251
0.029361
0.029251
0.029026
0.028232
0.029638
0.042396
0.031163
0.031424
0.030537
0.031496
0.030538
0.031066
0.031404
0.032564
0.031505
0.031452
0.031133
0.030607
0.030800
0.030776
0.029133
0.029633
0.029159
0.028686
0.028925
0.028318
0.028789
0.027745
0.027059
0.027815
0.026948
0.026650
0.026814
0.028315
0.036785
0.039889
0.032238
0.031743
0.035536
0.030182
0.028712
0.028397
0.027306
0.027523
0.028898
0.028369
0.028231
0.028141
0.028885
0.029924
0.031059
0.042596
0.034387
0.040006
0.035786
0.024686
0.023592
0.024737
0.024660
0.025477
0.026179
0.043820
0.032808
0.045119
0.032818
0.031956
0.031994
0.032154
0.032086
0.032062
0.032560
0.025787
0.025907
0.025894
0.026821
0.025851
0.026124
0.026869
0.025855
0.025976
0.026416
0.026976
0.027685
0.026808
0.025839
0.024993
0.025160
0.025070
0.025543
0.026600
0.027100
0.026468
0.027032
0.026763
0.026516
0.025222
0.024799
0.025172
0.025156
0.025262
0.025287
0.025517
0.024846
0.024812
0.025100
0.025777
0.026242
0.025628
0.025763
0.025300
0.024972
0.024909
0.045109
0.040322
0.040827
0.032456
0.030603
0.031599
0.030946
0.029640
0.030761
0.029359
0.040945
0.035269
0.046632
0.048176
0.026354
0.041052
0.034115
0.025708
0.025315
0.026594
0.026026
0.047658
0.037290
0.034185
0.033649
0.033919
0.034034
0.033473
0.033379
0.032644
0.032318
0.032551
0.032104
0.032021
0.031790
0.032434
0.031843
0.049413
0.038431
0.032999
0.032731
0.033535
0.032948
0.033097
0.039594
0.046101
0.034505
0.031558
0.031691
0.032005
0.040135
0.032500
0.032500
0.033718
0.031792
0.031576
0.025964
0.053635
0.045601
0.045448
0.035884
0.032072
0.045553
0.045206
0.045679
0.035183
0.031944
0.030696
0.033061
0.039722
0.027700
0.026817
0.027602
0.025348
0.024002
0.034914
0.043067
0.034722
0.031514
0.041163
0.033279
0.032103
0.032143
0.031215
0.031217
0.031142
0.031130
0.032495
0.031581
0.030785
0.032395
0.026898
0.027568
0.026386
0.026401
0.025651
0.048553
0.039557
0.043375
0.035896
0.058645
0.049681
0.023703
0.042398
0.032315
0.030387
0.030398
0.028758
0.028661
0.028798
0.028703
0.029636
0.030528
0.030877
0.031218
0.030996
0.031086
0.030951
0.027705
0.025164
0.024947
0.024580
0.024072
0.024739
0.026181
0.031818
0.026243
0.026733
0.026894
0.026559
0.026692
0.025434
0.024813
0.024825
0.025658
0.025114
0.026183
0.025574
0.025221
0.024791
0.024143
0.024671
0.024036
0.025307
0.026237
0.025862
0.025595
0.026598
0.025003
0.024329
0.023960
0.023899
0.024892
0.026554
0.024985
0.025136
0.029581
0.026874
0.025522
0.025206
0.023730
0.023210
0.045098
0.049795
0.043325
0.058738
0.037208
0.027971
0.023404
0.025428
0.025963
0.027534
0.028285
0.027395
0.026630
0.024393
0.026938
0.024853
0.023791
0.023617
0.023761
0.023596
0.024752
0.024390
0.023380
0.047018
0.025069
0.024032
0.026139
0.025159
0.024024
0.025181
0.024046
0.024303
0.025568
0.024283
0.025076
0.023210
0.024509
0.025862
0.027450
0.030325
0.027712
0.023761
0.022834
0.022937
0.023073
0.023685
0.023504
0.024165
0.022439
0.022593
0.023364
0.024409
0.024446
0.023870
0.022691
0.023675
0.023431
0.023748
0.023444
0.025667
0.024754
0.024684
0.026114
0.025260
0.023344
0.023771
0.023298
0.023309
0.023633
0.023427
0.022974
0.024870
0.024980
0.025612
0.022746
0.022923
0.025559
0.026316
0.025656
0.025775
0.026882
0.027181
0.026198
0.027006
0.025557
0.024465
0.024740
0.024910
0.025234
0.026285
0.023808
0.024050
0.023630
0.023573
0.023574
0.023218
0.023151
0.023064
0.023687
0.024903
0.025451
0.037167
0.030122
0.028551
0.028289
0.028849
0.028885
0.028899
0.030517
0.030401
0.030692
0.031145
0.032230
0.030465
0.029802
0.030370
0.029712
0.029709
