402	320	261	304
395	316	257	305
407	312	256	304
401	320	255	303
410	318	256	303
410	316	252	302
412	322	252	301
414	317	251	302
415	321	250	302
417	324	249	301
418	321	248	302
420	323	249	301
417	322	248	301
423	321	248	300
426	325	248	298
433	316	248	299
430	321	248	297
436	324	247	294
443	325	249	293
446	326	249	289
451	332	249	286
458	324	250	289
462	324	252	290
467	324	253	291
470	319	252	294
474	315	255	297
478	312	257	300
482	310	255	307
484	309	254	310
488	309	253	309
493	311	256	307
496	305	256	307
501	302	257	307
498	300	261	310
502	298	263	312
503	296	266	312
507	297	266	313
508	299	268	311
515	315	303	283
519	315	322	272
526	312	332	271
531	312	334	272
533	309	335	273
540	308	337	272
539	314	339	272
543	320	343	268
549	323	344	268
554	319	346	265
554	326	352	261
554	325	354	261
555	328	359	258
560	330	359	256
581	328	346	259
582	326	347	259
593	326	344	258
590	327	328	257
576	331	311	255
556	334	301	256
583	339	293	253
563	345	283	251
583	349	274	248
602	357	268	245
593	362	257	243
613	370	248	238
632	367	243	236
646	366	241	233
661	363	239	232
676	356	243	232
664	355	239	234
687	342	244	239
675	346	246	238
677	347	238	246
686	346	234	245
680	351	228	242
698	338	225	245
698	335	221	248
706	331	217	251
709	326	212	252
713	321	209	255
712	315	199	260
715	308	193	263
719	305	187	265
721	299	181	264
724	296	174	267
731	295	165	270
738	297	158	272
742	299	152	271
751	310	149	263
753	316	147	257
759	314	142	255
763	314	137	254
765	301	130	258
774	297	125	262
780	295	121	264
784	290	117	266
788	287	115	270
793	288	114	269
798	289	111	272
801	296	112	271
805	296	114	270
808	301	114	267
812	301	114	265
817	299	112	264
820	301	111	261
815	299	116	256
820	299	121	250
823	301	124	243
829	305	128	234
831	311	134	227
824	303	131	227
843	302	131	224
845	301	135	221
838	293	135	224
834	284	137	226
828	285	158	215
834	294	158	216
813	285	169	209
815	292	174	208
819	297	177	208
802	286	181	207
807	291	181	208
794	282	183	207
795	289	185	206
785	282	189	204
779	278	193	201
783	282	192	200
781	287	193	201
778	287	196	200
773	289	198	200
767	284	200	201
764	284	204	200
764	282	208	201
759	282	216	199
759	283	223	199
760	281	232	199
753	281	234	201
748	279	238	200
743	276	240	201
731	274	241	200
725	272	243	199
725	270	242	202
722	271	242	203
721	269	240	204
721	269	238	203
718	270	237	204
714	266	233	205
712	265	229	205
708	261	225	204
710	262	217	204
704	259	215	203
700	259	211	201
699	262	207	199
694	261	205	198
693	262	201	195
694	263	196	191
703	262	189	186
706	262	184	183
714	264	178	182
718	266	173	177
720	266	168	174
724	268	166	171
726	270	164	169
719	267	158	170
717	262	156	171
711	252	151	174
712	251	142	181
718	256	135	180
716	251	129	182
715	254	125	184
713	257	123	181
708	258	122	179
704	259	121	178
702	259	124	174
699	260	127	169
696	260	129	165
694	260	136	161
686	256	142	158
684	258	149	155
680	260	157	155
669	260	162	153
663	258	165	156
653	257	164	156
649	257	163	156
644	255	162	157
638	254	161	157
635	254	159	157
631	255	158	155
628	257	160	153
627	254	159	151
624	260	159	150
619	258	157	150
616	257	156	149
617	262	153	149
613	259	153	148
612	262	153	148
608	261	153	146
607	264	153	144
606	263	155	143
605	261	157	141
604	262	157	141
613	264	157	138
606	262	163	134
611	261	164	133
613	260	168	129
616	263	167	129
623	263	166	129
623	263	165	129
627	264	164	129
631	266	163	129
625	263	163	128
628	264	163	128
622	260	162	128
625	264	161	129
622	266	161	129
621	266	160	129
620	262	159	129
621	267	158	129
624	272	155	130
628	276	154	130
629	278	154	130
632	282	154	130
634	286	154	130
635	286	153	130
587	298	154	132
577	310	154	133
575	306	154	134
582	306	154	135
580	315	153	135
557	330	152	136
542	334	151	138
541	329	150	139
549	316	150	139
554	322	150	139
557	326	150	140
558	327	149	140
568	331	149	140
577	331	149	140
565	341	149	141
557	346	149	141
558	344	149	141
565	364	148	142
555	385	148	142
545	386	147	143
549	384	147	143
549	384	147	143
544	382	147	143
547	371	147	143
551	367	147	143
551	359	147	143
549	351	147	143
552	344	147	143
555	342	147	143
557	341	147	143
565	342	147	143
573	342	147	143
579	344	147	143
590	344	147	143
588	341	146	144
587	334	146	144
585	325	146	145
583	319	146	145
579	319	145	145
568	307	145	146
567	309	145	146
562	309	144	147
556	307	144	147
557	304	144	147
560	304	144	147
563	300	144	147
566	303	144	147
571	309	143	148
580	317	143	148
582	321	143	148
585	324	143	148
588	326	143	148
590	334	143	149
597	337	143	149
606	336	143	149
616	334	143	149
627	333	143	149
635	328	143	149
639	318	143	149
644	301	143	149
646	288	143	149
645	268	143	149
646	263	143	149
650	257	143	149
646	261	142	149
639	269	142	149
633	275	142	149
634	290	142	150
633	302	142	150
638	308	142	150
644	311	142	150
653	310	142	150
661	309	142	150
670	307	142	150
674	306	142	150
680	309	142	150
681	313	142	150
681	317	142	150
680	319	141	150
679	319	141	150
676	320	141	150
673	317	141	150
670	314	141	150
667	311	141	150
664	309	141	150
662	308	141	150
665	308	141	151
671	310	141	151
677	313	141	151
683	317	141	151
687	322	141	151
693	327	141	151
699	333	141	151
705	341	141	151
710	346	141	151
709	348	141	151
708	348	141	151
715	346	141	151
724	346	141	151
723	350	141	151
717	357	141	151
709	361	141	151
702	367	141	151
695	365	141	151
694	366	141	151
696	359	141	151
700	352	141	151
699	350	141	151
698	351	141	151
695	351	141	151
690	340	141	151
683	335	141	151
678	331	140	152
674	331	140	152
670	325	140	152
672	327	140	152
669	320	140	152
660	308	140	152
652	299	140	152
641	294	140	152
628	299	140	152
502	346	128	170
510	323	117	186
511	309	114	197
503	295	112	204
509	304	112	210
513	307	112	215
511	299	116	218
511	308	118	218
508	304	122	217
508	319	121	214
506	317	124	210
504	316	125	208
488	321	123	215
490	311	124	219
495	319	122	218
497	312	123	219
488	317	120	222
495	330	118	219
496	330	119	219
488	339	115	219
477	357	111	218
484	358	111	215
488	363	112	211
491	361	113	209
484	358	111	210
491	351	105	217
479	343	103	220
481	380	100	221
482	376	99	221
483	377	99	221
482	390	100	219
472	380	97	221
476	377	96	222
477	372	96	223
478	373	96	225
480	379	96	225
482	364	96	227
470	369	95	228
475	367	95	228
477	372	95	229
494	356	94	232
489	387	95	233
470	392	95	234
468	408	95	235
458	391	94	238
464	376	95	241
469	354	96	243
471	350	97	244
457	356	97	246
458	375	98	245
440	380	98	245
435	406	100	244
412	407	101	244
394	400	101	245
381	408	101	245
380	385	101	245
360	361	102	246
344	353	101	247
345	317	101	247
349	300	101	247
372	291	101	247
373	294	101	248
372	300	101	248
370	323	101	248
351	360	101	247
349	352	101	247
350	342	101	247
369	356	101	247
365	367	101	247
359	380	101	247
357	387	101	248
376	378	101	248
376	392	100	247
375	374	100	248
373	376	100	248
374	381	100	248
377	385	100	248
379	388	99	249
383	392	99	249
384	395	99	249
387	396	99	250
391	396	99	250
410	401	99	250
408	404	99	250
410	406	99	250
411	407	99	250
411	411	99	250
411	413	99	250
446	413	98	250
438	411	98	251
430	412	98	251
418	418	99	249
430	418	99	249
424	418	99	249
412	424	99	249
426	404	99	249
414	415	100	248
428	411	99	248
418	404	100	248
411	405	100	248
386	423	100	247
383	421	100	246
375	421	101	245
370	442	102	244
364	443	104	240
363	440	104	239
364	442	105	238
361	445	105	237
355	451	106	236
350	457	107	233
349	454	107	232
347	453	108	230
344	450	108	229
342	451	109	229
328	458	109	228
333	462	110	224
332	463	111	223
318	460	111	223
319	456	111	223
307	453	110	222
309	452	110	222
306	451	110	223
302	452	110	223
305	451	109	223
309	450	109	223
309	448	109	223
312	446	109	223
314	449	109	222
314	443	109	223
315	450	110	221
313	448	110	220
311	450	111	219
307	447	111	218
306	446	112	218
302	443	112	217
288	442	111	217
285	441	112	217
283	436	112	216
281	439	112	216
268	435	112	216
268	437	111	216
269	445	110	218
270	440	109	218
270	440	109	219
271	446	107	221
270	442	106	221
269	438	106	221
257	433	105	221
260	429	105	221
263	424	104	221
267	421	104	221
270	406	105	221
273	401	105	220
277	388	105	220
280	372	105	220
283	369	105	220
366	382	106	219
367	379	107	217
372	379	107	216
374	374	107	215
377	376	106	217
378	369	106	216
377	372	105	218
370	365	106	218
365	366	107	218
360	357	109	218
363	349	109	222
368	348	107	227
375	347	107	228
382	340	106	232
382	337	105	236
383	337	105	237
385	338	104	238
390	354	104	239
395	366	106	232
383	368	104	230
387	373	103	228
383	373	104	226
380	376	104	224
378	377	105	221
378	374	105	222
379	378	105	221
378	377	105	221
376	376	105	221
373	373	105	221
373	369	105	221
375	370	105	221
376	372	105	221
375	374	106	221
369	374	106	221
343	376	105	221
328	361	105	221
327	357	105	221
324	351	105	222
321	343	105	222
307	337	105	222
305	340	105	222
303	346	105	222
300	348	105	222
296	349	105	222
291	355	105	222
284	362	105	222
276	370	105	222
267	376	105	222
260	381	105	222
253	386	105	222
247	391	105	222
242	396	105	222
239	394	105	222
239	394	105	222
238	398	105	222
248	405	105	222
258	409	105	222
273	409	105	222
289	404	105	222
292	406	105	222
285	415	105	222
282	425	105	222
278	434	105	222
273	439	105	222
268	442	105	222
267	444	105	222
264	441	105	222
258	437	105	222
253	429	105	222
251	424	105	222
251	418	105	222
251	413	105	222
257	412	105	222
263	413	105	222
267	411	105	222
269	407	105	222
265	407	105	222
254	407	105	222
248	410	105	222
246	414	105	222
244	416	105	222
244	418	105	222
241	420	105	222
240	421	105	222
239	422	105	222
236	421	105	222
232	419	105	222
230	419	105	222
228	417	105	222
231	416	105	222
240	416	105	222
244	421	105	222
249	426	105	222
258	433	105	222
277	445	105	222
290	453	105	222
296	457	105	222
292	461	105	222
288	462	105	222
284	459	105	222
279	453	105	222
277	446	105	222
273	438	105	222
269	429	105	222
265	424	105	222
262	421	105	222
267	422	105	222
275	421	105	222
280	422	105	222
275	429	105	222
262	433	105	222
260	437	105	222
264	443	105	222
271	443	105	222
274	444	105	222
279	449	105	222
284	450	105	222
288	449	105	222
293	452	105	222
297	454	105	222
303	458	105	222
309	458	105	222
319	458	105	222
329	452	105	222
342	431	105	222
353	410	105	222
365	395	105	222
376	384	105	222
301	291	107	218
309	302	108	213
315	309	108	211
322	313	108	210
329	300	108	210
349	292	108	210
368	282	108	210
389	280	108	210
396	281	108	210
398	284	108	210
407	363	106	217
414	367	106	217
422	372	105	218
430	375	105	218
437	377	105	218
445	381	105	218
451	382	105	218
461	384	105	218
472	375	105	218
482	367	105	218
492	371	105	218
589	418	107	220
607	401	106	221
613	381	106	222
623	372	106	222
630	372	106	222
576	248	119	204
579	260	127	195
579	285	135	187
566	305	150	172
565	317	161	163
565	329	168	159
563	328	175	157
561	338	182	158
566	342	186	166
576	346	185	181
577	339	193	183
579	336	203	180
572	340	204	172
576	344	213	168
583	346	214	165
583	350	211	165
581	350	212	163
589	348	213	160
589	344	214	157
571	344	215	154
555	350	214	151
547	353	212	149
544	353	209	147
542	353	206	145
542	352	203	145
542	346	201	146
538	342	201	147
529	342	205	146
522	343	207	145
516	342	209	144
510	340	208	144
499	341	210	144
494	342	207	143
489	343	207	142
482	338	206	142
476	336	209	142
465	334	216	144
453	335	223	144
439	340	233	141
430	350	238	136
423	353	238	138
426	354	239	137
423	354	240	136
434	355	239	137
443	353	236	138
447	346	235	140
451	341	233	142
458	336	232	143
461	332	228	147
462	327	223	150
466	324	220	153
465	320	218	153
467	316	215	154
467	311	211	155
462	309	208	156
454	306	206	156
449	304	204	156
445	302	201	155
438	302	199	154
436	305	197	153
433	304	197	151
432	298	195	152
432	293	193	152
430	289	191	152
428	289	189	152
427	296	188	151
427	297	186	153
432	289	185	154
440	284	184	154
445	278	182	155
447	276	179	156
451	269	178	156
458	267	177	154
458	274	176	152
453	277	171	153
466	280	168	151
462	271	163	150
467	264	160	152
473	275	157	152
464	283	155	149
462	293	151	150
470	301	145	149
478	305	140	148
481	312	136	148
482	315	132	148
479	318	129	148
474	315	128	148
467	315	127	148
465	326	125	147
459	326	122	149
458	322	120	151
454	324	118	151
453	316	116	153
447	307	116	154
434	305	113	156
432	291	110	160
430	278	108	162
433	272	104	163
438	267	104	162
441	262	100	163
441	259	98	162
448	253	94	162
464	242	90	166
470	245	89	164
475	248	87	163
482	256	86	163
489	257	85	161
497	260	85	159
503	267	85	161
503	273	85	161
497	284	85	162
491	291	87	163
485	299	88	165
473	295	90	169
461	298	92	174
456	295	94	176
451	295	95	179
452	297	96	180
452	293	97	182
450	292	98	183
448	291	99	183
450	289	100	183
453	286	100	183
453	286	102	184
454	286	102	184
457	286	103	184
461	288	104	183
463	289	104	182
465	290	104	181
468	291	106	181
462	292	107	181
463	289	110	184
462	293	122	177
463	297	129	173
460	298	136	171
460	301	141	171
470	300	146	171
480	300	147	171
484	305	147	172
486	306	148	174
490	310	149	174
493	313	150	174
487	315	150	175
488	317	151	174
490	323	160	167
483	329	169	162
480	334	175	157
476	341	178	155
479	347	176	157
476	353	175	156
487	354	171	156
494	354	166	158
503	354	166	161
504	356	169	164
506	353	173	168
498	351	172	170
487	353	172	172
487	355	176	177
488	356	186	182
492	354	196	190
480	352	196	195
488	350	208	203
477	351	216	206
492	349	229	211
496	347	239	217
493	348	244	223
496	344	246	229
502	336	244	238
504	327	243	246
504	326	242	251
502	322	235	257
506	321	226	258
509	319	219	262
513	319	216	263
522	318	214	267
527	321	215	268
528	320	219	268
533	320	225	267
533	320	231	266
529	319	236	268
523	321	243	265
519	318	246	265
513	317	247	267
507	314	249	267
495	319	258	264
484	318	262	265
482	319	261	264
499	309	251	266
511	307	242	266
518	307	233	265
517	317	228	263
524	315	210	268
516	306	214	264
510	314	213	261
506	317	215	260
506	319	218	259
509	319	219	259
515	321	221	260
516	317	220	263
526	318	235	254
519	323	237	254
515	325	243	256
520	322	261	246
519	327	271	240
498	329	261	249
510	322	269	244
500	329	272	243
477	326	256	251
484	305	250	256
476	308	248	256
470	307	244	259
470	305	244	258
456	305	245	255
451	304	248	255
443	300	251	256
429	298	257	256
415	299	262	255
404	299	264	256
398	299	267	257
395	299	271	257
404	304	283	252
386	307	285	249
383	300	298	242
363	307	298	242
338	305	299	241
345	302	299	240
346	300	299	239
345	300	302	236
345	299	305	235
340	295	306	235
341	292	307	235
335	290	307	235
344	288	310	235
336	284	316	236
332	286	319	237
328	298	321	237
337	290	323	235
323	303	323	235
311	309	320	235
307	312	318	235
309	313	317	235
306	312	317	234
300	310	317	234
319	304	317	234
293	303	317	234
271	307	317	234
283	306	317	234
298	309	318	234
316	303	317	234
342	295	317	234
383	292	317	234
377	290	317	234
380	289	318	234
372	287	319	233
368	288	320	233
364	290	322	232
362	291	325	232
353	291	329	232
354	291	331	231
319	307	327	233
356	293	329	233
326	302	324	237
324	303	321	239
320	298	318	241
335	288	318	243
327	293	315	245
323	297	313	246
339	282	316	247
338	292	316	248
363	271	316	249
371	281	315	252
378	269	316	255
379	277	315	259
372	288	309	261
389	270	306	266
387	259	305	273
382	276	304	273
386	265	305	276
383	255	309	279
371	275	311	277
376	265	315	276
384	263	318	277
387	264	323	274
386	264	327	272
385	267	333	267
373	287	335	264
383	282	341	260
376	280	347	257
356	283	349	254
366	283	352	252
362	284	353	251
359	288	353	250
365	288	354	250
314	301	354	249
357	299	355	248
358	300	355	247
338	302	355	247
340	302	354	246
339	300	354	245
339	298	355	245
318	298	356	245
326	299	356	244
328	297	357	245
310	308	357	245
329	300	358	245
335	292	359	246
318	305	359	248
315	305	358	250
335	303	359	252
328	305	358	253
339	295	358	255
338	310	361	254
335	311	359	255
342	299	360	255
367	297	357	252
365	303	355	253
383	299	353	252
379	303	348	252
376	300	345	252
395	295	342	251
392	297	340	251
412	295	339	251
424	293	339	252
430	297	339	252
431	289	339	252
416	287	337	252
418	286	337	252
411	278	333	253
415	273	332	255
412	284	330	257
401	276	327	260
395	287	325	262
399	294	328	267
385	282	329	267
372	293	331	266
386	303	334	268
363	301	335	266
380	311	336	267
387	316	336	266
395	321	329	267
387	310	334	263
385	325	332	260
389	313	332	255
393	319	322	258
394	307	317	257
388	308	312	261
400	297	303	262
391	303	294	265
576	337	284	258
531	335	292	254
471	329	299	253
455	314	296	257
464	315	296	260
454	306	279	270
470	309	278	272
470	298	272	279
473	318	274	276
474	312	278	274
475	314	281	270
481	319	291	266
478	328	305	261
483	336	317	258
486	347	324	254
490	348	317	254
493	341	306	258
491	337	305	260
490	331	297	265
491	327	288	270
493	320	282	274
482	318	276	280
478	315	264	286
467	324	268	284
465	331	273	282
462	339	276	277
462	333	275	281
460	332	277	282
464	336	278	277
464	342	278	276
463	345	277	271
464	347	276	271
461	352	272	273
452	352	266	274
449	357	257	277
443	358	243	283
431	367	225	286
415	363	211	284
398	366	201	280
400	363	194	279
407	366	186	274
406	363	176	277
397	360	169	277
396	355	160	280
399	353	149	283
403	347	138	287
404	345	133	287
404	340	135	284
399	337	137	280
393	333	139	276
385	329	143	274
376	337	154	265
362	336	154	265
353	342	157	260
347	344	158	257
342	337	161	258
336	332	160	261
327	325	160	264
317	319	160	269
297	326	163	263
280	315	160	267
262	306	159	269
255	297	162	269
245	309	167	266
223	303	165	269
223	298	168	272
218	298	171	274
214	296	173	275
217	296	173	277
225	308	175	272
234	308	171	271
238	310	169	266
243	311	164	263
240	304	157	265
245	312	155	259
244	318	157	251
247	320	155	248
248	306	146	254
246	312	140	252
246	316	137	247
250	316	135	241
249	316	132	242
241	318	134	241
222	312	138	241
205	318	145	239
198	322	149	238
192	314	151	243
187	312	153	245
197	316	149	245
206	313	142	246
205	311	137	247
204	308	132	249
204	307	129	248
202	312	127	241
200	316	124	236
199	312	119	238
195	312	119	235
192	309	122	234
183	309	124	233
178	317	128	229
177	320	130	225
175	323	130	227
175	318	125	233
177	315	116	240
182	315	113	238
182	316	111	239
178	319	112	237
175	316	113	232
172	313	118	231
168	308	123	232
163	304	127	234
161	300	135	233
171	304	143	225
169	306	149	222
171	308	157	220
177	311	161	218
191	316	158	218
197	318	154	219
203	321	153	219
211	324	153	217
218	325	153	216
225	328	156	216
228	333	160	212
231	337	161	209
233	340	161	206
233	342	162	205
239	339	162	204
242	341	163	201
248	340	164	199
252	341	168	197
253	344	170	197
253	339	171	199
256	339	193	190
254	339	211	183
256	337	218	179
262	336	222	177
262	332	226	175
262	329	233	175
267	328	238	174
267	327	243	174
270	325	247	175
272	324	251	176
277	317	254	177
278	305	258	178
291	283	264	181
304	271	268	182
302	275	270	182
299	286	272	183
291	302	277	182
267	324	281	179
247	350	278	179
245	340	282	176
253	329	279	181
250	345	279	179
239	345	280	180
242	361	278	179
239	361	280	179
244	359	280	180
231	351	281	178
237	348	280	178
246	353	279	178
259	371	276	176
268	392	274	174
277	406	273	173
289	412	272	173
308	408	271	176
321	397	274	176
326	382	278	172
332	375	279	173
330	366	282	173
328	354	287	173
332	346	288	175
340	345	288	176
339	343	289	176
340	341	290	176
341	341	291	177
332	334	290	180
337	340	288	181
337	340	288	181
333	340	284	184
331	339	275	185
336	336	269	185
341	339	262	185
359	341	263	183
359	339	258	182
361	340	254	181
364	343	249	182
368	340	243	183
371	336	238	182
375	335	238	181
383	334	239	182
387	333	235	183
388	334	232	184
394	333	229	184
392	335	224	183
391	338	217	179
396	339	214	177
400	341	210	174
404	340	206	173
406	343	200	171
411	341	194	171
418	341	188	169
423	340	184	168
424	340	181	167
429	339	177	166
435	339	174	165
438	340	170	165
449	340	170	165
444	338	166	165
452	338	166	166
446	335	164	166
453	334	162	168
449	331	160	167
460	333	160	169
458	333	156	172
461	330	150	174
465	321	141	179
469	316	132	183
475	312	124	186
481	316	117	187
486	312	111	190
489	307	106	194
492	305	100	199
492	296	97	201
510	335	97	205
527	347	96	208
515	337	94	211
518	341	93	215
521	338	92	218
525	336	91	222
529	337	90	224
530	341	90	225
528	343	90	226
529	346	89	228
532	347	88	229
531	347	88	232
532	358	87	232
530	357	88	232
526	356	88	232
524	357	88	232
521	362	88	232
506	355	88	233
506	370	88	232
505	368	88	231
505	381	88	229
490	357	88	229
487	360	89	229
480	369	92	224
466	355	91	228
469	353	91	229
470	351	91	230
469	350	91	230
447	328	91	231
444	324	91	232
408	293	92	229
406	291	93	228
406	300	93	228
407	308	93	228
445	329	93	229
445	326	93	229
446	328	93	230
447	328	92	230
446	328	92	230
445	328	92	230
444	327	92	231
443	326	92	231
441	328	92	232
446	341	92	232
451	332	92	233
453	338	91	234
454	351	91	236
453	355	91	236
452	358	91	236
450	357	91	236
447	355	91	236
438	346	91	236
422	354	91	237
420	357	91	237
418	360	91	237
417	359	91	237
414	363	91	237
412	368	92	236
409	375	93	235
406	376	93	234
388	353	93	235
388	364	93	235
385	372	94	232
370	355	94	233
375	353	93	234
376	368	93	234
375	363	93	234
373	361	93	234
371	360	93	234
354	354	93	235
355	354	92	235
356	354	92	235
356	354	92	235
356	355	92	235
356	354	92	235
355	353	92	235
355	351	92	236
354	342	92	236
354	337	91	237
355	334	91	238
357	334	91	239
357	336	91	240
357	335	91	240
361	349	90	241
362	344	90	242
363	353	90	242
363	347	90	243
365	343	90	243
363	341	90	244
363	330	90	244
361	332	90	245
365	358	90	244
362	353	91	243
347	335	91	243
346	336	94	244
345	339	96	243
366	378	98	239
368	372	99	236
353	374	99	236
357	359	99	236
352	350	99	236
350	348	99	237
350	347	99	237
349	346	99	237
349	348	99	237
348	349	99	237
344	344	99	237
345	351	99	237
348	356	99	237
352	350	99	237
358	354	99	237
362	357	98	238
366	351	98	238
370	343	98	238
374	347	98	238
376	341	98	238
378	340	98	238
381	332	98	239
380	334	98	239
378	332	98	239
378	328	98	239
385	326	98	239
398	327	98	239
397	330	98	239
395	331	98	239
394	332	98	239
390	335	98	239
392	344	100	238
520	374	105	240
516	381	112	239
513	386	120	237
509	410	152	217
493	405	149	218
492	403	151	221
491	398	153	222
512	397	157	222
521	390	154	228
526	386	154	230
522	388	157	230
528	386	157	230
531	382	159	231
531	373	162	235
528	366	165	238
530	362	167	239
521	355	161	241
510	351	158	241
498	347	153	247
484	359	151	248
483	366	175	233
480	371	193	222
463	374	201	217
467	373	201	218
463	367	186	228
473	365	175	233
472	357	163	238
474	366	158	243
465	365	148	248
465	374	146	246
458	375	142	238
451	378	142	233
440	373	139	235
431	366	136	237
423	361	133	238
416	366	132	241
403	352	125	252
400	341	120	260
385	355	116	262
371	346	113	265
365	344	112	267
355	340	111	271
346	340	112	272
336	342	114	271
329	342	115	268
325	342	115	266
322	340	114	265
318	338	114	265
316	338	112	262
312	344	112	259
312	342	111	257
306	337	108	258
306	339	105	261
300	336	103	260
299	341	101	260
296	346	101	258
289	345	102	254
290	348	101	252
285	349	103	245
283	351	106	238
284	356	105	234
282	359	106	229
281	361	104	226
279	364	103	221
278	366	103	218
276	360	104	211
276	359	101	212
277	358	99	214
277	360	99	214
279	359	98	213
281	360	97	212
281	361	100	208
284	361	101	205
286	366	102	201
287	369	104	197
284	376	110	190
263	352	113	189
260	343	117	189
253	347	121	191
245	345	127	191
239	343	131	194
229	343	159	185
261	347	164	184
269	349	166	185
257	345	171	184
258	350	179	183
257	349	188	182
256	350	200	179
258	351	205	178
263	348	206	179
269	344	207	179
276	343	206	177
279	340	205	176
285	340	207	177
287	340	211	176
289	338	214	175
291	338	218	176
294	338	220	176
297	335	223	178
299	332	226	180
302	331	228	182
302	328	229	183
299	325	234	184
296	325	236	185
298	322	239	186
301	322	244	187
301	323	247	188
302	322	251	188
304	323	254	188
309	322	257	189
309	323	257	189
310	319	260	187
314	321	258	186
315	321	257	185
317	323	257	183
320	325	257	181
319	328	256	183
321	328	255	181
322	330	253	181
324	330	253	179
327	333	252	179
330	335	248	179
341	329	246	179
339	328	241	180
337	329	236	179
344	331	235	179
340	328	228	178
341	329	222	176
343	331	218	175
352	333	219	173
351	332	213	173
358	334	213	172
357	336	208	171
360	335	204	170
361	337	200	169
371	337	195	169
379	338	191	167
378	337	185	168
390	334	181	168
392	331	178	168
393	328	177	168
394	326	174	168
391	327	170	166
390	327	170	164
389	331	168	163
391	333	166	165
392	337	164	166
395	338	160	167
403	339	159	167
411	339	158	167
412	334	157	170
416	334	156	171
420	329	152	173
426	331	148	175
445	341	147	179
448	327	144	182
453	332	141	186
468	334	140	189
470	331	138	193
472	327	136	194
488	349	136	196
488	336	135	197
491	340	133	200
506	334	128	208
503	336	125	210
504	333	122	211
505	330	120	212
508	328	118	212
514	325	116	214
517	336	114	213
518	330	114	213
518	326	114	213
506	318	113	214
491	339	112	210
473	356	113	208
453	357	114	208
460	386	116	206
448	378	117	205
427	384	121	202
409	377	126	198
393	370	128	196
369	371	128	196
394	360	129	196
398	346	130	195
397	342	129	195
422	351	131	193
421	351	130	194
423	329	130	194
425	326	130	194
426	311	130	194
428	318	130	195
430	323	129	195
431	361	129	196
432	360	129	196
432	380	128	196
432	380	128	196
434	384	127	196
432	388	127	196
416	384	125	196
417	380	125	197
419	380	124	197
420	376	123	197
405	363	121	199
425	386	121	199
424	383	120	199
408	370	119	200
410	346	118	202
405	355	118	202
402	359	117	203
400	354	117	203
396	361	117	203
390	367	117	204
391	404	116	203
392	403	116	202
390	399	116	202
390	399	116	202
392	399	116	201
391	402	116	201
392	406	116	200
390	406	116	200
398	398	116	199
377	397	116	199
377	392	116	199
377	386	116	199
365	374	115	200
368	382	114	201
371	377	114	202
369	364	114	202
367	366	114	202
372	369	113	203
373	364	113	203
371	371	113	204
371	372	112	204
370	370	112	204
371	372	112	205
373	369	112	205
373	368	112	205
371	366	112	206
367	366	112	206
363	363	112	206
365	401	111	205
365	399	112	204
364	397	112	204
365	395	112	203
350	366	111	205
354	360	111	205
353	359	111	205
352	360	111	206
352	377	111	206
335	363	109	210
337	356	109	213
337	354	110	214
339	361	110	215
324	349	109	218
328	361	109	218
329	354	109	218
330	348	109	218
331	345	109	218
330	336	109	218
328	336	109	218
328	336	109	218
331	336	109	218
356	345	108	220
361	339	107	220
364	327	107	220
364	323	107	221
363	331	107	221
364	333	107	221
364	328	107	221
362	335	106	222
365	332	106	222
362	339	106	223
362	339	106	223
362	338	106	223
368	374	106	221
374	385	106	220
377	380	106	220
375	380	106	220
362	368	106	220
349	361	106	220
342	366	106	221
337	362	107	222
331	371	107	222
329	370	107	222
328	372	107	222
322	377	107	222
228	351	111	215
220	343	113	212
219	334	117	207
209	329	118	206
197	327	119	205
193	329	121	203
200	323	122	202
189	320	123	200
199	318	124	199
195	328	125	197
202	326	127	195
210	328	127	195
219	340	128	194
224	343	129	193
232	347	130	191
261	349	130	191
275	347	130	190
285	374	130	190
294	387	130	191
302	399	130	191
310	403	129	191
318	402	129	191
324	402	129	191
328	404	129	191
335	404	129	191
343	403	129	191
353	402	129	191
362	404	129	191
371	406	129	191
377	405	129	191
378	405	129	191
380	405	129	191
383	400	129	191
387	400	129	191
391	404	129	191
396	399	129	191
398	396	129	191
400	393	129	191
401	392	129	191
396	393	129	191
392	395	129	191
389	398	129	191
389	402	129	191
385	405	129	191
379	408	129	191
357	430	129	192
363	428	129	194
352	422	128	195
357	420	128	196
344	421	125	200
350	405	124	202
355	401	120	208
363	401	119	211
368	393	118	212
374	391	117	214
377	390	117	214
383	391	117	214
389	389	117	214
394	387	117	214
400	384	117	214
405	382	117	214
408	381	117	214
414	383	118	214
425	394	119	213
420	380	119	213
414	377	119	213
421	366	119	213
423	360	119	213
422	357	119	213
422	353	119	213
404	360	119	214
393	344	118	215
384	344	118	215
396	349	118	215
385	339	118	215
393	340	118	215
386	347	118	215
391	358	118	215
389	352	120	216
384	352	120	216
386	358	122	214
399	363	125	212
396	367	127	211
374	369	127	211
377	370	127	211
399	370	128	210
384	368	128	210
389	364	128	211
390	362	128	211
392	359	128	212
394	351	128	212
395	345	128	212
395	360	127	212
409	361	129	210
408	356	128	209
410	348	127	210
415	342	126	211
409	339	126	212
398	346	125	214
407	342	125	214
427	346	126	214
430	346	127	214
437	341	128	214
439	341	128	214
441	341	129	213
439	344	129	213
441	345	129	213
443	347	130	213
446	345	130	213
449	342	130	213
453	339	130	213
458	339	130	213
473	336	130	213
494	363	132	211
499	366	133	209
510	342	135	209
533	342	140	208
540	346	147	206
544	347	154	204
539	351	159	203
551	351	163	202
578	344	179	199
567	353	190	199
571	358	199	199
575	364	203	199
578	372	208	199
579	373	214	199
579	364	217	200
570	350	221	201
564	336	224	202
560	324	227	204
557	312	227	205
556	308	229	205
551	308	228	206
560	289	228	206
557	293	227	206
560	291	226	206
557	294	226	206
565	293	223	205
573	293	220	206
568	298	218	206
578	302	215	206
588	306	213	205
600	309	211	205
611	311	209	205
625	314	208	205
643	298	207	205
653	288	205	205
659	293	204	205
668	303	202	205
679	300	202	205
692	302	201	205
693	305	201	205
692	308	201	205
702	311	200	205
713	313	200	205
717	317	198	206
724	317	196	206
735	318	192	207
745	316	185	210
752	315	180	210
772	305	177	209
776	307	168	210
780	308	161	210
785	311	154	209
791	314	145	207
795	317	137	205
795	328	132	206
800	324	128	202
811	329	132	197
805	328	130	196
815	327	133	194
822	328	139	190
829	331	148	185
818	329	155	185
827	329	163	182
821	323	168	184
826	327	177	181
822	326	185	181
830	328	188	181
822	327	190	184
817	325	196	185
811	319	201	186
801	319	205	188
791	312	210	189
780	309	215	188
769	303	219	189
764	306	222	186
755	296	229	185
745	296	234	181
742	300	238	177
740	302	246	175
740	304	250	173
738	301	255	175
739	298	261	177
733	295	267	180
740	293	274	182
730	289	277	185
723	287	280	189
718	284	280	196
715	287	280	196
715	283	279	198
708	283	279	198
704	286	282	199
698	287	287	197
696	289	293	197
695	287	294	200
696	285	296	202
696	283	299	205
693	283	302	207
686	281	308	207
692	279	315	208
683	277	321	208
672	283	327	208
674	283	334	206
663	289	333	206
671	295	342	200
658	295	340	202
671	298	350	199
663	299	355	197
660	304	355	195
657	309	358	196
645	305	351	202
648	302	345	206
639	301	339	206
632	301	337	206
642	303	338	203
633	305	334	203
624	308	329	203
637	309	327	204
604	314	314	211
606	307	309	212
637	299	307	211
637	297	307	211
562	301	303	212
542	300	298	213
522	296	290	215
491	318	284	219
493	304	278	222
506	293	269	222
486	310	262	225
493	295	258	226
498	310	250	230
497	297	247	231
477	310	236	234
485	299	227	237
490	308	217	240
490	292	212	241
471	297	200	243
478	294	187	241
479	304	172	240
460	311	166	235
464	319	156	225
469	324	144	216
473	333	136	204
478	338	130	194
480	337	127	189
466	339	130	185
463	336	133	184
454	334	138	185
452	331	143	188
449	330	147	193
441	332	153	195
434	332	158	196
434	335	162	196
434	338	164	197
434	339	167	198
430	340	173	200
426	340	177	203
422	343	182	206
419	339	185	208
415	336	190	211
412	331	194	213
409	330	196	215
405	326	198	217
401	320	199	219
399	311	199	221
395	308	198	223
391	305	199	224
390	295	200	223
382	307	221	208
376	311	233	205
379	314	239	203
384	316	243	201
388	311	246	201
390	303	249	203
381	299	251	203
361	290	253	206
354	280	254	208
361	263	256	211
362	238	256	214
348	231	255	214
345	221	254	215
338	225	256	212
331	231	252	210
323	232	250	207
325	236	248	207
330	245	248	205
328	243	246	206
334	249	245	205
334	257	247	203
338	261	247	203
338	266	250	202
335	273	252	201
336	280	253	200
335	282	251	203
330	286	251	203
329	293	251	202
327	300	250	202
326	306	250	202
319	308	247	204
320	310	245	203
323	313	245	202
323	312	246	202
320	313	246	204
322	308	249	206
320	302	252	204
322	301	254	203
323	305	258	201
325	306	260	200
329	308	261	199
333	310	260	200
331	319	260	199
337	319	260	198
338	324	263	198
344	336	264	199
348	343	262	199
356	337	256	202
366	330	252	205
368	340	249	205
366	342	245	205
366	343	245	205
372	348	245	201
378	354	243	196
393	362	237	191
406	366	229	188
425	360	220	188
436	357	215	185
442	348	211	185
448	349	211	181
448	355	212	176
455	352	215	175
463	352	213	177
469	353	216	176
469	354	221	174
476	354	223	173
486	355	223	174
504	361	221	172
513	364	219	170
517	369	215	169
520	371	208	169
516	378	204	170
519	372	197	175
531	370	188	177
537	364	182	177
545	363	178	177
548	362	173	178
552	360	169	181
558	360	167	180
563	359	162	181
565	365	158	182
569	363	155	181
576	361	153	181
581	364	153	179
584	365	151	178
588	365	149	175
590	364	148	171
595	362	146	171
602	354	137	177
611	350	132	181
619	346	129	181
623	342	127	181
627	350	125	177
631	340	122	176
636	332	119	175
639	336	118	171
640	339	117	169
639	328	114	174
639	321	112	179
639	314	112	183
639	307	111	185
639	300	113	187
644	302	115	190
637	316	113	189
644	331	113	189
637	315	112	189
645	331	111	190
663	327	118	186
670	342	133	180
665	334	140	180
646	327	149	179
643	317	162	182
637	312	173	181
639	306	179	186
645	300	179	193
650	295	177	199
649	297	179	207
646	294	182	214
651	289	184	218
655	283	184	222
659	275	175	227
674	270	166	230
673	266	160	233
673	262	157	233
676	260	152	232
675	256	150	234
674	252	149	235
687	249	147	234
696	244	147	231
705	241	148	231
706	240	148	227
700	237	145	224
696	240	141	219
697	223	148	212
692	216	151	208
689	215	153	205
687	223	154	205
681	230	155	206
670	239	145	214
683	227	149	212
667	237	140	220
670	250	136	221
665	249	140	218
651	243	147	217
634	243	154	215
654	256	152	217
664	260	154	215
650	263	156	214
636	264	157	214
624	267	159	213
612	271	163	213
613	276	168	210
602	265	169	211
592	261	170	212
588	269	171	213
577	267	173	213
575	271	177	213
567	268	180	212
562	278	184	211
541	300	185	211
536	301	187	210
518	305	187	209
524	289	190	208
517	284	193	207
505	294	194	207
504	302	197	207
506	310	199	208
512	320	202	208
538	329	206	210
535	356	208	212
543	352	210	211
525	380	211	212
548	370	215	212
545	361	221	211
540	350	224	211
537	337	226	211
527	332	228	210
525	322	229	210
520	311	231	210
510	307	233	210
496	304	234	210
495	304	235	210
481	328	237	210
473	335	238	211
465	344	239	211
452	351	240	211
459	354	241	211
468	358	241	211
448	363	241	211
463	363	242	211
482	365	242	211
475	360	242	211
468	369	244	210
487	363	245	211
494	371	248	211
478	365	251	211
475	363	253	210
473	368	255	210
476	367	255	210
474	362	255	210
475	358	254	209
474	359	253	209
478	358	252	209
485	355	251	209
487	362	250	211
487	360	249	213
485	363	250	214
479	360	251	216
479	357	251	219
483	355	251	220
635	381	244	220
652	384	244	214
656	384	244	210
641	378	243	210
634	370	242	208
628	365	241	210
630	357	239	209
621	355	242	208
597	362	250	205
583	360	254	208
582	361	264	207
581	365	270	207
577	368	275	208
567	362	279	214
562	354	281	218
560	349	279	225
560	346	275	229
559	342	276	232
553	346	272	233
550	348	272	237
539	345	275	239
533	347	267	244
529	352	257	250
519	357	250	254
509	365	247	256
505	368	247	259
495	369	248	257
492	372	246	255
484	370	247	256
475	369	255	257
456	368	262	255
437	364	261	254
439	358	262	253
421	354	259	253
427	347	259	253
425	343	258	251
422	334	252	250
423	326	243	249
420	319	235	246
411	317	226	245
397	316	216	243
391	332	205	239
390	321	193	241
384	320	191	235
382	332	189	231
366	327	187	226
350	328	187	225
339	329	189	223
332	339	192	220
328	351	194	218
323	354	195	216
319	356	197	213
314	362	198	212
311	363	199	210
310	362	201	209
307	366	203	209
297	372	206	208
293	374	210	208
294	374	212	206
289	374	214	206
277	378	214	206
266	379	215	206
255	379	210	210
248	378	212	210
239	378	210	211
235	378	215	209
227	377	220	208
216	375	226	208
203	375	235	206
191	377	244	204
183	377	252	203
173	378	263	202
159	375	270	202
141	375	273	204
128	372	276	205
122	370	278	205
117	364	282	204
115	358	281	207
114	350	283	208
121	344	285	212
121	344	284	212
122	340	283	215
125	341	282	214
122	344	284	211
123	341	287	209
119	344	292	206
114	344	300	203
105	346	305	202
107	347	308	204
104	349	312	206
109	347	314	208
110	346	315	212
109	342	315	215
103	340	320	217
98	335	319	218
92	331	316	218
93	329	314	215
92	330	312	214
93	332	309	211
94	335	305	209
92	334	302	210
90	339	299	209
83	342	295	208
78	345	291	207
73	346	287	207
66	347	282	207
59	347	277	209
53	348	274	208
47	349	269	207
44	348	263	209
35	350	261	208
26	353	262	206
20	357	262	205
15	361	257	205
8	363	254	204
6	365	251	204
4	372	247	202
2	374	246	201
2	370	238	203
-3	366	224	208
3	367	209	213
-1	361	198	216
2	356	187	218
2	355	179	219
0	354	172	219
3	356	164	221
4	356	159	223
1	356	155	225
-2	360	150	226
2	359	145	226
-1	363	139	223
-4	367	133	223
-5	371	127	223
-5	375	123	224
-3	379	120	221
-3	384	120	221
-3	388	116	223
-3	390	114	226
-3	391	108	230
-4	392	105	232
-1	387	105	232
0	387	108	232
1	386	113	230
5	382	116	234
12	374	120	236
22	367	124	236
34	362	128	238
37	358	134	239
64	358	138	240
79	360	151	231
88	361	167	226
91	359	178	226
92	353	189	228
100	349	196	229
115	346	200	230
126	348	200	230
133	344	202	231
140	342	207	233
144	336	209	236
147	333	211	238
148	331	212	240
150	329	214	242
151	325	215	245
154	322	216	247
154	322	216	249
154	322	217	251
153	319	217	252
134	320	214	250
127	333	233	232
136	341	265	223
126	346	294	217
122	352	313	217
117	358	322	219
116	359	330	223
111	357	338	224
100	362	343	227
100	364	350	230
94	366	356	232
96	368	362	233
97	369	366	233
109	368	367	233
112	367	369	235
127	367	367	232
124	369	364	233
131	365	365	234
137	365	365	235
139	368	367	236
149	364	368	237
157	363	369	236
166	362	367	237
167	364	368	237
164	363	367	236
168	365	366	238
165	362	365	241
162	359	370	244
163	356	374	246
161	354	377	248
157	353	380	251
154	352	387	252
153	350	388	253
152	352	385	253
155	349	380	254
154	349	377	255
156	347	373	253
162	346	368	252
170	346	359	255
176	347	349	264
185	344	341	270
192	345	332	283
191	345	323	296
203	344	315	306
213	340	306	312
208	340	308	310
216	339	310	303
209	344	315	297
203	343	324	288
199	349	328	286
198	356	334	287
209	357	325	294
217	354	314	298
227	354	306	304
235	355	299	308
241	359	292	319
239	353	287	323
242	357	285	327
244	357	281	324
260	363	273	324
256	364	267	328
264	367	258	329
265	367	249	332
264	368	239	335
265	368	232	336
276	373	222	343
286	368	215	346
289	369	204	342
281	374	192	343
274	369	183	341
270	370	176	341
258	370	166	343
248	369	163	339
247	371	157	341
243	381	157	335
231	396	166	325
224	405	178	317
213	404	188	313
202	403	201	315
193	400	225	311
178	396	253	309
152	397	271	312
141	397	288	316
121	393	308	319
92	390	332	320
73	388	351	322
69	382	366	328
67	381	379	330
54	380	403	333
60	372	426	338
68	369	440	344
67	365	450	349
69	360	454	354
78	351	460	361
87	350	467	363
86	346	476	364
70	351	484	362
71	349	488	365
56	350	494	363
46	353	498	361
29	357	503	357
21	355	499	360
18	359	492	360
6	358	483	361
2	352	475	363
2	355	470	362
0	350	455	363
1	343	445	364
6	339	441	363
5	340	441	360
10	338	437	355
18	332	432	350
16	329	431	349
17	332	428	353
28	338	424	355
37	340	419	356
43	346	409	357
54	348	397	356
55	350	384	353
60	350	370	350
61	350	359	347
63	349	350	347
67	348	341	347
61	350	333	345
56	349	326	347
60	350	318	346
56	346	312	345
63	338	302	348
71	332	297	350
51	346	295	349
29	356	299	348
16	366	297	346
4	364	297	347
-10	358	288	354
-20	353	267	369
-17	360	244	372
-28	355	207	384
-20	347	179	394
-14	360	165	387
-14	363	165	387
-10	358	165	386
-3	349	165	386
1	333	165	386
4	325	165	386
6	317	165	386
7	319	165	386
4	319	165	386
2	314	165	386
0	314	165	386
-2	309	165	386
-3	310	165	386
-5	311	165	386
-7	309	165	386
-10	310	165	386
-13	313	165	386
-16	314	165	386
-20	312	165	386
-24	312	165	386
-25	312	165	386
-26	309	165	386
-24	282	164	386
-20	303	160	387
-11	291	151	379
-5	328	153	355
-4	327	153	339
0	331	161	315
0	332	169	297
-1	335	176	285
0	337	182	279
2	333	190	277
3	332	201	274
7	329	209	273
9	326	216	274
15	326	222	277
16	326	226	280
16	329	228	284
17	326	231	286
19	325	234	288
19	324	239	290
24	321	240	293
26	322	244	295
29	318	246	298
36	322	286	274
32	333	312	263
24	332	333	257
20	336	346	256
27	335	355	261
27	333	366	263
28	334	375	264
31	335	382	266
34	335	389	268
41	337	392	269
52	331	397	268
59	331	399	269
63	330	400	269
66	330	397	268
71	326	396	266
71	328	396	261
74	327	396	260
71	329	395	258
71	331	393	259
73	329	389	259
67	330	388	260
65	329	382	261
62	326	379	260
67	322	374	260
69	318	370	259
70	316	369	258
80	314	370	256
85	311	369	254
84	310	369	253
87	309	368	252
90	305	374	250
96	303	377	248
100	305	381	244
113	304	380	243
130	303	376	245
146	303	374	245
158	304	373	244
167	304	374	243
178	301	373	242
184	300	374	242
181	303	375	243
188	303	375	244
189	302	378	248
191	304	381	249
196	304	380	249
191	310	383	247
186	314	384	246
177	319	384	245
172	324	385	244
170	327	386	242
170	327	383	241
172	323	379	242
165	325	377	244
159	323	376	246
154	319	374	248
153	316	370	253
156	309	364	254
160	307	360	254
170	303	355	255
174	301	352	254
174	298	348	252
181	295	346	253
184	293	346	253
181	292	346	250
186	289	344	250
194	288	342	250
199	285	341	247
202	289	339	248
209	286	337	246
214	285	337	245
216	284	337	245
215	283	337	243
217	283	337	244
214	283	337	244
215	282	336	245
213	282	336	244
210	284	338	246
208	286	336	247
217	280	334	246
225	277	333	245
223	280	332	245
217	280	328	243
219	284	327	242
219	286	326	242
220	287	325	241
209	292	326	238
205	297	326	240
207	297	327	241
200	301	330	240
198	306	331	239
188	310	335	240
187	310	336	240
183	313	332	242
178	313	332	243
182	314	331	243
184	315	327	246
187	313	324	246
183	318	323	245
184	317	324	244
181	317	322	242
180	319	320	243
180	319	322	241
178	320	323	240
177	318	325	238
170	320	325	238
171	321	327	239
165	321	329	241
162	321	332	241
158	326	331	244
163	323	329	243
164	326	328	245
165	327	327	246
163	327	328	246
160	331	330	246
161	332	329	246
163	334	330	245
166	335	330	244
166	336	329	245
167	339	330	245
171	337	328	243
175	339	329	243
177	336	326	245
180	336	323	245
177	335	324	243
178	336	322	243
179	336	323	243
182	335	322	242
182	339	323	242
186	338	323	243
185	337	326	243
186	337	327	242
189	336	328	241
191	337	328	241
199	335	328	242
201	335	327	244
203	333	327	243
201	333	327	243
202	332	327	241
202	334	327	241
205	332	328	241
206	331	328	241
207	332	329	240
208	334	329	242
207	333	330	241
211	333	330	240
213	331	330	239
212	331	331	241
207	331	333	240
208	330	333	240
208	327	335	241
205	328	336	242
207	324	336	241
205	324	336	241
207	321	335	243
203	319	337	242
203	318	335	243
203	316	334	243
204	317	332	244
205	318	331	245
207	318	331	245
208	317	332	246
209	316	332	245
210	316	332	243
210	315	333	243
211	314	331	243
207	315	332	244
209	313	334	245
211	313	334	244
213	312	334	243
214	316	335	245
214	312	337	243
215	310	335	242
216	311	333	243
218	309	331	242
218	311	332	240
215	309	332	239
215	311	330	240
217	312	328	240
219	312	326	241
218	311	327	241
215	311	328	241
208	311	330	240
205	313	331	242
206	315	330	242
205	316	329	241
205	318	330	242
203	321	330	243
205	323	330	244
212	324	326	246
213	325	324	245
212	328	324	245
214	328	323	245
214	330	325	243
208	331	327	240
209	334	326	240
208	334	325	242
209	334	328	241
204	335	329	242
204	336	330	243
203	334	330	242
198	335	330	241
198	335	332	242
196	336	335	242
197	334	335	243
195	335	336	243
193	337	338	244
194	334	337	245
182	339	338	245
183	340	339	244
177	342	341	244
182	344	341	245
183	348	341	246
185	349	342	247
179	349	344	245
183	351	344	246
183	350	341	247
185	348	340	246
191	345	341	246
191	347	342	247
188	348	347	246
192	348	348	246
196	347	349	245
190	346	350	246
198	343	351	246
191	348	353	247
195	346	352	246
198	348	353	246
190	352	356	247
197	349	355	247
187	353	358	246
191	353	357	248
182	354	358	248
184	352	362	249
176	354	364	251
175	355	366	253
177	352	370	253
166	354	370	258
173	347	370	261
175	349	369	261
176	345	368	261
179	348	366	263
177	346	367	264
180	345	368	266
179	344	364	268
179	346	359	271
177	344	362	271
177	345	360	273
175	346	360	271
176	345	359	271
178	349	358	273
181	346	359	271
182	346	358	271
183	345	358	269
182	346	357	270
183	347	355	270
185	349	351	272
186	348	351	271
183	350	351	271
182	349	355	270
180	350	355	272
181	353	357	273
173	351	359	271
168	353	361	271
169	352	360	272
172	350	360	273
169	349	363	272
169	348	362	271
165	347	361	271
161	349	361	273
161	345	362	275
163	341	364	276
158	342	365	275
157	340	362	277
154	337	363	279
149	338	363	277
143	338	363	276
139	333	365	279
133	331	366	280
120	334	366	281
124	335	364	282
126	328	364	284
121	334	363	284
117	343	365	284
113	345	365	282
112	343	362	282
113	342	362	280
121	343	361	279
124	342	359	280
123	339	359	279
120	343	359	280
124	340	358	280
129	338	355	280
133	338	357	280
131	337	357	279
129	335	357	279
129	337	359	278
128	336	357	278
122	337	359	277
119	338	359	277
121	336	358	279
122	336	359	276
125	337	358	277
132	336	355	277
132	339	355	278
136	338	352	277
134	339	350	278
133	340	351	277
138	337	349	278
132	336	351	280
125	340	350	278
122	341	351	278
121	341	351	277
118	341	352	277
124	340	351	279
122	340	355	279
121	340	355	277
122	337	351	277
123	337	352	277
118	340	354	277
125	335	352	280
119	338	354	281
118	337	355	278
121	342	353	279
119	339	353	279
113	341	352	279
108	345	353	278
102	345	355	279
99	347	356	279
99	346	357	277
96	351	356	276
96	347	354	279
96	345	352	281
95	342	352	281
94	342	352	279
89	345	350	278
91	342	349	279
86	340	348	281
86	341	349	280
85	340	350	279
80	339	351	279
75	342	351	278
73	343	351	278
79	340	352	280
77	341	352	281
79	336	353	278
77	339	355	278
68	340	356	279
67	340	358	280
70	337	357	281
70	335	355	279
70	339	354	279
70	337	355	280
69	340	355	277
75	338	354	281
80	335	351	282
77	340	352	280
79	339	351	278
84	342	348	278
87	341	346	278
86	342	345	277
85	346	345	274
89	343	345	275
90	340	347	276
83	345	348	276
80	348	347	277
81	346	349	277
74	349	345	278
72	350	347	280
78	351	347	279
75	349	348	277
70	354	347	274
70	354	345	276
67	354	343	276
64	355	341	276
66	353	342	276
69	355	344	275
70	357	343	276
69	360	343	276
71	357	342	277
73	354	342	277
73	358	341	275
75	357	340	275
76	354	339	274
71	357	338	272
72	359	338	273
73	355	338	273
71	357	337	273
71	359	336	274
72	356	337	274
73	358	337	275
73	355	336	274
66	359	337	273
66	354	342	275
52	357	346	275
50	357	353	276
36	361	352	279
38	361	350	276
35	362	348	277
33	360	346	279
32	360	345	278
30	357	344	277
26	361	343	278
29	359	342	281
28	359	342	280
25	361	341	278
23	362	343	277
17	362	341	278
13	360	339	279
14	349	338	283
7	352	332	282
9	353	331	279
15	354	331	278
21	353	332	277
17	359	335	278
19	360	336	276
20	367	339	277
16	368	342	274
22	368	343	273
29	367	347	275
28	365	350	272
25	365	351	272
25	358	352	272
25	356	355	272
23	358	358	270
28	352	359	269
26	349	359	268
17	357	361	267
20	360	360	266
25	363	362	266
20	371	364	266
23	377	366	264
30	382	365	262
23	386	368	263
22	387	367	264
28	384	371	260
27	386	369	261
28	388	370	259
33	389	370	257
31	392	370	256
29	395	370	256
36	394	369	258
28	391	369	260
29	392	368	261
30	392	368	262
34	389	368	260
31	390	372	260
30	393	371	262
34	399	371	264
32	414	370	265
33	430	372	264
38	434	375	261
44	432	375	261
39	424	372	262
34	411	372	264
58	390	369	266
76	369	365	272
90	350	361	270
103	337	359	269
111	330	358	265
115	331	357	262
118	339	355	260
115	348	352	258
109	359	350	257
101	364	349	256
93	371	349	254
85	366	350	255
83	356	351	257
79	341	350	257
74	325	346	259
68	308	345	258
68	291	344	258
60	277	345	257
64	267	346	255
67	263	347	255
71	268	348	255
70	275	346	256
75	277	348	254
73	281	348	253
62	289	352	253
70	288	353	254
80	288	353	255
88	286	357	254
94	286	358	255
100	284	356	252
112	285	355	254
