0.064377
0.038380
0.026053
0.026222
0.025268
0.040075
0.025512
0.027216
0.025650
0.026539
0.031396
0.025344
0.029117
0.025401
0.025017
0.030146
0.024666
0.024697
0.024203
0.024445
0.024343
0.030043
0.024346
0.024478
0.024227
0.024512
0.026047
0.025521
0.024469
0.038354
0.033145
0.025861
0.025323
0.026103
0.025634
0.026011
0.030656
0.026609
0.037977
0.028042
0.027536
0.039858
0.026223
0.028066
0.026000
0.028006
0.034859
0.034013
0.026065
0.025649
0.028218
0.026589
0.030875
0.027690
0.033317
0.025016
0.024730
0.032569
0.026597
0.024667
0.024359
0.024336
0.026130
0.024587
0.023482
0.023490
0.024817
0.029297
0.023295
0.024270
0.023591
0.022752
0.024679
0.023845
0.027125
0.030126
0.023085
0.023489
0.021631
0.022146
0.028185
0.028325
0.022819
0.021228
0.019824
0.019800
0.022720
0.019594
0.019551
0.019501
0.019683
0.019699
0.030082
0.020299
0.025771
0.022551
0.022796
0.020090
0.019808
0.021144
0.020252
0.020287
0.030008
0.025287
0.021188
0.020346
0.020669
0.022402
0.019970
0.021105
0.021290
0.021645
0.020748
0.024012
0.021109
0.019957
0.020196
0.020079
0.033159
0.021081
0.020775
0.020750
0.023731
0.019858
0.019905
0.021186
0.030921
0.032293
0.019699
0.019597
0.020190
0.029313
0.020534
0.020206
0.027031
0.020905
0.022244
0.030535
0.021822
0.032060
0.020312
0.019978
0.019882
0.019950
0.020435
0.020291
0.019997
0.020663
0.020322
0.019688
0.019888
0.022010
0.023957
0.020076
0.019899
0.020208
0.019926
0.020192
0.020227
0.019923
0.028019
0.020646
0.019740
0.019625
0.021222
0.020505
0.021538
0.024212
0.023058
0.019878
0.021200
0.020905
0.022258
0.020899
0.019921
0.020599
0.025134
0.020671
0.022388
0.020085
0.022748
0.019809
0.019909
0.022298
0.020288
0.019965
0.020043
0.020021
0.020792
0.019955
0.029423
0.021313
0.020736
0.020106
0.020053
0.020061
0.030635
0.028378
0.040724
0.023065
0.020031
0.019977
0.020115
0.028282
0.036029
0.020033
0.019642
0.024116
0.024331
0.020550
0.020695
0.027251
0.019950
0.020099
0.020177
0.020634
0.021044
0.021687
0.021104
0.021173
0.019804
0.019951
0.020628
0.020226
0.020139
0.036424
0.020064
0.019644
0.019606
0.021955
0.021694
0.019692
0.020287
0.020599
0.020545
0.023613
0.021164
0.020041
0.020677
0.036195
0.019986
0.019914
0.020038
0.019874
0.019787
0.021051
0.021365
0.020115
0.020067
0.030852
0.024597
0.020283
0.019906
0.020007
0.020250
0.019954
0.020300
0.019842
0.019315
0.019608
0.020228
0.019820
0.019753
0.020781
0.020618
0.024855
0.024471
0.025239
0.020888
0.020492
0.021187
0.019901
0.019738
0.020020
0.019771
0.019567
0.019733
0.020360
0.029741
0.020397
0.033226
0.019881
0.019925
0.041515
0.019788
0.019567
0.019882
0.027795
0.020099
0.019609
0.019909
0.020412
0.019671
0.019709
0.019978
0.019444
0.021155
0.024838
0.019758
0.019497
0.021835
0.032090
0.029751
0.026600
0.031651
0.020601
0.028319
0.020638
0.021034
0.019834
0.022270
0.019519
0.021098
0.020943
0.020083
0.021149
0.019931
0.020710
0.019871
0.020175
0.019345
0.020154
0.020361
0.020031
0.028481
0.042355
0.019871
0.026745
0.034350
0.023690
0.021758
0.020090
0.026485
0.020720
0.034617
0.020066
0.019902
0.020778
0.020550
0.021091
0.031637
0.020444
0.022952
0.021641
0.019818
0.020889
0.020301
0.019827
0.020036
0.020088
0.019754
0.020101
0.020229
0.019929
0.020022
0.020342
0.020878
0.020270
0.022101
0.019703
0.020127
0.019706
0.019940
0.019826
0.019774
0.020059
0.021948
0.019815
0.020577
0.019762
0.029491
0.019946
0.019642
0.020001
0.020442
0.019975
0.020290
0.020582
0.020767
0.022942
0.027016
0.020501
0.021319
0.021139
0.020547
0.022074
0.020338
0.019528
0.019644
0.029857
0.021750
0.023428
0.019825
0.021623
0.022057
0.020839
0.021001
0.023812
0.022838
0.033232
0.023499
0.022681
0.027524
0.028860
0.038476
0.024888
0.023103
0.022828
0.023575
0.023839
0.023687
0.024470
0.025666
0.026373
0.025264
0.033939
0.026632
0.026232
0.026407
0.027553
0.027806
0.028466
0.028414
0.027884
0.028551
0.026923
0.047236
0.031154
0.029158
0.026746
0.026723
0.026882
0.027055
0.026357
0.026776
0.025674
0.028959
0.029481
0.029476
0.024892
0.023778
0.036566
0.031557
0.028297
0.023173
0.024038
0.023461
0.023673
0.023829
0.033844
0.023123
0.027149
0.039807
0.023377
0.022743
0.023573
0.023027
0.023219
0.023072
0.023001
0.022807
0.023097
0.023610
0.022527
0.023120
0.022057
0.022689
0.023335
0.022498
0.020176
0.019854
0.020143
0.019932
0.019802
0.021032
0.020976
0.020331
0.021262
0.020459
0.020136
0.021762
0.020392
0.019908
0.020026
0.020988
0.029038
0.020203
0.020185
0.020630
0.020013
0.021307
0.020480
0.021038
0.020576
0.020574
0.024244
0.021350
0.020253
0.019851
0.020596
0.021817
0.021436
0.020108
0.020017
0.022378
0.020156
0.020300
0.020261
0.019986
0.023286
0.020474
0.025539
0.020582
0.019948
0.020277
0.020038
0.020742
0.020673
0.020654
0.025167
0.028510
0.020149
0.020822
0.020718
0.020839
0.020901
0.030811
0.026390
0.021038
0.020340
0.020707
0.020765
0.052826
0.020484
0.024026
0.020670
0.020766
0.020687
0.020898
0.020653
0.020934
0.020063
0.020147
0.019985
0.026790
0.024847
0.024395
0.023755
0.020269
0.020112
0.019968
0.021919
0.029516
0.028999
0.022047
0.021798
0.022804
0.022213
0.022615
0.022444
0.030036
0.024763
0.024056
0.022790
0.022960
0.023613
0.036619
0.031024
0.023447
0.028194
0.023609
0.023768
0.023453
0.024883
0.024352
0.026120
0.025500
0.024666
0.025293
0.025958
0.027238
0.027419
0.027531
0.028045
0.028395
0.027063
0.027155
0.028212
0.029130
0.027295
0.036198
0.037028
0.027004
0.027480
0.026577
0.028531
0.038334
0.031179
0.027466
0.027465
0.027997
0.029808
0.027581
0.027885
0.033163
0.027518
0.027928
0.027386
0.026300
0.027252
0.032838
0.027852
0.027972
0.038115
0.029080
0.028759
0.028056
0.028733
0.028630
0.034872
0.032913
0.029290
0.029413
0.037547
0.029528
0.029867
0.035980
0.028620
0.028493
0.030949
0.030049
0.029021
0.029975
0.029435
0.036773
0.036103
0.029140
0.030627
0.031651
0.029774
0.029838
0.041574
0.030156
0.030068
0.030118
0.031420
0.037913
0.032392
0.032620
0.031859
0.037487
0.030695
0.032051
0.031276
0.030607
0.035706
0.030212
0.030414
0.033675
0.034856
0.030076
0.042448
0.040286
0.030434
0.035497
0.032652
0.030904
0.031185
0.040133
0.035519
0.035232
0.030640
0.030194
0.030648
0.030781
0.030627
0.030191
0.030482
0.031901
0.035543
0.030083
0.037164
0.036763
0.031412
0.031283
0.038048
0.030876
0.031550
0.032241
0.041638
0.047391
0.030789
0.030676
0.031012
0.030359
0.030127
0.030551
0.035656
0.029718
0.030052
0.031312
0.029916
0.029741
0.029709
0.032938
0.033719
0.031949
0.039915
0.029762
0.034531
0.030302
0.036560
0.035801
0.029021
0.031025
0.028708
0.029082
0.029658
0.028984
0.028464
0.036580
0.033669
0.036062
0.028971
0.030819
0.029813
0.030929
0.030714
0.029269
0.034820
0.038692
0.033849
0.039838
0.033160
0.032572
0.031400
0.044631
0.030933
0.045479
0.039520
0.031730
0.031924
0.033437
0.035930
0.032246
0.035768
0.031669
0.038607
0.036093
0.048119
0.032385
0.029221
0.028468
0.029086
0.027984
0.028605
0.028029
0.027918
0.043427
0.028005
0.029749
0.027821
0.027034
0.027729
0.026796
0.027948
0.027231
0.034445
0.034723
0.026371
0.026341
0.025489
0.027890
0.025554
0.025061
0.025480
0.024817
0.027928
0.034155
0.026634
0.024714
0.024690
0.025014
0.025252
0.024778
0.026653
0.032326
0.025196
0.024991
0.024571
0.024319
0.024829
0.031304
0.024557
0.026603
0.025975
0.025653
0.032291
0.031586
0.024514
0.033680
0.024792
0.023843
0.028005
0.023515
0.025578
0.023760
0.022582
0.023493
0.031499
0.022621
0.022566
0.024570
0.021990
0.022317
0.022106
0.022730
0.023110
0.026584
0.024228
0.024571
0.023849
0.028707
0.033994
0.032080
0.024590
0.026637
0.025418
0.025331
0.025976
0.025586
0.025750
0.026530
0.039380
0.026423
0.026320
0.041639
0.037058
0.028658
0.027426
0.027920
0.027690
0.027670
0.027923
0.027631
0.029483
0.027655
0.028056
0.027143
0.027576
0.027523
0.030872
0.034406
0.028954
0.029661
0.028711
0.028175
0.028756
0.028836
0.037381
0.028330
0.029953
0.028999
0.030207
0.029521
0.029656
0.038777
0.042304
0.034181
0.028189
0.034124
0.031696
0.027363
0.042680
0.031537
0.027161
0.025610
0.026163
0.026983
0.026204
0.031888
0.027982
0.025960
0.024309
0.023987
0.024659
0.023780
0.024325
0.024344
0.029810
0.023455
0.038080
0.022285
0.024085
0.022445
0.021748
0.022392
0.022218
0.021728
0.022072
0.022010
0.022120
0.022413
0.022108
0.021433
0.021933
0.022672
0.022530
0.036801
0.022009
0.022752
0.030770
0.021741
0.023422
0.022616
0.021857
0.022500
0.024317
0.021785
0.022013
0.022189
0.023149
0.021758
0.022852
0.022564
0.022381
0.021895
0.031835
0.022678
0.022677
0.022711
0.025251
0.029743
0.024235
0.022429
0.035171
0.021913
0.022603
0.024521
0.023798
0.023798
0.034323
0.023178
0.023400
0.024937
0.023579
0.023485
0.023595
0.022880
0.042833
0.023441
0.023093
0.029397
0.022744
0.028553
0.022792
0.022813
0.024783
0.022704
0.023916
0.024159
0.031382
0.029660
0.022339
0.022884
0.025358
0.023611
0.022225
0.022392
0.022730
0.023030
0.023479
0.022689
0.035945
0.028840
0.022365
0.022053
0.022370
0.028896
0.022076
0.022340
0.022072
0.022667
0.022723
0.022557
0.022561
0.034706
0.025189
0.021431
0.032895
0.021970
0.023433
0.032151
0.022209
0.022834
0.028103
0.030585
0.022429
0.027073
0.022089
0.022118
0.022261
0.024892
0.022664
0.022574
0.022942
0.023573
0.023234
0.023482
0.024050
0.027170
0.022394
0.022546
0.022227
0.022824
0.022106
0.030490
0.022617
0.022463
0.022264
0.021911
0.027991
0.021958
0.021812
0.022958
0.022402
0.028827
0.022601
0.022648
0.023221
0.022475
0.027275
0.022877
0.023744
0.028706
0.022207
0.022414
0.025671
0.021780
0.022599
0.023522
0.023330
0.025180
0.022407
0.023656
0.024060
0.026092
0.024909
0.022867
0.024306
0.022982
0.023338
0.023870
0.024362
0.029230
0.023332
0.035595
0.023493
0.023399
0.024156
0.035935
0.026207
0.023851
0.027163
0.023777
0.024800
0.023759
0.024274
0.023928
0.024339
0.024228
0.025127
0.039983
0.024057
0.023255
0.034729
0.031462
0.027816
0.030957
0.023576
0.028777
0.024130
0.025720
0.030159
0.030298
0.025891
0.024726
0.023049
0.023052
0.022633
0.022123
0.036107
0.024006
0.023299
0.025717
0.023112
0.022671
0.022744
0.023008
0.023024
0.023638
0.023981
0.026953
0.023042
0.031684
0.023511
0.022938
0.022845
0.022595
0.027014
0.022871
0.023130
0.022672
0.022952
0.022854
0.031888
0.023282
0.024297
0.022922
0.023830
0.028330
0.022938
0.023342
0.024688
0.022653
0.022821
0.030145
0.023226
0.022740
0.022760
0.023385
0.022717
0.023345
0.023122
0.026954
0.022976
0.028003
0.023012
0.028299
0.023694
0.023513
0.023349
0.023604
0.033195
0.025450
0.023541
0.027511
0.023488
0.027147
0.023626
0.025326
0.025637
0.028458
0.024236
0.024292
0.023848
0.027051
0.028192
0.023944
0.023823
0.024774
0.034061
0.023734
0.024268
0.023958
0.024285
0.024829
0.033091
0.032730
0.024550
0.025328
0.024984
0.025908
0.032625
0.027122
0.026862
0.029890
0.024225
0.024541
0.024550
0.024584
0.024870
0.024247
0.030330
0.025391
0.025853
0.029876
0.026329
0.024868
0.025363
0.026773
0.025731
0.026164
0.024621
0.025620
0.024494
0.023607
0.023657
0.025485
0.023459
0.023296
0.024085
0.031866
0.027337
0.025377
0.024864
0.033067
0.023785
0.025952
0.023050
0.022805
0.023716
0.022832
0.023055
0.023321
0.022869
0.023168
0.024015
0.025480
0.023722
0.031199
0.023090
0.023218
0.023351
0.024894
0.023396
0.023390
0.022755
0.023228
0.023502
0.023322
0.022712
0.022834
0.023530
0.022777
0.023461
0.025008
0.023184
0.022469
0.023334
0.023664
0.027366
0.024909
0.023818
0.024584
0.024813
0.023810
0.023990
0.025577
0.025299
0.024676
0.025475
0.024948
0.026317
0.027557
0.032901
0.043318
0.031454
0.028503
0.030627
0.031176
0.028250
0.033320
0.028719
0.034779
0.034530
0.038444
0.030060
0.034972
0.033574
0.032356
0.037926
0.033766
0.042305
0.035567
0.046839
0.038780
0.036500
0.040356
0.038274
0.035563
0.038017
0.036134
0.035843
0.039303
0.036855
0.035554
0.043217
0.035032
0.039950
0.045641
0.041779
0.035258
0.034867
0.036080
0.034854
0.035139
0.034569
0.035727
0.034001
0.037221
0.034270
0.034276
0.032156
0.033100
0.031324
0.033869
0.036133
0.031881
0.031520
0.031630
0.042481
0.043729
0.039880
0.038877
0.035297
0.032042
0.032472
0.036215
0.032645
0.032084
0.043433
0.038394
0.032213
0.035987
0.033146
0.031569
0.033412
0.031162
0.031786
0.035941
0.030579
0.030674
0.030415
0.030140
0.030315
0.029273
0.032573
0.033407
0.033254
0.048684
0.030423
0.030020
0.038944
0.034644
0.029958
0.029881
0.029837
0.030810
0.045614
0.038877
0.039111
0.035448
0.030288
0.052075
0.030477
0.030087
0.030581
0.037319
0.036880
0.029886
0.030306
0.031360
0.029416
0.032476
0.028981
0.033750
0.035078
0.032196
0.031534
0.029548
0.031147
0.031490
0.035708
0.029111
0.034728
0.034343
0.030775
0.029028
0.037225
0.029686
0.029462
0.032598
0.028410
0.028689
0.029802
0.028674
0.036009
0.029958
0.030289
0.031986
0.031665
0.031562
0.028834
0.030781
0.043717
0.028873
0.029629
0.034801
0.028639
0.037630
0.033081
0.032860
0.045634
0.029106
0.033722
0.043554
0.031121
0.028140
0.030903
0.030422
0.032018
0.029559
0.033383
0.033769
0.030768
0.035592
0.035833
0.058438
0.044649
0.031640
0.029952
0.028025
0.028781
0.029732
0.030099
0.040297
0.032895
0.029979
0.030842
0.033064
0.038639
0.031584
0.034357
0.038534
0.031886
0.031044
0.041266
0.031316
0.032669
0.031314
0.042425
0.032745
0.032055
0.031982
0.038248
0.031611
0.031883
0.033766
0.031356
0.031856
0.036704
0.039936
0.032022
0.038029
0.031863
0.033161
0.038162
0.039702
0.036948
0.032412
0.031509
0.031992
0.031702
0.034587
0.035781
0.031903
0.032368
0.031938
0.043643
0.032448
0.031995
0.031981
0.049226
0.037431
0.032260
0.033667
0.036520
0.036945
0.035085
0.039391
0.035354
0.033082
0.042022
0.032269
0.032522
0.042423
0.032214
0.034200
0.058165
0.041933
0.046544
0.032527
0.031912
0.033301
0.038893
0.031927
0.032275
0.043373
0.032043
0.032069
0.032242
0.031559
0.031750
0.043231
0.037061
0.032313
0.032785
0.034353
0.032320
0.032199
0.043491
0.032284
0.034596
0.032251
0.032003
0.033151
0.032477
0.063781
0.039958
0.038880
0.032098
0.032727
0.031968
0.040522
0.033236
0.032568
0.032265
0.033493
0.032124
0.050312
0.040071
0.037570
0.035624
0.032803
0.034232
0.033443
0.039897
0.034331
0.041450
0.050559
0.044448
0.041728
0.041006
0.041243
0.052940
0.051408
0.051807
0.067917
0.070622
0.048583
0.049852
0.052332
0.055979
0.055370
0.054243
0.051363
0.048101
0.047645
0.049289
0.050486
0.057540
0.048972
0.057196
0.052635
0.050614
0.058625
0.050754
0.050335
0.048641
0.057815
0.048842
0.057279
0.050290
0.048739
0.048819
0.048897
0.053608
0.052981
0.052551
0.048650
0.049853
0.049064
0.049674
0.048907
0.050383
0.080152
0.061333
0.058415
0.049846
0.055336
0.052669
0.050988
0.052642
0.048897
0.052175
0.062447
0.058886
0.052688
0.052502
0.055684
0.060371
0.051478
0.053364
0.049293
0.050194
0.056716
0.055878
0.049248
0.057590
0.049186
0.067371
0.049880
0.053643
0.047477
0.046479
0.060320
0.051400
0.051905
0.047546
0.048182
0.048072
0.050154
0.048009
0.047973
0.048193
0.053081
0.052496
0.048468
0.055124
0.048732
0.048357
0.048354
0.047989
0.048361
0.048654
0.049710
0.048641
0.048757
0.049151
0.064176
0.050869
0.054386
0.056895
0.055255
0.053241
0.050331
0.049850
0.056774
0.051666
0.055326
0.048315
0.048169
0.057674
0.048002
0.053058
0.066566
0.052194
0.049702
0.048789
0.054214
0.055480
0.055568
0.048471
0.051982
0.048121
0.047620
0.049162
0.047307
0.055569
0.050836
0.051810
0.048118
0.053297
0.055679
0.046925
0.047637
0.052594
0.047543
0.055255
0.047113
0.049183
0.053487
0.058747
0.054772
0.047478
0.060923
0.049169
0.047325
0.055960
0.055358
0.053998
0.047160
0.051524
0.052600
0.047538
0.051142
0.048020
0.047340
0.048287
0.046837
0.047813
0.048662
0.054306
0.046984
0.048811
0.049943
0.058872
0.047660
0.052777
0.048958
0.059819
0.055122
0.053755
0.047428
0.047592
0.047236
0.065105
0.047525
0.060817
0.055121
0.054313
0.052557
0.050240
0.056159
0.056210
0.057454
0.047429
0.048750
0.048070
0.056709
0.057189
0.054763
0.056122
0.048631
0.048391
0.058377
0.051265
0.049129
0.062065
0.049160
0.066586
0.049897
0.058150
0.054903
0.055205
0.061120
0.050026
0.050591
0.050855
0.050654
0.051040
0.052607
0.054028
0.056643
0.051826
0.064946
0.059617
0.062692
0.060181
0.063410
0.051503
0.051324
0.050627
0.050476
0.050169
0.051846
0.051693
0.062994
0.055688
0.057386
0.059832
0.050590
0.053057
0.055611
0.050722
0.071811
0.050503
0.051016
0.048524
0.060040
0.049533
0.055682
0.052261
0.053298
0.053952
0.057113
0.055107
0.047087
0.047601
0.057225
0.048541
0.046985
0.047421
0.047591
0.052505
0.046626
0.047077
0.047255
0.047401
0.050389
0.047121
0.053529
0.047098
0.049729
0.047670
0.058346
0.047186
0.048705
0.047346
0.048023
0.048209
0.046993
0.056156
0.047150
0.049758
0.047534
0.047440
0.052343
0.051933
0.048734
0.054825
0.047843
0.049088
0.060628
0.066123
0.049907
0.060263
0.054500
0.045713
0.050407
0.040949
0.044664
0.040805
0.048934
0.040070
0.045174
0.040344
0.037791
0.045612
0.037364
0.046697
0.043393
0.046149
0.037481
0.039788
0.037372
0.038331
0.049083
0.045472
0.042732
0.043857
0.046864
0.048222
0.052770
0.052828
0.052837
0.051588
0.053107
0.052424
0.051064
0.050773
0.049290
0.063317
0.048528
0.061738
0.053421
0.052364
0.049679
0.060040
0.061196
0.056291
0.043133
0.042351
0.042202
0.040965
0.040900
0.060675
0.046854
0.037010
0.038329
0.036579
0.033680
0.032544
0.032195
0.033498
0.031521
0.042997
0.043959
0.031740
0.035408
0.031667
0.031080
0.030445
0.031193
0.030359
0.029640
0.030173
0.030431
0.030667
0.031084
0.031027
0.030014
0.030099
0.030300
0.032057
0.037899
0.030312
0.030913
0.043962
0.030295
0.040987
0.035028
0.032668
0.030853
0.032079
0.031021
0.039446
0.030468
0.038506
0.035035
0.035001
0.042765
0.029846
0.040501
0.030287
0.029721
0.030100
0.029795
0.041055
0.030091
0.031535
0.030524
0.031823
0.038860
0.036660
0.035910
0.029676
0.029574
0.031398
0.028992
0.032051
0.028810
0.037308
0.031848
0.028780
0.029210
0.028843
0.036457
0.028270
0.032162
0.030761
0.029286
0.028406
0.028530
0.029310
0.028941
0.029107
0.030117
0.044184
0.034369
0.039356
0.032975
0.032926
0.038567
0.033011
0.033445
0.033420
0.038556
0.039527
0.037009
0.036602
0.038888
0.051465
0.038653
0.052386
0.046243
0.043760
0.050725
0.052739
0.049491
0.054571
0.053240
0.050355
0.057906
0.065636
0.064149
0.064111
0.061804
0.064519
0.069480
0.073078
0.064103
0.064824
0.069861
0.079880
0.066893
0.065966
0.063675
0.067248
0.063234
0.074324
0.063240
0.073170
0.069703
0.073174
0.065673
0.077093
0.071695
0.071627
0.070183
0.086433
0.081134
0.080954
0.071079
0.083776
0.072896
0.070027
0.070171
0.069873
0.071705
0.071008
0.069686
0.070327
0.077754
0.071124
0.068234
0.071604
0.071300
0.071083
0.076801
0.076756
0.079091
0.069588
0.067068
0.065474
0.065395
0.069184
0.106983
0.099610
0.088089
0.064851
0.064183
0.064084
0.064030
0.069897
0.066382
0.066890
0.069184
0.077192
0.079440
0.080389
0.072923
0.073779
0.087914
0.070862
0.064646
0.074445
0.068969
0.067158
0.064512
0.061812
0.069518
0.066041
0.067353
0.060436
0.062922
0.064733
0.060794
0.060464
0.060479
0.078340
0.058730
0.062074
0.060513
0.059974
0.060342
0.061563
0.060019
0.060490
0.073626
0.061535
0.075315
0.066219
0.062604
0.065280
0.062378
0.065100
0.066534
0.060718
0.084213
0.063013
0.063154
0.063655
0.061496
0.062902
0.065256
0.064540
0.064629
0.062528
0.083101
0.072014
0.067904
0.067504
0.063127
0.077828
0.073039
0.072012
0.065881
0.080140
0.069313
0.067187
0.062221
0.070546
0.069943
0.062245
0.061747
0.074153
0.068927
0.062376
0.062598
0.063283
0.072998
0.064298
0.069717
0.061099
0.060711
0.061369
0.071946
0.066984
0.061316
0.071663
0.074866
0.063272
0.058583
0.060632
0.061817
0.060983
0.066990
0.058965
0.063217
0.062311
0.061676
0.062538
0.067079
0.067486
0.077647
0.088736
0.069758
0.066997
0.076928
0.069826
0.069110
0.071155
0.071938
0.075898
0.065353
0.070602
0.082255
0.069568
0.060032
0.071531
0.061977
0.066836
0.061962
0.069482
0.089485
0.061336
0.063491
0.073436
0.067040
0.063070
0.061283
0.064364
0.063255
0.069546
0.070279
0.066314
0.061873
0.067231
0.065302
0.071594
0.074805
0.062626
0.060794
0.084110
0.063223
0.062582
0.061193
0.071151
0.061465
0.061976
0.067688
0.061654
0.061519
0.063593
0.062007
0.061852
0.063624
0.061361
0.060033
0.061340
0.087408
0.091698
0.068199
0.072509
0.066448
0.060112
0.060813
0.063120
0.063453
0.061918
0.068007
0.063557
0.063288
0.066205
0.065036
0.066170
0.074989
0.064348
0.063481
0.064039
0.064449
0.082863
0.081017
0.068469
0.064325
0.070101
0.081497
0.081882
0.066586
0.077813
0.070618
0.075895
0.079322
0.073760
0.074836
0.066506
0.071656
0.065195
0.068789
0.064407
0.064716
0.064773
0.072756
0.064961
0.068633
0.064838
0.068643
0.080043
0.066879
0.066417
0.069014
0.068988
0.067209
0.067851
0.077397
0.066186
0.075904
0.075085
0.065698
0.072626
0.083721
0.069108
0.076106
0.068624
0.073099
0.073735
0.071360
0.067559
0.074336
0.070377
0.069784
0.071936
0.065475
0.062800
0.064178
0.065928
0.069097
0.080450
0.062232
0.073320
0.071824
0.068847
0.062692
0.066447
0.076491
0.072714
0.068150
0.064469
0.067028
0.061590
0.072550
0.062121
0.069988
0.067674
0.069735
0.062067
0.061335
0.061794
0.069631
0.063413
0.068446
0.090205
0.094687
0.062106
0.073531
0.062477
0.069767
0.065926
0.061846
0.062559
0.062211
0.061501
0.067664
0.062742
0.068738
0.060404
0.071635
0.089362
0.067821
0.060067
0.070082
0.091568
0.067001
0.061994
0.064931
0.066270
0.063176
0.065305
0.069074
0.072590
0.069684
0.077204
0.066940
0.069530
0.066026
0.066124
0.080542
0.068204
0.067582
0.063617
0.062838
0.068891
0.062401
0.066061
0.078112
0.072058
0.067511
0.063154
0.062998
0.065457
0.062186
0.077912
0.064188
0.082561
0.067515
0.061879
0.067309
0.096498
0.068539
0.060307
0.063220
0.065210
0.060328
0.063008
0.069112
0.089005
0.066278
0.062232
0.060975
0.074764
0.061146
0.060949
0.060336
0.060999
0.061388
0.062839
0.069268
0.066177
0.068402
0.078231
0.065790
0.060151
0.067656
0.062967
0.060082
0.068064
0.060378
0.099819
0.061457
0.062005
0.063023
0.073857
0.062594
0.060878
0.062150
0.067305
0.060990
0.064294
0.067402
0.062757
0.066257
0.059965
0.063110
0.062230
0.068279
0.064148
0.065835
0.061490
0.069142
0.066400
0.061013
0.066040
0.060260
0.070954
0.060839
0.060427
0.077010
0.071501
0.060110
0.073272
0.063303
0.066744
0.075264
0.070202
0.060397
0.078986
0.070231
0.061358
0.061533
0.060290
0.059951
0.059922
0.059805
0.060178
0.060152
0.060169
0.069433
0.060357
0.060169
0.060265
0.060052
0.060105
0.059864
0.061035
0.061149
0.072050
0.065069
0.060037
0.060237
0.061721
0.060173
0.065147
0.080260
0.077185
0.066023
0.067524
0.067982
0.083567
0.078691
0.062516
0.074537
0.063500
0.063808
0.060964
0.060213
0.063092
0.063793
0.064567
0.068012
0.068712
0.065793
0.060730
0.061077
0.072503
0.073951
0.083965
0.067693
0.063720
0.064290
0.069643
0.064634
0.060097
0.067634
0.061825
0.066618
0.064472
0.070654
0.061471
0.060595
0.064523
0.064514
0.064784
0.063100
0.067303
0.070400
0.060814
0.064082
0.061396
0.075204
0.070185
0.063392
0.069921
0.065747
0.068097
0.063307
0.066479
0.062718
0.063524
0.060325
0.067485
0.064564
0.078917
0.061862
0.060299
0.060345
0.070261
0.064598
0.065110
0.079311
0.063434
0.063965
0.060604
0.066349
0.059949
0.064189
0.062170
0.064126
0.074168
0.059286
0.061128
0.066300
0.066377
0.062580
0.063930
0.060090
0.067477
0.060862
0.062072
0.077471
0.061242
0.064272
0.060772
0.062504
0.065190
0.071479
0.061255
0.065619
0.065356
0.090375
0.060161
0.066636
0.065982
0.061218
0.074473
0.067416
0.061354
0.076105
0.061532
0.060317
0.073425
0.061721
0.059908
0.061479
0.065938
0.067749
0.065512
0.076757
0.068724
0.061526
0.062382
0.060557
0.060670
0.060225
0.065401
0.068590
0.065847
0.060326
0.070453
0.069796
0.077071
0.061970
0.069655
0.066524
0.062367
0.060488
0.062764
0.059509
0.060486
0.060558
0.059671
0.070543
0.060165
0.061033
0.066980
0.065169
0.061060
0.090572
0.076393
0.061194
0.068151
0.070041
0.066378
0.064294
0.087461
0.075459
0.066054
0.077098
0.067920
0.067807
0.067822
0.068883
0.085243
0.077264
0.079623
0.068562
0.074013
0.076383
0.072209
0.073258
0.081167
0.078192
0.070421
0.081800
0.076976
0.080796
0.074367
0.077133
0.067522
0.085474
0.073685
0.067334
0.082952
0.087259
0.080101
0.072807
0.079947
0.072515
0.066798
0.068339
0.066470
0.067757
0.069775
0.072691
0.069684
0.068193
0.072055
0.072520
0.072045
0.067499
0.071724
0.076006
0.066542
0.071756
0.083195
0.084093
0.070586
0.073507
0.068303
0.069965
0.071167
0.082148
0.077259
0.088071
0.072074
0.079914
0.067644
0.065902
0.067445
0.066252
0.079324
0.067459
0.077042
0.075609
0.075926
0.077868
0.068825
0.072419
0.074286
0.078813
0.077957
0.075686
0.074225
0.080156
0.072538
0.074829
0.082293
0.074221
0.080397
0.067344
0.075685
0.075245
0.079798
0.075960
0.065800
0.065350
0.072590
0.074247
0.070870
0.069264
0.070367
0.081592
0.065713
0.065601
0.072077
0.076967
0.065578
0.065995
0.073164
0.071370
0.067105
0.082542
0.069296
0.068674
0.068813
0.069247
0.068924
0.071330
0.072508
0.097727
0.069017
0.079338
0.074163
0.068737
0.065938
0.064467
0.065796
0.065545
0.065703
0.065875
0.065263
0.065949
0.077016
0.071505
0.067686
0.064859
0.066894
0.079059
0.077599
0.076273
0.068428
0.067312
0.079533
0.064626
0.075472
0.064187
0.065639
0.064358
0.063971
0.064445
0.071117
0.065541
0.086298
0.066715
0.069657
0.072009
0.068801
0.068130
0.064153
0.071380
0.063795
0.068637
0.084921
0.076440
0.064318
0.078243
0.063336
0.066444
0.063035
0.066674
0.062659
0.062242
0.081072
0.068229
0.066264
0.065780
0.065153
0.070944
0.073760
0.082175
0.067613
0.064923
0.073992
0.074334
0.064683
0.064388
0.070911
0.073602
0.065343
0.071776
0.068203
0.063722
0.064075
0.063940
0.080290
0.066695
0.062919
0.072235
0.073853
0.074133
0.078316
0.065991
0.070760
0.081314
0.065839
0.082374
0.075404
0.071322
0.069657
0.067018
0.069250
0.082538
0.069951
0.069557
0.074079
0.076973
0.067798
0.075426
0.088564
0.088923
0.075271
0.085945
0.090406
0.073818
0.085370
0.077395
0.090774
0.077696
0.088142
0.087222
0.073971
0.093340
0.091537
0.082081
0.072827
0.072017
0.072630
0.083932
0.077487
0.071377
0.070962
0.072915
0.075690
0.070091
0.068156
0.069264
0.069630
0.066616
0.067285
0.067152
0.076880
0.066093
0.067801
0.069286
0.086354
0.069728
0.068408
0.069113
0.073047
0.087920
0.085644
0.072392
0.075794
0.075469
0.076173
0.082761
0.072529
0.079522
0.073961
0.073543
0.074622
0.094889
0.083326
0.085413
0.076833
0.075809
0.085046
0.087689
0.084005
0.077449
0.076946
0.079034
0.081170
0.092535
0.082762
0.073550
0.074031
0.087601
0.076751
0.082534
0.074373
0.072087
0.072204
0.073646
0.074805
0.072314
0.106401
0.078088
0.078160
0.076959
0.075289
0.087657
0.078982
0.079644
0.085367
0.072562
0.080008
0.078788
0.073112
0.087144
0.072724
0.072296
0.081315
0.073603
0.089044
0.083010
0.086004
0.073314
0.072764
0.074107
0.096582
0.077424
0.073379
0.074073
0.081496
0.082916
0.083437
0.082249
0.073136
0.073791
0.072554
0.072477
0.086390
0.094044
0.081020
0.077343
0.084558
0.077344
0.076998
0.084762
0.078563
0.075499
0.085057
0.077027
0.081481
0.084712
0.092878
0.088957
0.080116
0.090329
0.080701
0.077599
0.080011
0.089232
0.078004
0.075257
0.084628
0.079793
0.078866
0.081768
0.081312
0.082292
0.087607
0.092131
0.088742
0.079483
0.081203
0.077386
0.084728
0.088896
0.089603
0.091707
0.080803
0.082127
0.086750
0.079107
0.090328
0.087757
0.086010
0.083478
0.079328
0.086486
0.076812
0.086856
0.081625
0.075382
0.073398
0.084204
0.081226
0.087507
0.084551
0.081111
0.083752
0.085345
0.083062
0.079646
0.077724
0.082225
0.076890
0.072030
0.091924
0.075266
0.079027
0.075961
0.093148
0.085386
0.073955
0.076080
0.083205
0.085917
0.085730
0.077724
0.079468
0.071649
0.073870
0.079755
0.081209
0.074270
0.075588
0.078624
0.074857
0.079581
0.075536
0.074330
0.087668
0.071654
0.072045
0.080043
0.074579
0.076917
0.073150
0.072725
0.087755
0.076302
0.077749
0.075539
0.071348
0.075159
0.071811
0.081899
0.076986
0.073632
0.080483
0.082215
0.082912
0.079169
0.084305
0.078490
0.075619
0.081224
0.075310
0.073725
0.086427
0.086491
0.084112
0.087313
0.074953
0.072371
0.076597
0.073336
0.083449
0.084335
0.083467
0.084874
0.079735
0.076605
0.075714
0.074534
0.073227
0.086329
0.073363
0.077881
0.078339
0.074277
0.077339
0.076112
0.092865
0.071906
0.079336
0.082659
0.092062
0.083452
0.079738
0.082458
0.077900
0.080109
0.081284
0.082017
0.074375
0.078860
0.085111
0.086283
0.085852
0.090161
0.075657
0.077079
0.075536
0.083011
0.075818
0.082284
0.078796
0.077934
0.072827
0.077438
0.080869
0.082165
0.085107
0.080221
0.089868
0.083480
0.072294
0.079657
0.076650
0.073018
0.072777
0.081584
0.088025
0.082079
0.083127
0.086777
0.072277
0.080605
0.080963
0.076242
0.079952
0.070167
0.069119
0.071141
0.080035
0.076765
0.069700
0.069567
0.081998
0.080740
0.078020
0.076318
0.072644
0.072621
0.079051
0.083269
0.072055
0.077559
0.077453
0.079795
0.083670
0.087940
0.080079
0.076380
0.076096
0.078312
0.072256
0.074826
0.083327
0.073357
0.080872
0.076567
0.074429
0.074822
0.080983
0.087067
0.085426
0.086549
0.084890
0.085279
0.084216
0.083812
0.087991
0.082487
0.092234
0.078440
0.076365
0.079834
0.080637
0.077388
0.080011
0.077908
0.079190
0.076815
0.080463
0.089386
0.088877
0.076140
0.075981
0.078274
0.081253
0.076087
0.076212
0.090184
0.082291
0.082132
0.077718
0.094478
0.088645
0.089777
0.089187
0.082931
0.080695
0.089021
0.091584
0.087246
0.078579
0.091657
0.076450
0.083762
0.076428
0.078623
0.087894
0.082694
0.088980
0.075958
0.091809
0.086755
0.076509
0.082341
0.076353
0.085839
0.085318
0.079309
0.091352
0.082668
0.079054
0.077198
0.089501
0.083859
0.087152
0.082418
0.082262
0.094270
0.083146
0.080761
0.082551
0.093990
0.079355
0.083199
0.084992
0.083669
0.079859
0.092844
0.083440
0.078267
0.078152
0.092687
0.085024
0.078285
0.086963
0.086533
0.081746
0.077592
0.077968
0.077519
0.077701
0.086907
0.077684
0.084929
0.091003
0.078804
0.077692
0.081414
0.077548
0.093195
0.083185
0.090279
0.083155
0.086698
0.088074
0.083718
0.084646
0.094483
0.084748
0.076944
0.084019
0.083194
0.077828
0.084022
0.092757
0.096381
0.082954
0.089847
0.079077
0.081194
0.080651
0.076484
0.076334
0.090524
0.077286
0.090646
0.082281
0.077506
0.093829
0.088394
0.078063
0.091623
0.084371
0.082759
0.088102
0.083878
0.090205
0.090721
0.076656
0.086553
0.091890
0.082388
0.079499
0.085671
0.076562
0.081970
0.083993
0.085335
0.076404
0.085026
0.088976
0.089815
0.078663
0.095362
0.080215
0.083664
0.084146
0.080791
0.081015
0.079605
0.090985
0.076211
0.080990
0.080709
0.098276
0.081528
0.095951
0.077328
0.085045
0.081216
0.092133
0.076807
0.088590
0.081546
0.088293
0.081288
0.081314
0.079371
0.076225
0.082101
0.087690
0.086927
0.083220
0.089671
0.087718
0.077707
0.098069
0.085963
0.097165
0.085783
0.083316
0.091739
0.078831
0.092700
0.085908
0.095779
0.084310
0.085019
0.086711
0.087722
0.080235
0.089040
0.077589
0.077461
0.098534
0.080065
0.087958
0.088024
0.089392
0.083829
0.084005
0.078820
0.084610
0.091152
0.087295
0.089188
0.082890
0.080561
0.077228
0.079416
0.082223
0.085166
0.091405
0.083377
0.082604
0.101861
0.092457
0.083354
0.084790
0.089215
0.081017
0.092454
0.086022
0.081641
0.085288
0.077764
0.089595
0.112831
0.083972
0.080475
0.091868
0.087506
0.087428
0.085731
0.089330
0.077602
0.080087
0.077953
0.085170
0.086249
0.078447
0.077191
0.080333
0.079742
0.086589
0.077386
0.093431
0.094425
0.081449
0.092786
0.085543
0.082648
0.088572
0.089793
0.092182
0.077372
0.083097
0.080952
0.081859
0.079900
0.079313
0.078209
0.080366
0.079555
0.081013
0.081773
0.088219
0.079342
0.093161
0.082837
0.080989
0.089673
0.084116
0.086595
0.087629
0.079012
0.089351
0.090141
0.085719
0.079848
0.080905
0.083818
0.077700
0.079293
0.098805
0.085018
0.081552
0.077794
0.083696
0.086657
0.083976
0.077510
0.083500
0.104764
0.085188
0.078250
0.079024
0.078316
0.078560
0.086355
0.084139
0.079611
0.078006
0.081044
0.086694
0.085324
0.081764
0.080410
0.079219
0.078736
0.088940
0.081144
0.080858
0.084229
0.083373
0.086840
0.099186
0.090567
0.098081
0.083641
0.086936
0.085559
0.078472
0.077899
0.086017
0.080458
0.079545
0.079444
0.077994
0.087618
0.088594
0.077737
0.080825
0.089355
0.087109
0.084665
0.090585
0.091408
0.094243
0.104375
0.089523
0.087085
0.087019
0.099164
0.087014
0.087866
0.085079
0.079707
0.089293
0.087351
0.087577
0.096103
0.085780
0.083946
0.083333
0.089280
0.080364
0.082494
0.081976
0.079607
0.097325
0.093743
0.081477
0.084486
0.082737
0.081163
0.079390
0.092180
0.089305
0.081542
0.090974
0.082103
0.084573
0.081628
0.085938
0.088952
0.087470
0.090007
0.083482
0.080959
0.086889
0.086738
0.077704
0.086635
0.094547
0.089355
0.078449
0.087386
0.086621
0.091774
0.083870
0.086755
0.091252
0.087043
0.087428
0.082934
0.088142
0.084272
0.074642
0.094176
0.083051
0.088578
0.089001
0.091187
0.080983
0.086537
0.087290
0.083385
0.079450
0.081610
0.086791
0.080170
0.087352
0.092531
0.085680
0.077605
0.088508
0.089163
0.085884
0.082063
0.078260
0.084121
0.088492
0.086691
0.083530
0.084400
0.089779
0.086122
0.080283
0.079715
0.087136
0.088259
0.080760
0.079921
0.088949
0.091264
0.079929
0.093548
0.090882
0.091540
0.086336
0.078676
0.081511
0.080845
0.088928
0.078051
0.077672
0.078993
0.079123
0.084934
0.079133
0.087181
0.080313
0.078480
0.079821
0.092865
0.084198
0.080025
0.090158
0.084599
0.077174
0.077984
0.090568
0.093530
0.096014
0.085449
0.091651
0.090617
0.100614
0.087697
0.092876
0.088410
0.085036
0.089437
0.082869
0.096737
0.095619
0.085957
0.084777
0.088891
0.085887
0.082620
0.078881
0.091180
0.086715
0.080738
0.079839
0.089912
0.078928
0.078929
0.077543
0.087275
0.081097
0.079617
0.096893
0.080269
0.083306
0.078878
0.083174
0.084050
0.090564
0.079983
0.086632
0.090726
0.081180
0.085228
0.090605
0.089019
0.092524
0.083788
0.080591
0.099065
0.087620
0.079389
0.090608
0.085197
0.085806
0.086095
0.083134
0.088973
0.079498
0.077207
0.078450
0.085066
0.097961
0.078799
0.084255
0.077925
0.097714
0.079976
0.077466
0.081544
0.088492
0.091116
0.077384
0.077966
0.077943
0.106211
0.083731
0.078863
0.079703
0.087701
0.088122
0.081114
