0.064034
0.021703
0.022954
0.021877
0.021984
0.026933
0.022484
0.021623
0.022359
0.021989
0.023791
0.027047
0.028219
0.023810
0.023474
0.023171
0.022633
0.024634
0.023581
0.030185
0.023541
0.023364
0.024974
0.027462
0.023424
0.031574
0.023093
0.023452
0.023757
0.023590
0.030321
0.023494
0.025216
0.023751
0.024661
0.024321
0.031595
0.031464
0.029650
0.023304
0.024877
0.032054
0.025197
0.023736
0.025219
0.024329
0.025183
0.029299
0.037587
0.022779
0.023547
0.023285
0.023361
0.023136
0.022691
0.021934
0.022736
0.022844
0.023089
0.030643
0.022808
0.021465
0.022783
0.022999
0.021209
0.023182
0.020815
0.020064
0.020197
0.019830
0.019479
0.020035
0.028641
0.020744
0.021333
0.024952
0.027761
0.039750
0.020883
0.021409
0.021281
0.022049
0.020762
0.027060
0.021334
0.023774
0.021348
0.022488
0.021313
0.031001
0.022248
0.022770
0.021603
0.023972
0.021954
0.022301
0.024076
0.028358
0.021903
0.028975
0.022322
0.022977
0.022597
0.023789
0.023456
0.023515
0.023019
0.023186
0.023537
0.022865
0.022651
0.024225
0.023308
0.024055
0.027984
0.029383
0.031140
0.023024
0.023513
0.022667
0.022292
0.027250
0.022228
0.023005
0.024914
0.022192
0.023330
0.021909
0.021858
0.028879
0.022131
0.023340
0.033573
0.021633
0.021495
0.021294
0.021253
0.021559
0.021092
0.021533
0.021546
0.022935
0.024425
0.026397
0.023439
0.022179
0.022008
0.021948
0.022007
0.022136
0.022276
0.026273
0.023191
0.023391
0.023892
0.025508
0.030076
0.029794
0.027941
0.026351
0.023791
0.023534
0.025527
0.025905
0.023354
0.023716
0.023712
0.023543
0.027559
0.023386
0.023946
0.023711
0.022924
0.023135
0.023255
0.024130
0.024223
0.023811
0.022864
0.025834
0.023523
0.024494
0.028020
0.027940
0.024772
0.022438
0.022870
0.023767
0.023676
0.030277
0.022227
0.022268
0.024610
0.028814
0.028881
0.025450
0.031172
0.030361
0.025072
0.032386
0.022735
0.022964
0.023323
0.022933
0.022734
0.022690
0.023050
0.022834
0.023821
0.025102
0.023778
0.025534
0.023364
0.025485
0.023392
0.025743
0.024019
0.026106
0.024143
0.025330
0.026073
0.025679
0.024246
0.025205
0.028699
0.028189
0.024452
0.027289
0.024570
0.027301
0.029074
0.024232
0.028381
0.027322
0.024488
0.027601
0.024245
0.024788
0.028935
0.025185
0.024018
0.025997
0.025186
0.025053
0.026328
0.024058
0.025152
0.033200
0.033725
0.030816
0.023920
0.025108
0.027398
0.025712
0.037741
0.023746
0.026203
0.024382
0.025065
0.024161
0.030886
0.030858
0.028456
0.028110
0.027920
0.030475
0.025301
0.033648
0.025082
0.024693
0.024021
0.024990
0.024882
0.027204
0.025719
0.034243
0.025665
0.025230
0.025337
0.025773
0.025592
0.024786
0.025640
0.025864
0.030332
0.029711
0.025452
0.025184
0.026169
0.025961
0.029464
0.025860
0.026284
0.032741
0.025738
0.025890
0.026812
0.026222
0.033541
0.025998
0.024459
0.025507
0.024825
0.026911
0.027061
0.025845
0.025317
0.029766
0.023624
0.026898
0.027882
0.024977
0.034378
0.023801
0.024260
0.024591
0.025515
0.029688
0.023614
0.027683
0.024500
0.025105
0.027779
0.024552
0.024224
0.025609
0.024888
0.026782
0.024794
0.026122
0.025848
0.025517
0.024622
0.026491
0.030005
0.026535
0.025693
0.025471
0.030220
0.025073
0.026381
0.025909
0.026016
0.026371
0.027708
0.026256
0.032818
0.025877
0.026422
0.025987
0.028590
0.038312
0.027553
0.031826
0.030882
0.026373
0.036388
0.037380
0.032078
0.027177
0.027869
0.030081
0.031756
0.027069
0.025700
0.026563
0.025402
0.036133
0.033359
0.025789
0.027394
0.026199
0.031153
0.025578
0.027047
0.026981
0.027576
0.026275
0.027741
0.027451
0.027618
0.027166
0.027969
0.028098
0.035873
0.028553
0.029670
0.028977
0.032002
0.034653
0.029387
0.031940
0.032015
0.029948
0.028562
0.028609
0.037435
0.028515
0.036847
0.035820
0.043566
0.037313
0.046589
0.030514
0.039729
0.031783
0.033251
0.030550
0.031641
0.031431
0.038549
0.035861
0.030428
0.031190
0.030414
0.031122
0.030590
0.038697
0.031082
0.028750
0.030179
0.031495
0.030920
0.035662
0.033828
0.034432
0.030362
0.045509
0.033439
0.038477
0.029879
0.039655
0.035882
0.030190
0.030584
0.037137
0.037673
0.034010
0.034356
0.036319
0.034202
0.031300
0.030928
0.034856
0.031883
0.037151
0.036404
0.043549
0.034137
0.031307
0.032708
0.031267
0.032586
0.032260
0.032207
0.034701
0.044172
0.038766
0.038769
0.033254
0.032444
0.034434
0.036210
0.043484
0.032327
0.033242
0.031602
0.031567
0.054750
0.042838
0.031440
0.034150
0.036683
0.034208
0.037531
0.037566
0.032814
0.033520
0.033517
0.045439
0.041823
0.034028
0.039094
0.034762
0.034913
0.037929
0.045030
0.035349
0.042022
0.035842
0.036651
0.037557
0.037981
0.038294
0.037985
0.037323
0.045173
0.035687
0.043023
0.037187
0.045535
0.038953
0.037288
0.039132
0.041769
0.037350
0.036513
0.036927
0.036141
0.036954
0.038617
0.039280
0.038101
0.036844
0.060355
0.041201
0.043940
0.038508
0.042318
0.036934
0.037530
0.038114
0.036756
0.042266
0.041309
0.040452
0.045421
0.043764
0.039054
0.041804
0.041248
0.040107
0.038025
0.038970
0.038115
0.039446
0.042153
0.038483
0.042441
0.039572
0.038432
0.047740
0.046415
0.042996
0.041888
0.040008
0.042288
0.046765
0.044717
0.040871
0.040303
0.040863
0.044027
0.048366
0.044180
0.040788
0.051977
0.042685
0.047071
0.040727
0.048707
0.047674
0.041803
0.045968
0.050896
0.043961
0.043109
0.052563
0.044476
0.046158
0.051830
0.053647
0.052677
0.049373
0.050994
0.047139
0.046920
0.057497
0.046898
0.041770
0.042622
0.054765
0.043211
0.040416
0.047199
0.046792
0.041551
0.038102
0.039281
0.037807
0.038043
0.042900
0.044476
0.039876
0.040917
0.041689
0.042890
0.039811
0.041360
0.047440
0.054638
0.049133
0.041422
0.042675
0.049073
0.051689
0.055421
0.045123
0.049881
0.058999
0.045737
0.048075
0.052938
0.047472
0.054630
0.049363
0.052626
0.046565
0.053982
0.062145
0.050850
0.052610
0.051218
0.048364
0.058634
0.056412
0.053877
0.059942
0.050568
0.047486
0.051504
0.046322
0.050848
0.051836
0.051092
0.045522
0.069421
0.045293
0.056945
0.047905
0.052400
0.050912
0.043129
0.045084
0.045757
0.056571
0.042193
0.045920
0.045463
0.045635
0.061470
0.043509
0.045975
0.044286
0.046222
0.044176
0.044658
0.042496
0.041775
0.041962
0.042755
0.042395
0.040550
0.042706
0.041672
0.042210
0.041396
0.042743
0.043916
0.042862
0.048927
0.048576
0.050099
0.048892
0.050206
0.043287
0.049770
0.044217
0.045906
0.053179
0.044479
0.047251
0.050973
0.055211
0.048106
0.048378
0.044435
0.046722
0.045222
0.047217
0.046206
0.048390
0.052363
0.047535
0.047226
0.042495
0.043629
0.050500
0.047182
0.052285
0.051876
0.043863
0.049350
0.045740
0.042530
0.049254
0.047327
0.043842
0.045695
0.052120
0.047537
0.048322
0.052568
0.053164
0.058342
0.058636
0.051358
0.061360
0.059287
0.056859
0.059557
0.062761
0.059012
0.054844
0.067914
0.061304
0.064674
0.055449
0.056418
0.059417
0.059760
0.056135
0.061580
0.055779
0.057724
0.058653
0.061590
0.064672
0.057378
0.071232
0.073353
0.063333
0.060744
0.058325
0.056615
0.072811
0.053911
0.054226
0.064538
0.050882
0.049591
0.059585
0.049796
0.061944
0.052183
0.062313
0.072071
0.047036
0.060426
0.051616
0.049063
0.048351
0.045082
0.048562
0.053651
0.045587
0.053973
0.061760
0.048940
0.052972
0.050803
0.053025
0.048882
0.049163
0.050473
0.057336
0.054458
0.051309
0.055959
0.049443
0.051777
0.051567
0.054698
0.058648
0.054951
0.054865
0.059750
0.065796
0.058178
0.059524
0.058570
0.059095
0.070823
0.068559
0.060731
0.058020
0.063352
0.060630
0.067551
0.058269
0.057065
0.070029
0.061289
0.059217
0.065911
0.059392
0.056927
0.062819
0.058430
0.058694
0.060030
0.062928
0.058924
0.056261
0.063412
0.055816
0.072392
0.069155
0.057523
0.064586
0.060109
0.059327
0.060376
0.059490
0.059810
0.054284
0.056026
0.054340
0.053084
0.054086
0.078317
0.059195
0.062662
0.059286
0.055695
0.062186
0.064626
0.054500
0.059537
0.060772
0.057746
0.057308
0.059863
0.060597
0.071509
0.062731
0.064405
0.060609
0.062981
0.062892
0.069411
0.078348
0.066809
0.063751
0.070363
0.073235
0.071534
0.062822
0.061586
0.072511
0.063317
0.065538
0.071791
0.065677
0.069073
0.063616
0.060914
0.063117
0.073443
0.077215
0.058155
0.062752
0.071014
0.060431
0.073970
0.054799
0.061683
0.055665
0.053622
0.061059
0.057418
0.055391
0.054490
0.059937
0.061429
0.058144
0.062333
0.065164
0.063488
0.065597
0.053644
0.063483
0.056930
0.054580
0.059056
0.055063
0.050299
0.050063
0.057101
0.055001
0.049117
0.047388
0.047593
0.047362
0.059658
0.060842
0.049068
0.050947
0.051055
0.061431
0.062201
0.052765
0.061015
0.057733
0.065044
0.057253
0.064356
0.064561
0.054832
0.074354
0.058681
0.059336
0.060655
0.060785
0.060421
0.059328
0.060515
0.053832
0.058217
0.054166
0.060682
0.058819
0.057258
0.059748
0.055255
0.052308
0.047589
0.062796
0.055126
0.048695
0.045533
0.049202
0.049117
0.053879
0.052362
0.047311
0.043799
0.050551
0.046761
0.042949
0.043253
0.048548
0.043259
0.051922
0.046124
0.052638
0.060318
0.050990
0.045882
0.046012
0.047616
0.047746
0.053993
0.046489
0.046495
0.049316
0.052425
0.058658
0.045913
0.052533
0.051236
0.059097
0.059562
0.052385
0.054781
0.064544
0.048814
0.053749
0.067811
0.067646
0.059202
0.055927
0.061926
0.063226
0.064246
0.059862
0.059024
0.058795
0.055379
0.062710
0.062991
0.071249
0.062980
0.058854
0.071402
0.065225
0.061997
0.074685
0.068097
0.064384
0.061258
0.066136
0.075746
0.070841
0.070344
0.076292
0.072499
0.063370
0.071427
0.062191
0.063484
0.086039
0.069264
0.057666
0.054032
0.055321
0.067631
0.053712
0.049276
0.047958
0.051857
0.047528
0.045424
0.043148
0.056180
0.040636
0.039788
0.045948
0.035848
0.036671
0.034553
0.035730
0.032699
0.038209
0.038771
0.037684
0.035273
0.039458
0.031622
0.033697
0.035977
0.035744
0.036955
0.033973
0.037167
0.038899
0.036959
0.035779
0.039299
0.034839
0.034132
0.034189
0.051363
0.035309
0.034952
0.038423
0.037696
0.038717
0.037934
0.041355
0.036276
0.044129
0.041859
0.037971
0.038315
0.043870
0.037194
0.043463
0.036669
0.043651
0.037841
0.040113
0.037642
0.072104
0.036858
0.036580
0.037655
0.040893
0.040712
0.038474
0.042354
0.039639
0.049732
0.039735
0.040304
0.046574
0.046524
0.037338
0.037150
0.037876
0.041373
0.042785
0.046288
0.041800
0.041638
0.040099
0.044565
0.039981
0.038561
0.038050
0.057763
0.037162
0.041931
0.044109
0.040132
0.043340
0.037616
0.041416
0.038442
0.038673
0.039822
0.038301
0.044567
0.043400
0.037728
0.040298
0.046783
0.049960
0.046683
0.039816
0.046974
0.044302
0.038492
0.047015
0.040452
0.037144
0.036821
0.038306
0.044579
0.039048
0.039168
0.038817
0.036919
0.038708
0.039702
0.043238
0.037639
0.039901
0.041953
0.050001
0.041079
0.051372
0.038430
0.041076
0.047857
0.040315
0.038913
0.043127
0.038821
0.038337
0.039326
0.038658
0.038161
0.040033
0.047468
0.044524
0.039649
0.040945
0.052915
0.049567
0.044652
0.048414
0.040251
0.042333
0.039496
0.042267
0.044508
0.040706
0.041084
0.041074
0.039134
0.051258
0.038937
0.047760
0.039868
0.046306
0.044166
0.040251
0.043762
0.041255
0.042967
0.046568
0.040510
0.038662
0.036973
0.040994
0.051416
0.036041
0.036471
0.034852
0.036427
0.038527
0.043805
0.040330
0.049017
0.033838
0.033548
0.034987
0.040450
0.033126
0.042715
0.034740
0.034206
0.037643
0.040617
0.038519
0.032306
0.037379
0.041866
0.031460
0.037071
0.038170
0.033109
0.038356
0.031566
0.042093
0.037879
0.032779
0.035444
0.031820
0.035557
0.035715
0.036018
0.039992
0.031066
0.034228
0.038669
0.046663
0.035461
0.031387
0.037348
0.031750
0.032609
0.030536
0.030293
0.033648
0.031696
0.035044
0.031053
0.038739
0.032030
0.038933
0.038675
0.032344
0.031602
0.034107
0.035635
0.034973
0.038709
0.036155
0.039010
0.037182
0.035173
0.043753
0.034631
0.035077
0.041722
0.039135
0.034431
0.044978
0.035589
0.033977
0.034483
0.037540
0.044404
0.036849
0.042040
0.033398
0.042261
0.039294
0.034181
0.034538
0.035053
0.041638
0.037454
0.033723
0.040026
0.034599
0.041224
0.035517
0.039126
0.038776
0.034426
0.040244
0.040823
0.039201
0.041449
0.038924
0.040748
0.036649
0.036614
0.037678
0.035870
0.033134
0.041903
0.035719
0.038593
0.033365
0.035199
0.045643
0.038251
0.037625
0.042226
0.036658
0.039269
0.038007
0.041929
0.035974
0.035582
0.033288
0.035328
0.041759
0.033953
0.031541
0.039731
0.036651
0.035604
0.044593
0.038919
0.043251
0.040644
0.039868
0.035399
0.033319
0.035342
0.034013
0.032938
0.033017
0.038402
0.036251
0.038678
0.042634
0.044770
0.039995
0.040803
0.040293
0.047234
0.035434
0.034391
0.035795
0.034926
0.029948
0.040288
0.032636
0.035204
0.028838
0.029713
0.028231
0.034755
0.030049
0.035900
0.035331
0.031452
0.030908
0.029201
0.032136
0.030828
0.035310
0.030048
0.032248
0.030953
0.031369
0.031979
