687	334	57	41
686	332	57	40
686	332	57	40
685	333	57	40
685	333	57	40
682	334	57	40
684	333	58	40
681	333	58	40
681	333	59	40
681	335	59	41
680	334	59	41
679	335	59	41
678	335	60	41
678	335	59	41
677	335	59	41
676	335	59	42
676	336	59	42
675	336	59	42
675	336	59	43
674	335	60	43
672	335	60	43
672	336	60	44
670	336	61	44
670	337	61	44
670	337	61	45
669	337	62	45
668	336	62	45
667	336	63	45
666	337	63	45
665	338	63	45
665	337	63	45
665	339	63	45
664	339	63	45
664	339	63	45
661	339	63	45
662	339	63	45
661	339	64	45
660	340	65	45
658	341	65	45
657	341	65	46
657	341	65	46
656	342	65	46
655	341	65	46
654	341	65	47
653	342	65	47
653	342	66	47
652	342	67	47
650	342	67	48
649	342	67	48
649	342	67	48
647	343	67	48
646	344	67	48
644	344	68	48
644	345	69	49
642	346	70	49
642	345	70	49
642	346	71	49
641	346	71	49
639	347	71	49
638	347	71	49
638	347	70	49
637	348	70	49
637	347	70	50
636	348	71	50
633	348	72	50
633	349	72	50
632	349	73	50
630	349	73	50
628	349	73	51
628	350	74	51
627	350	74	51
626	350	75	51
624	351	75	52
625	349	76	52
623	350	76	53
621	352	76	52
622	351	76	53
619	351	76	53
618	352	77	54
618	353	77	54
618	354	77	54
617	354	77	54
615	354	77	54
615	354	77	54
614	355	77	54
612	355	78	54
611	355	79	54
612	355	79	54
608	355	81	54
607	356	81	55
607	356	81	55
606	356	81	55
603	356	82	55
602	357	82	56
603	358	83	56
601	358	85	57
599	358	85	57
598	359	85	57
596	359	86	57
596	359	87	58
592	359	87	58
592	360	88	59
591	360	88	60
591	361	87	60
590	362	87	61
589	362	87	61
588	363	87	61
588	362	87	62
586	363	87	62
586	363	87	62
585	363	86	62
583	364	86	62
583	365	86	62
582	366	86	62
582	367	86	61
578	367	86	62
579	368	87	61
578	368	86	62
577	367	86	62
576	367	86	62
576	368	86	61
576	368	86	61
573	369	86	61
573	369	86	61
572	369	86	60
571	370	86	60
572	371	86	59
572	372	85	59
571	372	83	59
571	373	82	59
573	373	81	59
568	373	82	59
570	373	81	59
563	374	82	59
566	374	82	59
569	374	80	58
571	372	78	57
572	372	76	56
575	373	74	55
576	373	73	54
576	374	71	53
577	374	69	53
577	374	68	52
571	374	68	51
571	375	68	51
573	375	67	50
573	376	65	50
574	376	64	50
576	376	62	50
578	377	61	49
576	377	61	49
575	378	60	49
574	378	59	48
573	379	59	48
571	379	58	47
570	380	57	47
565	380	59	45
564	382	59	45
563	384	59	45
560	380	61	43
558	382	62	42
556	383	63	41
557	385	62	42
554	386	63	41
554	386	64	41
551	387	64	40
538	393	66	40
547	388	66	39
547	389	67	39
544	390	67	39
542	391	67	38
530	397	68	38
525	398	69	38
535	396	69	37
532	396	69	37
529	397	69	37
529	398	69	37
527	398	70	37
525	399	70	37
522	399	71	37
526	399	71	37
523	399	72	38
522	399	72	38
522	400	74	38
519	401	74	38
517	401	75	38
517	402	75	39
515	403	75	39
512	403	75	39
511	403	75	40
509	404	75	40
508	405	75	41
506	405	76	41
504	406	76	41
502	407	77	41
498	408	78	42
497	408	78	42
494	409	79	43
493	410	79	43
490	411	79	44
489	411	80	44
487	412	80	44
484	413	80	45
483	413	80	45
480	414	81	45
478	415	81	46
477	415	81	46
475	415	82	46
473	416	82	46
471	417	82	47
469	417	82	47
468	418	82	48
467	418	81	48
467	419	81	48
464	419	81	48
463	420	81	48
462	422	81	49
460	422	82	49
459	422	81	49
456	423	82	49
455	423	82	49
453	423	83	49
449	429	84	49
445	427	85	49
442	427	85	49
438	426	87	49
434	427	89	49
433	429	91	50
429	430	92	50
424	431	93	50
424	432	94	51
423	432	95	51
419	432	96	51
418	433	96	51
417	434	97	51
415	436	97	52
414	437	99	52
414	439	99	53
412	440	101	53
414	442	102	54
418	442	104	55
420	442	105	55
424	443	107	56
428	443	107	56
432	444	108	57
437	444	109	57
441	444	108	57
446	445	108	58
450	446	108	58
458	445	108	58
461	447	109	58
468	448	109	58
473	448	111	59
478	450	112	59
486	450	113	59
493	450	115	60
500	451	117	60
507	451	118	60
521	451	118	61
533	452	119	61
543	453	119	61
553	454	121	61
563	454	122	62
576	456	123	62
585	456	124	62
594	457	125	62
606	458	127	62
617	459	128	62
629	460	130	61
637	462	131	61
648	463	132	61
659	463	133	60
667	465	135	60
674	467	136	60
681	469	136	59
688	470	137	59
694	472	138	58
697	474	138	58
702	475	139	58
706	476	141	57
702	478	143	57
704	478	144	57
699	479	145	57
702	481	146	57
695	483	148	57
697	483	148	57
693	485	150	58
695	485	151	58
691	487	153	58
684	488	155	58
680	489	158	58
681	490	158	59
674	491	160	59
673	492	162	59
675	493	162	60
667	494	164	60
662	495	165	60
665	495	165	60
668	496	164	60
659	497	164	60
659	499	163	61
656	499	162	61
658	500	161	61
655	502	161	61
655	503	160	61
654	505	159	60
656	506	159	60
654	506	161	59
658	509	161	59
658	509	161	59
655	510	163	59
659	512	162	57
663	513	162	57
656	514	164	56
661	515	165	56
664	516	165	56
665	517	165	55
668	518	165	55
672	519	166	54
676	521	168	54
675	522	170	53
675	524	173	53
680	526	175	54
682	527	175	54
693	529	177	53
695	531	179	53
707	532	180	52
707	535	182	52
704	538	183	51
713	541	184	51
719	543	183	50
723	545	182	50
726	547	182	49
732	550	182	48
736	550	183	47
743	552	181	47
749	555	181	46
754	557	180	45
759	558	180	45
764	560	180	45
770	562	180	44
771	564	181	43
774	565	182	43
779	566	182	43
777	568	183	42
785	569	184	42
783	570	183	42
791	571	183	42
793	572	184	42
791	574	184	42
796	576	184	42
795	578	185	42
792	579	185	42
793	579	186	42
796	580	186	42
788	582	186	42
782	584	186	42
786	584	185	42
789	584	185	42
780	585	185	42
775	586	184	41
771	586	184	41
767	586	184	41
763	587	184	41
759	588	184	41
764	587	184	41
755	586	183	41
747	586	183	41
742	586	183	41
738	586	183	41
733	587	183	41
730	588	183	41
727	588	183	41
722	588	182	41
717	589	182	41
713	589	182	41
709	589	182	42
706	589	182	42
700	590	181	42
698	591	181	42
693	591	181	42
689	591	180	42
683	591	180	42
680	592	180	42
674	591	179	42
671	590	179	42
670	590	179	42
669	591	178	42
666	590	178	42
665	590	178	42
663	591	178	42
660	591	178	43
657	590	177	43
655	590	177	43
653	590	177	43
652	589	177	43
649	589	177	43
646	588	177	43
639	587	177	43
632	587	177	43
629	587	176	43
623	587	176	43
618	587	176	43
614	586	175	43
609	585	175	43
604	585	174	43
599	584	174	43
593	584	174	43
593	583	174	43
590	582	174	43
585	582	174	44
581	581	174	44
576	580	174	44
571	579	173	44
569	578	173	44
566	578	172	45
563	578	171	45
560	577	171	45
551	577	171	45
548	577	170	46
544	577	169	46
534	576	169	46
532	575	169	46
528	574	169	46
522	573	169	45
518	573	169	46
517	572	168	46
508	558	168	46
505	559	168	47
492	548	168	47
488	550	168	47
483	550	167	47
472	541	167	47
466	543	166	48
469	544	165	49
460	545	164	50
453	547	163	51
457	547	163	51
459	547	162	52
452	547	162	53
443	547	161	53
449	547	162	53
441	548	163	53
440	547	164	53
433	549	165	52
424	549	167	51
425	549	167	52
424	548	166	52
422	547	166	52
414	548	166	52
413	548	167	51
402	549	168	50
401	549	168	50
395	549	167	50
376	536	165	51
373	536	165	51
379	536	164	51
374	535	165	51
369	535	166	52
366	536	166	52
358	536	167	51
353	536	168	51
348	536	167	51
342	536	168	50
337	535	167	50
331	534	168	50
326	533	168	50
331	532	166	51
324	531	165	51
317	531	165	50
311	530	164	50
308	530	163	50
311	530	162	51
304	529	161	51
298	528	160	51
291	527	161	50
295	526	159	51
290	525	158	51
285	524	160	51
279	523	161	51
274	524	161	50
267	522	162	51
260	521	162	51
255	520	163	51
251	518	162	51
255	519	162	52
247	520	164	51
241	521	167	50
235	521	170	49
230	521	172	49
227	520	173	48
225	519	172	48
220	519	172	48
213	519	173	47
211	518	174	47
205	517	174	47
201	516	174	47
198	514	175	47
192	513	174	47
186	511	173	47
185	510	172	48
179	508	172	48
179	507	169	49
177	506	166	49
173	506	166	49
169	507	166	49
165	507	166	48
162	507	165	48
159	506	165	48
153	505	163	49
150	503	163	49
149	502	161	50
145	499	159	51
142	498	157	51
137	496	156	52
137	496	156	52
131	494	155	53
129	495	154	53
128	494	154	53
125	493	153	53
128	492	153	53
126	491	152	54
127	490	152	53
123	490	152	53
126	489	152	52
125	488	153	52
128	486	152	52
131	484	152	52
134	481	151	52
135	481	151	52
134	479	151	52
138	478	150	52
141	476	149	52
147	474	149	52
150	473	148	52
152	472	149	51
159	470	149	51
160	469	148	51
167	469	148	51
167	460	147	51
160	459	145	52
167	458	145	53
172	456	144	53
178	453	143	54
185	452	144	55
195	452	142	55
203	451	140	55
210	449	139	56
211	447	139	56
214	445	138	56
209	443	140	56
217	441	138	57
213	438	140	58
227	440	141	57
229	439	142	57
232	438	143	57
237	437	144	58
238	435	145	57
217	429	148	58
218	427	151	58
211	423	156	59
219	421	158	60
215	418	160	62
216	416	162	62
215	416	164	63
217	415	166	64
218	414	167	64
218	413	170	64
219	413	172	65
220	412	173	65
221	412	177	65
219	412	180	65
219	412	182	65
217	412	184	65
211	411	186	66
215	411	187	66
216	411	188	66
212	410	190	66
216	409	192	66
200	408	191	66
203	407	189	66
199	408	188	65
202	407	188	65
199	407	186	65
197	406	185	65
189	406	183	64
195	406	181	65
186	405	179	65
191	403	176	65
188	401	175	65
187	399	175	64
188	399	173	64
186	398	173	64
184	399	173	63
185	399	175	63
187	399	176	62
187	400	177	63
188	401	179	62
185	402	180	63
186	402	181	63
179	400	182	63
179	401	185	63
167	401	187	62
156	401	188	61
163	402	190	60
171	402	191	60
166	403	192	60
161	401	192	60
170	402	192	61
164	400	193	61
161	400	193	61
156	400	193	61
154	399	193	61
151	399	193	61
149	399	194	61
146	400	194	61
138	399	194	61
130	398	195	61
116	398	196	60
123	398	197	59
110	397	197	59
136	398	197	59
132	399	199	59
129	399	201	59
124	399	203	59
118	398	203	58
113	397	202	58
103	396	202	58
116	395	201	59
109	394	200	59
123	394	199	60
120	394	198	60
113	394	199	60
105	393	198	60
116	393	198	60
109	393	198	59
120	392	197	60
114	391	195	60
110	390	195	60
119	391	195	61
115	390	194	61
112	389	194	61
123	389	194	61
120	389	194	62
114	389	194	62
122	389	193	62
119	388	193	62
126	388	193	62
122	387	193	62
130	387	193	62
127	385	193	62
125	385	193	62
122	383	194	61
137	383	193	61
137	382	192	61
136	382	192	61
149	381	191	61
149	380	191	62
148	379	190	62
159	379	189	62
165	378	188	63
172	378	187	63
168	376	187	63
176	375	186	63
180	374	186	64
176	372	185	64
185	372	184	64
192	372	184	65
187	357	183	65
197	358	180	66
204	358	179	67
209	359	178	68
211	360	177	68
218	363	177	68
214	349	175	69
222	351	174	70
227	351	173	71
231	352	172	71
235	352	171	72
238	352	170	72
241	353	168	72
248	356	168	72
252	355	167	72
257	356	167	72
259	354	166	72
270	364	166	72
279	360	166	72
277	345	165	72
279	344	164	73
281	356	163	73
284	356	163	72
287	355	163	72
289	355	163	72
280	342	160	72
297	355	160	72
297	353	159	72
297	351	158	73
287	338	156	73
290	338	154	73
293	337	153	73
296	338	153	73
299	338	152	73
316	352	152	73
326	351	151	73
328	351	151	72
328	350	150	72
335	350	149	72
337	350	148	71
345	351	146	71
341	350	145	71
350	351	145	70
349	351	144	70
348	350	142	69
351	351	142	68
353	351	141	68
355	350	140	68
355	350	139	67
357	349	138	67
356	349	137	67
365	350	137	67
363	351	137	67
360	351	137	67
370	350	137	67
371	350	137	67
370	350	136	67
369	351	136	67
380	350	136	67
383	350	136	67
380	350	136	67
380	350	136	67
381	350	136	67
380	350	136	67
380	349	136	67
379	349	136	67
379	348	136	67
370	348	136	67
374	347	137	66
377	346	137	66
380	346	137	66
381	345	137	66
380	345	137	66
381	344	137	66
372	343	137	66
375	343	137	66
376	343	137	66
367	355	137	66
375	355	137	66
378	357	137	66
372	356	137	66
377	357	137	66
371	356	137	66
375	356	137	66
369	355	137	66
329	303	138	66
328	301	139	67
321	302	139	67
323	302	139	68
322	302	139	68
320	303	139	69
324	316	139	69
324	301	139	69
323	300	140	69
330	330	140	69
332	330	140	68
319	318	139	68
321	318	139	68
318	320	139	68
324	320	139	68
331	335	139	68
334	336	139	68
340	338	139	68
337	340	139	67
331	340	139	67
336	340	139	67
342	342	139	67
338	341	139	67
332	341	139	67
339	341	139	67
333	341	139	68
340	341	139	68
336	341	139	68
331	341	139	68
341	341	139	68
337	341	139	68
334	342	139	68
339	342	139	68
333	341	139	68
327	343	139	68
334	342	139	68
330	341	139	68
336	340	139	68
341	340	139	68
353	349	139	68
350	346	139	68
346	343	139	68
339	340	139	68
332	339	139	68
321	337	139	68
324	337	139	68
327	336	139	68
332	338	139	68
324	336	139	68
330	337	139	68
336	338	139	68
329	337	139	68
340	337	139	68
335	337	139	68
328	336	139	68
332	336	139	68
325	335	139	68
333	336	139	68
328	335	139	68
321	335	139	68
329	335	139	68
323	334	139	68
329	335	139	68
332	336	139	68
328	334	139	68
325	334	139	68
322	334	139	68
317	332	139	68
327	333	139	68
324	332	139	68
321	331	139	67
327	332	139	67
322	330	139	67
331	330	139	67
337	331	139	67
343	331	139	67
345	332	139	67
347	333	139	67
347	333	139	67
349	333	139	67
354	333	139	67
359	332	139	67
352	331	139	67
355	329	139	67
347	327	139	67
353	326	139	67
359	325	139	67
353	324	139	67
358	322	139	67
351	321	140	67
345	317	140	67
350	317	140	67
355	316	140	67
358	317	140	67
363	317	140	67
360	317	140	67
443	224	137	69
443	223	137	70
442	223	136	70
443	222	135	71
442	222	135	72
441	222	135	72
439	222	136	72
440	222	135	73
440	221	135	73
436	222	135	74
450	219	135	74
449	219	135	74
448	219	136	74
447	219	136	73
444	219	136	73
443	219	136	73
441	219	136	73
438	220	137	73
439	220	138	73
437	221	138	73
438	220	140	73
437	220	140	73
435	220	141	73
436	220	142	73
436	220	142	73
435	220	143	73
435	220	144	73
435	220	145	73
436	220	145	73
437	219	145	73
440	218	146	73
443	218	146	73
448	217	147	73
437	219	147	73
439	218	147	73
441	218	147	73
445	217	148	73
454	217	149	73
444	217	150	73
451	216	151	73
441	217	153	73
450	217	154	72
440	219	155	72
448	218	156	71
440	219	156	71
447	218	157	71
440	220	157	71
450	218	157	71
441	218	157	71
450	217	157	71
438	225	154	72
441	221	152	72
442	218	149	72
446	216	148	72
437	224	148	72
441	221	147	71
444	220	145	71
439	227	143	70
443	223	141	70
447	221	139	70
442	221	139	69
446	228	136	69
451	223	135	69
446	222	135	69
450	220	134	68
447	228	134	68
453	224	134	67
448	222	135	66
456	220	134	66
450	227	134	66
456	222	133	66
450	222	133	65
458	221	133	65
456	221	133	65
453	221	133	64
461	220	133	65
455	228	131	65
453	225	131	64
453	225	131	64
460	223	130	64
457	220	129	65
457	229	129	64
455	227	128	64
456	225	128	64
456	225	128	64
465	221	127	64
462	221	126	64
459	220	127	63
460	228	126	63
459	225	126	63
461	224	126	63
461	223	126	63
464	221	126	63
454	230	126	63
463	227	125	63
461	225	125	62
461	222	125	63
461	221	125	63
463	221	124	63
466	221	124	63
473	218	124	63
464	227	123	62
466	225	124	62
465	222	123	62
466	221	124	62
477	218	124	62
467	218	124	62
458	228	125	62
463	226	126	62
475	222	127	61
466	221	127	61
470	219	127	61
460	229	127	61
463	226	128	61
467	224	129	61
458	223	129	61
458	221	129	61
458	221	129	61
460	221	129	61
465	222	129	61
466	221	130	61
468	221	130	60
456	230	130	60
459	228	129	61
460	226	130	61
459	225	130	61
461	224	130	61
460	224	130	61
459	224	130	61
456	224	130	61
455	224	131	61
453	224	130	62
451	225	129	62
448	226	128	62
462	226	129	62
464	226	130	62
464	225	130	62
462	225	130	62
463	224	130	62
465	223	130	62
468	223	132	61
459	224	132	61
459	224	133	61
458	224	133	61
458	224	134	62
458	224	135	62
460	223	136	62
465	223	137	61
454	224	138	62
455	225	138	62
458	225	139	62
458	224	139	62
461	223	140	62
464	222	142	62
471	221	143	62
463	221	143	62
468	221	144	62
455	230	143	62
451	228	143	63
450	227	143	63
463	225	143	63
464	225	143	63
468	224	143	63
459	226	143	62
464	226	144	62
466	225	144	62
470	224	144	62
457	225	143	62
457	225	143	63
456	225	143	63
458	225	143	63
458	226	143	63
456	225	143	63
458	226	143	63
459	225	143	63
461	225	143	63
466	224	143	63
471	223	143	63
462	223	143	63
466	223	142	63
473	222	142	63
466	222	142	62
478	220	142	62
474	220	142	62
485	219	142	62
487	220	143	61
484	219	143	61
464	228	142	61
470	225	142	61
479	221	142	61
477	219	141	61
468	227	141	61
476	223	140	61
484	220	140	61
486	218	140	61
481	228	141	60
476	224	141	60
484	220	141	60
485	218	141	60
487	218	141	60
488	217	141	60
487	219	142	59
487	220	143	58
488	219	144	58
490	219	145	57
494	219	145	57
490	219	146	56
469	227	146	57
481	223	145	57
477	220	145	57
488	219	145	57
466	228	145	57
476	224	145	58
471	221	144	58
483	221	145	57
484	220	146	57
483	221	147	56
483	221	148	56
483	221	148	55
480	221	149	55
478	221	149	55
475	221	150	55
491	221	150	54
559	224	153	53
566	224	154	52
562	225	155	51
555	225	156	50
563	224	157	49
558	225	157	49
567	225	158	48
562	225	158	47
