0.028280
0.189510
0.201917
0.197515
0.211493
0.207638
0.176247
0.202904
0.177568
0.164682
0.187351
0.230832
0.204363
0.213189
0.200706
0.200605
0.194410
0.188081
0.204890
0.220482
0.170261
0.217905
0.188327
0.185477
0.190730
0.188948
0.221113
0.195853
0.225666
0.207534
0.194528
0.198124
0.213890
0.205106
0.205525
0.198752
0.215729
0.191967
0.176943
0.194242
0.220917
0.207600
0.169404
0.225634
0.181616
0.197536
0.203476
0.180977
0.185159
0.208014
0.234843
0.199558
0.228375
0.187667
0.189768
0.218111
0.196326
0.165780
0.182615
0.220856
0.194355
0.193627
0.190441
0.199253
0.224409
0.192653
0.200401
0.199259
0.198984
0.203800
0.184348
0.180707
0.199583
0.193515
0.204735
0.211964
0.186149
0.176594
0.184877
0.213058
0.201802
0.206466
0.247467
0.213658
0.197136
0.185293
0.196735
0.188757
0.193182
0.188978
0.220716
0.230309
0.224355
0.229430
0.210383
0.219807
0.190104
0.213827
0.208263
0.208361
0.201378
0.194604
0.186784
0.182912
0.185887
0.181845
0.193492
0.193168
0.207107
0.207538
0.213776
0.203993
0.216571
0.209960
0.217617
0.209871
0.199919
0.191046
0.191442
0.218352
0.201109
0.224965
0.196074
0.208820
0.208918
0.202847
0.223230
0.211466
0.201512
0.184973
0.237569
0.217980
0.199269
0.201064
0.217206
0.224489
0.203902
0.203917
0.198332
0.187979
0.214108
0.205752
0.197242
0.206689
0.188814
0.178105
0.181577
0.199863
0.212449
0.213609
0.206806
0.203187
0.209491
0.204975
0.187229
0.212421
0.216078
0.202762
0.188344
0.198569
0.227917
0.213266
0.194293
0.181962
0.188290
0.208199
0.186873
0.180787
0.190284
0.196802
0.198083
0.193740
0.196185
0.200009
0.199331
0.203459
0.191382
0.218500
0.181644
0.187701
0.189151
0.243301
0.213606
0.202453
0.193214
0.187314
0.189571
0.192653
0.185483
0.201494
0.212734
0.215090
0.197924
0.196107
0.204140
0.184643
0.210728
0.194304
0.196524
0.191226
0.186862
0.191077
0.198151
0.186109
0.198357
0.195353
0.202256
0.200071
0.221586
0.194377
0.196573
0.179309
0.226325
0.231163
0.206819
0.224226
0.195624
0.183903
0.222424
0.208020
0.217443
0.217344
0.176776
0.174202
0.180256
0.201657
0.204543
0.189451
0.193557
0.190681
0.193866
0.191443
0.200930
0.209860
0.201031
0.212756
0.225526
0.202526
0.199311
0.188637
0.198077
0.211935
0.200132
0.191725
0.202782
0.200582
0.188296
0.185134
0.211675
0.214732
0.229179
0.216555
0.208075
0.186038
0.200361
0.190854
0.204219
0.236773
0.223139
0.223414
0.196541
0.225718
0.212468
0.179602
0.197075
0.239494
0.228767
0.216882
0.191437
0.195791
0.198656
0.222174
0.228451
0.215333
0.205934
0.218212
0.196974
0.197677
0.202295
0.212444
0.189733
0.201697
0.211805
0.190532
0.188958
0.203644
0.205439
0.189589
0.204392
0.199034
0.185924
0.211383
0.197450
0.196402
0.190097
0.205577
0.209090
0.192973
0.198029
0.196674
0.211446
0.188447
0.228271
0.194943
0.211917
0.198993
0.205237
0.193810
0.225073
0.249202
0.251112
0.221164
0.215858
0.209197
0.212781
0.188375
0.201092
0.185002
0.193211
0.197879
0.215607
0.200507
0.210814
0.221499
0.206111
0.230075
0.189098
0.197833
0.182665
0.201655
0.191109
0.209085
0.216275
0.196489
0.213552
0.225327
0.223042
0.203190
0.220885
0.196599
0.211490
0.191653
0.174174
0.195364
0.199522
0.199842
0.204160
0.195837
0.203032
0.190922
0.194233
0.197901
0.196761
0.217685
0.198740
0.182280
0.189520
0.200114
0.205294
0.244505
0.195952
0.206936
0.186792
0.193529
0.185164
0.220572
0.186785
0.194752
0.203425
0.186353
0.204744
0.214272
0.207301
0.185616
0.192655
0.207116
0.207901
0.176923
0.182837
0.186359
0.203346
0.197693
0.217812
0.198454
0.230086
0.200836
0.255342
0.203566
0.202888
0.191559
0.238591
0.222039
0.193142
0.206514
0.185381
0.188271
0.245591
0.204466
0.199010
0.192587
0.207731
0.220094
0.197667
0.210595
0.210573
0.195612
0.212857
0.217715
0.192456
0.198915
0.174944
0.212227
0.179252
0.214959
0.200649
0.232510
0.199313
0.207818
0.204319
0.193067
0.180470
0.184126
0.219544
0.192370
0.219771
0.210637
0.205028
0.216700
0.192735
0.187192
0.198257
0.242681
0.169139
0.191032
0.173742
0.202517
0.180480
0.209236
0.231409
0.212791
0.191955
0.192477
0.194542
0.196885
0.192306
0.243045
0.210170
0.226963
0.192011
0.204352
0.204099
0.219215
0.198133
0.205305
0.200171
0.201661
0.188205
0.184174
0.198119
0.206989
0.202196
0.196670
0.212675
0.196954
0.196647
0.189489
0.199492
0.215579
0.206977
0.202693
0.197381
0.199478
0.205597
0.212224
0.216661
0.252565
0.212955
0.199824
0.191347
0.207488
0.224477
0.206502
0.241705
0.231719
0.204394
0.189498
0.218620
0.208670
0.192980
0.193493
0.190152
0.183543
0.210568
0.186085
0.193515
0.207055
0.201953
0.205719
0.197693
0.208895
0.193195
0.224625
0.216386
0.182435
0.191460
0.202853
0.198045
0.182717
0.196692
0.198857
0.200336
0.223589
0.207852
0.217376
0.188126
0.195291
0.189470
0.193777
0.209595
0.195507
0.200425
0.197001
0.190087
0.216856
0.196414
0.183246
0.185374
0.206601
0.197055
0.183287
0.194405
0.194837
0.182684
0.205603
0.189571
0.213919
0.242812
0.187836
0.205664
0.195976
0.203142
0.211609
0.215188
0.215786
0.213911
0.200851
0.188119
0.181707
0.201082
0.184421
0.211460
0.211868
0.189511
0.207557
0.232266
0.199629
0.211496
0.200047
0.207268
0.219471
0.225645
0.178283
0.201679
0.192758
0.202927
0.218651
0.206279
0.202798
0.214528
0.192745
0.189656
0.202939
0.188140
0.192913
0.212434
0.201405
0.188359
0.194128
0.183364
0.211005
0.189576
0.186756
0.192332
0.203531
0.198434
0.221541
0.205367
0.222541
0.201855
0.191600
0.221057
0.184146
0.195057
0.193372
0.222013
0.170789
0.208791
0.188548
0.193748
0.183487
0.175011
0.162594
0.203126
0.178022
0.239117
0.210808
0.186639
0.185869
0.178441
0.212434
0.185982
0.195144
0.192079
0.198355
0.193853
0.211933
0.188275
0.204123
0.187700
0.198681
0.207247
0.191930
0.209044
0.190411
0.211880
0.210175
0.197950
0.184721
0.220866
0.207577
0.184058
0.188147
0.208937
0.195628
0.230551
0.197403
0.197355
0.204878
0.192624
0.236362
0.204062
0.202995
0.188710
0.202492
0.190546
0.199022
0.213616
0.219756
0.199131
0.205086
0.193890
0.210158
0.188055
0.203881
0.213447
0.201144
0.213353
0.216283
0.190853
0.243932
0.200025
0.208107
0.220280
0.228554
0.174397
0.178931
0.184428
0.203172
0.207402
0.191020
0.204170
0.195537
0.195721
0.196110
0.195840
0.194321
0.187183
0.204211
0.203295
0.194969
0.183493
0.182181
0.223169
0.201662
0.190019
0.186434
0.190442
0.194098
0.189517
0.189120
0.216668
0.191736
0.218514
0.202169
0.198452
0.174423
0.179032
0.175313
0.194485
0.201362
0.193456
0.205460
0.223818
0.199128
0.192723
0.191754
0.201632
0.193577
0.214227
0.185541
0.204238
0.199645
0.176905
0.179124
0.212357
0.192514
0.189230
0.193357
0.178725
0.171729
0.173600
0.205090
0.195508
0.203704
0.189767
0.199572
0.194544
0.216207
0.184765
0.188293
0.207551
0.194952
0.192315
0.187716
0.196097
0.178573
0.180555
0.171254
0.177842
0.177986
0.202028
0.183593
0.180166
0.190231
0.173140
0.192242
0.181014
0.191152
0.212920
0.185573
0.213229
0.214267
0.211493
0.186516
0.187531
0.189705
0.206239
0.175780
0.192689
0.201912
0.197053
0.202226
0.201468
0.209493
0.226471
0.220456
0.213931
0.188576
0.207950
0.189480
0.236802
0.201815
0.215382
0.214195
0.202451
0.242105
0.216103
0.211748
0.192289
0.203695
0.215383
0.180942
0.198790
0.183929
0.211531
0.200524
0.195338
0.190667
0.176862
0.197975
0.175749
0.183679
0.191939
0.202119
0.194158
0.195858
0.202543
0.218153
0.195947
0.218971
0.185475
0.186723
0.185431
0.183303
0.181734
0.203493
0.189462
0.204938
0.226022
0.204045
0.190800
0.221673
0.181781
0.229989
0.194135
0.217058
0.189428
0.197907
0.191214
0.196146
0.221947
0.182184
0.182840
0.190159
0.174818
0.197490
0.200022
0.224848
0.204341
0.192641
0.185821
0.185535
0.185854
0.226741
0.195127
0.188700
0.236656
0.219146
0.206594
0.196631
0.202414
0.215489
0.196300
0.217386
0.214565
0.225072
0.209319
0.211039
0.236617
0.245370
0.204310
0.212691
0.209274
0.202447
0.186267
0.192527
0.211133
0.214534
0.232245
0.219883
0.213500
0.207584
0.195613
0.195217
0.197963
0.200462
0.185813
0.202589
0.199062
0.189293
0.183474
0.184826
0.187686
0.192692
0.214975
0.230729
0.195699
0.205125
0.208468
0.213173
0.200301
0.191832
0.174925
0.205520
0.203317
0.197606
0.181316
0.215131
0.220230
0.197420
0.183673
0.213181
0.202028
0.222265
0.183986
0.188261
0.185277
0.187557
0.205044
0.197399
0.197989
0.178021
0.182807
0.199573
0.205879
0.212142
0.212722
0.222093
0.193231
0.193907
0.190337
0.214463
0.205089
0.181555
0.197291
0.214739
0.179249
0.214065
0.195921
0.210459
0.212525
0.194851
0.190702
0.181433
0.215563
0.207118
0.188112
0.177353
0.176776
0.209689
0.214347
0.169114
0.198459
0.229398
0.175341
0.197255
0.203493
0.205530
0.210796
0.185327
0.196370
0.199723
0.201699
0.201958
0.196408
0.194962
0.240916
0.209199
0.218517
0.206274
0.215074
0.208827
0.198204
0.213105
0.218138
0.210639
0.199617
0.223770
0.224808
0.195968
0.208983
0.229729
0.209426
0.209439
0.198816
0.209391
0.213448
0.228419
0.188879
0.207577
0.196626
0.198147
0.208390
0.206086
0.203828
0.188563
0.209959
0.194278
0.214466
0.211693
0.183900
0.213450
0.193496
0.205449
0.188128
0.205525
0.201763
0.217538
0.190753
0.192880
0.206052
0.222508
0.218450
0.218669
0.204739
0.210840
0.198868
0.183522
0.187472
0.184867
0.188813
0.205126
0.237622
0.209617
0.202890
0.203674
0.196508
0.214778
0.194621
0.199961
0.205677
0.212689
0.201952
0.223938
0.203028
0.194099
0.204481
0.214529
0.194222
0.204014
0.205293
0.198544
0.177652
0.202469
0.196236
0.217674
0.204396
0.191625
0.231213
0.200073
0.182061
0.184741
0.208522
0.208320
0.210480
0.208324
0.230060
0.206703
0.212409
0.209444
0.207564
0.196359
0.191141
0.189244
0.203263
0.180860
0.194828
0.190463
0.195937
0.198658
0.180395
0.213573
0.190541
0.183358
0.193409
0.193888
0.190308
0.200656
0.204377
0.227074
0.202566
0.233120
0.231906
0.199220
0.204005
0.240612
0.219404
0.196988
0.202657
0.199622
0.188087
0.186069
0.216285
0.195317
0.228539
0.203611
0.210054
0.183140
0.216113
0.200326
0.219097
0.193623
0.207851
0.222229
0.194563
0.192505
0.197908
0.203340
0.201301
0.221990
0.192117
0.210751
0.207105
0.188617
0.217257
0.191967
0.212182
0.197041
0.231936
0.195792
0.188301
0.195992
0.193468
0.207766
0.219813
0.192911
0.196493
0.196799
0.196780
0.190067
0.207966
0.222002
0.212327
0.208699
0.194820
0.207672
0.189433
0.204296
0.200948
0.224610
0.205651
0.251848
0.212952
0.213616
0.196575
0.177131
0.205269
0.229082
0.196100
0.226714
0.195842
0.185668
0.196760
0.228399
0.196800
0.185647
0.188906
0.200401
0.190968
0.202343
0.214269
0.211124
0.184230
0.244013
0.186321
0.207210
0.191981
0.176877
0.197944
0.198483
0.214781
0.222230
0.213413
0.216090
0.229410
0.175766
0.217724
0.219224
0.204668
0.208193
0.183338
0.195307
0.205733
0.192394
0.187824
0.193689
0.202446
0.206846
0.215857
0.196026
0.183060
0.201948
0.201124
0.205903
0.193941
0.191076
0.198771
0.193274
0.223153
0.212132
0.210376
0.177699
0.171741
0.223193
0.202475
0.210096
0.205671
0.190223
0.200835
0.190159
0.191719
0.172642
0.187334
0.172339
0.201840
0.221342
0.192321
0.233066
0.202099
0.193341
0.209856
0.178295
0.211392
0.201561
0.208481
0.205739
0.183712
0.200478
0.205817
0.220217
0.188218
0.193458
0.194718
0.185344
0.197321
0.182030
0.188352
0.198542
0.210489
0.211950
0.203142
0.225210
0.185885
0.200479
0.192668
0.190047
0.186450
0.201193
0.195576
0.211457
0.207839
0.196448
0.207623
0.206724
0.195853
0.224576
0.187725
0.210070
0.190611
0.189907
0.199411
0.200805
0.214860
0.211585
0.220925
0.189510
0.207044
0.201009
0.212125
0.196964
0.178151
0.190043
0.181034
0.213520
0.190502
0.185312
0.179559
0.191050
0.196084
0.209183
0.198965
0.212113
0.205286
0.209239
0.189469
0.211804
0.234017
0.199065
0.198753
0.202738
0.182651
0.204440
0.189351
0.210578
0.202758
0.212407
0.221158
0.196953
0.202544
0.190815
0.224897
0.193208
0.193305
0.193091
0.215318
0.195319
0.172105
0.168992
0.206220
0.199846
0.199126
0.204291
0.195021
0.206695
0.198926
0.199962
0.193768
0.212455
0.217809
0.199214
0.187907
0.202849
0.198011
0.217508
0.208550
0.202297
0.193162
0.209503
0.201094
0.203638
0.196070
0.184735
0.179757
0.206103
0.224821
0.192165
0.191097
0.205366
0.212617
0.217090
0.243892
0.197081
0.180274
0.201445
0.187488
0.191797
0.231352
0.244871
0.227392
0.189391
0.199639
0.201400
0.200604
0.186037
0.181334
0.219977
0.199170
0.197132
0.187376
0.210463
0.192873
0.202436
0.216075
0.223503
0.195897
0.194713
0.191297
0.188113
0.185076
0.201882
0.216136
0.201922
0.211227
0.196298
0.192869
0.199435
0.177948
0.191071
0.185535
0.183331
0.207792
0.213869
0.181121
0.219512
0.210283
0.205045
0.201326
0.191489
0.191152
0.193007
0.198344
0.227415
0.217501
0.230768
0.182413
0.177054
0.177961
0.174231
0.212955
0.240122
0.204575
0.210606
0.188151
0.215068
0.180046
0.189839
0.222752
0.206437
0.196687
0.188955
0.179910
0.190888
0.187589
0.187243
0.245100
0.197845
0.202302
0.191657
0.176739
0.185158
0.183993
0.233194
0.199102
0.190432
0.195555
0.230355
0.207351
0.209462
0.178621
0.220096
0.217916
0.185744
0.188217
0.203377
0.185636
0.195423
0.204950
0.191056
0.160234
0.205498
0.218097
0.219280
0.212628
0.200704
0.217368
0.200487
0.189062
0.188377
0.178647
0.200199
0.191912
0.196841
0.221853
0.182534
0.199544
0.180178
0.208669
0.204799
0.201387
0.220385
0.192159
0.205972
0.228076
0.208621
0.207040
0.220976
0.238920
0.201909
0.205756
0.187742
0.209388
0.197968
0.222547
0.224591
0.195437
0.206325
0.210712
0.200557
0.202766
0.189791
0.199460
0.212597
0.226268
0.200379
0.186934
0.205025
0.202108
0.198552
0.213857
0.216300
0.193726
0.222338
0.193801
0.189779
0.203200
0.199333
0.211902
0.201636
0.206453
0.204880
0.197630
0.192734
0.202428
0.199282
0.205341
0.200973
0.204701
0.188598
0.185559
0.186907
0.194693
0.200408
0.203828
0.194803
0.188174
0.183093
0.207282
0.203149
0.202911
0.206583
0.182950
0.228074
0.197277
0.209373
0.199038
0.194260
0.204444
0.218136
0.202762
0.214015
0.201862
0.208513
0.204960
0.236833
0.180989
0.181239
0.197521
0.203392
0.188701
0.202828
0.188485
0.185689
0.211580
0.184828
0.219453
0.190068
0.206541
0.218365
0.194634
0.195611
0.190864
0.196768
0.198883
0.191183
0.180154
0.181015
0.189603
0.178024
0.183437
0.200595
0.195630
0.220971
0.204985
0.193788
0.205510
0.196361
0.205953
0.210383
0.187430
0.189920
0.206837
0.198709
0.199838
0.210087
0.191216
0.187371
0.211318
0.205770
0.185869
0.219368
0.189404
0.199018
0.194029
0.186212
0.221503
0.202278
0.191123
0.204345
0.212249
0.198779
0.184283
0.195245
0.229674
0.216148
0.208452
0.171622
0.181851
0.192412
0.204158
0.202645
0.187894
0.200392
0.194655
0.184943
0.216244
0.229840
0.210632
0.178695
0.162846
0.202925
0.183701
0.196178
0.201753
0.180094
0.212745
0.188605
0.227793
0.209600
0.204458
0.210474
0.194371
0.188560
0.216704
0.193748
0.202611
0.213072
0.221962
0.193803
0.231222
0.189252
0.206570
0.212013
0.197608
0.192714
0.218497
0.197329
0.209279
0.213092
0.197133
0.200062
0.216088
0.204531
0.217732
0.169071
0.193991
0.184390
0.175148
0.201799
0.205817
0.235375
0.193146
0.206323
0.202655
0.196470
0.221590
0.198047
0.208021
0.219146
0.199693
0.211243
0.171492
0.226807
0.186521
0.209682
0.196850
0.187327
0.188884
0.199546
0.220653
0.216074
0.220766
0.196232
0.194718
0.195138
0.222352
0.202205
0.188416
0.179055
0.191161
0.194271
0.209028
0.209597
0.200868
0.182814
0.221851
0.193118
0.194641
0.181266
0.221771
0.200219
0.237313
0.184869
0.210846
0.211480
0.219529
0.186263
0.210235
0.179830
0.200783
0.202459
0.217248
0.224062
0.207985
0.198811
0.192497
0.236202
0.226712
0.203067
0.207440
0.204234
0.208041
0.198796
0.199538
0.196051
0.224930
0.210613
0.220873
0.231499
0.209128
0.196047
0.190036
0.209468
0.213715
0.191662
0.209103
0.210023
0.199153
0.206169
0.206511
0.181404
0.191417
0.188907
0.214683
0.216226
0.210305
0.222660
0.197820
0.205977
0.188406
0.181792
0.200246
0.211183
0.207513
0.201971
0.204769
0.203208
0.204402
0.185300
0.204826
0.192759
0.214822
0.244210
0.205393
0.206754
0.191328
0.211907
0.189265
0.203440
0.187088
0.178345
0.171207
0.179406
0.218096
0.194282
0.226280
0.205407
0.195918
0.212224
0.239000
0.218791
0.213667
0.213014
0.212262
0.196711
0.224688
0.197543
0.198456
0.215018
0.211594
0.200401
0.185303
0.172236
0.187952
0.197474
0.202613
0.215032
0.221596
0.189387
0.190008
0.192970
0.204020
0.222381
0.183017
0.184654
0.222278
0.181724
0.201995
0.209209
0.215995
0.205135
0.200213
0.225592
0.184078
0.206469
0.249025
0.190371
0.207266
0.215411
0.227415
0.198427
0.203838
0.201601
0.185939
0.234878
0.228794
0.193629
0.217839
0.218442
0.217500
0.193649
0.199196
0.177557
0.202629
0.207186
0.191463
0.187578
0.206981
0.207493
0.190999
0.189557
0.189916
0.197805
0.200920
0.190207
0.198532
0.198448
0.195012
0.215817
0.190623
0.207694
0.204393
0.214204
0.195942
0.225758
0.198055
0.207129
0.195069
0.201451
0.214277
0.207279
0.193371
0.197833
0.178439
0.198212
0.215731
0.198111
0.235757
0.195988
0.238118
0.206843
0.185411
0.194124
0.197274
0.176890
0.199778
0.209535
0.207009
0.216668
0.187839
0.230686
0.237237
0.212852
0.168882
0.238790
0.203218
0.215811
0.199771
0.220171
0.189691
0.197111
0.189156
0.193804
0.188311
0.192115
0.193559
0.218029
0.192833
0.244279
0.205731
0.185290
0.218105
0.214996
0.171996
0.172535
0.188149
0.210163
0.199059
0.213524
0.202959
0.193642
0.186186
0.207861
0.224949
0.185042
0.213230
0.212048
0.186416
0.200730
0.189256
0.212067
0.205066
0.228060
0.210002
0.231354
0.182288
0.208319
0.174033
0.166436
0.232853
0.190286
0.224351
0.192283
0.185606
0.225694
0.200950
0.216925
0.211660
0.199743
0.192325
0.188319
0.199588
0.206848
0.206006
0.199502
0.208014
0.216002
0.184033
0.210607
0.213142
0.223523
0.175476
0.215971
0.193182
0.173733
0.200776
0.194915
0.204482
0.198666
0.191398
0.200902
0.194669
0.197794
0.204050
0.179282
0.198948
0.197598
0.208202
0.184668
0.185240
0.191798
0.205652
0.177125
0.208369
0.191554
0.223245
0.210175
0.211575
0.206740
0.197148
0.191886
0.191573
0.203874
0.207952
0.231419
0.228092
0.192371
0.195765
0.194830
0.200401
0.200340
0.219368
0.205210
0.199019
0.192672
0.199165
0.206568
0.190579
0.172829
0.186235
0.208764
0.209421
0.201459
0.222315
0.199353
0.209421
0.190284
0.207581
0.220200
0.204331
0.189892
0.203734
0.182285
0.181455
0.208298
0.186247
0.221881
0.186139
0.194355
0.220457
0.203133
0.206877
0.185815
0.200694
0.192698
0.202992
0.230941
0.213813
0.193021
0.200461
0.236316
0.199279
0.201382
0.201229
0.185123
0.197912
0.219474
0.193556
0.202124
0.203726
0.204088
0.220437
0.209968
0.198610
0.211110
0.191974
0.203415
0.211987
0.249408
0.199164
0.175086
0.203120
0.207213
0.199823
0.199404
0.182788
0.196415
0.182436
0.203178
0.207088
0.242146
0.205164
0.239978
0.209216
0.220552
0.217215
0.221155
0.234443
0.209077
0.199667
0.203799
0.204055
0.203812
0.189909
0.204447
0.211924
0.244166
