0.005970
0.194844
0.181148
0.201083
0.199075
0.222958
0.204787
0.188651
0.202908
0.204685
0.223332
0.216774
0.215313
0.212511
0.208408
0.200204
0.203378
0.214169
0.203591
0.207110
0.195588
0.211732
0.199992
0.219409
0.193662
0.207789
0.194938
0.204854
0.200475
0.207760
0.184536
0.203570
0.176467
0.180080
0.183705
0.193816
0.185840
0.206742
0.212086
0.184711
0.199343
0.190623
0.216115
0.199800
0.192609
0.203886
0.198182
0.204306
0.219087
0.204949
0.194371
0.224071
0.185360
0.179806
0.201527
0.183471
0.225886
0.198193
0.198648
0.197664
0.211286
0.184642
0.182962
0.214890
0.202713
0.213598
0.214297
0.211571
0.191195
0.207165
0.201895
0.207728
0.210686
0.218577
0.188000
0.191667
0.202228
0.188741
0.272992
0.181361
0.220656
0.195150
0.206686
0.217413
0.216829
0.184099
0.207618
0.206401
0.189217
0.220796
0.226852
0.193192
0.225691
0.208231
0.212320
0.232970
0.212424
0.240693
0.215608
0.196295
0.199901
0.178597
0.196856
0.198088
0.199626
0.207368
0.195291
0.197536
0.197750
0.215217
0.186448
0.171541
0.166001
0.178452
0.194275
0.227451
0.189342
0.195198
0.206784
0.184598
0.213017
0.193508
0.181888
0.195024
0.187356
0.222611
0.192217
0.200855
0.192997
0.196319
0.211163
0.196771
0.190894
0.244821
0.217304
0.176844
0.209501
0.192370
0.206261
0.221447
0.182648
0.222861
0.211956
0.196716
0.200177
0.189124
0.180007
0.200535
0.197209
0.216774
0.212274
0.202713
0.216359
0.214595
0.218776
0.228683
0.184730
0.199835
0.220997
0.188882
0.188658
0.209134
0.207580
0.199547
0.200422
0.199689
0.208814
0.214885
0.215427
0.204772
0.203701
0.207974
0.212141
0.192262
0.176665
0.194085
0.195108
0.195667
0.210179
0.225403
0.223705
0.199564
0.222142
0.202332
0.219449
0.186749
0.224187
0.232845
0.211924
0.228099
0.229519
0.201285
0.201750
0.197316
0.202185
0.209720
0.214151
0.212782
0.192760
0.186220
0.198962
0.175723
0.217163
0.193079
0.234589
0.209658
0.181126
0.188354
0.175178
0.230625
0.204277
0.206204
0.191007
0.189921
0.196034
0.180390
0.210086
0.202731
0.213040
0.188139
0.172369
0.198266
0.225505
0.203999
0.206270
0.211074
0.192006
0.187093
0.186141
0.206575
0.196508
0.193688
0.177589
0.197944
0.212496
0.208913
0.237839
0.219734
0.207278
0.203257
0.193418
0.206256
0.211259
0.210055
0.201632
0.212125
0.197967
0.210407
0.210001
0.184284
0.182080
0.185637
0.207254
0.204562
0.202142
0.204334
0.210399
0.187305
0.213707
0.191664
0.206070
0.193629
0.209812
0.205501
0.214700
0.205735
0.195820
0.190176
0.238396
0.195023
0.208932
0.228222
0.198144
0.190327
0.188616
0.207146
0.217280
0.204627
0.203952
0.205107
0.248624
0.219654
0.183024
0.172516
0.202089
0.220102
0.173585
0.184177
0.195053
0.197669
0.190596
0.184687
0.204191
0.199622
0.202825
0.202739
0.200466
0.211735
0.217171
0.187470
0.180971
0.187005
0.209215
0.214303
0.195695
0.181446
0.197885
0.204501
0.186962
0.184814
0.226410
0.188694
0.211821
0.201216
0.216824
0.205536
0.216133
0.206380
0.208796
0.177591
0.198150
0.220837
0.208638
0.189403
0.183216
0.202153
0.187687
0.220258
0.185324
0.193872
0.196265
0.206263
0.192132
0.186565
0.201456
0.205335
0.192919
0.195526
0.195691
0.193022
0.197733
0.201237
0.201129
0.194518
0.189593
0.198825
0.196550
0.209597
0.200009
0.202696
0.226321
0.208586
0.225506
0.184443
0.178574
0.211072
0.189369
0.186680
0.181331
0.187646
0.193727
0.198545
0.203059
0.200284
0.198308
0.189210
0.212404
0.207217
0.227000
0.205140
0.241460
0.218310
0.187330
0.202340
0.209454
0.195725
0.185748
0.222845
0.210864
0.219003
0.200244
0.220070
0.206222
0.208519
0.199856
0.199549
0.217606
0.210371
0.188770
0.200617
0.200832
0.210609
0.208581
0.206083
0.196703
0.203810
0.201372
0.224029
0.215385
0.196098
0.187131
0.226250
0.187013
0.220477
0.187032
0.181983
0.185312
0.191848
0.201748
0.214884
0.178886
0.182101
0.205330
0.192239
0.192898
0.199378
0.212410
0.200225
0.199818
0.172508
0.177027
0.206607
0.189657
0.211592
0.180940
0.197581
0.203828
0.207654
0.214550
0.194927
0.208600
0.192697
0.188017
0.200667
0.217041
0.190277
0.207569
0.212510
0.215416
0.174521
0.192993
0.251913
0.199592
0.174874
0.189535
0.196535
0.221254
0.227098
0.197343
0.222611
0.201608
0.189574
0.208920
0.187262
0.194908
0.196054
0.206027
0.209825
0.196239
0.213951
0.216914
0.201083
0.209340
0.215353
0.190923
0.179590
0.211343
0.198371
0.189612
0.189912
0.199934
0.200366
0.205143
0.198354
0.184870
0.203008
0.198230
0.186933
0.192403
0.235485
0.209288
0.195721
0.174027
0.198890
0.198862
0.205599
0.192431
0.191891
0.198191
0.207014
0.212108
0.189770
0.177576
0.230277
0.198757
0.189004
0.210798
0.210560
0.199292
0.181854
0.198671
0.203035
0.202936
0.212084
0.204902
0.210334
0.210889
0.219400
0.198654
0.201591
0.181819
0.193208
0.201942
0.182802
0.204119
0.201845
0.203113
0.199744
0.208321
0.173348
0.224511
0.192751
0.222479
0.211479
0.188740
0.189897
0.209284
0.220924
0.218802
0.194506
0.187079
0.202212
0.192131
0.184560
0.172750
0.191645
0.188539
0.214629
0.209219
0.215130
0.179360
0.204488
0.211453
0.216318
0.200553
0.209262
0.230827
0.227509
0.217481
0.213273
0.200942
0.185498
0.178447
0.197163
0.210953
0.207152
0.206710
0.221219
0.228204
0.179236
0.200236
0.198697
0.204295
0.192926
0.189895
0.204980
0.227136
0.201843
0.183125
0.207412
0.213731
0.184459
0.192388
0.211752
0.214572
0.195934
0.225102
0.202235
0.207269
0.208018
0.200713
0.198807
0.195272
0.196187
0.191288
0.190743
0.218216
0.191866
0.213603
0.177001
0.195067
0.205120
0.204946
0.208897
0.222086
0.219773
0.208913
0.208102
0.201042
0.192452
0.197624
0.192333
0.207549
0.196094
0.202481
0.182808
0.185954
0.192610
0.205502
0.195692
0.191069
0.197177
0.193182
0.222393
0.202682
0.222648
0.199909
0.194478
0.216199
0.201273
0.209570
0.190839
0.219939
0.211642
0.184441
0.231873
0.193734
0.198337
0.188855
0.204442
0.222064
0.200607
0.182981
0.194445
0.199578
0.203281
0.223943
0.209286
0.183964
0.208840
0.176222
0.205101
0.199219
0.199069
0.178532
0.180037
0.212859
0.182625
0.182361
0.213481
0.192621
0.220240
0.212633
0.225268
0.196017
0.193230
0.192255
0.208209
0.191483
0.191482
0.203493
0.188537
0.201937
0.204278
0.230213
0.219474
0.230427
0.206166
0.197326
0.205127
0.204521
0.196863
0.203059
0.213880
0.207587
0.205946
0.190762
0.189509
0.174642
0.212560
0.224315
0.199834
0.217029
0.215876
0.187587
0.207813
0.216274
0.195148
0.192311
0.193465
0.206355
0.197103
0.180081
0.195967
0.189477
0.196406
0.191652
0.183554
0.237223
0.201483
0.198875
0.213552
0.217663
0.219299
0.192180
0.197539
0.190108
0.202234
0.191787
0.189606
0.212881
0.209761
0.216911
0.187307
0.217710
0.211297
0.236974
0.223098
0.194580
0.202125
0.206131
0.208997
0.209870
0.185431
0.177548
0.219180
0.205286
0.191094
0.213326
0.212360
0.223056
0.178348
0.172575
0.194179
0.196458
0.193282
0.202672
0.207925
0.193004
0.191390
0.244704
0.190828
0.181904
0.226370
0.202788
0.206288
0.204359
0.211242
0.209396
0.214724
0.200421
0.225469
0.202949
0.193474
0.211004
0.187222
0.194432
0.194329
0.198627
0.187551
0.203363
0.203251
0.197249
0.211262
0.216123
0.205408
0.195079
0.223521
0.168315
0.204985
0.228156
0.198680
0.275033
0.227863
0.198087
0.198465
0.205231
0.192963
0.210253
0.189940
0.202791
0.197444
0.191494
0.188646
0.216007
0.193697
0.203400
0.194358
0.183060
0.180867
0.211751
0.207285
0.178514
0.219205
0.191189
0.199677
0.219166
0.213089
0.184053
0.195669
0.190870
0.186354
0.211609
0.194969
0.182020
0.198376
0.216626
0.208587
0.206059
0.206074
0.195088
0.212657
0.180515
0.192878
0.202139
0.194649
0.193490
0.204345
0.197249
0.195434
0.197825
0.190406
0.184087
0.195561
0.199829
0.190294
0.220877
0.194818
0.190519
0.215518
0.248909
0.192907
0.214715
0.209716
0.210616
0.215157
0.195284
0.194705
0.189920
0.217242
0.190312
0.224350
0.195258
0.204392
0.189555
0.178929
0.191351
0.184019
0.227077
0.203317
0.212438
0.203397
0.174733
0.182413
0.212254
0.200232
0.189401
0.207266
0.207902
0.210596
0.212258
0.184430
0.178948
0.186595
0.200316
0.218445
0.217437
0.238402
0.188511
0.208184
0.215075
0.206269
0.218368
0.174601
0.205597
0.198014
0.216471
0.199404
0.221728
0.186471
0.205718
0.183203
0.216702
0.186619
0.183088
0.191986
0.213345
0.179159
0.191795
0.181527
0.196192
0.200241
0.213091
0.213302
0.199586
0.201179
0.191952
0.199253
0.186073
0.178069
0.180591
0.227835
0.195092
0.190089
0.218015
0.195691
0.176274
0.179991
0.182485
0.195142
0.195780
0.182501
0.191561
0.195013
0.212942
0.185570
0.177963
0.181591
0.205674
0.204229
0.183884
0.212533
0.210513
0.218591
0.263358
0.188096
0.224721
0.197182
0.213272
0.203993
0.189673
0.203252
0.192620
0.207557
0.215135
0.207575
0.179332
0.215044
0.179612
0.222070
0.211557
0.202176
0.198851
0.214752
0.204941
0.217454
0.222016
0.210143
0.199776
0.216542
0.202748
0.179153
0.218736
0.205231
0.227413
0.209517
0.204692
0.211056
0.204190
0.178968
0.181103
0.188307
0.206728
0.189779
0.201162
0.216394
0.227884
0.206192
0.200534
0.186033
0.218657
0.203472
0.207180
0.205907
0.191697
0.184715
0.269957
0.201210
0.182832
0.198674
0.214627
0.198932
0.203912
0.216514
0.191932
0.211057
0.184304
0.194010
0.194421
0.202484
0.200154
0.187413
0.185806
0.202314
0.212329
0.231081
0.203669
0.216337
0.199465
0.192578
0.192653
0.187488
0.189464
0.226138
0.187955
0.224246
0.193998
0.204295
0.201405
0.209548
0.205077
0.214399
0.210915
0.199377
0.239881
0.192529
0.179141
0.178096
0.184573
0.217730
0.203286
0.201154
0.187446
0.181160
0.178921
0.195019
0.204577
0.200093
0.203830
0.207061
0.201349
0.208157
0.205241
0.184272
0.199372
0.193184
0.200952
0.221206
0.201723
0.215596
0.212421
0.194932
0.186903
0.191231
0.201568
0.188700
0.201364
0.190352
0.177105
0.209884
0.197230
0.228598
0.201979
0.189784
0.196503
0.208567
0.241814
0.191255
0.177137
0.230159
0.198248
0.192025
0.212314
0.203452
0.190274
0.203434
0.199776
0.206661
0.180700
0.199540
0.195065
0.218146
0.215247
0.215430
0.186320
0.194824
0.175206
0.188926
0.194464
0.176752
0.215520
0.226766
0.178586
0.185718
0.192691
0.193816
0.198042
0.171683
0.214786
0.201653
0.197899
0.175252
0.185619
0.197356
0.202235
0.211917
0.216623
0.196831
0.213569
0.232553
0.190159
0.210943
0.196286
0.191748
0.173011
0.212312
0.181933
0.213544
0.188563
0.177898
0.190418
0.233522
0.210317
0.175715
0.208277
0.198779
0.208678
0.196988
0.201365
0.202276
0.202651
0.197486
0.172738
0.179258
0.215708
0.182791
0.191199
0.180498
0.180761
0.200372
0.201855
0.209267
0.189531
0.230947
0.193402
0.235976
0.182081
0.202049
0.189679
0.201162
0.205443
0.186541
0.182904
0.217365
0.258848
0.225469
0.194178
0.201401
0.198586
0.191534
0.224552
0.215282
0.205051
0.194474
0.202909
0.182907
0.194860
0.200926
0.216280
0.206143
0.210561
0.195976
0.208335
0.198651
0.212725
0.210003
0.199894
0.200108
0.193451
0.197644
0.193248
0.207534
0.204791
0.225552
0.188649
0.202194
0.197568
0.210431
0.206852
0.206769
0.207684
0.198662
0.199248
0.193387
0.202295
0.206263
0.201973
0.214481
0.189356
0.193512
0.222707
0.189233
0.177783
0.207984
0.194419
0.189029
0.195121
0.214971
0.218342
0.230318
0.193647
0.202532
0.200225
0.198244
0.189414
0.194320
0.191413
0.187986
0.198750
0.194379
0.206110
0.202991
0.196652
0.189224
0.214165
0.187069
0.186986
0.195136
0.194007
0.184235
0.202771
0.175500
0.192780
0.209656
0.176289
0.185169
0.182862
0.168692
0.219131
0.203146
0.233141
0.224264
0.197181
0.183290
0.217427
0.180809
0.206502
0.174972
0.197323
0.203394
0.215825
0.197393
0.193184
0.211650
0.182104
0.191394
0.229111
0.213358
0.214151
0.214892
0.221071
0.188751
0.178385
0.171988
0.172249
0.186611
0.233477
0.191624
0.208038
0.212487
0.221999
0.232394
0.222636
0.203508
0.180161
0.186880
0.211223
0.187976
0.206956
0.191285
0.193134
0.209359
0.173805
0.204679
0.193367
0.187729
0.182138
0.213548
0.195140
0.234327
0.187522
0.188107
0.181988
0.184889
0.192141
0.205946
0.220706
0.205957
0.225164
0.213255
0.218027
0.224072
0.209088
0.182195
0.199888
0.194825
0.200793
0.218998
0.201416
0.179567
0.204901
0.196273
0.200465
0.201774
0.216152
0.214174
0.172960
0.193461
0.199382
0.193022
0.203912
0.206202
0.227455
0.202868
0.198627
0.205624
0.192897
0.186499
0.176478
0.206195
0.195017
0.218332
0.230657
0.215338
0.200801
0.203634
0.195305
0.184486
0.211335
0.203681
0.221567
0.204664
0.192351
0.225662
0.223927
0.205383
0.194041
0.177478
0.174957
0.187185
0.204950
0.214278
0.232648
0.197642
0.195058
0.182454
0.199376
0.199515
0.181179
0.193799
0.201067
0.203488
0.190220
0.205695
0.201485
0.173440
0.181339
0.193650
0.184566
0.205993
0.213035
0.219541
0.197080
0.207522
0.225271
0.197560
0.214043
0.191967
0.193872
0.182262
0.193485
0.205135
0.183802
0.190057
0.205943
0.208369
0.180309
0.214316
0.215883
0.194159
0.175864
0.181763
0.239997
0.195850
0.196755
0.189633
0.201699
0.210273
0.193661
0.187786
0.174613
0.204766
0.183263
0.186476
0.206265
0.215783
0.207608
0.200130
0.187561
0.195670
0.190948
0.203113
0.217598
0.200193
0.213876
0.203764
0.195023
0.203114
0.213886
0.193896
0.199801
0.215553
0.214327
0.203452
0.212615
0.220136
0.201937
0.185652
0.208184
0.209110
0.204857
0.223526
0.181860
0.210314
0.241162
0.197567
0.196507
0.180647
0.187392
0.196521
0.187132
0.191390
0.201629
0.228714
0.188303
0.190502
0.254611
0.175789
0.205851
0.186001
0.188915
0.212647
0.190897
0.206117
0.206621
0.189716
0.202079
0.213784
0.204622
0.187870
0.193061
0.183235
0.198026
0.195881
0.203702
0.184697
0.226525
0.207932
0.212036
0.175395
0.195286
0.217997
0.233341
0.190484
0.185820
0.201383
0.201989
0.203911
0.198928
0.187798
0.181460
0.203562
0.199146
0.197648
0.206363
0.191810
0.215302
0.188153
0.200636
0.205437
0.191060
0.197029
0.196826
0.203167
0.210785
0.224646
0.196329
0.188279
0.218136
0.191036
0.213149
0.214840
0.204911
0.195098
0.217896
0.187411
0.225542
0.188752
0.189054
0.195683
0.187316
0.199533
0.203226
0.189401
0.211301
0.170300
0.180709
0.176928
0.208061
0.239235
0.197167
0.210926
0.187976
0.207658
0.185673
0.208913
0.214291
0.187532
0.203423
0.185643
0.179245
0.197302
0.209200
0.209233
0.213581
0.189184
0.186620
0.177628
0.193797
0.205170
0.205885
0.207100
0.206308
0.208393
0.211681
0.194977
0.200735
0.205364
0.211017
0.225282
0.178152
0.184718
0.188178
0.201025
0.205080
0.204961
0.199766
0.207909
0.230376
0.207264
0.201833
0.218535
0.211395
0.238149
0.206882
0.204126
0.216277
0.182714
0.193616
0.215879
0.189472
0.194105
0.184595
0.194227
0.195318
0.227679
0.215537
0.204556
0.212305
0.200111
0.197001
0.210288
0.220747
0.198712
0.205914
0.190418
0.210767
0.199171
0.205264
0.214045
0.195817
0.174865
0.204407
0.206034
0.191942
0.207848
0.195434
0.201322
0.207446
0.180140
0.180283
0.177271
0.174945
0.203493
0.196193
0.222467
0.230152
0.221978
0.222560
0.187668
0.227326
0.209202
0.220986
0.200421
0.203970
0.219489
0.216015
0.227442
0.190328
0.184464
0.198766
0.198250
0.187928
0.195349
0.200042
0.188330
0.201138
0.193076
0.179235
0.193265
0.196415
0.227066
0.208367
0.191192
0.186659
0.204170
0.200385
0.184255
0.179384
0.185332
0.190172
0.196708
0.200671
0.203339
0.185133
0.207068
0.208993
0.187085
0.208791
0.209661
0.213279
0.216432
0.193630
0.192149
0.178259
0.193196
0.182560
0.214147
0.201271
0.225765
0.201809
0.187668
0.198591
0.192821
0.199352
0.199536
0.188681
0.205813
0.212083
0.188004
0.185199
0.178033
0.208447
0.190253
0.197409
0.196589
0.207722
0.190629
0.198570
0.216439
0.181007
0.218910
0.209055
0.187125
0.206466
0.228122
0.201977
0.204549
0.183063
0.200910
0.222160
0.189118
0.198704
0.215406
0.196714
0.208431
0.196226
0.205764
0.187560
0.205643
0.174713
0.202485
0.197005
0.201629
0.206720
0.203768
0.217212
0.195334
0.198287
0.212775
0.197430
0.181349
0.187305
0.194256
0.200614
0.179265
0.196525
0.197018
0.172574
0.208517
0.194216
0.195492
0.176624
0.189845
0.218163
0.188378
0.214846
0.209645
0.183375
0.219298
0.210212
0.186785
0.184678
0.181985
0.222480
0.211015
0.199459
0.212101
0.229543
0.197158
0.218528
0.222134
0.198516
0.199547
0.228411
0.215234
0.213500
0.195498
0.187332
0.211962
0.194832
0.196588
0.196241
0.213834
0.181853
0.197174
0.233840
0.234428
0.207600
0.187235
0.192936
0.193012
0.183989
0.214181
0.194130
0.208009
0.198275
0.203625
0.198979
0.191212
0.210821
0.199864
0.203133
0.201799
0.205374
0.194849
0.190064
0.202049
0.205261
0.200766
0.195911
0.192354
0.203028
0.193647
0.185411
0.181123
0.210049
0.195304
0.215038
0.212963
0.199708
0.204617
0.195486
0.201460
0.195055
0.191356
0.213887
0.209116
0.180202
0.219959
0.193617
0.246457
0.202079
0.184919
0.212739
0.201531
0.207634
0.185958
0.196707
0.182965
0.169370
0.214590
0.208464
0.205695
0.189590
0.202923
0.193859
0.179093
0.185052
0.188948
0.214357
0.199413
0.193639
0.184451
0.193757
0.202721
0.193869
0.242018
0.209843
0.225234
0.209004
0.200739
0.184255
0.174936
0.185871
0.176939
0.209107
0.200395
0.224189
0.191437
0.218229
0.200654
0.190422
0.195896
0.189932
0.203971
0.198748
0.202826
0.201154
0.187433
0.226060
0.203827
0.197121
0.183622
0.220109
0.212041
0.192221
0.216606
0.195504
0.179312
0.179266
0.179413
0.188691
0.173335
0.222155
0.227560
0.238024
0.228777
0.181856
0.223228
0.185452
0.171288
0.185956
0.220439
0.209180
0.162536
0.200212
0.203346
0.190660
0.173322
0.187746
0.208834
0.209589
0.193225
0.232079
0.205793
0.198879
0.213860
0.182766
0.186695
0.191625
0.188606
0.170819
0.213304
0.210685
0.182498
0.190639
0.190006
0.208200
0.211328
0.213548
0.201932
0.182340
0.208710
0.182937
0.218118
0.240688
0.216904
0.198224
0.187270
0.186699
0.224527
0.186233
0.205019
0.218044
0.206715
0.188856
0.201313
0.203154
0.223301
0.195191
0.207365
0.189484
0.203153
0.204184
0.217617
0.190686
0.204403
0.232455
0.208393
0.222879
0.197279
0.212601
0.196230
0.195541
0.180961
0.210076
0.179537
0.202296
0.201947
0.193710
0.175077
0.222748
0.207650
0.223288
0.190868
0.197237
0.201710
0.221485
0.203194
0.201842
0.196316
0.204690
0.197035
0.194266
0.189103
0.188566
0.203714
0.195958
0.225140
0.234528
0.199673
0.192511
0.195417
0.199049
0.201743
0.185038
0.202832
0.202001
0.225618
0.184462
0.194631
0.200600
0.209735
0.225764
0.215264
0.216606
0.202315
0.199723
0.194581
0.192031
0.198806
0.201758
0.219733
0.187270
0.206040
0.187650
0.236950
0.220390
0.204767
0.201548
0.208307
0.187443
0.209977
0.209570
0.223213
0.209683
0.217771
0.204288
0.230962
0.209478
0.188835
0.211073
0.207310
0.197343
0.189319
0.213810
0.209993
0.197623
0.189344
0.199322
0.179425
0.236658
0.206035
0.203567
0.208141
0.181822
0.192995
0.200022
0.195803
0.210629
0.187114
0.166921
0.213429
0.204355
0.237381
0.225575
0.198345
0.194277
0.197201
0.185746
0.188046
0.195120
0.197050
0.193859
0.199542
0.195532
0.195034
0.195720
0.190543
0.205552
0.237473
0.215453
0.209803
0.198424
0.188435
0.199940
0.197403
0.222622
0.188221
0.174214
0.190589
0.202970
0.209982
0.207157
0.188928
0.180909
0.186879
0.203497
0.193895
0.213499
0.204764
0.215789
0.204040
0.178670
0.205088
0.264513
0.203831
0.200896
0.204286
0.215790
0.208618
0.221359
0.201748
0.195537
0.182885
0.215888
0.191696
0.199299
0.199704
0.193320
0.194364
0.188934
0.221652
0.199935
0.210663
0.198656
0.193465
0.185686
0.212234
0.198615
0.198057
0.193039
0.178740
0.230193
0.219066
0.206135
0.203535
0.195615
0.211959
0.204710
0.198798
0.186963
0.203282
0.224644
0.195962
0.193335
0.165445
0.184993
0.206031
0.209863
0.200515
0.200548
0.194065
0.182884
0.202132
0.206673
0.181791
0.209604
0.216123
0.198259
0.220629
0.198850
0.207371
0.194643
0.199037
0.193268
0.200117
0.166534
0.195164
0.173680
0.174363
0.209290
0.219863
0.231987
0.208624
0.209817
0.217369
0.216585
0.182849
0.212717
0.203536
0.217503
0.216574
0.206589
0.189302
0.201740
0.206782
0.205285
0.214936
0.190466
0.200021
0.183692
0.175743
0.219371
0.197544
0.191253
0.205995
0.235245
0.199112
0.180994
0.193536
0.194433
0.187275
0.193982
0.188983
0.211706
0.215892
0.202971
0.198317
0.214450
0.223329
0.220871
0.186001
0.205473
0.197188
0.271986
0.218861
0.210176
0.185870
0.198323
0.186152
0.198869
0.207527
0.221052
0.184873
0.228280
0.190795
0.197971
0.188871
0.195869
0.210692
0.185227
0.206841
0.195036
0.205017
0.192824
0.189554
0.223951
0.217924
0.205229
0.229654
0.196786
0.212713
0.199317
0.221166
0.191580
0.211327
0.201205
0.210983
0.217743
0.203156
0.194690
0.176972
0.217726
0.204202
0.189018
0.208865
0.208683
0.199847
0.183139
0.220718
0.188821
0.189782
0.189409
0.204504
0.192869
0.184106
0.204580
0.203687
0.199543
0.192834
0.208456
0.192937
0.193447
0.210766
0.207655
0.223510
0.202220
0.195963
0.189313
0.189182
0.201192
0.197921
0.192423
0.193564
0.185606
0.225368
0.214032
0.217395
0.189872
0.176136
0.196662
0.201720
0.176808
0.191267
0.179146
0.176012
0.210938
0.196857
0.226152
0.194331
0.226988
0.201310
0.192405
0.191670
0.169503
0.220807
0.203197
0.214224
0.210025
0.202376
0.193918
0.200971
0.196966
0.202046
0.190415
0.193088
0.204483
0.189561
0.187138
0.187967
0.195859
0.206535
0.212008
0.191408
0.206408
0.202723
0.193498
0.199024
0.196275
0.217415
0.188953
0.179594
0.211546
0.200199
0.220050
0.186365
0.179438
0.186192
0.208263
0.230253
0.217678
0.183588
0.240597
0.197291
0.203535
0.187995
0.198809
0.173932
0.198899
0.192413
0.206017
0.195420
0.221313
0.225096
0.213397
0.226552
0.198520
0.176369
0.203550
0.218771
0.216341
0.214028
0.209311
0.210891
0.213894
0.199072
0.186835
0.227475
0.194495
0.191681
0.210936
0.213853
0.201396
0.206761
0.213154
0.199652
0.247505
0.218859
0.192237
0.210683
0.199242
0.220659
0.199684
0.186370
0.222536
0.193879
0.205668
0.177520
0.185642
0.179929
0.233313
0.202541
0.202425
0.179211
0.206866
0.197504
0.212220
0.206280
0.210057
0.213487
0.194034
0.232435
0.192677
0.199781
0.202940
0.210479
0.219001
0.180885
0.198727
0.207814
0.200522
0.204031
0.197865
0.196108
0.190789
0.202897
0.194593
0.192384
0.197373
0.197933
0.221662
0.229001
0.198283
0.221536
0.227280
0.217684
0.211569
0.207553
0.207493
0.210245
0.188093
0.197991
0.232940
0.205996
0.198968
0.204141
0.201377
0.171254
0.219609
0.213671
0.196151
0.188621
0.188405
0.195554
0.200346
0.206168
0.206131
0.219849
0.204160
0.197303
0.175038
0.215988
0.226215
0.206606
0.184577
0.190611
0.176316
0.217470
0.195885
0.184992
0.221046
0.199656
0.205778
0.204224
0.221809
0.216657
0.198841
0.191457
0.196790
0.194003
0.207314
0.207814
0.179817
0.177161
0.187221
0.196655
0.194649
0.180627
0.200078
0.185139
0.212516
0.211709
0.198562
0.217537
0.196881
0.191171
0.220075
0.182962
0.212555
0.210832
0.196373
0.248480
0.210235
0.186923
0.219798
0.219575
0.212461
0.189490
0.208373
0.196697
0.193334
0.181685
0.208134
0.183914
0.220205
0.205499
0.199452
0.185855
0.193656
0.203233
0.210909
0.190295
0.210976
0.223717
0.200988
0.187639
0.228465
0.194334
0.171315
0.197151
0.208417
0.195890
0.208020
0.192392
0.212355
0.216884
0.201101
0.202622
0.201560
0.188987
0.201251
0.191128
0.210298
0.191887
0.216486
0.203999
0.212090
0.207082
0.192746
0.207734
0.198761
0.184620
0.205504
0.197220
0.211522
0.187945
0.179499
0.185423
0.181731
0.179632
0.206317
0.184608
0.201736
0.214450
0.226467
0.187315
0.221220
0.202007
0.203851
0.205643
0.190988
0.202032
0.201983
0.175122
0.178753
0.185951
0.196429
0.192237
0.182085
0.188972
0.177148
0.177634
0.174081
0.173371
0.174021
0.199883
0.207443
0.236259
0.180786
0.223763
0.201602
0.205769
0.216271
0.204719
0.236932
0.210923
0.200302
0.208133
0.227610
0.228785
0.211301
0.206224
0.204623
0.216563
0.199921
0.216211
0.192753
0.219795
0.209675
0.181540
0.224760
0.202705
0.195441
0.185886
0.206449
0.208727
0.213539
0.211129
0.190496
0.192265
0.164546
0.218156
0.203336
0.199076
0.195035
0.176362
0.225966
0.202604
0.196777
0.190084
0.184381
0.201999
0.214751
0.198909
0.218853
0.208731
0.204746
0.200882
0.224614
0.206496
0.202993
0.192517
0.196413
0.197166
0.194273
0.181318
0.185341
0.207924
0.206687
0.192406
0.198463
0.183235
0.186877
0.217757
0.221997
0.209271
0.226563
0.219514
0.185136
0.205835
0.250252
0.213925
0.218910
0.197109
0.201677
0.199946
0.232503
0.203617
0.194330
0.199880
0.206764
0.192276
0.208570
0.210069
0.207853
0.205455
0.196563
0.202623
0.209853
0.190233
0.218859
0.210060
0.210526
0.216552
0.186065
0.229460
0.209364
0.234191
0.208521
0.207415
0.236805
0.214677
0.180924
0.206315
0.193559
0.203187
0.197808
0.197505
0.215611
0.213866
0.196859
0.191485
0.202646
0.207144
0.215223
0.203780
0.255033
0.280126
0.226169
0.185282
0.181351
0.190684
0.219972
0.227096
0.192571
0.182742
0.188679
0.183606
0.197293
0.196727
0.194860
0.209225
0.191608
0.199234
0.188771
0.195480
0.201939
0.201957
0.206238
0.202773
0.173313
0.174714
0.186045
0.183600
0.198026
0.199035
0.198551
0.198441
0.193281
0.198622
0.186173
0.191787
0.214242
0.206810
0.193645
0.209105
0.213209
0.192652
0.213934
0.205238
0.182744
0.207140
0.203340
0.202842
0.190444
0.191612
0.186782
0.198267
0.193977
0.205523
0.192034
0.188210
0.189917
0.185956
0.175762
0.211490
0.178058
0.199634
0.203285
0.207177
0.188087
0.208402
0.241826
0.210104
0.201244
0.210127
0.210011
0.169507
0.192481
0.192792
0.192726
0.226485
0.250328
0.206524
0.201338
0.205860
0.240630
0.174217
0.199236
0.211577
0.200613
0.192694
0.178635
0.182452
0.179429
0.170739
0.213628
0.213792
0.201128
0.227681
0.211860
0.183402
0.184132
0.186392
0.204731
0.212176
0.196908
0.205577
0.202967
0.198413
0.200852
0.202860
0.215649
0.208314
0.168618
0.210843
0.199972
0.213008
0.208172
0.224629
0.195764
0.193923
0.234320
0.191864
0.180975
0.193552
0.211761
0.196445
0.234201
0.233916
0.217550
0.243745
0.203617
0.199207
0.204160
0.178293
0.213129
0.211199
0.217664
0.196068
0.223985
0.212104
0.205591
0.221905
0.174723
0.195857
0.188558
0.220686
0.168356
0.202588
0.182714
0.194636
0.188970
0.227346
0.199334
0.200987
0.205111
0.200984
0.199165
0.184219
0.187387
0.193794
0.191771
0.194572
0.191792
0.210833
0.200446
0.208642
0.206941
0.217952
0.194301
0.210778
0.194336
0.200572
0.217328
