852	320	70	36
847	314	75	46
846	318	75	40
840	317	83	40
836	316	90	41
835	314	90	40
831	317	101	38
823	318	100	40
817	317	90	42
812	314	78	46
807	316	81	44
805	317	82	41
806	316	79	43
806	317	77	40
806	320	76	41
807	319	70	43
809	318	64	42
807	317	63	44
811	319	54	38
809	323	56	36
809	323	48	34
809	325	46	35
815	327	34	32
816	329	31	29
813	331	32	28
814	330	40	28
787	310	24	20
784	311	48	50
773	304	38	37
812	314	45	35
772	310	39	29
766	312	30	28
760	314	32	27
756	314	31	28
752	316	29	28
748	317	31	34
747	315	31	34
747	314	29	36
740	314	36	36
740	314	39	36
736	310	41	41
731	304	43	46
732	307	40	43
727	302	46	50
720	299	45	48
720	303	46	44
718	306	56	49
719	300	52	55
721	304	51	54
721	295	61	68
707	296	106	91
716	293	172	84
686	275	192	137
604	231	255	194
297	341	556	71
177	297	260	141
208	297	103	260
208	310	144	169
197	292	10	369
104	359	177	55
220	316	80	93
245	286	160	221
244	277	88	280
254	298	76	309
268	299	118	172
244	290	56	291
228	301	48	342
264	303	57	163
264	288	118	197
254	274	10	350
177	325	103	84
299	288	69	99
289	273	101	146
284	296	86	112
285	278	117	144
272	297	147	186
251	255	90	327
314	301	106	145
290	298	116	142
265	295	164	185
233	276	126	311
288	267	151	184
333	136	28	444
265	298	150	120
344	310	100	125
311	303	124	145
270	279	101	244
153	330	182	242
271	325	160	231
288	313	388	156
459	364	395	123
535	298	331	137
441	290	456	169
185	361	225	254
313	204	154	378
216	397	308	189
236	120	488	380
318	360	222	261
508	245	299	282
221	389	363	200
342	353	306	220
398	340	442	203
334	288	188	328
235	415	294	215
527	110	210	406
335	328	321	281
525	179	207	396
373	282	90	370
368	329	183	209
297	321	264	281
370	331	341	264
481	303	429	281
378	363	136	297
465	342	351	142
301	328	455	178
467	313	360	250
248	385	325	208
375	327	404	184
461	283	329	248
172	392	296	245
302	330	305	241
348	373	527	159
281	365	597	195
397	338	216	237
233	300	518	243
357	348	514	234
431	368	205	224
131	152	659	378
193	261	416	282
340	347	296	273
347	415	341	196
310	348	499	232
391	404	433	211
413	416	381	208
398	418	350	223
405	395	526	192
370	437	383	164
508	319	449	234
335	406	315	214
432	310	322	271
278	424	404	200
360	398	336	209
388	324	382	270
454	370	385	206
360	322	324	281
323	412	329	191
361	332	149	310
221	315	303	280
294	398	184	234
341	297	301	273
396	355	354	212
354	402	409	151
291	374	489	156
407	301	189	280
350	335	207	267
362	314	183	287
315	334	216	260
230	393	160	240
451	278	85	213
315	356	233	121
442	316	197	160
430	298	240	126
401	312	233	196
430	301	466	184
495	348	471	229
468	315	483	279
621	154	67	470
480	285	314	167
473	351	486	124
358	383	474	118
438	357	305	179
482	349	267	195
511	309	326	206
428	346	309	232
356	362	359	228
471	352	326	213
483	326	279	248
501	336	465	201
394	374	281	220
396	302	249	285
399	372	203	245
437	303	210	282
408	341	244	227
439	316	336	216
424	325	404	227
366	324	331	272
495	303	386	237
446	308	247	258
349	370	587	163
322	333	720	218
698	357	201	251
486	333	349	199
474	371	441	180
440	382	377	197
448	362	324	230
395	377	437	202
429	350	552	203
308	360	463	232
484	377	450	205
493	362	318	250
464	366	373	225
432	373	427	221
448	355	432	250
450	387	399	232
380	404	324	227
286	452	200	174
449	369	143	176
534	357	10	197
474	384	103	49
475	378	153	78
584	376	169	86
685	389	79	51
685	388	62	49
684	391	59	45
681	389	56	45
678	390	58	43
675	390	57	43
677	391	52	40
672	388	51	43
676	394	43	37
672	392	48	42
674	396	41	37
673	397	40	34
674	398	38	34
674	397	37	36
673	397	37	35
672	395	39	38
670	393	43	39
670	394	42	36
671	393	44	35
668	392	41	32
668	388	45	35
663	386	45	33
657	376	57	43
651	374	59	43
645	375	59	43
650	372	61	45
644	370	59	48
644	368	61	47
649	371	49	43
645	371	58	41
644	368	52	44
647	369	57	41
642	366	53	43
642	366	60	43
640	367	53	42
644	366	55	43
637	362	45	39
640	366	38	34
654	377	41	35
648	376	43	35
650	375	42	37
646	376	41	33
648	377	37	32
650	379	37	33
650	380	40	37
654	382	34	32
656	384	31	31
655	382	35	35
658	384	31	31
660	380	31	31
662	382	27	27
664	377	24	29
665	380	23	23
668	376	19	21
669	376	23	26
670	372	20	20
686	344	16	75
668	366	28	38
674	371	25	37
673	367	19	31
686	404	21	24
675	370	31	56
665	368	38	43
662	363	34	45
669	384	41	42
664	370	36	40
654	372	57	51
605	363	105	112
573	298	261	256
388	212	555	193
483	357	339	323
450	402	402	253
359	383	461	278
531	363	316	317
130	409	690	233
535	353	425	329
534	334	386	301
117	373	661	286
483	328	648	345
459	337	524	346
468	344	418	348
483	366	283	321
0	451	417	178
342	415	367	245
265	432	76	234
16	475	63	92
3	491	69	64
13	494	53	56
5	496	42	44
8	495	37	42
8	496	36	37
6	498	37	36
7	500	38	33
6	503	56	46
9	493	33	41
8	498	34	38
7	498	33	34
10	501	36	30
11	501	31	31
4	505	39	27
7	505	38	28
7	506	36	27
14	502	33	31
7	501	34	30
1	502	45	32
0	501	49	38
3	501	44	40
5	503	47	40
4	503	49	40
9	504	45	38
2	505	48	37
7	505	49	38
3	505	49	38
5	504	49	39
0	504	53	39
6	503	50	40
1	503	55	42
4	504	50	43
3	507	50	41
0	508	46	39
5	506	37	40
6	508	33	37
7	511	30	37
8	514	29	37
3	517	32	41
4	520	30	42
3	519	30	43
2	521	31	42
1	525	30	41
3	520	27	44
3	528	25	38
4	536	24	31
7	536	18	31
12	532	12	35
18	534	10	34
18	537	10	28
12	533	19	27
29	515	10	38
27	509	10	35
17	514	14	27
6	517	27	25
8	511	25	29
3	509	29	29
2	502	36	46
2	507	42	40
0	497	45	42
0	489	43	47
1	486	43	46
0	480	40	45
0	473	40	52
0	465	32	39
0	469	40	53
81	409	25	40
82	414	33	38
82	403	31	46
81	377	33	43
82	351	32	41
84	344	31	35
86	329	29	36
93	323	55	23
122	304	64	86
115	287	171	78
156	157	241	331
502	256	214	288
564	187	458	315
490	212	187	337
443	332	183	267
567	126	91	330
603	113	279	106
532	124	518	266
498	238	382	96
434	257	468	33
582	122	308	315
386	292	350	278
558	306	250	282
749	274	362	200
436	380	474	163
378	377	775	177
231	390	217	256
625	424	152	261
607	479	209	176
417	174	480	176
522	213	663	123
499	256	291	185
587	263	481	145
944	258	272	183
856	249	289	130
941	275	130	109
929	290	221	88
918	293	116	98
909	307	122	77
899	312	100	72
987	336	83	45
941	339	28	41
915	349	69	34
958	355	24	30
921	351	77	31
898	327	46	35
902	313	45	44
941	308	15	36
910	307	82	31
970	313	43	24
979	306	66	33
932	298	98	40
844	274	42	49
816	277	47	42
810	271	78	50
808	261	91	56
813	259	151	56
787	251	164	77
782	243	169	71
804	246	129	73
792	241	170	57
797	234	160	77
802	232	98	75
817	232	87	59
821	238	50	50
825	247	45	44
829	250	42	38
829	253	50	37
833	254	52	38
888	260	50	32
927	259	16	26
903	260	49	24
935	257	55	26
893	255	86	33
931	254	66	34
942	258	23	35
925	269	82	29
936	263	28	34
902	268	53	28
911	257	44	37
980	260	21	31
988	272	49	17
984	273	37	19
976	272	59	21
958	277	32	21
951	282	27	17
950	287	25	12
950	287	46	17
950	282	50	23
950	286	56	16
956	284	31	23
948	277	35	27
908	276	50	28
877	273	48	41
875	262	84	49
872	258	55	39
880	265	99	47
867	257	53	44
876	260	106	43
873	252	81	51
877	249	66	53
883	248	48	46
884	255	102	35
885	253	41	45
901	264	83	39
967	275	33	33
964	295	75	29
942	293	10	37
905	315	27	25
878	327	50	27
888	326	42	36
888	332	58	35
944	337	53	36
918	341	22	30
913	345	50	22
896	331	40	30
904	311	60	30
914	295	79	40
1035	275	24	51
971	295	30	32
963	298	46	34
1035	311	25	28
1060	313	37	17
1060	311	30	21
1042	316	43	16
1037	317	46	19
1035	314	45	29
1029	317	33	33
979	311	21	38
947	320	88	30
951	313	46	38
946	324	80	42
944	318	51	41
943	320	87	40
940	315	46	43
938	327	93	46
934	317	66	45
932	327	43	36
930	330	41	38
928	334	39	32
926	336	38	30
924	338	39	29
936	321	26	46
949	298	41	46
950	328	40	38
942	317	45	50
980	338	67	31
934	323	34	49
984	348	41	34
932	344	28	33
916	348	83	36
946	347	69	39
959	357	22	31
940	361	79	29
941	361	19	30
914	366	44	28
926	367	40	31
981	376	30	25
1005	385	43	19
1030	382	33	24
1034	382	33	24
1019	389	52	17
1023	384	52	23
1001	376	38	35
947	381	70	35
951	377	62	38
953	376	74	42
956	373	42	43
958	376	92	34
963	369	88	44
963	365	157	47
970	362	86	62
960	370	147	55
956	379	67	57
1030	411	74	40
954	407	151	44
926	397	73	59
931	402	116	57
922	403	57	53
948	409	89	40
981	401	14	40
943	403	40	28
947	408	56	29
984	403	43	36
985	412	64	31
1023	405	45	42
1032	402	70	41
1062	384	58	46
1163	398	23	38
1165	404	25	21
1182	404	39	21
1189	401	66	16
1188	395	58	24
1189	392	54	20
1190	378	23	27
1223	381	26	20
1224	379	23	23
1220	374	28	20
1200	377	31	30
1161	373	65	31
1131	343	65	50
1080	338	115	42
1091	332	121	60
1125	324	79	158
931	387	225	113
700	380	47	112
651	390	83	57
645	400	79	51
646	398	76	55
639	400	57	55
635	410	73	41
633	419	50	42
632	422	48	34
619	434	48	32
619	437	36	29
622	440	29	29
617	446	28	22
620	447	25	24
615	448	25	24
615	448	26	25
613	446	25	26
611	448	27	28
611	446	26	28
612	442	27	31
621	433	16	41
611	451	26	25
607	454	27	20
607	452	24	23
619	439	10	36
626	428	10	45
628	427	18	33
621	434	25	28
616	433	28	29
613	431	31	37
612	426	32	48
610	424	33	50
609	424	34	50
608	426	34	48
608	425	33	51
607	426	35	48
607	426	34	49
607	426	33	51
606	430	35	47
606	429	34	49
605	427	35	48
605	425	35	51
605	427	36	52
606	428	36	51
608	428	35	53
613	427	31	52
613	426	32	52
615	434	31	44
619	430	28	44
625	430	24	47
623	429	33	38
627	425	28	48
626	424	31	43
632	443	46	70
647	484	33	38
648	480	32	41
648	480	36	44
644	475	47	47
643	471	54	48
638	468	64	50
636	465	72	53
632	462	77	54
630	459	86	58
629	450	94	63
626	447	101	66
623	447	110	66
621	441	117	72
616	433	118	79
609	434	108	75
603	435	117	73
599	432	110	75
596	435	106	72
600	422	97	85
588	427	99	78
589	424	88	81
594	429	75	80
581	437	83	68
591	439	72	68
598	438	59	71
595	459	66	41
595	464	72	29
603	457	64	37
612	446	64	35
609	453	76	18
633	421	53	43
628	408	54	57
681	335	16	133
676	359	10	109
639	420	38	45
629	425	55	41
635	430	41	37
635	432	47	37
638	433	43	36
643	432	38	38
646	442	35	26
644	397	40	69
706	325	56	62
705	329	61	55
701	329	78	56
705	328	67	46
704	332	63	47
704	327	71	58
710	329	61	54
705	328	94	67
703	327	63	65
708	330	62	58
703	332	80	55
703	331	57	61
706	335	66	53
702	335	60	49
702	334	84	67
699	333	58	48
704	336	70	62
703	338	50	48
701	342	96	65
690	342	63	48
694	342	128	107
604	332	67	112
732	367	13	69
684	354	110	94
750	376	60	68
706	366	86	66
741	388	49	62
696	362	102	92
753	380	87	58
680	354	116	93
745	382	80	76
760	397	59	58
762	399	52	55
716	377	92	82
752	397	72	63
753	413	102	75
760	397	83	77
766	402	88	77
746	393	109	88
768	398	102	86
774	401	85	80
781	406	88	82
784	406	77	76
785	396	92	91
792	397	82	83
804	403	73	74
750	384	123	91
657	270	224	207
610	351	23	155
646	365	10	64
611	385	70	22
650	373	70	41
655	370	127	82
619	360	266	120
633	316	237	154
364	363	251	153
656	344	98	149
624	362	10	89
626	380	37	36
619	366	15	61
631	375	37	35
696	377	20	32
672	380	58	26
657	382	78	34
643	375	47	47
645	377	82	38
591	354	121	69
509	368	94	74
587	352	125	74
499	373	105	81
356	404	80	56
313	404	74	53
216	418	124	41
270	407	10	61
243	414	28	27
241	415	27	24
242	417	24	22
243	416	22	21
243	416	21	20
240	416	25	20
241	414	24	22
239	414	24	20
240	412	26	22
240	409	23	23
239	408	22	22
240	408	26	21
241	407	22	21
240	407	22	21
240	406	21	20
240	406	24	20
239	406	22	20
237	404	23	21
240	404	24	21
236	405	26	20
239	405	23	21
239	404	22	21
239	404	21	20
238	403	21	19
239	404	23	20
237	403	23	20
238	404	23	21
235	404	24	20
238	404	23	20
239	405	21	19
238	404	22	19
239	403	24	20
241	402	19	19
237	399	23	21
239	400	25	20
237	396	23	23
238	397	23	20
237	393	25	21
234	387	26	22
236	388	23	21
238	389	23	20
234	390	25	19
236	391	26	23
233	393	27	21
235	393	24	21
237	394	21	19
238	393	24	19
236	391	23	21
238	390	25	21
240	391	21	20
241	392	23	19
241	392	22	20
239	393	25	21
239	394	23	20
240	395	24	20
237	393	25	21
239	394	22	20
238	395	26	22
239	394	22	22
239	394	21	20
235	395	26	21
232	396	27	21
229	396	27	23
230	398	24	25
229	400	24	23
224	402	27	22
226	402	23	21
222	403	25	20
225	404	23	22
220	405	26	20
223	405	23	21
224	406	23	21
224	407	23	20
227	406	24	21
229	405	23	21
230	405	22	20
231	403	24	21
233	404	20	20
234	405	22	22
236	405	22	20
237	406	23	22
239	406	22	21
240	401	24	23
236	396	27	22
238	390	23	21
236	386	25	23
238	387	21	21
234	388	26	21
236	387	23	22
232	388	25	20
233	386	23	22
231	384	24	23
233	381	24	24
234	383	22	21
230	384	26	22
232	387	26	23
233	388	23	22
229	384	25	23
231	379	23	21
227	374	26	25
228	374	23	22
227	372	24	22
223	367	26	23
224	368	22	21
221	369	24	19
222	365	25	23
220	362	25	22
220	359	23	22
217	354	27	22
220	354	23	20
216	348	25	23
219	349	25	22
217	345	25	25
219	348	28	25
221	348	24	23
223	347	26	23
225	346	26	23
227	348	26	21
230	348	21	20
231	345	24	22
233	348	22	20
235	349	23	20
236	349	21	20
237	348	23	19
237	346	22	21
239	344	25	21
239	343	22	21
239	342	24	21
239	339	23	23
241	340	21	21
240	337	25	22
241	337	21	19
243	334	24	21
244	333	21	21
244	333	22	20
244	331	24	21
245	329	21	22
245	330	20	20
246	330	23	20
246	329	24	21
248	329	22	20
246	329	22	20
248	327	24	21
248	325	23	21
250	321	25	24
252	321	26	21
255	317	26	24
257	318	22	22
258	315	25	23
259	314	21	22
260	311	24	20
261	310	21	15
260	306	25	20
260	304	22	17
258	298	25	22
259	298	22	20
255	293	24	22
257	293	25	21
253	289	26	24
255	290	22	21
250	287	25	23
250	287	22	21
247	288	24	19
247	289	22	18
243	290	24	21
239	291	26	22
240	292	23	20
237	294	24	23
238	295	22	21
236	298	25	22
238	299	21	20
235	301	25	20
238	302	21	20
237	303	23	20
239	304	24	20
236	305	24	19
239	306	23	23
240	308	21	20
241	310	23	22
241	311	21	19
243	313	23	19
245	313	22	19
242	313	26	21
245	314	26	20
249	315	25	19
251	315	20	19
253	316	22	20
255	317	23	19
257	318	23	19
255	318	25	19
258	318	25	20
261	319	23	22
261	321	21	20
263	322	23	21
262	319	22	23
263	322	22	24
263	324	20	19
265	324	23	20
264	325	22	19
266	326	23	23
267	327	20	20
265	325	24	21
266	324	21	21
267	326	24	24
267	326	23	21
268	328	21	20
268	327	21	19
269	328	22	21
265	326	24	21
267	328	23	20
268	329	20	19
264	329	25	21
265	326	22	23
265	328	21	20
267	329	22	21
264	326	23	23
266	327	20	20
263	328	22	18
264	327	24	20
264	323	22	23
265	324	22	20
265	323	21	20
265	323	23	21
266	323	20	20
265	324	21	18
263	322	23	20
264	323	20	19
261	325	25	21
262	324	21	21
258	325	24	19
261	325	24	21
259	326	24	20
261	326	21	20
261	327	22	20
261	326	24	21
263	327	20	19
263	328	24	21
265	325	25	23
267	326	25	21
275	326	23	20
277	319	24	20
280	308	25	23
280	302	23	21
282	301	24	20
281	297	26	23
284	298	21	21
285	299	24	19
288	299	24	19
291	298	23	20
292	298	20	19
289	295	25	21
292	296	21	20
290	298	24	19
292	298	22	19
288	299	24	21
291	301	22	23
288	305	24	23
288	306	22	21
288	308	22	21
288	310	22	21
287	313	22	19
283	309	24	23
284	309	22	21
284	308	21	21
284	310	20	19
281	307	24	22
283	308	20	20
283	309	21	20
283	309	20	19
282	311	24	21
281	310	23	21
283	311	23	22
283	313	22	19
285	314	23	22
286	315	20	20
285	316	22	20
287	317	23	19
286	317	22	19
288	318	23	18
287	318	23	20
289	319	22	20
291	320	21	19
291	321	22	19
290	320	22	19
291	322	23	19
293	321	20	19
293	323	22	20
293	321	20	20
293	323	22	19
293	323	20	19
292	324	24	20
294	323	20	20
294	324	22	20
295	324	19	19
291	325	24	20
292	323	20	21
293	325	22	19
294	326	19	18
291	324	23	21
293	325	21	19
294	328	20	18
291	324	22	21
292	325	24	22
289	326	25	20
292	327	20	19
289	328	24	19
290	325	21	22
291	327	22	20
292	329	19	18
289	329	23	20
290	329	19	19
287	329	22	18
289	327	23	20
286	328	23	19
288	328	21	19
284	330	23	19
285	329	21	19
281	331	25	22
282	332	20	20
279	332	24	20
281	333	20	19
277	334	23	20
278	335	20	19
274	334	23	18
276	333	23	19
276	333	21	19
275	331	23	20
275	328	24	22
276	328	22	21
276	324	22	21
277	325	24	19
278	323	20	20
276	321	25	20
278	320	21	20
278	321	22	18
278	321	22	19
278	319	23	20
279	319	21	20
281	319	22	19
281	318	21	20
282	319	22	19
280	315	22	22
281	317	25	22
283	318	21	19
283	320	21	19
280	316	23	22
281	317	21	20
282	319	22	19
278	315	24	22
280	316	24	20
280	315	21	21
282	312	24	22
278	310	26	23
280	311	22	21
281	312	19	19
277	308	23	21
272	311	21	19
266	309	25	20
262	310	26	20
258	311	20	18
248	308	22	20
238	304	24	24
232	306	28	22
234	307	23	21
229	308	25	22
228	308	24	21
224	309	26	24
227	313	23	21
225	317	23	19
227	317	23	20
226	320	25	22
228	322	24	20
231	322	24	19
234	322	25	19
237	322	23	20
239	318	24	23
240	319	21	21
236	319	24	20
226	314	25	25
215	319	26	19
199	312	26	25
185	313	25	23
159	308	28	27
137	303	32	30
121	300	33	31
106	300	29	29
85	296	32	30
77	296	33	29
71	296	36	28
66	298	36	28
53	298	36	29
38	300	37	34
21	302	39	31
4	305	33	32
59	351	23	29
56	362	20	20
49	370	17	15
43	372	16	14
39	376	14	12
34	380	14	11
28	381	14	14
25	382	13	11
19	384	13	11
12	385	13	12
8	386	12	11
4	389	12	11
1	391	13	12
0	392	10	11
0	396	10	10
4	387	20	32
40	397	21	17
51	372	31	50
6	315	80	109
33	355	120	77
105	358	163	81
217	155	162	224
414	203	139	224
662	288	150	117
623	251	209	120
603	281	221	133
659	325	162	91
531	256	352	191
429	285	186	180
481	237	259	189
599	282	25	146
498	276	56	53
506	278	48	50
511	282	43	46
523	283	37	44
524	284	52	60
514	274	53	49
521	277	42	51
528	286	45	47
527	281	40	48
529	283	67	73
513	270	59	61
528	273	52	61
530	277	49	51
544	276	49	60
546	281	46	51
553	282	62	72
555	276	58	64
558	283	50	54
564	286	49	50
570	290	43	46
584	292	63	74
568	280	57	58
585	283	49	52
589	287	43	51
594	291	45	48
598	292	46	49
601	293	41	47
605	296	65	63
596	281	67	55
605	283	51	54
617	286	46	53
621	291	44	48
627	293	45	48
633	292	48	57
635	285	44	55
636	290	45	48
642	292	50	52
646	283	42	52
650	288	44	48
654	291	45	44
658	288	41	43
667	290	80	85
652	257	76	74
809	259	20	57
834	264	50	48
845	251	62	51
847	251	64	51
850	237	70	59
852	231	65	52
861	232	59	43
866	223	55	49
870	222	60	48
871	217	52	53
844	261	61	32
855	257	17	75
816	319	30	43
769	287	67	78
792	242	134	53
730	254	105	65
823	251	96	65
815	248	105	71
814	253	101	68
842	256	80	66
821	259	100	61
832	261	96	61
788	271	143	54
836	263	97	60
855	264	71	59
854	268	62	55
875	259	68	62
875	255	64	60
880	258	70	56
881	255	73	58
876	255	69	64
880	257	74	62
871	252	76	78
862	259	67	70
851	267	72	69
865	266	90	64
873	263	73	57
865	268	69	59
864	269	57	60
788	283	76	49
757	280	92	48
822	268	49	61
802	282	65	44
850	270	10	55
872	295	26	26
845	341	20	17
848	350	25	34
805	311	66	75
900	257	58	63
911	263	66	53
915	262	72	53
912	262	75	53
917	261	76	54
918	261	65	55
914	262	80	52
920	261	79	55
922	262	73	53
922	265	79	51
924	264	76	52
925	264	80	53
925	260	71	54
920	260	84	54
920	257	85	58
921	257	71	60
916	262	88	54
910	262	90	58
906	270	98	52
905	278	98	46
902	276	82	51
908	275	83	55
909	285	56	51
916	288	76	33
918	290	83	30
917	292	50	55
923	284	85	43
920	285	90	41
918	281	97	45
919	277	94	52
904	278	40	63
874	296	119	28
907	279	92	44
916	278	99	50
902	272	10	75
918	317	28	28
905	332	45	19
883	378	30	19
905	343	10	64
912	326	10	74
882	381	25	25
894	367	16	40
903	349	10	59
910	333	10	76
910	326	10	76
909	325	10	74
909	327	10	77
905	330	10	83
894	353	19	55
880	380	29	33
828	330	77	85
919	270	91	65
931	273	72	63
925	287	88	51
925	285	92	56
825	310	45	53
800	321	41	50
801	324	39	45
803	326	37	45
803	330	36	42
804	328	48	58
793	319	50	48
798	322	41	50
799	325	39	45
801	326	36	47
801	329	36	44
802	332	37	45
802	331	35	43
801	334	35	44
800	331	37	44
794	335	38	40
796	332	40	52
797	325	39	50
797	329	37	48
796	335	36	41
796	336	39	46
793	335	52	54
782	327	47	48
786	335	42	43
788	337	38	41
791	339	47	56
779	332	44	46
781	338	44	51
783	338	44	48
778	342	50	47
779	333	44	54
780	339	50	56
768	344	46	45
772	346	48	48
774	338	42	52
776	343	64	64
763	331	51	57
767	338	44	52
769	343	51	54
763	340	48	47
767	343	47	52
766	341	43	50
768	345	66	67
754	333	54	61
758	339	48	51
763	343	41	47
765	347	75	79
749	331	158	39
832	316	133	50
759	327	198	38
889	294	99	66
889	314	82	50
916	319	61	47
888	342	85	24
915	318	51	48
911	321	64	41
916	315	61	48
881	345	89	18
877	352	12	74
871	353	12	74
848	397	22	40
856	379	17	52
851	378	20	59
850	380	15	61
837	400	29	38
781	347	81	92
857	292	119	67
874	300	104	63
857	305	125	62
777	312	198	58
882	279	100	84
885	296	90	68
882	305	98	59
856	311	114	59
748	327	223	40
890	287	85	79
890	294	93	71
799	314	135	62
880	286	95	74
879	299	101	66
768	318	199	52
888	292	83	68
807	324	136	45
781	326	56	69
750	333	60	54
757	339	47	49
762	346	53	60
759	335	53	56
762	339	45	49
764	344	51	61
753	344	49	48
758	347	45	45
763	346	51	56
758	337	48	53
762	344	42	51
763	348	45	49
765	349	44	48
767	349	41	46
766	351	45	49
764	344	39	49
765	347	45	54
764	340	42	54
765	346	44	48
767	348	56	58
756	337	46	55
759	343	43	47
761	347	46	52
763	343	41	50
764	347	39	42
766	349	44	50
765	345	38	48
766	348	41	48
766	350	48	49
757	340	45	50
760	343	41	49
761	346	44	48
763	343	44	50
763	343	35	46
764	346	50	58
754	336	45	48
756	339	41	50
758	342	42	48
759	341	42	47
761	344	53	53
751	337	44	49
754	337	43	48
756	338	41	50
757	340	40	45
759	341	42	47
756	344	56	53
748	331	44	50
751	335	43	50
753	338	40	47
755	340	57	60
745	327	56	52
752	332	44	51
755	336	42	49
757	339	45	51
759	332	41	53
759	338	43	48
761	341	41	43
757	344	42	42
759	344	68	68
747	330	56	58
751	334	48	50
755	338	42	47
757	341	43	47
755	341	41	45
757	341	42	46
748	343	69	60
737	327	56	55
742	331	46	48
747	333	46	53
749	333	42	48
751	335	51	54
742	328	44	46
745	330	46	54
747	330	41	48
747	333	46	50
737	334	42	43
740	333	46	50
740	331	41	47
742	335	38	46
742	339	40	42
734	342	57	50
728	329	44	49
730	339	41	46
732	340	41	43
734	341	39	45
736	344	43	46
725	344	39	43
727	345	71	72
714	330	79	57
708	329	71	58
717	331	53	59
720	339	47	56
722	345	42	50
723	347	40	51
724	350	39	46
725	353	38	45
722	356	41	42
723	358	39	42
723	358	39	45
724	359	37	41
724	361	36	45
725	356	37	47
725	361	36	40
717	359	67	66
704	344	56	57
710	348	46	50
713	353	41	48
714	354	39	43
716	354	38	46
717	357	37	40
719	354	71	78
716	335	140	37
715	329	202	36
817	298	106	62
796	297	131	67
709	316	208	45
850	289	85	64
768	327	154	29
724	327	187	30
765	313	135	47
774	302	143	52
712	312	215	50
835	275	89	77
807	290	126	60
832	292	96	67
842	292	90	67
844	294	80	65
793	314	124	45
737	316	192	44
740	313	184	40
734	312	144	62
842	284	85	73
775	312	145	45
737	314	160	53
841	295	81	58
838	302	91	55
835	312	90	48
852	307	75	57
848	308	79	56
851	308	75	56
837	317	85	48
853	314	73	55
846	314	79	54
847	310	84	56
839	309	80	58
846	309	79	58
840	308	76	58
850	311	75	55
839	311	77	55
845	313	77	53
838	312	78	55
840	310	82	55
830	310	80	57
829	313	82	54
833	306	84	60
821	305	84	61
822	307	78	59
829	308	75	58
821	311	78	55
832	312	73	55
823	313	72	54
828	314	73	52
818	314	76	53
828	314	70	53
823	318	67	50
829	319	69	48
818	324	71	44
818	328	75	40
810	335	83	28
832	319	54	43
819	340	56	33
785	369	32	48
766	402	35	34
752	407	35	43
685	347	101	102
808	305	85	55
819	306	67	56
820	316	63	50
822	314	60	51
814	315	62	48
809	315	69	48
814	318	68	48
813	318	61	49
806	319	66	48
800	317	79	52
799	316	73	55
792	305	75	67
791	310	70	61
783	304	71	68
768	311	79	60
781	310	58	57
767	303	63	61
772	312	52	52
769	322	49	45
747	330	64	37
712	344	80	33
691	346	41	51
681	358	56	36
700	344	40	47
685	359	58	33
711	331	55	47
695	332	38	62
682	356	43	49
684	361	40	52
685	363	44	48
677	364	43	44
681	363	43	37
687	366	63	60
682	290	44	115
681	286	53	106
662	331	74	24
681	353	40	48
680	291	40	98
674	267	49	101
672	254	56	53
670	254	45	73
670	277	48	107
666	307	53	21
670	288	40	82
667	354	47	40
678	379	52	48
670	374	43	50
674	376	44	49
677	378	53	57
669	369	49	53
673	375	43	54
675	380	43	45
680	383	46	52
669	384	42	43
677	386	83	84
639	251	67	44
650	244	44	49
645	238	48	51
651	245	39	41
645	240	47	59
647	239	46	59
648	239	45	55
647	234	44	49
645	233	45	48
649	235	47	51
647	236	44	45
648	237	51	55
650	246	46	49
650	247	43	44
653	249	40	42
658	245	53	68
671	290	39	36
685	357	32	18
711	385	30	27
710	371	39	64
716	370	50	56
724	368	50	56
741	375	47	47
763	376	47	48
774	372	48	52
791	377	42	47
806	378	85	96
740	232	93	51
772	233	61	42
781	231	43	45
792	227	41	50
783	226	54	57
798	228	38	56
806	235	44	52
802	229	44	56
806	232	50	60
815	238	43	53
809	230	49	61
822	250	37	36
821	248	46	52
818	236	52	64
831	245	39	50
824	244	45	52
836	255	40	41
830	252	43	50
820	244	52	53
831	247	43	46
829	237	40	59
832	233	41	57
826	236	45	49
825	240	42	46
824	238	40	48
819	241	40	44
820	246	34	48
817	251	32	40
804	255	44	46
795	255	50	46
791	260	53	45
788	260	51	44
789	266	47	44
791	268	42	42
791	270	38	39
792	272	36	45
786	269	38	49
783	263	40	55
782	270	39	49
774	270	44	45
776	275	39	46
766	286	43	37
764	287	40	36
756	290	38	41
756	294	34	40
753	299	30	42
743	310	34	37
738	306	40	47
739	319	37	47
713	347	38	39
727	341	11	65
676	399	21	26
677	403	22	26
678	405	21	22
680	400	19	25
681	403	18	21
684	399	16	22
683	420	18	26
693	395	25	27
695	389	26	22
699	396	25	30
697	392	48	22
688	407	30	40
715	379	38	31
732	361	10	64
697	400	22	40
716	378	10	61
703	391	23	33
702	388	24	33
701	391	18	49
697	386	21	47
696	387	33	30
693	385	30	40
694	380	30	39
696	374	28	41
695	372	27	42
690	381	26	44
699	368	27	45
711	356	20	47
699	367	27	41
700	362	25	46
701	366	33	40
720	333	33	72
734	307	37	45
703	359	31	39
693	383	38	30
703	354	24	59
708	351	50	23
707	354	26	55
714	337	23	75
740	312	40	44
737	317	34	46
746	309	10	104
734	326	13	76
731	333	10	87
746	328	37	26
734	349	27	48
738	340	49	33
759	296	45	53
767	301	35	42
766	305	27	70
767	303	44	45
763	318	45	34
768	306	42	51
767	300	41	52
761	307	46	46
770	298	38	64
760	297	50	54
757	298	50	54
750	296	53	50
744	297	45	53
741	302	37	47
740	312	29	41
736	350	42	47
728	314	35	33
721	315	42	36
714	316	58	65
712	312	53	45
703	324	51	44
708	346	52	39
687	328	57	39
681	331	89	91
655	305	82	57
653	319	71	43
657	334	72	51
654	332	63	34
649	330	89	72
641	315	63	61
642	334	43	38
639	346	36	34
639	350	30	33
636	353	29	34
635	357	29	36
635	360	28	30
636	365	30	26
649	353	19	31
676	317	21	23
666	318	30	23
634	334	30	44
635	363	29	30
639	360	44	10
672	320	20	31
631	327	41	43
637	367	32	32
634	361	32	35
635	360	29	35
637	365	30	34
637	352	29	44
640	351	27	49
640	357	29	44
641	352	28	47
642	349	29	52
638	366	33	35
638	358	31	41
644	348	25	56
636	368	31	34
634	359	32	40
643	344	25	60
636	368	32	33
636	372	30	35
635	371	29	32
636	373	28	31
636	374	27	32
635	376	27	27
636	378	24	29
640	370	23	37
637	382	27	25
637	381	25	26
639	380	22	26
638	379	23	31
639	378	23	30
646	362	16	47
640	381	26	28
641	382	24	26
639	383	24	25
641	377	22	31
640	385	27	26
641	384	24	26
641	386	23	22
645	373	17	39
639	388	26	24
639	386	24	24
637	388	24	24
640	381	26	30
637	390	31	28
639	391	45	37
644	393	24	24
638	390	22	26
637	388	25	28
638	390	24	24
637	391	55	41
627	379	44	39
630	383	36	33
634	385	31	31
635	384	30	31
636	379	45	39
634	379	31	26
636	379	33	28
637	379	29	28
639	380	25	25
640	383	27	27
639	384	27	25
641	388	25	27
641	387	25	26
641	390	31	27
641	388	36	28
643	386	31	29
645	386	32	26
646	386	35	27
650	386	34	27
651	382	32	29
652	382	36	28
655	382	32	28
656	381	44	34
658	378	39	27
658	366	34	39
661	380	35	24
665	376	48	35
665	375	62	38
665	370	44	36
668	373	36	33
663	325	43	81
672	373	107	86
638	331	122	95
554	323	296	221
790	383	311	160
826	361	275	198
899	389	229	173
907	403	190	158
911	350	166	170
827	321	278	197
956	408	162	155
914	350	211	212
889	395	217	152
920	343	158	178
752	357	397	249
529	413	249	164
922	370	109	169
945	355	158	175
916	367	176	168
917	332	162	193
925	355	150	167
907	367	206	184
914	356	174	187
873	304	240	251
875	396	216	168
800	383	289	171
902	401	199	163
914	363	166	196
921	339	153	199
900	362	174	166
807	357	266	196
765	347	336	241
542	437	552	150
912	414	185	164
878	325	201	243
702	435	341	122
723	342	373	216
517	439	590	148
918	417	188	175
891	384	199	192
885	349	192	208
752	438	325	116
908	383	198	188
884	408	206	153
814	302	317	282
821	407	279	166
596	388	515	192
547	425	235	139
915	397	86	137
754	418	84	156
743	480	100	96
712	403	123	167
768	449	136	107
787	460	54	111
754	466	71	103
751	459	74	98
740	488	83	69
759	501	60	57
763	524	67	42
780	523	41	44
759	461	59	112
746	488	77	69
680	375	129	157
931	362	79	153
734	490	112	60
684	379	109	152
719	475	104	78
728	486	76	79
704	443	94	120
706	375	90	174
575	385	230	167
926	417	129	134
914	369	137	143
956	343	158	187
935	375	174	182
937	347	161	195
941	329	180	216
834	386	281	164
903	413	211	147
885	325	242	227
812	365	293	174
920	392	201	156
798	376	302	174
666	329	448	232
547	405	201	162
552	227	286	401
547	387	447	232
909	389	220	207
590	440	161	124
606	478	164	92
661	472	80	104
668	510	73	67
675	520	60	58
680	526	52	53
683	532	58	49
674	533	60	43
674	548	52	42
680	549	42	40
677	552	35	34
677	555	31	32
678	552	31	38
687	547	23	43
680	553	33	38
677	554	37	38
664	559	50	32
686	547	32	45
685	550	33	39
685	551	32	41
686	546	31	42
686	546	31	42
686	541	30	42
685	538	29	49
683	540	27	45
661	548	40	32
657	548	40	33
661	549	31	32
657	550	33	31
656	550	28	32
657	546	26	36
657	549	25	30
653	554	26	30
655	554	24	30
655	551	24	30
655	551	24	31
654	548	26	33
655	547	26	32
648	549	33	29
648	543	31	35
648	550	31	30
649	535	27	46
638	544	40	37
641	546	40	34
635	537	42	42
631	541	44	37
634	545	40	36
628	546	43	33
633	547	41	34
630	543	40	38
630	545	38	35
628	547	39	33
619	548	45	33
625	548	43	34
625	543	39	37
627	545	37	34
618	547	44	35
623	548	41	34
616	549	43	33
621	549	43	34
615	548	44	34
619	548	43	34
613	545	43	39
614	546	42	35
612	547	46	37
611	548	49	36
612	547	51	37
609	544	49	40
614	546	48	38
608	545	47	40
610	546	41	37
611	548	45	36
610	549	42	36
607	550	42	34
609	550	45	38
608	551	44	35
609	552	45	34
605	552	48	35
609	551	43	35
607	552	43	35
607	552	46	35
608	552	46	35
603	551	47	35
609	551	45	39
603	552	47	36
608	552	46	38
609	553	49	36
607	552	48	37
607	553	47	36
611	553	44	36
610	553	43	35
611	554	40	34
613	555	43	37
609	551	49	39
613	551	47	38
613	551	44	36
616	552	43	35
616	552	45	34
619	547	44	39
623	548	44	37
625	549	46	35
629	548	40	35
631	548	41	35
634	549	44	34
630	548	47	34
636	547	43	35
637	546	44	35
639	547	42	34
644	547	38	34
643	549	42	34
647	549	42	35
647	549	45	34
651	549	39	34
652	551	40	34
656	551	39	34
651	552	45	33
654	552	42	33
657	551	40	33
660	531	42	52
622	484	93	96
656	519	81	64
667	536	77	47
682	547	57	38
691	549	48	40
698	551	48	43
703	552	49	39
708	553	46	37
711	554	43	36
709	554	45	34
715	552	46	37
720	553	45	36
725	553	42	34
728	552	43	35
732	551	43	36
736	544	42	41
739	547	45	39
744	549	43	36
745	550	45	35
750	549	44	35
750	549	48	34
756	549	44	37
761	549	45	37
766	550	45	39
770	552	47	40
775	555	46	42
781	561	49	43
790	563	47	39
795	572	48	38
801	575	44	40
805	577	48	39
823	578	49	40
828	582	51	42
834	583	53	42
845	585	52	44
850	590	52	43
856	592	53	45
861	597	55	44
867	599	52	44
871	605	52	40
871	606	50	43
875	608	47	42
877	611	49	42
879	613	49	40
879	613	51	38
882	613	50	40
885	615	50	39
881	615	52	38
879	615	55	40
885	615	49	40
884	617	52	40
886	617	50	39
889	617	48	39
884	618	51	39
881	618	54	39
888	618	49	41
891	619	47	38
890	619	51	38
894	619	51	39
892	618	49	39
897	615	49	41
898	616	51	39
900	616	48	39
903	617	49	40
898	616	51	40
903	616	50	39
903	617	50	39
905	617	50	40
906	615	51	42
910	616	50	40
908	616	53	41
910	616	50	40
914	618	49	43
915	620	45	39
918	620	46	40
916	620	48	39
920	620	48	41
918	621	53	39
921	621	48	39
918	621	52	38
921	621	50	42
921	623	51	39
922	623	51	39
923	622	49	38
923	623	46	37
924	623	49	40
929	624	43	37
928	623	44	38
925	624	48	37
925	624	46	37
926	623	43	37
925	623	49	38
930	623	46	37
925	618	54	41
928	618	45	40
930	615	48	42
928	617	47	38
932	617	46	37
933	615	42	39
927	609	51	42
921	610	60	40
918	609	58	40
919	606	54	43
921	603	48	45
918	603	67	43
926	601	56	43
918	601	58	42
922	600	53	43
923	600	52	40
925	600	54	39
924	599	46	35
928	597	60	37
923	595	66	41
929	590	61	44
930	589	63	45
927	588	60	46
932	588	57	45
936	589	55	44
930	589	58	43
929	587	57	45
927	586	61	45
923	583	64	48
929	582	51	49
925	586	52	42
929	587	42	40
931	586	35	40
931	590	34	43
921	594	39	34
923	595	34	32
921	595	33	36
923	597	34	33
921	598	35	30
916	597	36	30
917	598	39	32
916	596	42	34
912	596	42	34
917	594	41	36
910	593	44	35
915	593	43	39
908	593	45	37
913	591	44	39
909	592	43	37
910	593	40	39
906	591	41	38
905	588	40	41
908	591	37	37
901	553	42	73
894	529	50	97
889	527	55	98
885	524	61	105
877	520	72	93
878	529	69	95
875	519	72	93
876	530	68	94
875	521	68	92
876	531	66	93
875	525	62	96
873	533	82	98
853	518	79	102
835	425	22	90
774	383	135	145
728	388	89	204
801	436	148	190
724	222	163	321
965	283	68	331
808	397	138	234
902	304	58	334
836	515	109	104
841	533	84	91
827	540	93	80
838	531	75	90
770	497	140	137
893	405	97	119
713	471	84	119
814	513	36	103
701	456	35	56
685	467	37	36
680	466	40	35
679	467	38	34
679	468	38	36
679	470	44	35
674	471	36	29
678	471	32	29
674	468	35	31
677	469	36	28
672	467	39	29
670	466	41	32
671	466	40	31
671	467	37	30
667	468	65	42
661	463	59	48
657	466	70	45
654	470	61	47
653	473	66	47
650	475	68	49
646	476	66	47
659	481	60	42
657	483	53	40
657	485	48	37
661	485	48	35
661	479	65	34
659	471	55	39
658	470	49	37
656	465	61	43
653	464	54	34
652	460	55	43
648	452	65	53
641	454	67	53
654	463	63	53
644	450	75	68
648	465	78	56
642	459	85	63
654	464	80	58
648	458	78	62
658	461	76	58
663	457	74	58
672	461	63	52
669	460	65	51
675	456	59	51
668	446	61	49
674	445	50	50
679	445	47	42
685	445	40	37
687	435	44	39
688	434	42	38
691	432	40	36
692	430	38	37
693	430	39	33
690	425	40	38
691	422	40	43
693	424	42	40
688	425	45	43
692	426	42	42
689	437	42	33
694	433	43	48
695	430	43	43
698	423	45	49
699	416	47	53
694	404	52	60
702	395	47	64
700	394	48	56
695	379	51	60
697	369	46	62
700	360	48	63
699	362	47	53
701	347	44	63
698	352	42	58
700	360	39	42
702	362	35	45
697	357	34	41
695	359	35	37
691	351	38	43
691	351	35	40
685	348	40	44
687	342	38	42
683	336	44	48
684	326	42	53
682	325	49	48
677	326	51	50
682	317	44	54
679	323	46	50
682	322	42	47
680	312	43	61
681	310	42	58
682	309	41	54
683	308	41	57
683	310	41	50
683	314	40	48
685	314	39	47
686	316	38	46
688	319	38	47
690	320	37	47
692	325	36	43
693	325	37	43
696	315	34	52
695	286	35	82
678	290	57	75
680	296	55	75
683	291	53	75
684	295	51	79
683	303	53	63
686	298	44	73
684	307	47	66
689	291	41	75
693	282	51	66
678	307	61	65
683	307	55	69
685	306	51	72
688	305	50	64
689	317	47	91
690	319	47	86
690	353	50	74
690	360	45	67
695	376	40	73
692	368	43	88
690	384	43	111
684	405	61	90
699	403	151	99
801	430	119	106
747	427	163	104
791	423	131	110
983	454	66	76
866	508	40	31
868	507	30	32
869	513	28	28
867	515	27	26
867	516	23	24
867	514	21	25
861	512	20	29
860	517	21	26
854	518	26	23
851	506	27	36
836	456	33	37
828	440	40	50
822	445	45	53
824	450	42	56
819	446	46	66
817	452	42	63
790	427	78	102
641	452	91	109
620	465	42	172
642	460	35	94
644	467	56	53
646	472	34	123
639	477	48	89
621	542	54	60
629	538	58	29
640	546	38	24
637	554	36	10
642	562	22	33
643	558	24	32
643	554	32	32
646	555	28	39
638	551	37	37
642	552	40	44
643	554	40	49
644	559	43	51
645	562	42	45
646	565	47	41
644	569	43	47
645	566	44	44
649	568	48	39
654	561	43	44
658	562	41	49
668	555	40	64
667	494	45	118
668	460	61	80
674	470	67	109
677	453	69	116
670	428	92	105
672	431	93	122
677	443	135	129
609	458	53	162
700	455	66	162
684	442	184	65
547	518	72	62
472	465	82	75
394	503	176	35
477	466	85	64
473	439	90	86
442	402	229	238
631	381	196	219
706	395	175	164
721	416	89	133
719	415	94	134
716	372	111	168
692	366	148	217
714	309	168	281
690	274	270	259
487	516	300	132
438	302	378	252
723	245	153	345
650	506	129	132
514	293	212	294
730	200	219	178
651	509	110	141
534	311	94	75
558	297	79	82
560	305	63	60
566	308	60	38
647	379	39	38
720	456	19	15
723	467	19	17
718	470	22	19
712	473	21	20
708	477	23	21
698	483	27	21
688	487	10	46
695	486	19	20
690	489	22	22
687	497	24	24
649	539	25	15
640	544	41	17
625	516	71	20
581	535	118	10
579	537	109	38
587	528	27	138
521	465	144	147
538	399	148	123
545	421	154	180
557	217	331	450
232	358	335	289
389	366	277	254
435	389	165	243
485	413	165	173
498	365	136	196
452	440	137	138
487	294	270	115
447	414	146	161
457	327	262	65
446	349	290	91
437	261	317	127
499	273	213	248
407	340	302	149
337	268	346	199
388	341	211	260
379	293	265	254
418	398	204	276
366	312	244	356
424	384	194	287
415	439	139	213
413	469	255	129
427	459	208	191
445	468	180	180
457	480	175	182
427	486	200	147
503	370	160	255
437	469	189	188
457	460	216	234
456	450	215	243
460	466	225	222
445	459	244	234
447	434	235	273
443	453	242	250
400	470	268	221
406	441	250	260
398	468	243	235
360	456	298	236
556	209	88	494
426	489	249	230
393	414	320	289
335	430	264	273
301	445	302	192
299	427	576	17
369	529	153	94
293	425	312	236
262	428	307	247
250	444	284	224
267	443	239	250
260	448	196	266
241	468	157	251
182	452	200	261
167	452	199	247
131	467	199	225
91	473	232	189
78	478	202	178
38	497	186	184
39	515	136	155
5	552	143	136
10	564	119	131
0	608	87	99
3	633	53	86
21	673	28	17
31	677	10	10
34	679	10	10
37	682	10	11
40	685	10	10
44	688	10	10
48	692	10	10
51	694	10	10
54	698	10	10
57	700	10	10
60	703	10	10
55	698	10	11
58	701	10	10
60	702	10	10
63	705	10	10
63	705	10	10
64	705	10	10
65	706	10	10
