591	232	36	35
588	229	36	38
585	227	37	39
593	232	33	36
590	230	35	37
586	228	37	38
589	216	31	37
594	206	29	34
589	196	27	32
587	187	28	31
588	187	26	31
586	180	26	28
585	177	24	24
585	174	23	24
584	169	22	23
588	167	19	20
587	165	20	22
586	164	19	20
586	162	20	20
588	159	18	19
587	156	17	18
587	154	16	17
587	154	17	17
586	153	15	16
587	151	16	16
586	148	16	15
585	147	17	16
588	143	16	18
587	145	16	15
587	144	14	15
589	143	16	14
584	144	14	12
576	144	13	12
568	144	15	12
568	144	14	13
567	144	12	12
566	144	12	12
565	147	12	12
564	147	13	13
562	148	13	14
560	149	14	12
563	149	12	13
562	151	13	14
560	152	14	15
559	154	14	14
559	155	14	15
559	153	14	16
559	155	13	15
558	157	14	15
556	158	15	14
555	158	15	15
555	159	15	15
555	160	15	14
554	161	15	15
553	161	16	16
552	162	15	16
551	164	16	16
550	166	16	16
550	166	16	16
549	168	16	17
548	170	16	16
547	171	17	17
546	173	16	17
545	175	17	17
544	175	17	17
546	177	16	18
545	177	16	18
544	179	15	17
544	179	15	19
542	180	17	19
541	178	18	22
541	180	18	19
544	180	17	20
544	181	19	20
547	181	18	20
546	181	20	21
549	181	18	21
548	181	20	21
552	180	18	22
555	180	18	22
557	180	17	21
559	180	18	21
557	179	20	22
561	178	19	21
563	177	19	21
567	176	18	21
570	175	19	21
573	173	19	20
571	172	20	22
575	171	19	23
578	171	19	21
580	170	19	22
583	170	20	22
586	170	19	22
585	170	21	22
589	171	20	22
593	171	20	22
596	171	19	23
596	173	21	22
596	176	22	20
596	174	23	23
599	179	20	21
601	178	21	22
600	181	22	21
602	181	21	22
601	181	21	23
601	181	21	24
603	183	21	23
604	185	21	22
606	186	21	23
605	188	22	22
610	191	20	22
608	190	21	23
612	191	20	23
610	193	22	23
614	194	19	23
612	196	23	23
616	201	20	21
614	199	21	24
617	205	21	24
615	211	24	25
621	222	21	22
626	229	22	25
630	242	20	23
627	241	23	25
633	251	22	24
636	258	20	26
639	268	19	24
637	274	23	25
641	283	21	25
638	283	23	25
637	288	23	24
635	294	20	24
633	300	21	24
630	305	20	24
628	312	22	25
631	312	19	25
629	322	22	24
628	333	23	25
633	346	21	24
637	358	19	28
641	379	20	26
639	378	22	27
644	399	21	26
649	418	22	27
656	440	21	28
659	462	20	27
663	483	21	27
663	483	20	27
662	503	21	26
660	522	20	25
658	537	20	25
655	554	19	25
659	567	20	26
657	568	22	26
666	580	20	23
677	585	20	24
688	590	22	21
701	593	23	21
714	589	23	23
714	588	22	23
731	581	19	23
741	572	21	21
751	565	21	23
762	552	19	24
772	539	20	24
770	539	22	25
781	530	20	22
788	522	22	21
793	514	20	23
793	501	21	25
791	479	20	26
790	480	21	27
792	459	19	27
789	445	20	24
783	437	23	23
774	436	22	25
766	442	23	23
770	441	20	25
761	446	24	23
754	450	23	23
746	454	23	21
738	453	21	24
726	455	23	23
726	454	24	23
716	457	22	21
704	456	23	22
694	458	21	21
686	457	21	22
684	456	19	23
682	456	21	23
681	457	22	22
685	456	19	22
686	460	20	20
688	465	20	22
687	471	21	21
689	471	19	22
687	471	20	23
686	475	21	20
684	474	18	22
676	473	21	22
669	472	21	21
669	471	20	22
662	469	21	20
656	461	22	22
653	457	18	22
650	450	18	21
647	444	19	22
645	445	21	23
643	443	22	20
648	435	20	23
652	421	21	22
657	396	21	25
667	362	21	28
667	361	21	28
680	323	22	28
693	286	24	29
705	255	24	27
710	239	23	24
701	237	25	24
700	235	26	26
698	241	22	26
689	251	24	25
688	259	24	26
690	264	23	24
688	272	23	26
687	271	23	27
684	285	24	27
682	295	23	25
680	300	23	24
676	305	22	24
674	310	23	24
674	309	24	25
678	312	22	24
677	311	24	25
675	312	23	26
666	313	26	27
663	311	23	28
660	313	26	27
658	311	23	28
659	307	25	26
657	305	27	26
656	306	28	28
655	311	28	27
655	309	27	30
653	317	28	31
652	324	29	28
651	327	28	29
650	326	29	30
648	319	31	31
648	319	31	30
644	316	29	32
641	306	28	34
637	304	28	30
635	295	31	33
632	293	31	31
630	291	33	35
627	289	29	30
622	281	30	35
616	275	31	35
612	267	32	35
609	262	29	34
606	261	35	36
603	248	33	40
599	241	36	37
601	230	35	38
598	228	33	34
595	226	36	36
593	224	37	34
592	222	38	37
594	219	37	35
592	216	38	34
592	213	38	36
591	210	39	37
593	210	37	39
592	209	38	37
599	206	33	36
595	205	33	38
592	206	38	38
591	208	36	37
592	206	36	40
589	211	36	37
588	211	38	39
589	213	36	37
588	211	38	38
591	210	34	36
589	208	37	39
590	207	36	36
591	204	37	34
592	200	36	33
590	197	37	37
591	195	37	36
589	197	38	36
596	196	34	36
593	194	37	35
592	192	38	37
591	193	38	35
597	192	35	36
594	193	37	37
591	193	38	37
595	193	35	36
593	191	36	39
591	196	38	36
590	197	40	38
593	195	35	37
591	199	39	36
590	199	37	38
589	199	38	37
591	197	36	37
588	198	39	37
593	198	34	35
591	197	37	37
589	197	37	37
590	201	37	35
589	197	39	36
588	196	37	36
590	197	36	35
589	195	38	36
596	196	32	35
593	195	36	36
591	193	37	37
590	192	37	36
591	194	38	35
589	193	39	36
593	194	35	35
591	192	39	39
590	195	37	33
590	193	39	37
589	193	39	35
589	193	38	36
592	192	37	36
590	191	37	35
594	192	35	34
591	190	36	38
591	193	37	35
590	191	37	36
591	192	37	36
589	191	38	37
593	193	34	34
591	191	36	36
589	191	37	37
590	192	37	35
589	190	37	37
591	193	37	35
589	191	37	36
590	192	36	36
589	192	38	37
593	194	34	35
590	192	36	37
588	195	39	35
591	193	37	36
589	194	38	37
591	193	36	36
591	199	37	34
590	195	38	34
591	194	37	36
595	193	34	36
592	194	37	37
591	193	38	37
591	196	38	34
590	194	37	36
588	194	39	38
595	193	34	37
592	193	37	36
593	195	37	36
591	193	38	37
592	193	36	36
595	193	35	36
593	191	35	37
593	192	36	36
592	192	36	36
592	193	37	35
592	192	38	37
593	190	36	36
591	191	38	38
596	191	32	37
593	191	36	38
591	190	37	35
595	192	36	36
592	190	36	37
590	192	37	37
593	190	36	37
591	189	36	38
590	191	37	37
592	191	36	36
590	190	37	38
594	190	34	37
591	189	37	37
591	190	36	35
591	188	37	37
594	190	36	36
592	188	37	37
593	189	36	36
591	189	39	38
592	188	36	35
590	189	38	36
595	188	35	37
592	187	36	40
591	190	36	37
590	188	38	38
591	188	36	37
595	190	35	38
591	189	37	38
589	191	37	37
593	191	34	37
590	189	36	39
589	192	37	39
589	191	37	37
587	192	39	38
589	193	35	36
588	191	38	39
589	193	36	36
587	192	38	39
588	192	36	36
587	193	39	38
587	192	37	37
588	192	36	38
588	192	37	37
586	193	38	37
586	192	37	39
588	191	35	38
585	193	38	39
586	193	37	37
586	191	37	38
585	192	38	38
588	193	36	37
585	191	36	37
586	192	37	38
584	192	37	37
587	191	34	39
584	191	37	39
584	190	36	38
583	190	38	39
589	190	33	37
585	188	33	38
582	187	39	38
587	189	34	37
584	187	33	37
584	186	37	39
582	195	40	35
582	176	29	35
588	159	27	28
586	159	28	29
584	161	24	27
571	152	26	25
562	150	25	25
560	156	22	24
558	161	23	21
556	159	24	24
553	163	22	22
549	164	23	23
540	162	24	24
537	164	23	24
528	163	23	25
526	163	25	24
525	168	23	22
517	167	25	24
514	166	22	24
506	167	26	24
504	167	22	23
502	166	24	24
498	165	23	24
492	166	24	23
490	165	22	24
487	166	22	24
479	164	25	24
479	164	25	24
477	162	21	25
474	162	21	25
470	163	23	24
467	161	21	25
464	161	21	24
462	161	25	25
459	159	22	25
456	160	22	24
452	160	22	24
449	159	21	24
446	159	22	24
444	158	23	25
441	160	22	24
439	162	23	23
437	161	21	24
434	161	20	25
430	166	22	22
429	164	24	24
427	167	22	23
424	173	21	24
421	178	22	23
419	185	21	25
416	196	22	23
415	195	24	24
413	208	22	25
411	223	20	26
407	250	20	27
398	279	20	27
384	309	22	27
384	308	21	28
373	341	21	26
363	368	20	26
353	388	20	22
351	399	19	21
350	398	20	21
351	397	20	22
355	392	19	21
364	385	17	19
366	372	17	20
371	363	20	20
371	354	20	20
374	353	18	21
377	353	18	20
381	349	19	20
386	344	19	20
391	342	19	19
395	338	18	19
394	337	18	19
395	338	18	19
393	343	18	19
392	348	18	20
390	358	17	20
388	368	16	20
386	369	18	20
384	379	16	19
383	389	16	18
386	397	17	17
390	396	17	18
389	389	17	17
387	388	18	19
387	391	18	18
384	401	16	19
383	405	16	17
381	399	15	17
376	388	17	19
375	387	17	20
370	376	18	19
363	365	18	20
353	362	19	17
341	361	19	20
334	354	19	18
333	352	21	20
320	350	21	18
307	348	19	19
288	347	22	20
266	351	23	21
251	351	21	21
249	350	23	22
236	354	22	21
228	358	21	19
226	357	20	21
225	353	21	21
236	351	23	23
238	351	22	22
256	362	23	21
274	368	22	23
295	379	24	21
319	387	23	21
347	395	25	21
347	395	27	21
382	407	24	20
417	417	17	20
458	424	10	14
448	418	26	23
458	376	49	14
478	326	49	63
535	413	39	40
586	450	32	15
632	452	11	17
625	449	24	20
614	431	48	43
711	455	12	28
692	446	57	34
784	467	19	14
809	460	16	14
833	459	13	15
857	461	10	15
857	460	19	14
879	458	18	16
900	457	20	16
922	457	19	15
943	456	19	16
962	459	18	17
961	457	19	17
981	464	20	17
1002	468	21	17
1024	469	20	17
1046	460	18	18
1064	444	19	19
1064	444	20	19
1080	436	16	19
1083	441	15	17
1067	441	21	17
1038	433	22	19
1004	431	23	17
1002	430	25	17
969	431	22	16
939	434	17	16
910	436	14	14
886	438	13	16
861	441	17	15
859	441	20	16
848	444	16	16
838	445	17	16
837	444	16	17
841	445	18	17
854	444	19	17
853	445	20	17
874	439	21	17
898	436	21	18
920	428	21	19
936	414	17	20
946	409	20	18
945	407	21	19
956	409	19	19
962	416	20	20
967	426	19	21
971	436	18	20
977	446	20	20
978	445	19	21
987	453	19	21
997	456	19	20
1007	453	19	20
1011	448	19	22
1009	442	18	23
1009	442	19	22
1001	435	18	21
980	417	24	22
953	399	24	22
938	390	21	19
927	387	21	19
926	385	21	20
920	384	21	21
912	386	19	20
899	395	19	20
887	410	19	22
879	426	20	21
879	424	20	22
875	438	19	23
868	455	21	21
861	460	20	22
854	464	20	19
853	464	18	20
852	464	20	20
851	469	21	21
851	479	22	21
839	467	23	24
817	452	27	23
804	447	23	20
804	445	24	22
791	451	24	24
777	467	23	25
768	487	23	23
766	499	21	24
759	507	26	25
759	508	26	25
765	520	25	25
772	532	22	22
777	537	25	23
782	534	22	22
786	526	22	25
784	528	24	25
784	512	26	25
779	489	23	28
778	469	24	27
784	448	24	27
791	431	26	26
791	430	25	26
796	421	23	28
793	428	24	26
791	435	26	27
797	445	25	26
803	457	26	27
802	456	27	29
811	467	26	28
817	479	26	27
815	492	27	30
800	508	30	29
784	522	29	29
784	522	28	29
776	536	28	28
776	548	28	28
782	557	27	29
794	565	26	28
801	569	30	26
802	567	30	29
817	573	29	26
834	578	31	28
858	585	31	31
883	599	32	28
908	605	29	26
907	603	31	29
927	605	29	28
940	602	26	27
944	593	25	28
938	576	26	29
923	559	29	29
922	558	30	30
903	542	29	29
876	522	33	30
849	501	33	30
830	484	29	27
812	473	28	26
812	473	29	27
801	469	25	23
789	462	26	26
779	460	25	24
770	458	25	26
761	457	25	25
761	457	25	26
759	457	23	26
757	464	24	25
762	465	24	25
764	463	26	25
763	459	25	25
763	459	25	25
757	457	25	25
747	457	24	26
736	459	27	26
729	467	24	25
726	476	22	26
724	476	23	26
722	484	21	23
713	486	25	23
705	486	24	24
697	487	24	23
690	486	25	24
689	485	25	23
686	484	21	24
684	483	22	22
684	471	24	24
689	471	20	23
686	476	20	22
685	476	23	23
684	480	23	21
683	484	21	20
682	482	19	22
679	481	19	22
677	481	20	22
675	482	21	21
675	483	21	21
674	481	20	22
673	478	21	21
672	476	20	19
669	472	20	21
668	471	21	21
666	470	20	21
664	471	19	21
662	471	20	21
660	472	21	21
658	466	20	23
656	467	21	22
654	459	19	22
648	447	22	21
641	434	22	23
639	419	20	25
636	395	21	27
637	396	21	26
638	371	23	27
644	352	24	24
654	337	23	25
659	325	24	24
661	315	24	25
660	314	26	26
664	305	24	26
662	303	25	24
661	302	27	27
659	302	26	27
658	307	29	27
659	305	28	29
664	309	26	26
662	307	26	28
659	306	25	29
650	304	30	29
648	303	28	31
647	304	30	31
644	302	28	33
633	300	32	30
632	294	30	31
629	289	29	30
626	279	29	34
623	279	33	33
621	274	31	32
619	262	33	35
617	257	33	33
614	250	33	34
612	243	34	33
610	242	37	35
610	239	36	34
610	233	35	34
609	229	37	35
608	226	36	33
606	222	36	38
608	222	33	37
606	220	37	34
604	216	34	34
602	214	34	36
598	212	34	37
602	211	35	36
600	210	36	38
597	208	37	38
597	211	37	36
595	213	37	35
594	214	38	37
594	214	36	38
595	213	36	39
594	216	36	36
591	217	37	37
592	219	37	36
590	217	36	37
589	216	36	38
588	218	38	36
588	215	39	36
587	217	38	37
590	213	36	37
587	211	37	35
585	208	40	37
589	209	36	36
586	206	38	36
584	203	38	38
588	204	35	37
586	203	37	38
585	206	37	36
585	206	38	36
584	205	38	38
584	207	36	37
583	209	36	37
584	210	36	36
583	212	37	36
583	212	36	37
587	213	35	36
585	213	37	36
583	211	38	36
589	213	34	36
585	210	37	37
586	211	37	37
586	210	37	37
585	209	38	37
591	208	34	38
587	206	37	37
585	208	39	36
587	207	37	38
585	209	38	37
588	208	36	36
586	207	38	37
587	207	39	36
587	207	37	36
588	206	37	36
587	204	38	38
591	203	34	38
588	202	38	38
589	203	38	35
591	202	36	36
590	202	39	35
592	199	37	36
591	200	38	37
591	200	38	36
591	197	37	37
590	198	37	35
589	198	38	36
589	198	37	36
590	196	37	37
590	198	38	35
591	197	37	36
591	195	37	36
590	195	37	36
590	193	38	37
590	195	36	36
590	194	37	37
588	195	37	36
588	193	38	36
589	193	37	37
590	193	36	37
590	194	37	35
588	194	38	36
589	193	36	36
587	195	39	37
590	195	35	37
588	193	37	37
586	194	38	38
588	194	37	37
586	195	38	36
584	196	39	36
588	196	36	36
586	196	39	37
586	197	36	36
586	196	38	36
587	198	36	36
586	196	38	37
586	197	36	36
587	198	37	37
586	195	38	37
588	197	36	37
587	197	37	37
588	198	37	36
588	198	37	36
587	196	36	37
586	197	35	36
586	196	37	37
587	197	36	36
587	194	36	37
587	196	37	36
588	197	37	36
586	197	36	37
586	195	37	37
587	197	37	36
586	196	36	36
586	196	38	36
586	196	37	37
587	196	35	36
586	197	38	36
586	196	36	36
586	196	36	36
585	196	38	36
585	196	36	36
585	195	38	36
585	196	37	36
585	196	37	36
585	196	37	36
585	196	37	35
583	195	38	37
584	194	38	37
583	197	38	36
583	192	35	35
586	180	34	35
584	182	35	33
582	173	32	30
585	166	27	29
583	161	27	27
583	158	26	25
585	157	25	24
584	157	25	23
585	153	23	25
586	150	21	23
586	152	21	19
587	148	21	21
586	144	20	23
587	145	19	22
587	141	19	22
586	141	19	20
587	142	20	19
587	142	18	18
589	142	20	20
590	143	17	18
591	140	18	19
592	141	16	17
592	140	17	17
593	139	16	17
591	137	18	18
592	138	17	17
593	138	15	18
593	138	17	18
594	137	16	17
594	138	17	17
594	137	16	16
594	137	16	16
595	137	18	16
594	136	17	16
594	136	16	15
594	134	17	17
596	136	17	15
596	136	16	15
595	134	17	16
596	133	16	16
597	133	16	15
596	132	16	15
597	132	16	15
596	133	17	15
595	132	16	15
596	134	17	16
596	134	16	15
596	135	16	15
597	136	16	15
596	135	16	15
597	137	16	16
596	138	16	15
596	138	16	16
597	138	15	16
597	139	16	17
596	140	17	16
599	142	16	16
599	145	15	17
599	152	16	16
598	155	16	17
600	159	15	16
599	159	16	16
606	162	15	16
607	162	15	16
610	150	17	17
609	142	16	17
609	139	16	16
611	140	15	16
608	140	14	16
605	141	15	15
606	142	15	14
609	143	15	15
610	151	15	16
610	151	15	16
605	157	15	16
603	165	16	17
598	174	15	17
595	196	16	18
588	217	18	19
589	217	18	18
575	239	19	18
562	265	16	17
548	275	18	20
529	297	20	23
511	327	18	22
509	328	20	25
485	362	21	21
466	382	17	18
448	401	18	22
438	424	18	23
428	449	17	21
427	449	18	20
416	465	20	20
401	475	19	18
385	481	21	18
369	490	21	20
359	498	18	17
359	498	19	18
360	502	19	18
368	510	18	18
380	517	20	18
390	515	18	18
390	519	19	18
391	519	19	17
393	517	19	18
398	509	20	20
402	501	19	19
405	494	19	19
409	487	18	20
408	487	19	20
412	481	19	19
417	476	21	20
423	474	21	20
428	473	20	20
426	471	20	20
425	470	21	20
421	467	22	21
416	462	21	20
415	466	22	21
426	454	24	22
439	445	26	21
441	446	25	20
459	456	24	22
477	469	23	24
495	482	25	23
519	488	29	23
547	493	26	21
546	494	29	21
567	495	26	20
583	491	26	21
596	488	22	23
600	482	23	22
605	474	22	22
604	473	25	23
609	469	21	22
609	461	23	23
613	451	22	23
613	436	23	23
619	423	23	23
618	424	24	23
630	412	22	22
641	398	23	24
654	379	25	25
667	362	24	24
681	350	24	24
681	350	24	24
692	342	21	24
697	338	23	23
701	335	23	23
699	327	22	25
689	332	24	25
688	330	24	25
679	350	24	27
674	367	23	25
666	371	27	25
657	376	27	24
648	381	26	26
647	381	27	27
639	385	27	25
638	382	24	27
635	383	24	27
632	384	25	27
630	388	25	25
628	385	26	28
627	391	27	27
625	396	28	28
623	403	26	30
612	417	29	28
608	423	27	30
605	422	29	31
601	420	26	27
595	417	27	28
586	421	30	27
585	419	27	30
586	407	28	28
584	406	29	32
592	395	29	29
606	395	28	30
621	398	30	29
636	397	30	30
650	403	27	27
648	401	29	30
654	399	26	32
650	403	25	28
640	402	30	29
630	399	29	30
619	397	27	31
616	396	29	32
606	395	29	32
595	393	29	27
586	384	27	29
575	386	26	29
564	393	28	31
565	393	28	32
555	403	29	31
556	409	26	27
556	406	27	28
561	401	24	28
559	393	25	29
558	393	25	29
563	385	24	31
575	377	23	30
587	361	24	32
591	351	25	28
597	341	26	28
597	340	26	29
610	339	26	30
624	344	27	27
639	343	25	29
651	350	25	26
659	352	27	27
658	351	27	29
662	350	24	29
652	348	28	29
647	346	26	30
650	346	25	30
648	344	29	28
650	343	26	30
647	344	28	30
648	349	28	29
649	356	28	31
654	363	25	33
652	371	29	31
654	370	27	33
659	373	25	30
656	369	29	29
654	363	28	30
654	362	28	31
653	361	28	31
654	360	28	31
651	354	30	32
649	345	28	32
641	337	28	31
632	335	31	30
622	338	31	31
624	337	28	32
621	341	26	29
618	346	26	30
616	350	27	28
614	352	29	28
616	355	27	27
616	353	26	29
615	359	28	26
614	359	27	28
612	365	25	27
610	364	25	28
607	371	26	25
606	369	26	27
606	370	26	26
612	370	24	28
616	369	23	27
617	368	25	26
619	367	26	27
617	366	26	28
616	369	27	26
620	373	25	26
619	372	27	28
617	371	26	29
616	371	27	28
616	370	27	29
616	368	28	28
622	366	25	29
626	365	27	28
632	362	28	31
637	357	26	29
634	356	29	31
632	354	30	30
630	347	31	32
630	336	29	33
628	325	30	33
625	313	32	33
626	313	32	34
624	303	31	34
623	292	31	34
615	281	37	35
623	272	31	36
620	264	33	35
618	265	34	36
624	258	31	35
621	255	35	32
620	251	35	34
620	246	36	36
625	242	33	36
623	240	36	38
619	238	35	38
616	236	36	38
616	236	37	39
615	234	37	38
614	231	36	39
612	230	38	39
615	223	36	38
612	218	36	38
612	218	35	35
610	215	37	36
610	213	38	36
610	213	36	36
609	213	35	37
608	212	37	38
607	210	36	38
605	211	37	37
604	211	36	37
603	210	37	37
604	211	37	37
604	211	36	37
602	210	36	37
602	207	37	38
601	206	36	38
601	206	36	38
600	204	38	38
600	204	36	37
601	199	37	39
601	199	36	37
600	195	38	38
602	197	37	36
601	194	37	37
600	195	37	35
600	191	37	36
599	193	37	36
600	188	37	37
600	190	35	35
599	187	37	36
600	189	36	35
600	190	36	35
600	191	35	35
598	192	37	36
599	192	37	35
598	193	35	35
598	194	37	37
597	194	38	37
598	195	36	35
597	193	37	37
596	193	38	36
597	194	35	36
596	190	37	37
596	192	36	36
596	188	36	36
595	188	38	36
595	187	36	35
596	186	37	36
595	186	35	35
594	186	37	36
594	182	37	39
593	184	37	36
594	184	39	36
593	185	37	35
592	185	37	36
592	183	39	38
591	184	38	36
591	183	39	36
592	184	37	37
592	183	37	36
592	183	37	36
593	182	38	36
591	182	37	36
591	183	39	36
591	184	37	36
591	184	38	36
592	185	36	35
591	183	38	37
591	186	38	36
592	186	38	37
592	186	38	36
591	186	37	37
592	185	38	37
591	188	37	38
592	188	38	37
589	189	37	37
589	189	37	38
590	191	35	38
589	188	38	40
589	192	37	37
590	192	36	37
589	193	35	37
589	190	37	40
589	193	36	37
589	193	37	38
589	195	36	39
589	193	36	38
588	194	35	38
588	194	38	38
586	195	37	37
586	192	38	38
586	194	35	37
586	193	36	38
586	194	36	38
586	193	38	39
586	195	36	37
585	193	37	38
586	193	35	38
585	194	36	38
585	193	37	38
584	194	36	37
584	192	38	39
585	191	34	38
585	192	38	38
586	189	35	39
585	191	35	38
584	190	37	38
584	192	38	37
584	192	36	38
584	195	37	36
583	184	35	34
585	171	33	31
585	172	33	32
583	162	32	34
582	155	28	30
582	151	28	32
580	155	26	27
578	155	28	29
578	155	28	27
578	156	28	28
578	158	29	29
576	156	29	31
573	159	31	30
572	157	31	31
577	157	27	31
574	159	30	30
571	159	31	32
569	159	32	33
567	159	33	32
565	160	33	33
569	160	31	33
567	163	32	32
565	164	33	32
564	168	33	30
563	166	34	34
562	171	34	31
561	168	36	35
561	169	35	35
560	173	34	32
558	173	35	34
556	172	31	36
553	175	36	34
557	174	33	36
554	172	32	37
551	178	36	34
549	176	37	37
557	176	32	37
553	175	36	38
556	175	35	37
553	173	36	39
558	172	33	38
554	171	34	37
551	169	37	39
558	173	32	36
554	171	34	39
551	177	37	36
553	185	37	40
550	194	35	39
546	203	36	41
543	213	37	40
548	213	34	40
543	223	33	44
538	245	36	42
529	262	37	42
517	283	41	45
513	306	36	42
511	305	38	43
507	315	35	44
502	326	34	41
498	332	32	39
494	351	33	41
490	364	36	41
495	364	32	42
490	385	32	42
485	406	32	43
480	429	32	45
478	458	37	43
486	480	34	46
486	481	34	45
493	506	35	45
499	540	35	46
505	570	32	41
511	591	37	42
525	607	37	40
522	605	39	41
537	616	36	43
544	626	35	43
550	641	34	41
556	652	34	43
562	662	39	42
561	662	40	43
570	671	41	38
581	680	40	38
597	693	37	26
610	707	37	12
628	710	25	10
628	710	26	10
630	705	20	14
633	703	12	10
630	700	11	10
626	697	13	10
624	695	12	10
622	693	10	10
619	691	10	10
620	693	10	10
619	693	10	10
618	694	10	10
616	693	15	10
614	691	15	12
611	687	17	15
608	685	21	18
603	681	25	20
602	678	30	25
595	671	24	15
597	671	16	11
598	672	10	10
596	672	13	11
597	673	14	11
592	669	27	23
590	667	22	19
588	666	26	20
582	664	27	18
582	660	24	21
578	656	21	18
579	656	15	11
581	658	10	10
579	657	10	10
579	658	10	10
580	660	10	10
578	659	10	10
576	658	10	10
576	658	10	10
576	659	10	10
575	658	10	10
572	657	10	10
571	655	10	10
568	653	16	16
568	656	15	10
569	657	11	10
567	655	11	10
566	654	10	10
563	651	13	12
560	649	16	12
557	647	13	10
557	646	17	16
552	643	21	17
549	639	30	28
501	697	14	11
480	680	28	34
428	632	28	85
340	626	52	68
316	561	161	22
433	514	76	60
402	553	112	16
455	501	71	47
391	443	140	90
399	456	257	115
262	146	142	121
83	113	122	138
88	89	272	151
56	73	195	194
64	53	214	234
8	69	225	257
0	47	335	364
1	37	416	379
25	42	437	453
63	78	609	600
265	279	365	359
38	43	514	563
223	269	451	391
181	233	472	411
227	274	389	354
208	283	431	365
308	316	347	329
270	230	387	412
297	316	334	298
416	388	260	297
297	343	344	297
344	312	347	299
487	397	178	146
229	416	138	169
227	426	131	157
214	418	138	154
210	412	139	147
209	407	128	145
204	396	129	146
208	405	128	142
200	397	125	139
195	391	128	153
191	392	119	140
187	391	117	131
190	397	106	116
191	401	102	111
189	403	92	102
187	407	86	92
169	392	96	97
152	350	107	133
124	304	131	163
91	85	162	400
110	63	535	430
274	253	411	283
230	185	412	316
130	87	561	393
209	240	468	308
301	227	383	255
149	85	512	392
221	220	454	296
306	211	374	254
417	217	247	235
38	0	581	414
275	212	404	276
229	155	420	317
105	107	559	372
180	201	503	326
249	208	417	270
346	206	341	254
200	113	443	328
285	231	370	231
144	76	530	380
271	230	416	292
296	222	346	233
213	140	454	311
312	228	337	246
262	184	405	268
365	210	325	236
299	116	352	295
370	229	299	216
220	23	411	340
360	232	296	235
329	146	327	264
313	203	339	242
399	212	275	210
477	189	181	180
358	99	296	259
454	170	214	223
209	26	444	361
350	245	321	217
166	33	473	366
297	228	369	220
148	16	488	405
247	229	411	230
118	18	463	361
472	225	170	166
492	191	144	172
303	58	324	265
182	125	485	332
252	223	373	252
111	48	543	412
236	201	451	333
234	199	396	241
137	59	512	374
233	228	410	227
109	56	546	400
220	214	413	293
197	144	474	309
232	195	394	285
195	144	467	313
265	219	376	258
281	205	382	236
191	112	477	317
336	218	349	247
228	153	410	299
384	187	286	250
134	104	501	297
212	194	445	247
195	174	471	270
207	166	456	292
374	237	294	205
451	158	186	231
112	26	490	326
434	210	209	187
527	198	147	138
331	274	270	97
495	180	158	159
516	177	122	158
539	191	99	164
577	162	65	193
548	197	77	172
597	189	36	79
599	178	35	39
602	177	37	39
600	176	38	39
600	177	37	39
600	176	37	39
600	178	37	38
598	177	37	39
600	178	37	39
600	177	36	38
599	178	38	41
601	177	36	39
598	177	38	40
597	178	38	38
600	178	36	39
598	178	38	40
597	179	38	39
602	180	34	40
599	179	37	40
599	178	36	41
599	181	36	40
596	181	36	40
599	181	35	42
595	183	38	40
593	183	37	41
598	183	34	42
594	184	35	41
594	184	37	42
596	183	36	41
594	185	37	40
598	185	33	41
595	185	36	40
596	184	36	41
593	183	37	43
597	184	34	41
593	184	37	42
597	185	35	42
592	184	37	42
598	184	35	41
594	184	35	40
595	185	36	41
592	183	37	42
598	187	33	40
594	186	35	39
595	185	36	41
592	184	37	42
596	184	34	41
592	184	37	41
594	186	34	40
590	185	39	40
596	184	34	42
592	184	35	40
591	183	38	42
595	185	34	41
591	184	36	40
590	182	36	42
592	183	35	41
589	184	38	41
594	184	33	42
596	187	35	40
589	177	32	41
593	164	30	32
595	155	26	28
592	146	24	28
592	150	23	25
596	137	24	28
588	138	23	25
582	139	25	24
576	140	24	26
574	143	24	27
574	142	23	28
571	144	25	25
562	147	27	27
559	150	21	24
551	152	24	25
549	151	22	26
547	151	23	25
544	150	21	25
539	152	21	25
536	151	20	24
529	151	22	24
526	150	21	24
524	149	22	24
521	148	21	25
518	148	20	24
515	148	20	25
508	148	22	23
506	147	20	25
504	148	22	24
501	147	20	24
498	147	20	24
496	146	20	24
493	145	20	23
490	145	19	22
488	144	22	23
486	143	20	23
482	143	19	23
475	147	21	23
472	153	18	24
464	170	20	24
463	169	21	25
453	192	20	26
436	222	20	25
434	252	19	24
431	282	18	23
423	307	18	24
423	307	20	26
417	331	20	27
414	357	20	25
414	381	20	24
422	399	20	25
434	411	22	23
435	410	20	23
446	413	21	22
457	405	19	22
468	391	21	22
479	387	22	24
497	399	20	23
496	398	21	24
507	410	20	24
518	423	20	26
529	442	21	25
546	463	22	27
559	489	22	27
560	488	21	27
571	516	21	27
581	537	21	27
592	559	21	27
598	582	21	29
602	607	22	30
604	608	20	29
608	630	22	31
619	653	23	30
633	675	25	30
653	692	23	26
667	707	24	11
668	707	24	12
681	709	25	10
694	708	25	10
706	709	27	10
722	710	27	10
737	709	26	10
737	708	27	10
751	703	26	15
763	698	26	19
771	701	28	18
778	704	29	13
784	706	28	13
783	707	28	11
790	710	25	10
798	710	22	10
806	710	26	10
817	710	22	10
827	710	27	10
826	710	25	10
841	708	25	11
855	698	29	21
862	687	32	30
870	675	33	34
877	655	32	38
874	655	35	39
882	632	32	40
888	604	32	40
894	573	33	41
902	549	37	38
921	524	34	41
917	524	37	42
936	500	37	43
955	486	35	35
963	462	36	39
960	438	37	39
947	413	40	42
953	412	35	43
934	396	35	39
909	383	38	36
881	378	38	35
856	374	38	33
835	368	36	33
833	365	38	38
819	362	34	34
817	359	33	36
823	367	29	33
829	366	32	34
834	362	30	31
831	360	33	34
839	353	32	32
837	337	34	33
835	335	32	35
843	352	34	32
852	356	34	29
856	353	30	32
860	352	28	30
858	358	27	28
847	365	29	31
836	379	29	29
833	389	26	29
831	388	28	30
829	397	30	29
835	404	26	30
833	412	30	30
833	420	30	28
839	427	27	30
837	427	31	30
845	442	29	29
839	443	31	27
818	438	33	27
796	435	31	28
785	440	28	28
783	438	30	28
774	447	29	28
765	455	29	27
755	453	28	28
737	444	29	27
719	434	30	27
718	432	29	28
700	423	32	27
682	415	30	25
666	404	29	26
651	393	28	27
639	380	26	25
638	379	26	27
630	371	25	24
627	370	23	24
625	371	22	23
622	371	23	25
619	373	22	22
618	372	24	24
614	377	23	22
613	380	23	23
610	379	22	23
609	380	24	23
609	379	24	23
609	379	24	23
609	379	25	23
609	380	25	23
609	382	25	22
609	383	25	22
608	381	24	24
607	381	25	24
607	385	27	24
613	383	23	26
612	377	27	25
618	368	27	28
626	359	29	27
626	359	29	27
627	354	29	27
625	348	27	28
622	347	28	29
620	346	32	30
620	342	33	30
620	341	33	31
621	337	33	30
621	333	34	30
620	329	32	29
618	319	32	34
613	311	31	34
610	310	36	36
608	304	33	33
606	300	34	33
604	289	35	38
600	281	36	37
600	273	37	37
600	273	36	35
598	263	37	37
596	258	37	38
596	248	37	39
594	242	35	38
592	238	38	36
592	238	37	37
591	232	37	36
590	230	39	36
586	227	35	35
583	224	36	37
580	218	35	37
577	218	40	38
576	216	38	36
577	215	39	36
578	212	39	38
578	213	38	38
577	212	38	37
577	212	38	37
580	213	38	37
579	211	40	37
581	212	38	37
578	207	40	39
579	210	38	37
578	209	39	37
578	208	39	37
577	206	38	37
580	203	38	37
580	201	40	37
581	197	40	39
579	198	40	38
580	194	40	38
583	195	38	38
582	193	39	37
582	194	38	37
582	193	38	37
580	192	40	38
581	193	38	38
581	194	39	37
582	196	38	36
579	194	39	38
579	195	40	37
581	195	39	37
581	196	38	37
580	195	39	37
580	194	39	38
580	193	39	39
580	193	38	38
579	194	39	38
578	193	40	38
579	189	40	39
579	191	39	39
579	187	39	40
579	187	40	39
580	189	39	39
579	187	39	39
580	189	38	37
580	188	39	38
580	188	39	38
579	187	41	39
580	188	39	39
579	185	39	40
579	186	39	38
579	186	38	39
579	184	39	39
579	187	39	38
579	186	39	38
579	188	38	37
577	186	40	38
577	187	40	38
578	186	40	37
578	188	39	38
578	186	40	39
578	187	40	38
578	188	39	37
578	188	39	37
578	190	38	36
579	190	37	36
577	187	39	39
579	189	39	37
579	191	38	37
578	189	38	38
577	192	38	37
576	191	38	37
577	192	37	36
577	193	39	37
578	194	38	35
576	194	38	39
576	194	40	37
577	194	39	36
576	194	40	37
575	194	39	38
576	194	39	37
576	194	38	37
575	193	39	37
576	195	38	38
575	193	38	38
575	194	38	36
575	195	40	37
575	195	38	37
574	193	39	37
574	194	39	36
575	194	39	37
574	191	37	39
574	194	41	37
574	193	38	38
574	193	40	38
574	189	39	40
573	191	38	37
573	190	40	37
573	190	40	36
573	191	37	38
577	189	37	37
575	171	36	40
574	169	33	38
567	145	29	31
577	147	26	27
588	153	28	26
605	144	29	26
624	146	28	24
625	146	28	24
638	146	26	25
650	147	26	24
663	146	27	25
675	143	23	24
682	142	27	24
680	142	27	23
691	141	24	23
682	140	25	25
680	143	23	23
672	144	25	25
667	145	25	24
666	144	25	25
661	146	25	25
656	148	25	25
650	148	26	25
644	148	26	26
641	149	26	26
640	150	26	27
632	151	28	27
629	151	26	27
619	153	29	27
612	155	30	28
602	156	33	28
603	157	31	28
595	161	32	27
593	163	27	29
583	167	31	28
582	172	30	27
575	171	32	31
574	173	33	30
573	172	31	32
570	175	31	30
569	180	33	31
567	186	34	30
573	198	30	33
571	197	34	35
577	211	30	33
580	227	31	33
578	238	32	34
577	256	35	36
574	274	32	35
573	273	36	35
561	291	35	35
548	309	33	37
535	329	34	36
532	347	32	37
529	366	31	35
530	365	33	35
529	383	33	36
533	407	31	35
533	432	34	33
539	449	30	33
540	464	33	31
540	462	34	32
548	476	34	33
557	484	36	34
576	499	38	32
598	502	40	32
621	502	39	33
621	503	40	32
642	498	35	35
649	487	38	35
657	474	36	38
663	460	35	34
663	444	39	35
663	443	38	36
669	430	35	37
675	421	35	36
681	410	36	37
688	401	37	37
693	397	38	34
692	396	39	34
700	393	36	34
704	389	34	34
708	386	35	35
711	384	34	36
710	385	37	35
711	385	36	35
709	387	36	34
708	385	31	35
700	386	33	33
695	389	30	32
692	390	29	32
689	390	33	32
687	394	29	30
678	396	32	31
676	403	28	29
666	408	32	30
664	414	28	28
662	412	30	30
660	418	30	27
658	416	29	31
656	415	29	30
653	413	28	31
650	412	29	32
649	414	31	30
647	412	32	30
647	414	31	29
653	420	27	30
658	426	30	29
665	431	29	30
663	429	32	30
668	433	28	28
670	439	31	30
676	445	28	32
675	453	32	31
675	460	31	31
675	459	30	31
675	469	31	31
673	477	31	31
672	485	30	31
671	492	31	29
669	493	30	30
669	493	30	28
667	493	27	30
657	498	30	29
648	504	31	29
640	506	31	27
632	506	30	28
632	507	30	27
625	509	29	27
622	508	26	27
613	506	29	27
611	505	25	27
607	508	25	26
605	507	27	27
605	506	27	27
605	503	28	26
603	501	26	27
601	501	25	27
598	499	26	27
598	498	28	27
599	493	28	27
600	483	27	28
600	475	28	28
598	467	27	28
594	458	26	28
592	458	28	28
590	448	27	28
589	438	29	30
587	426	27	28
587	410	29	30
585	397	29	30
585	398	30	30
585	387	31	31
583	375	33	31
584	363	33	32
585	350	33	32
587	334	33	33
587	335	32	34
586	318	34	34
591	306	31	31
590	292	35	34
589	280	35	34
593	268	34	36
592	269	34	34
591	258	36	37
596	249	34	36
600	240	36	36
599	231	36	35
605	221	35	37
602	222	37	38
609	215	34	37
606	208	37	37
606	205	39	38
607	202	38	36
605	198	36	38
603	196	40	39
603	198	38	37
603	196	40	38
601	195	40	39
601	198	39	38
604	197	37	37
603	198	40	37
602	200	39	36
603	199	39	37
604	201	39	36
602	199	40	39
603	199	39	38
602	200	40	37
602	198	40	39
603	195	38	37
601	195	40	37
602	193	39	37
602	190	40	37
602	191	40	39
600	187	40	38
600	190	40	37
599	186	41	40
601	186	39	39
600	185	40	38
599	185	41	39
600	185	39	38
601	186	39	38
599	187	39	37
598	184	41	39
598	185	40	38
598	184	40	38
598	187	41	38
597	184	41	40
598	186	39	38
599	185	40	39
599	186	38	38
597	185	41	40
599	186	39	38
598	185	40	39
596	186	40	39
596	188	41	38
596	188	40	38
596	187	40	39
596	189	39	37
596	189	40	38
596	188	41	38
596	190	39	38
596	190	39	37
595	189	41	38
596	191	40	38
596	189	39	37
596	190	39	37
595	190	42	39
596	189	39	36
596	189	39	38
595	188	40	38
596	189	40	37
595	188	40	37
595	189	40	37
596	188	39	37
594	189	39	38
595	189	40	37
596	189	39	38
595	189	39	38
593	189	39	38
593	189	41	36
594	188	39	39
593	187	40	38
592	188	39	39
592	187	40	37
593	187	39	38
591	188	38	38
591	188	40	38
591	188	41	39
589	185	37	38
590	183	38	35
589	174	34	34
589	164	33	32
589	164	33	32
591	159	30	29
593	154	28	27
593	139	28	33
594	136	26	31
594	140	26	27
592	135	27	30
594	142	25	24
592	139	27	27
593	140	25	24
592	138	24	26
591	139	24	24
590	141	25	23
590	138	24	25
589	136	23	24
588	136	24	24
588	137	24	23
587	136	22	23
586	136	24	23
586	136	22	23
585	134	23	23
584	134	23	23
584	133	22	22
583	132	22	22
582	132	22	23
581	132	22	22
581	131	22	22
580	131	22	21
580	132	22	20
580	132	20	21
579	132	21	21
578	130	21	21
577	130	21	20
576	129	22	21
578	128	21	20
576	125	21	20
576	125	21	20
576	121	20	21
