0.015133
0.200166
0.214991
0.206028
0.203290
0.212084
0.207108
0.190351
0.192049
0.194381
0.198263
0.184741
0.194467
0.183223
0.193143
0.179837
0.229571
0.184368
0.196548
0.217252
0.194654
0.204235
0.202054
0.195138
0.204184
0.205134
0.192118
0.214766
0.204322
0.178916
0.215163
0.225258
0.193578
0.207494
0.193051
0.204173
0.205979
0.184793
0.201238
0.195227
0.198709
0.200050
0.200501
0.194515
0.196963
0.207822
0.208459
0.210343
0.203424
0.203025
0.198306
0.191499
0.199935
0.183188
0.219232
0.213741
0.189509
0.214751
0.216138
0.195307
0.200182
0.205355
0.204161
0.200546
0.197831
0.222848
0.193133
0.207214
0.197676
0.196886
0.203895
0.199775
0.187255
0.196555
0.202713
0.207792
0.208571
0.221700
0.206496
0.181108
0.237832
0.209860
0.195000
0.225416
0.200086
0.209893
0.190746
0.177699
0.234273
0.219905
0.202986
0.196661
0.194959
0.179312
0.204324
0.181833
0.191955
0.206141
0.222927
0.236642
0.223208
0.224047
0.202403
0.187641
0.183649
0.214314
0.211791
0.210139
0.208263
0.191584
0.190891
0.211087
0.194447
0.194309
0.213607
0.204701
0.196206
0.202662
0.215683
0.189116
0.200582
0.218856
0.201608
0.194360
0.207683
0.211538
0.205120
0.203214
0.201659
0.194608
0.174379
0.214601
0.216438
0.201449
0.180017
0.204533
0.202913
0.206165
0.218295
0.201999
0.203244
0.189567
0.216554
0.197357
0.169684
0.197746
0.200303
0.217404
0.231143
0.233347
0.234277
0.207035
0.190109
0.180589
0.184687
0.205032
0.191643
0.195872
0.219971
0.215276
0.229049
0.189383
0.195924
0.195461
0.205693
0.196245
0.213138
0.192686
0.197106
0.208894
0.209443
0.222289
0.193937
0.194088
0.178621
0.189311
0.197307
0.178416
0.215484
0.222494
0.191242
0.194489
0.187725
0.198604
0.196989
0.224912
0.193279
0.197209
0.185660
0.180778
0.179754
0.197466
0.183309
0.190042
0.220070
0.210203
0.200177
0.172337
0.202490
0.225926
0.199892
0.201752
0.184803
0.208666
0.212343
0.202989
0.177653
0.194395
0.196624
0.173364
0.175408
0.189196
0.189347
0.194245
0.206002
0.211856
0.225080
0.223356
0.224052
0.250785
0.204264
0.200562
0.201196
0.210348
0.224551
0.198712
0.212594
0.204422
0.187654
0.191197
0.196670
0.197963
0.206977
0.179981
0.207992
0.195041
0.204127
0.221580
0.177609
0.194954
0.193245
0.184433
0.222902
0.208055
0.174066
0.197886
0.203415
0.194565
0.216070
0.189027
0.194139
0.214432
0.188661
0.199575
0.204706
0.218045
0.198324
0.229651
0.196567
0.205288
0.189761
0.188686
0.203440
0.207292
0.200593
0.214645
0.195366
0.218051
0.192861
0.208462
0.213119
0.212207
0.204164
0.212486
0.199356
0.183929
0.188208
0.201825
0.197120
0.185445
0.191904
0.184904
0.192072
0.181246
0.199090
0.225392
0.203131
0.209125
0.196254
0.191079
0.207102
0.179789
0.210138
0.195070
0.201270
0.209547
0.198461
0.218024
0.203578
0.183337
0.209705
0.203543
0.198348
0.257433
0.191574
0.191310
0.176513
0.218152
0.191703
0.191752
0.189573
0.208905
0.182841
0.201125
0.194393
0.192132
0.197317
0.206530
0.180055
0.214419
0.204076
0.209379
0.194348
0.224016
0.222852
0.180622
0.199600
0.189003
0.211280
0.184862
0.222414
0.184296
0.199957
0.192162
0.213778
0.192375
0.207675
0.199273
0.176672
0.189467
0.176969
0.200994
0.210954
0.192845
0.201489
0.194993
0.182794
0.186798
0.172976
0.195096
0.208992
0.193671
0.193031
0.204738
0.192342
0.190481
0.169488
0.211564
0.197814
0.196427
0.179005
0.199268
0.202268
0.196161
0.189640
0.194671
0.209416
0.212776
0.201098
0.198986
0.240366
0.175756
0.186303
0.204705
0.203614
0.197386
0.188575
0.187363
0.218875
0.211900
0.185612
0.203137
0.191630
0.205236
0.197337
0.191958
0.201346
0.216759
0.191311
0.183479
0.217109
0.200370
0.197456
0.224271
0.212898
0.197786
0.216695
0.198309
0.205216
0.194288
0.195525
0.208473
0.227539
0.208916
0.219161
0.212718
0.180453
0.202695
0.196191
0.189773
0.182658
0.223759
0.182302
0.203994
0.195623
0.187365
0.214352
0.214828
0.190774
0.176720
0.199410
0.200064
0.190657
0.188218
0.207312
0.194649
0.214780
0.215363
0.199188
0.200505
0.203281
0.201075
0.188012
0.200731
0.202921
0.201751
0.222219
0.208447
0.185655
0.206320
0.195233
0.210911
0.171703
0.196958
0.228817
0.212974
0.207227
0.229218
0.186282
0.219616
0.187604
0.205129
0.211676
0.196559
0.210485
0.214207
0.204283
0.185631
0.218878
0.209248
0.194486
0.178806
0.206681
0.187997
0.196983
0.193354
0.194426
0.193887
0.220183
0.220828
0.211557
0.198428
0.216108
0.179295
0.196826
0.204789
0.199021
0.213565
0.203841
0.225300
0.210258
0.225691
0.196559
0.175874
0.211284
0.187812
0.195541
0.213889
0.210740
0.210948
0.209391
0.208440
0.216325
0.186812
0.208926
0.179455
0.203638
0.189816
0.199114
0.209926
0.196433
0.208992
0.210631
0.188153
0.217682
0.218344
0.189092
0.211796
0.210146
0.190573
0.181351
0.180273
0.230187
0.187418
0.227692
0.187031
0.198930
0.192608
0.208280
0.205884
0.203085
0.213344
0.191505
0.212426
0.201024
0.201941
0.197915
0.191767
0.188160
0.198130
0.207366
0.181007
0.203926
0.195301
0.176385
0.204137
0.223926
0.195160
0.200902
0.207738
0.229097
0.206312
0.188469
0.206221
0.207120
0.210236
0.189302
0.178658
0.210882
0.193117
0.215427
0.176029
0.210505
0.189602
0.208214
0.189131
0.214237
0.232589
0.190223
0.182325
0.199512
0.188734
0.200862
0.200095
0.213289
0.204547
0.185215
0.186003
0.183711
0.191162
0.193061
0.201867
0.195518
0.190742
0.192010
0.198554
0.195636
0.219420
0.224852
0.193751
0.186739
0.201416
0.200464
0.206820
0.204496
0.218317
0.186994
0.198270
0.196986
0.210777
0.203309
0.239474
0.199565
0.214206
0.183921
0.187636
0.182150
0.180559
0.239267
0.201938
0.195047
0.184900
0.203069
0.188856
0.190042
0.185161
0.178668
0.201932
0.192644
0.185937
0.197593
0.223437
0.229376
0.212098
0.171460
0.190347
0.175549
0.200519
0.201818
0.196305
0.189002
0.190223
0.202578
0.208796
0.207910
0.194093
0.222798
0.186433
0.183873
0.189953
0.190940
0.182854
0.222121
0.218133
0.224440
0.183353
0.200153
0.190969
0.197724
0.198434
0.189429
0.181939
0.199483
0.196398
0.187149
0.199934
0.182567
0.192069
0.188413
0.198740
0.196002
0.203716
0.218555
0.186916
0.183036
0.194441
0.195876
0.186225
0.182998
0.196733
0.179454
0.192496
0.238732
0.210375
0.188321
0.195219
0.186422
0.198078
0.179925
0.190044
0.193469
0.207369
0.215289
0.208291
0.191803
0.197125
0.184797
0.220272
0.206057
0.192462
0.188088
0.196784
0.192794
0.186339
0.198667
0.187469
0.204050
0.206665
0.205357
0.190597
0.205740
0.220263
0.187892
0.205514
0.195924
0.204949
0.203988
0.188009
0.229198
0.186326
0.175387
0.206389
0.183868
0.202507
0.216073
0.193637
0.186498
0.208722
0.204583
0.200490
0.192721
0.179130
0.235564
0.177552
0.197475
0.200761
0.198281
0.209126
0.186587
0.186927
0.207617
0.228170
0.180513
0.196539
0.193306
0.191303
0.192795
0.209431
0.193047
0.216420
0.216916
0.201648
0.222790
0.216797
0.183650
0.200890
0.217743
0.200111
0.186320
0.198590
0.216075
0.191318
0.198678
0.215261
0.203142
0.187027
0.212078
0.207261
0.176532
0.192532
0.230817
0.191029
0.188285
0.189270
0.174492
0.222355
0.178948
0.187080
0.214035
0.233068
0.191994
0.222353
0.204366
0.211781
0.195435
0.197147
0.219807
0.211797
0.206810
0.194851
0.191927
0.191789
0.206987
0.206054
0.180608
0.182937
0.218116
0.187910
0.173285
0.188892
0.208694
0.201613
0.195080
0.201455
0.200110
0.206661
0.200302
0.208364
0.223179
0.199664
0.205547
0.186971
0.200422
0.213946
0.212741
0.198404
0.183789
0.195410
0.194632
0.210382
0.198076
0.188074
0.172795
0.223029
0.195935
0.200159
0.200267
0.211171
0.181932
0.178962
0.201049
0.211298
0.191651
0.215592
0.210040
0.192199
0.182607
0.200115
0.223787
0.215070
0.196158
0.198790
0.195520
0.199833
0.202325
0.202271
0.201658
0.174953
0.205237
0.199358
0.181267
0.215148
0.207900
0.182874
0.194067
0.196282
0.197860
0.236319
0.207917
0.199470
0.202346
0.220309
0.204974
0.203720
0.211605
0.213485
0.189511
0.184769
0.185144
0.205858
0.192340
0.193348
0.190097
0.185643
0.211057
0.194077
0.204081
0.195614
0.189296
0.196326
0.205816
0.205259
0.180324
0.221334
0.219663
0.208071
0.198736
0.193238
0.229987
0.196452
0.171872
0.211864
0.200944
0.179890
0.175777
0.211848
0.201634
0.189143
0.193932
0.222389
0.186700
0.212978
0.179353
0.196957
0.188781
0.203134
0.189541
0.201600
0.184539
0.233330
0.207807
0.215634
0.226820
0.200076
0.199935
0.200862
0.221871
0.223076
0.196945
0.211506
0.194207
0.203314
0.197045
0.216933
0.195861
0.197173
0.190725
0.232281
0.199705
0.186733
0.205363
0.205820
0.188236
0.193864
0.223226
0.189405
0.186248
0.198269
0.197232
0.212998
0.231971
0.171722
0.221348
0.217115
0.207127
0.198997
0.194628
0.208058
0.198450
0.222888
0.210418
0.193482
0.218586
0.184916
0.199038
0.179576
0.172421
0.190094
0.211428
0.197838
0.192353
0.200918
0.211077
0.196275
0.190989
0.191385
0.211738
0.196868
0.185864
0.208760
0.195744
0.211167
0.183867
0.171072
0.199301
0.187447
0.222888
0.189650
0.193051
0.183261
0.209457
0.214929
0.210623
0.204596
0.177103
0.195915
0.198918
0.185919
0.191091
0.182741
0.168628
0.172110
0.176883
0.171063
0.222369
0.218967
0.224320
0.205107
0.211304
0.208919
0.205110
0.185642
0.225996
0.200075
0.202125
0.202225
0.212510
0.191537
0.214634
0.186022
0.225053
0.203710
0.228796
0.222448
0.200580
0.199469
0.221573
0.196342
0.214690
0.200670
0.205252
0.199745
0.189973
0.209321
0.203086
0.193161
0.203806
0.208957
0.206434
0.204550
0.204299
0.205436
0.196168
0.205727
0.198688
0.199696
0.185102
0.178694
0.194123
0.215165
0.189100
0.213492
0.219452
0.179364
0.225455
0.203757
0.216574
0.218281
0.223289
0.200193
0.220192
0.197730
0.179848
0.213031
0.197458
0.188705
0.197525
0.216877
0.176261
0.192265
0.176920
0.206369
0.186105
0.221563
0.211106
0.200214
0.196072
0.217380
0.186402
0.203233
0.211948
0.198349
0.192165
0.207565
0.217794
0.185981
0.172345
0.179631
0.212540
0.191241
0.199427
0.195472
0.209999
0.213106
0.203677
0.194701
0.198219
0.172248
0.184652
0.172368
0.194823
0.195453
0.212189
0.207571
0.203728
0.215339
0.219323
0.197169
0.190385
0.197015
0.202025
0.207400
0.191400
0.188963
0.189785
0.183358
0.177826
0.188847
0.177324
0.210984
0.182105
0.220198
0.203415
0.217273
0.213938
0.206636
0.197415
0.188421
0.226679
0.197576
0.206344
0.213248
0.209010
0.184995
0.215070
0.184618
0.206483
0.204457
0.209536
0.175914
0.186390
0.199499
0.202479
0.214422
0.193029
0.208788
0.204444
0.218639
0.192914
0.202915
0.194734
0.207218
0.188244
0.171275
0.194277
0.220929
0.201245
0.214523
0.198809
0.201362
0.217414
0.194262
0.216915
0.199548
0.187206
0.211969
0.216033
0.204284
0.196231
0.212839
0.207048
0.187507
0.206365
0.214782
0.210145
0.177441
0.189499
0.194868
0.216564
0.195424
0.184061
0.206110
0.215631
0.217913
0.209097
0.225797
0.226450
0.213243
0.190916
0.199667
0.195567
0.203408
0.204907
0.174823
0.188195
0.207853
0.208016
0.203396
0.228613
0.199600
0.196877
0.203179
0.184095
0.202367
0.211512
0.186458
0.199433
0.206325
0.193194
0.214981
0.183105
0.175179
0.221941
0.211615
0.214728
0.182222
0.178718
0.186629
0.208914
0.170012
0.191974
0.218539
0.186924
0.184109
0.211344
0.222016
0.212518
0.214024
0.230936
0.174094
0.206532
0.202881
0.216938
0.225964
0.195463
0.242390
0.213990
0.194494
0.219294
0.203099
0.197687
0.207437
0.194936
0.242374
0.189686
0.171687
0.182041
0.173392
0.228279
0.205046
0.211312
0.208720
0.182643
0.195697
0.202916
0.201657
0.178310
0.194339
0.188162
0.197338
0.193603
0.181875
0.225879
0.196920
0.197590
0.183985
0.197454
0.206080
0.197467
0.182276
0.182493
0.200158
0.202425
0.189008
0.215378
0.197887
0.201037
0.190585
0.183056
0.237550
0.217935
0.194278
0.237276
0.191118
0.210797
0.197126
0.196138
0.202977
0.214347
0.187307
0.185133
0.180952
0.168396
0.190365
0.207790
0.221664
0.217066
0.186012
0.232140
0.238595
0.217916
0.194217
0.205560
0.180373
0.203612
0.198245
0.201883
0.213660
0.192097
0.188086
0.224400
0.204067
0.205033
0.193530
0.214650
0.207015
0.196942
0.207479
0.221275
0.206267
0.200462
0.198372
0.234601
0.201506
0.197011
0.201694
0.177908
0.198997
0.209428
0.181216
0.204386
0.172395
0.196731
0.194945
0.200504
0.188890
0.187047
0.202914
0.192883
0.199969
0.205291
0.183295
0.217508
0.198457
0.185778
0.199257
0.182647
0.206130
0.188868
0.211008
0.219174
0.191660
0.195131
0.197984
0.206680
0.220297
0.210590
0.191437
0.187147
0.188148
0.196009
0.196353
0.215569
0.184443
0.212290
0.215013
0.198640
0.193608
0.204141
0.184327
0.223607
0.208724
0.188955
0.172572
0.196827
0.213072
0.196052
0.227087
0.217392
0.219833
0.192642
0.196447
0.201669
0.219255
0.177726
0.199200
0.203397
0.179492
0.214986
0.195011
0.200928
0.193283
0.186805
0.184261
0.197802
0.198278
0.204307
0.178539
0.211366
0.201789
0.200815
0.203779
0.227972
0.219801
0.189665
0.197627
0.195535
0.235798
0.209966
0.212432
0.200574
0.185218
0.174394
0.195573
0.204814
0.180504
0.187816
0.176392
0.176559
0.175642
0.176697
0.194817
0.226960
0.206794
0.212094
0.199494
0.210784
0.180069
0.195956
0.197235
0.218130
0.190277
0.208117
0.214916
0.206106
0.230019
0.191822
0.206143
0.192822
0.214306
0.185290
0.192508
0.182073
0.178360
0.203310
0.213052
0.194251
0.211093
0.234748
0.186844
0.190098
0.178316
0.205593
0.199596
0.186075
0.228558
0.190934
0.193483
0.194146
0.189262
0.201413
0.173209
0.178928
0.184875
0.176927
0.178843
0.193712
0.215360
0.193509
0.217997
0.201866
0.213264
0.203820
0.226200
0.201104
0.212079
0.208943
0.204292
0.199013
0.205121
0.193748
0.214446
0.199570
0.227282
0.192511
0.192666
0.226973
0.208640
0.222086
0.192504
0.187464
0.222004
0.186313
0.205385
0.199201
0.190551
0.205220
0.211250
0.215581
0.219285
0.209024
0.193397
0.195789
0.206769
0.216839
0.207556
0.194048
0.179202
0.188619
0.180284
0.199365
0.211362
0.186354
0.178873
0.177842
0.204212
0.209711
0.216280
0.204567
0.206994
0.197352
0.200409
0.211890
0.206291
0.185982
0.225990
0.206541
0.212791
0.174570
0.196812
0.192030
0.185241
0.206258
0.192004
0.183630
0.212974
0.202482
0.200234
0.194220
0.236293
0.213856
0.202477
0.215608
0.198623
0.202895
0.217113
0.198456
0.209359
0.190225
0.210914
0.207583
0.204654
0.194967
0.195807
0.186875
0.215524
0.188431
0.196195
0.212240
0.193681
0.206409
0.218625
0.208906
0.188805
0.202382
0.189482
0.188207
0.225578
0.200442
0.204599
0.196429
0.212748
0.196485
0.197909
0.213089
0.199012
0.204791
0.205437
0.201027
0.175243
0.209464
0.202050
0.224842
0.215397
0.224134
0.190660
0.195710
0.202767
0.210262
0.198266
0.190112
0.205251
0.191624
0.178109
0.189063
0.183959
0.193032
0.193458
0.215610
0.197069
0.178754
0.198470
0.190812
0.210176
0.208749
0.219893
0.199589
0.210543
0.208270
0.209667
0.212604
0.213728
0.205142
0.182940
0.235636
0.193164
0.208277
0.187971
0.201172
0.196327
0.193383
0.203857
0.205219
0.195941
0.206226
0.213559
0.189189
0.190612
0.207307
0.213370
0.200803
0.211092
0.195312
0.191632
0.218886
0.192396
0.181663
0.202109
0.208110
0.232644
0.237584
0.195431
0.204500
0.212883
0.203616
0.203933
0.207316
0.195822
0.178446
0.174639
0.174777
0.174233
0.187321
0.177739
0.194376
0.220430
0.205668
0.203368
0.204697
0.206808
0.201277
0.217154
0.208102
0.203899
0.200615
0.202747
0.215819
0.206420
0.191510
0.199709
0.194940
0.204030
0.189447
0.198161
0.182637
0.188419
0.179646
0.190841
0.200239
0.215697
0.194439
0.256941
0.212363
0.186099
0.201708
0.199061
0.182613
0.188755
0.201648
0.194216
0.190733
0.210452
0.188164
0.205456
0.210021
0.190800
0.185250
0.196298
0.189826
0.187500
0.201194
0.204034
0.185629
0.180778
0.196735
0.191673
0.206066
0.200356
0.194465
0.185580
0.177597
0.188176
0.176948
0.232605
0.196396
0.216261
0.227597
0.198783
0.190488
0.212423
0.250258
0.206240
0.223776
0.211398
0.207936
0.227385
0.193969
0.185647
0.204160
0.208120
0.205135
0.192512
0.194490
0.236821
0.196074
0.175663
0.176024
0.196874
0.210718
0.215072
0.185032
0.194451
0.205489
0.209964
0.199948
0.225394
0.197815
0.215200
0.192757
0.206257
0.202065
0.249760
0.219438
0.211025
0.179486
0.177251
0.181428
0.183907
0.195486
0.193781
0.199789
0.182871
0.189708
0.189996
0.181098
0.207276
0.205531
0.191704
0.208926
0.208888
0.195259
0.180826
0.200407
0.196757
0.195791
0.209820
0.202316
0.187216
0.186884
0.213352
0.203733
0.236688
0.230097
0.210608
0.200220
0.171397
0.189239
0.183327
0.191731
0.215713
0.199870
0.182048
0.202562
0.184655
0.184518
0.235873
0.196500
0.213054
0.188554
0.228002
0.211511
0.224646
0.199960
0.197382
0.196988
0.206151
0.198104
0.191241
0.180351
0.195569
0.178375
0.222016
0.191540
0.215665
0.197752
0.206904
0.187992
0.183914
0.191533
0.189519
0.184682
0.179241
0.175178
0.222531
0.180063
0.208613
0.208006
0.225143
0.185975
0.214157
0.212656
0.190161
0.196922
0.194950
0.198284
0.230244
0.196461
0.196536
0.199053
0.201064
0.222787
0.186403
0.200419
0.180492
0.186634
0.185477
0.199578
0.206346
0.197092
0.204235
0.209737
0.192293
0.184708
0.201206
0.190989
0.224095
0.201833
0.194442
0.198195
0.195203
0.204760
0.176537
0.227944
0.194658
0.192434
0.231665
0.192533
0.234234
0.209359
0.189096
0.192526
0.192913
0.236764
0.204481
0.190897
0.201307
0.187965
0.200227
0.187180
0.194546
0.173194
0.200499
0.203179
0.210101
0.220707
0.197328
0.203122
0.192256
0.212730
0.209370
0.206641
0.186758
0.204547
0.195637
0.214282
0.193158
0.201650
0.199625
0.205670
0.188223
0.182954
0.179413
0.184646
0.177555
0.193676
0.190444
0.225542
0.194088
0.203820
0.219635
0.199222
0.187966
0.224882
0.206727
0.212218
0.210176
0.179595
0.193153
0.196412
0.204672
0.188730
0.200576
0.226336
0.194330
0.198420
0.242036
0.226766
0.238169
0.222113
0.207188
0.188637
0.197026
0.173073
0.207881
0.204870
0.189515
0.168919
0.212890
0.218346
0.193455
0.162684
0.182941
0.206578
0.234353
0.197050
0.220503
0.194119
0.204428
0.198172
0.184980
0.213794
0.195605
0.200448
0.186824
0.191003
0.187982
0.199056
0.213772
0.215841
0.203261
0.202802
0.199592
0.176960
0.213882
0.248693
0.227191
0.209913
0.195708
0.188974
0.212939
0.198740
0.205028
0.221073
0.201880
0.200266
0.200387
0.201091
0.215980
0.186018
0.184705
0.183334
0.191526
0.189244
0.187262
0.188304
0.225217
0.208683
0.200144
0.228375
0.177287
0.184512
0.210205
0.199621
0.203841
0.185833
0.199423
0.213836
0.193494
0.242055
0.194350
0.177999
0.206622
0.181963
0.193125
0.212219
0.206062
0.178336
0.188342
0.198419
0.194020
0.196052
0.181132
0.205322
0.200057
0.178596
0.169616
0.198398
0.193523
0.196870
0.202649
0.192201
0.196038
0.207642
0.190399
0.201223
0.198410
0.191668
0.192136
0.183402
0.170765
0.174822
0.170217
0.203641
0.203001
0.196169
0.197068
0.189430
0.197358
0.206925
0.205302
0.203356
0.227334
0.202930
0.200316
0.184655
0.222411
0.234461
0.195021
0.225716
0.192401
0.189711
0.237608
0.198925
0.188657
0.221764
0.196549
0.246159
0.202644
0.211614
0.201451
0.195200
0.203338
0.193328
0.212660
0.185706
0.232282
0.220591
0.220475
0.186733
0.186613
0.213831
0.224443
0.220632
0.209977
0.172666
0.186568
0.216325
0.189822
0.181515
0.187157
0.221070
0.195980
0.203463
0.213594
0.204985
0.184491
0.195342
0.220545
0.202161
0.209261
0.191368
0.220058
0.198854
0.200944
0.200375
0.195306
0.194298
0.212538
0.207687
0.199419
0.208174
0.213925
0.190053
0.201648
0.179262
0.209628
0.222260
0.227190
0.202339
0.204918
0.227268
0.194955
0.187025
0.219411
0.215533
0.183463
0.195746
0.264115
0.223009
0.208246
0.201134
0.207673
0.197409
0.204636
0.203967
0.185022
0.195318
0.182559
0.197143
0.189989
0.200744
0.207717
0.208170
0.184967
0.184752
0.200186
0.209239
0.204965
0.192443
0.203167
0.202970
0.216062
0.191589
0.200096
0.194689
0.195426
0.187382
0.181732
0.231032
0.210680
0.197599
0.192590
0.195348
0.181439
0.192756
0.197536
0.196809
0.225821
0.192305
0.213415
0.205582
0.189569
0.208255
0.211853
0.207386
0.195948
0.217787
0.195907
0.220511
0.200663
0.224915
0.216042
0.218289
0.228289
0.209031
0.193555
0.205689
0.207936
0.189738
0.188187
0.208298
0.202234
0.203561
0.200300
0.193405
0.183238
0.189674
0.209666
0.208414
0.186732
0.185670
0.193273
0.198396
0.217286
0.204234
0.203402
0.200558
0.184078
0.191236
0.204091
0.219107
0.187967
0.217601
0.206713
0.182989
0.217651
0.212336
0.192277
0.208793
0.193506
0.200963
0.221126
0.213148
0.231687
0.213085
0.195595
0.201957
0.200499
0.186011
0.213346
0.191592
0.198297
0.198510
0.181441
0.198840
0.195848
0.201556
0.193351
0.204754
0.189126
0.194359
0.210600
0.173068
0.174741
0.222878
0.226370
0.192168
0.221236
0.189715
0.204125
0.178099
0.178312
0.169174
0.186212
0.192632
0.210724
0.199584
0.188560
0.193377
0.198299
0.209056
0.208676
0.209644
0.196103
0.215719
0.200741
0.201679
0.196659
0.190871
0.221976
0.217829
0.184776
0.250331
0.197311
0.205770
0.231405
0.193685
0.183558
0.204917
0.224620
0.187030
0.179037
0.222761
0.221179
0.218636
0.204785
0.196896
0.208534
0.182261
0.192629
0.198267
0.207568
0.207070
0.201333
0.203962
0.230809
0.202683
0.203218
0.196425
0.200084
0.193556
0.200309
0.202185
0.214510
0.197128
0.211941
0.200818
0.217608
0.228114
0.212211
0.194079
0.203980
0.206373
0.192025
0.204653
0.216165
0.207495
0.188158
0.201738
0.206978
0.189869
0.201866
0.237623
0.188677
0.198404
0.188613
0.198165
0.190131
0.198750
0.231112
0.187958
0.187036
0.229637
0.215992
0.191679
0.208243
0.181385
0.187320
0.192989
0.183372
0.201567
0.199517
0.213213
0.208187
0.204965
0.189178
0.180658
0.200808
0.187036
0.201747
0.200963
0.194908
0.192354
0.187597
0.197909
0.231471
0.199207
0.185886
0.191400
0.196179
0.207044
0.177037
0.181298
0.222461
0.218853
0.198829
0.188005
0.179999
0.188533
0.196331
0.202512
0.209850
0.200544
0.202194
0.192361
0.202498
0.191736
0.225627
0.193097
0.205686
0.189134
0.212772
0.221519
0.191186
0.199372
0.187789
0.213537
0.190529
0.188879
0.171815
0.173294
0.192379
0.194864
0.190521
0.219956
0.186506
0.179503
0.191429
0.181254
0.184805
0.196084
0.192948
0.228420
0.176639
0.214248
0.205030
0.203276
0.226610
0.224198
0.184011
0.233151
0.205924
0.189709
0.219083
0.187529
0.166838
0.231235
0.198478
0.197633
0.211105
0.202169
0.193094
0.172032
0.202413
0.212364
0.217548
0.207480
0.192096
0.176958
0.216959
0.196677
0.206931
0.224324
0.191275
0.202909
0.205674
0.259918
0.215158
0.207154
0.186162
0.192880
0.204220
0.215354
0.192313
0.194870
0.212180
0.214226
0.196034
0.192379
0.190833
0.187217
0.199095
0.203350
0.204874
0.172350
0.178605
0.228702
0.194456
0.210157
0.186816
0.189628
0.174186
0.183438
0.194310
0.212475
0.198936
0.206829
0.220867
0.199963
0.183540
0.189956
0.208647
0.174024
0.200858
0.191709
0.213089
0.197181
0.214742
0.166007
0.176000
0.196948
0.193822
0.196355
0.206484
0.178464
0.194071
0.216560
0.200749
0.202087
0.183564
0.203017
0.214337
0.203108
0.189896
0.197012
0.192662
0.197920
0.204931
0.206087
0.196677
0.178282
0.208873
0.235886
0.181896
0.198623
0.199003
0.180519
0.185466
0.216785
0.178371
0.210981
0.196073
0.215320
0.211676
0.195561
0.202782
0.190922
0.200862
0.204087
0.191317
0.185462
0.208462
0.206867
0.214756
0.215050
0.206478
0.185373
0.182502
0.212647
0.210680
0.219929
0.189308
0.196744
0.206698
0.202325
0.186697
0.206462
0.219501
0.209281
0.203448
0.234247
0.194215
0.189389
0.197486
0.218377
0.177547
0.201966
0.203620
0.210419
0.220669
0.201700
0.204460
0.200916
0.200783
0.207014
0.202991
0.206108
0.204004
0.190544
0.204942
0.177718
0.188252
0.191760
0.178147
0.184656
0.202996
0.210198
0.207338
0.206889
0.215738
0.199607
0.212402
0.217587
0.179959
0.191212
0.203655
0.194347
0.205897
0.176582
0.207896
0.215728
0.190704
0.247774
0.179365
0.184755
0.193460
0.197249
0.217578
0.195748
0.199674
0.195086
0.184531
0.220753
0.221584
0.216007
0.206022
0.202585
0.188050
0.186560
0.213313
0.235823
0.198262
0.201084
0.212910
0.202364
0.189925
0.175675
0.187881
0.192885
0.195992
0.207798
0.211164
0.169172
0.219980
0.229536
0.237648
0.212517
0.190334
0.188391
0.195620
0.171752
0.195191
0.201646
0.190765
0.208889
0.188811
0.171669
0.196601
0.221797
0.214944
0.205801
0.197352
0.191522
0.198418
0.212433
0.197943
0.222126
0.210543
0.196068
0.190964
0.200887
0.203835
0.217978
0.209692
0.204211
0.198034
0.240885
0.212274
0.192127
0.177634
0.194906
0.190246
0.205395
0.194579
0.181108
0.186586
0.196763
0.203558
0.202664
0.191044
0.185788
0.203377
0.197891
0.190515
0.231583
0.195254
0.176080
0.206321
0.216812
0.192097
0.192655
0.169324
0.185330
0.193219
0.178055
0.222736
0.245229
0.172164
0.203226
0.186675
0.218363
0.234082
0.190060
0.197291
0.189465
0.213196
0.206616
0.207278
0.201089
0.193776
0.195655
0.187265
0.179474
0.189541
0.188185
0.201064
0.223566
0.197748
0.221589
0.208810
0.199069
0.210591
0.217902
0.193944
0.203607
0.201700
0.213874
0.205489
0.179534
0.173107
0.185706
0.214351
0.213878
0.188571
0.189133
0.204641
0.199492
0.184311
0.192111
0.231945
0.196314
0.199273
0.201209
0.218903
0.207235
0.232176
0.193896
0.204909
0.203455
0.194186
0.218533
0.212051
0.227887
0.208183
0.200969
0.193799
0.197720
0.187549
0.191625
0.182208
0.170167
0.199326
0.225608
0.192515
0.221026
0.177515
0.180001
0.170630
0.201748
0.189583
0.184715
0.207915
0.197518
0.197577
0.191260
0.182846
0.185116
0.189964
0.218781
0.191477
0.226505
0.217465
0.190780
0.215270
0.181020
0.228042
0.202771
0.208482
0.205095
0.209178
0.185199
0.212702
0.204535
0.188562
0.176734
0.170095
0.206871
0.189380
0.205207
0.206928
0.208322
0.193544
0.196739
0.196222
0.196508
0.183212
0.192821
0.190183
0.198318
0.194000
0.194329
0.200603
0.199116
0.206387
0.177489
0.201225
0.196383
0.206225
0.224005
0.221581
0.207095
0.192853
0.191873
0.191299
0.192339
0.210611
0.212860
0.167937
0.179827
0.210582
0.244118
0.196474
0.195961
0.205596
0.194354
0.186202
0.211650
0.203043
0.242742
0.198915
0.202855
0.197431
0.221870
0.191457
0.175869
0.189227
0.216944
0.200175
0.200381
0.223586
0.200076
0.200792
0.215147
0.191568
0.198433
0.202044
0.209699
0.197801
0.191542
0.172070
0.194808
0.220197
0.193901
0.217477
0.204319
0.220715
0.194484
0.252184
0.204686
0.220999
0.213787
0.206312
0.204427
0.191387
0.184582
0.211390
0.202850
0.185461
0.197110
0.201437
0.212768
0.219705
0.203879
0.203059
0.193411
0.193250
0.196943
0.215135
0.197782
0.192417
0.201431
0.202557
0.187316
0.182616
0.215106
0.235371
0.196306
0.192265
0.216461
0.200693
0.204854
0.168453
0.173037
0.174143
0.172082
0.188424
0.206515
0.196819
0.206012
0.189328
0.198339
0.199443
0.207759
0.285114
0.214181
0.213282
0.197790
0.178601
0.213218
0.198904
0.188829
0.216591
0.194859
0.215310
0.211184
0.207649
0.187701
0.196065
0.199755
0.220909
0.227407
0.182793
0.201612
0.195974
0.202819
0.198958
0.185999
0.200572
0.224457
0.214472
0.199723
0.203039
0.208053
0.219502
0.199356
0.203372
0.208762
0.182470
0.190891
0.220818
0.205074
0.214098
0.189548
0.184921
0.191207
0.208913
0.178668
0.174468
0.168553
0.222640
0.211784
0.170657
0.181379
0.206806
0.196775
0.190888
0.187119
0.211939
0.195155
0.195562
0.187963
0.190524
0.210633
0.211474
0.208340
0.193017
0.183856
0.181037
0.173270
0.204060
0.200530
0.200543
0.200145
0.214605
0.210571
0.205024
0.202669
0.188816
0.181479
0.193461
0.184223
0.190353
0.197346
0.239428
0.207458
0.181818
0.206245
0.166077
0.167187
0.197352
0.188676
0.204436
0.199774
0.199035
0.208623
0.212295
0.200464
0.200172
0.219941
0.197750
0.200282
0.204640
0.181360
0.216948
0.210212
0.182476
0.188096
0.182801
0.209163
0.210948
0.211463
0.193776
0.189244
0.193737
0.209649
0.211101
0.197791
0.206535
0.228988
0.215303
0.202063
0.204308
0.235286
0.176715
0.204610
0.213744
0.169856
0.191082
0.183494
0.195037
0.206202
0.212576
0.214271
0.198947
0.211244
0.190993
0.193329
0.188119
0.212370
0.196813
0.209949
0.188853
0.201794
0.222229
0.194293
0.204270
0.192062
0.187347
0.197760
0.202181
0.203303
0.211314
0.188588
0.207655
0.201226
0.193094
0.187376
0.199487
0.209864
0.197890
0.202547
0.176069
0.193502
0.195951
0.193545
0.200946
0.226224
0.205391
0.196143
0.211138
0.192627
0.184353
0.224762
0.181400
0.181249
0.216896
0.219021
0.229463
0.207906
0.205982
0.200255
0.217087
0.207897
0.208974
0.170404
0.216651
0.206450
0.206423
0.206078
0.189481
0.183710
0.226909
0.203745
0.212329
0.189306
0.194208
0.212730
0.203482
0.209864
0.204461
0.215529
0.199939
0.192718
0.197974
0.202707
0.186751
0.223468
0.201921
0.200340
0.207014
0.189807
0.213750
0.208750
0.217587
0.200940
0.215479
0.211704
0.207920
0.204979
0.196021
0.200201
0.209527
0.201931
0.198731
0.201602
0.208990
0.205974
0.190527
0.199927
0.224581
0.177619
0.170001
0.196517
0.218650
0.213685
0.196517
0.199431
0.227662
0.187835
0.172833
0.191204
0.199976
0.212908
0.205081
0.219817
0.210456
0.203654
0.215793
0.204801
0.206726
0.229836
0.178961
0.199651
0.201497
0.201173
0.212875
0.206597
0.183020
0.166240
0.211582
0.199879
0.225411
0.200637
0.196690
0.190422
0.211211
0.198352
0.212020
0.236868
0.218010
0.247704
0.203598
0.204870
0.200017
0.197040
0.196338
0.191075
0.230269
0.197244
0.191368
0.206734
0.192268
0.192029
0.205358
0.203134
0.185197
0.199952
0.173665
0.184258
0.213454
0.202974
0.207867
0.200997
0.189973
0.182828
0.184200
0.203588
0.203290
0.217587
0.216613
0.215828
0.211336
0.197191
0.202693
0.200035
0.200484
0.197645
0.201178
0.206285
0.197612
0.201822
0.204711
0.195439
0.186294
0.211277
0.205701
0.184231
0.183433
0.183752
0.205636
0.194720
0.197784
0.198024
0.202829
0.209866
0.231390
0.202644
0.208448
0.203261
0.193605
0.190009
0.220999
0.205219
0.201309
0.199261
0.205881
0.200938
0.197947
0.203663
0.188389
0.218194
0.188276
0.197236
0.208330
0.209489
0.201514
0.206962
0.186865
0.234421
0.200411
0.228292
0.208110
0.200014
0.207802
0.200038
0.208578
0.191827
0.201514
0.226425
0.190863
0.193456
0.184004
0.183166
0.239659
0.211887
0.184438
0.241714
0.218683
0.247821
0.199141
0.187623
0.185653
0.233454
0.201747
0.232564
0.217299
0.250973
0.214744
0.200112
0.201082
0.191689
0.203575
0.217210
0.198584
0.196231
0.189476
0.203816
0.208849
0.191474
0.208853
0.193708
0.200660
0.218559
0.198417
0.209713
0.228605
0.197616
0.180487
0.192571
0.190242
0.205113
0.194482
0.208359
0.205890
0.191699
0.185447
0.205306
0.197078
0.178193
0.209564
0.191123
0.234753
0.218275
0.179155
0.175014
0.193959
0.215549
0.193999
0.189777
0.196786
0.200416
0.206796
0.189214
0.188242
0.213654
0.204267
0.246486
0.203806
0.210229
0.218056
0.185543
0.198061
0.188603
0.200726
0.206121
0.214120
0.194758
0.190624
0.218805
0.195421
0.192820
0.202184
0.184752
0.194386
0.190926
0.201865
0.178852
0.193117
0.193532
0.212112
0.211225
0.209361
0.205448
0.213357
0.197340
0.188962
0.186550
0.206533
0.213911
0.215189
0.209545
0.213458
0.200549
0.218592
0.231907
0.207118
0.183015
0.198224
0.191163
0.210046
0.188604
0.201680
0.201910
0.193689
0.202002
0.198491
0.200723
0.194686
0.182853
0.210372
0.188089
0.211069
0.207872
0.205117
0.190756
0.194610
0.223136
0.231162
0.222536
0.209960
0.201470
0.186770
0.220622
0.197183
0.212492
0.189785
0.195410
0.195119
0.194489
0.181158
0.172558
0.175167
0.200104
0.200722
0.204031
0.200422
0.198337
0.170832
0.180532
0.185407
0.206587
0.196276
0.200733
0.198619
0.201724
0.188994
0.192680
0.200849
0.196337
0.228935
0.204266
0.205244
0.180501
0.208577
0.183680
0.176109
0.207353
0.188526
0.204955
0.171868
0.184107
0.207986
0.217685
0.189991
0.188153
0.187649
0.209750
0.206704
0.194728
0.202449
0.206207
0.201452
0.203581
0.221433
0.217470
0.203499
0.195714
0.199286
0.193811
0.192485
0.194163
0.198639
0.225272
0.236005
0.216287
0.209804
0.199382
0.200247
0.203407
0.205601
0.176341
0.188439
0.217855
0.215597
0.191097
0.196264
0.203517
0.217940
0.180635
0.202664
0.193856
0.199581
0.203897
0.218454
0.218973
0.177299
0.202700
0.203761
0.191529
0.196953
0.191240
0.190906
0.171403
0.182934
0.199306
0.192614
0.193593
0.206413
0.214270
0.217269
0.184149
0.235065
0.179585
0.205776
0.231272
0.207472
0.209999
0.209688
0.166607
0.184125
0.200190
0.198364
0.225937
0.196290
0.208799
0.184974
0.205616
0.192882
0.191659
0.190527
0.206615
0.213078
0.198932
0.196335
0.238703
0.215436
0.208774
0.179964
0.189874
0.208090
0.196966
0.222278
0.196586
0.188209
0.212466
0.218494
0.218755
0.203715
0.180446
0.213791
0.202934
0.198436
0.210754
0.199778
0.210104
0.210753
0.204565
0.222006
0.208429
0.219514
0.210225
0.204859
0.200240
0.217960
0.201240
0.214618
0.218932
0.218882
0.192325
0.209641
0.225775
0.216994
0.188433
0.183710
0.191296
0.207671
0.191959
0.203724
0.206174
0.184504
0.195785
0.195044
0.180393
0.222045
0.215955
0.221504
0.208759
0.229752
0.178635
0.193010
0.180995
0.217243
0.215640
0.214447
0.209868
0.211345
0.208882
0.208961
0.195690
0.190994
0.212825
0.204221
0.197435
0.204100
0.197675
0.201810
0.231277
0.196047
0.200976
0.176678
0.212775
0.212224
0.195577
0.201539
0.218289
0.180865
0.178909
0.175792
0.222137
0.197563
0.216084
0.188386
0.199013
0.219419
0.199177
0.185028
0.201677
0.200914
0.225670
0.214579
0.230892
0.207427
0.211915
0.202945
0.195718
0.200243
0.177800
0.203923
0.177259
0.207984
0.195583
0.205099
0.187884
0.204303
0.212271
0.197097
0.211845
0.211049
0.180051
0.198635
0.180251
0.213607
0.207975
0.175142
0.219853
0.204499
0.197864
0.194840
0.194373
0.183998
0.196855
0.181163
0.176733
0.183524
0.202610
0.208912
0.209078
0.167199
0.178421
0.197454
0.194228
0.199038
0.207795
0.214514
0.199090
0.214884
0.211329
0.212009
0.215877
0.194380
0.211246
0.207591
0.211476
0.199768
0.186328
0.206453
0.206359
0.213949
0.218933
0.190567
0.203356
0.186221
0.187923
0.189082
0.176916
0.183018
0.174030
0.198930
0.221861
0.189895
0.206619
0.194894
0.205442
0.194147
0.175995
0.174098
0.172696
0.221016
0.202640
0.213001
0.186974
0.215588
0.201452
0.192780
0.180650
0.217730
0.176419
0.217385
0.197242
0.204773
0.181433
0.190239
0.214234
0.225317
0.211700
0.187341
0.167286
0.176882
0.169603
0.186050
0.214881
0.211423
0.202159
0.200121
0.198414
0.203295
0.188298
0.193198
0.201980
0.193063
0.232629
0.202012
0.199117
0.226666
0.181318
0.177336
0.195472
0.218082
0.185416
0.226464
0.191146
0.200395
0.199637
0.200579
0.200018
0.203530
0.225221
0.180277
0.233032
0.217381
0.186550
0.185102
0.215554
0.185137
0.184275
0.247977
0.196597
0.209034
0.223923
0.173786
0.189849
0.179545
0.214798
0.223798
0.206335
0.193311
0.186949
0.186925
0.184886
0.212657
0.204253
0.227668
0.190671
0.199939
0.186493
0.174964
0.184204
0.181325
0.214240
0.180939
0.214508
0.215318
0.216913
0.203665
0.186963
0.207230
0.190336
0.189935
0.204291
0.201919
0.175253
0.195398
0.202024
0.229054
0.201462
0.189622
0.186724
0.191151
0.197538
0.186631
0.261463
0.215557
0.203983
0.241626
0.219376
0.217397
0.213871
0.214514
0.188407
0.179850
0.215885
0.213817
0.200116
0.184762
0.207110
0.214348
0.208384
0.222378
0.201246
0.203403
0.185352
0.225141
0.212746
0.226302
0.187780
0.187171
0.205115
0.190240
0.209419
0.185585
0.214591
0.220554
0.198535
0.228410
0.197456
0.194465
0.203541
0.203150
0.202810
0.182809
0.220747
0.206189
0.197991
0.189924
0.194034
0.208828
0.203786
0.180028
0.189879
0.194465
0.210569
0.193549
0.188919
0.216700
0.184204
0.188586
0.198358
0.195224
0.207186
0.191135
0.206173
0.216235
0.185008
0.218963
0.186441
0.209013
0.204469
0.225110
0.201349
0.212482
0.222256
0.211532
0.200598
0.200920
0.220019
0.215466
0.206834
0.214389
0.204966
0.209152
0.204870
0.190154
0.192722
0.215994
0.211201
0.202032
0.197242
0.189766
0.220336
0.192770
0.186997
0.201330
0.216358
0.195020
0.215942
0.203748
0.186655
0.181861
0.188882
0.190051
0.217199
0.235741
0.212783
0.206055
0.200195
0.198252
0.186871
0.199037
0.196579
0.212209
0.196835
0.202856
0.192522
0.188208
0.201090
0.182286
0.184912
0.188112
0.198782
0.183532
0.190623
0.190002
0.180254
0.180415
0.191016
0.188738
0.200442
0.206000
0.180099
0.210006
0.207927
0.179789
0.203133
0.221898
0.216491
0.217507
0.182160
0.200164
0.210708
0.215746
0.211494
0.196194
0.210927
0.197271
0.209181
0.192076
0.212085
0.196085
0.200063
0.208668
0.193708
0.213595
0.203785
0.204824
0.203390
0.221188
0.200188
0.212489
0.205492
0.208074
0.206795
0.202218
0.178823
0.177909
0.202888
0.195340
0.206462
0.194766
0.187271
0.210573
0.208875
0.200961
0.182733
0.197737
0.213516
0.174188
0.231393
0.226930
0.221309
0.195563
0.210146
0.201987
0.214315
0.198010
0.191216
0.198038
0.228425
0.181895
0.184246
0.210086
0.186384
0.231308
0.197654
0.189628
0.212993
0.214847
0.198154
0.161899
0.166692
0.177405
0.192471
0.225533
0.212224
0.200197
0.197723
0.179518
0.237174
0.197944
0.190722
0.218120
0.200340
0.218257
0.202028
0.209542
0.180386
0.202527
0.210686
0.195144
0.190629
0.217340
0.211868
0.219295
0.224095
0.195021
0.219018
0.216702
0.212637
0.210004
0.207544
0.200827
0.198456
0.187204
0.196299
0.179814
0.208256
0.206372
0.196898
0.197201
0.190889
0.191432
0.209873
0.210438
0.193754
0.196507
0.235554
0.202744
0.225241
0.215628
0.213039
0.214071
0.187614
0.189176
0.194382
0.213310
0.221683
0.197800
0.232112
0.191910
0.194407
0.192775
0.206549
0.232076
0.182745
0.178004
0.200153
0.217968
0.221422
0.203230
0.217756
0.219051
0.219156
0.213074
0.210597
0.193629
0.172867
0.202274
0.186289
0.195391
0.195800
0.176982
0.172725
0.206530
0.183701
0.204995
0.256834
0.219806
0.198222
0.221539
0.170226
0.191592
0.199700
0.218086
0.193094
0.191741
0.219230
0.209180
0.186106
0.177077
0.185231
0.212075
0.194360
0.192763
0.184725
0.187066
0.177169
0.216885
0.184485
0.204381
0.215182
0.181946
0.210279
0.200953
0.198415
0.223135
0.210073
0.195993
0.199196
0.192383
0.201641
0.213845
0.186880
0.198994
0.199324
0.219486
0.201144
0.192970
0.204956
0.199503
0.202276
0.204125
0.207626
0.211217
0.198785
0.190808
0.188587
0.183126
0.195027
0.190243
0.220951
0.192899
0.208885
0.195744
0.214887
0.174313
0.202064
0.204982
0.192198
0.194246
0.188291
0.207907
0.196820
0.193865
0.226652
0.200200
0.188712
0.205662
0.212812
0.201826
0.214849
0.215668
0.196368
0.197351
0.208044
0.222020
0.216757
0.189679
0.250455
0.208901
0.201640
0.180547
0.169043
0.183186
0.213292
0.194758
0.198335
0.184774
0.194108
0.210454
0.194017
0.193143
0.214034
0.176009
0.193782
0.186635
0.213894
0.186761
0.198692
0.187000
0.176133
0.181726
0.195920
0.234116
0.204771
0.192315
0.191855
0.212376
0.204908
0.213257
0.218214
0.217850
0.197790
0.217882
0.216921
0.198349
0.219498
0.202436
0.195488
0.191058
0.207738
0.201344
0.196804
0.184966
0.200390
0.206752
0.192241
0.204913
0.197637
0.200987
0.213482
0.194389
0.194242
0.191008
0.187504
0.240108
0.211611
0.187176
0.214178
0.220970
0.196461
0.204139
0.220908
0.192931
0.180055
0.204309
0.208404
0.197713
0.183076
0.196895
0.226208
0.203678
0.204752
0.188138
0.179679
0.195488
0.195974
0.218412
0.192022
0.197329
0.189779
0.222532
0.195638
0.202631
0.206995
0.204901
0.204514
0.192789
0.185404
0.251345
0.176905
0.217851
0.205338
0.189818
0.205580
0.202560
0.201885
0.193086
0.200166
0.197140
0.180515
0.201807
0.227396
0.180546
0.183341
0.216580
0.189102
0.199770
0.219294
0.232464
0.203629
0.205612
0.209184
0.219022
0.210103
0.214246
0.195806
0.198026
0.184195
0.199590
0.187753
0.195057
0.214552
0.213422
0.233366
0.202275
0.178765
0.183758
0.225962
0.192627
0.190601
0.177456
0.188632
0.204250
0.190265
0.203173
0.184212
0.189743
0.192778
0.219117
0.214746
0.223275
0.201762
0.197289
0.220255
0.187946
0.211503
0.199489
0.212820
0.199618
0.208524
0.211275
0.194768
0.222074
0.204137
0.189970
0.180577
0.183209
0.225817
0.194648
0.189348
0.193018
0.216554
0.195446
0.205490
0.196013
0.224012
0.218613
0.203358
0.188675
0.194209
0.233712
0.202794
0.218621
0.194485
0.187882
0.177137
0.204949
0.212598
0.197273
0.187184
0.198031
0.187448
0.191157
0.202420
0.232354
0.220622
0.215261
0.217467
0.203261
0.205222
0.217312
0.186456
0.182786
0.222279
0.202987
0.193189
0.208755
0.213837
0.211186
0.200841
0.216310
0.197110
0.212917
0.219062
0.197617
0.197351
0.189467
0.197196
0.207062
0.199686
0.186724
0.205091
0.200579
0.224262
0.193394
0.188425
0.247416
0.189037
0.233565
0.191484
0.199764
0.186323
0.188288
0.173843
0.197455
0.180272
0.233410
0.184764
0.183350
0.174459
0.182884
0.224294
0.202598
0.208201
0.191373
0.221184
0.211963
0.197208
0.205628
0.198817
0.201671
0.204581
0.191209
0.177851
0.224826
0.215173
0.201479
0.208038
0.200279
0.221030
0.208815
0.191864
0.223789
0.195547
0.219418
0.206676
0.201938
0.184893
0.211961
0.191515
0.192837
0.205353
0.189965
0.224847
0.198423
0.225944
0.189602
0.205173
0.191373
0.187526
0.204455
0.213940
0.204566
0.207305
0.177219
0.199459
0.225642
0.201030
0.205107
0.213121
0.186819
0.189510
0.179429
0.177385
0.203629
0.204917
0.215946
0.215710
0.178150
0.211659
0.195607
0.193571
0.187792
0.189880
0.209105
0.204871
0.200091
0.192555
0.202587
0.209318
0.186380
0.205695
0.197612
0.182126
0.182270
0.186949
0.187136
0.222809
0.190383
0.240454
0.200625
0.216692
0.212075
0.187958
0.195628
0.198101
0.191672
0.187067
0.220593
0.223675
0.211104
0.196594
0.196842
0.199124
0.198143
0.220881
0.233801
0.215722
0.204182
0.203989
0.211544
0.191940
0.230880
0.191288
0.195616
0.225920
0.181231
0.182351
0.198438
0.194823
0.211803
0.201657
0.181791
0.212337
0.206392
0.190963
0.214633
0.191970
0.208573
0.208896
0.213979
0.202458
0.201134
0.184514
0.183417
0.201982
0.189174
0.177063
0.187941
0.217216
0.197662
0.187902
0.208812
0.198811
0.199621
0.200147
0.210341
0.216752
0.192094
0.198840
0.199251
0.211204
0.197263
0.216473
0.202688
0.191903
0.189234
0.181589
0.198717
0.206425
0.194091
0.233850
0.186221
0.182211
0.172485
0.183792
0.199767
0.203981
0.211817
0.206576
0.252208
0.192231
0.201572
0.200506
0.188816
0.198259
0.183598
0.173634
0.188549
0.199259
0.207758
0.219577
0.224028
0.165882
0.230829
0.181456
0.222519
0.198329
0.192773
0.185352
0.176507
0.203700
0.187276
0.185301
0.193765
0.195571
0.194922
0.191121
0.186688
0.201205
0.206796
0.211120
0.200429
0.174833
0.218958
0.193162
0.185238
0.180958
0.211615
0.212719
0.193360
0.205006
0.206310
0.210357
0.184931
0.205423
0.205416
0.186149
0.230355
0.213837
0.205682
0.189976
0.207330
0.185808
0.215645
0.192387
0.197097
0.200193
0.210526
0.204210
0.197119
0.196198
0.194263
0.200106
0.184931
0.234561
0.198297
0.185634
0.208916
0.226211
0.193456
0.218625
0.205789
0.182887
0.237805
0.184421
0.211396
0.193734
0.192515
0.199716
0.220872
0.278348
0.190451
0.178836
0.200404
0.201553
0.194096
0.191278
0.193672
0.181623
0.194907
0.193005
0.195991
0.177969
0.199162
0.205047
0.192889
0.196404
0.187878
0.207010
0.209470
0.192465
0.185486
0.272862
0.194289
0.201658
0.206662
0.203737
0.187229
0.229887
0.195765
0.241785
0.194389
0.204579
0.203638
0.199052
0.213758
0.196578
0.205604
0.213577
0.205173
0.210068
0.188677
0.208323
0.200839
0.169172
0.199807
0.174292
0.215539
0.211973
0.212887
0.210755
0.200516
0.185197
0.208515
0.193380
0.208143
0.196267
0.192547
0.207835
0.191852
0.223879
0.199206
0.186814
0.188447
0.192032
0.188854
0.175384
0.191818
0.263483
0.211619
0.184806
0.182209
0.192715
0.197203
0.219301
0.170466
0.226178
0.201575
0.199471
0.203181
0.199222
0.200146
0.189479
0.185850
0.171070
0.171880
0.168014
0.181207
0.192672
0.206249
0.187389
0.209322
0.181373
0.214839
0.196237
0.211019
0.179026
0.236689
0.211066
0.194508
0.179515
0.188204
0.200156
0.210616
0.203198
0.196284
0.196566
0.184982
0.212424
0.206388
0.221953
0.202418
0.182671
0.197583
0.211143
0.201279
0.209343
0.236294
0.178056
0.199658
0.206177
0.198890
0.197497
0.224002
0.204967
0.195958
0.198181
0.194082
0.229278
0.197326
0.212997
0.202253
0.189986
0.200301
0.195142
0.205806
0.194763
0.206859
0.227348
0.205902
0.190842
0.195677
0.221474
0.187675
0.222032
0.200554
0.180490
0.199755
0.203167
0.200514
0.193700
0.212426
0.200711
0.197446
0.221604
0.203029
0.218872
0.223677
0.240493
0.182943
0.189197
0.198004
0.186853
0.203646
0.204523
0.205937
0.213259
0.199063
0.212906
0.228065
0.188839
0.201123
0.226761
0.202053
0.227988
0.182570
0.188608
0.177390
0.181765
0.213464
0.195053
0.217658
0.208715
0.196385
0.200459
0.187390
0.184386
0.216400
0.199010
0.197442
0.203734
0.196321
0.189334
0.196441
0.206245
0.218157
0.226078
0.217868
0.209358
0.202490
0.218920
0.178694
0.199604
0.198268
0.185734
0.215246
0.182724
0.204968
0.197428
0.181889
0.175831
0.180894
0.224632
0.222232
0.228139
0.192423
0.205242
0.200599
0.178939
0.227820
0.218654
0.205741
0.214802
0.209591
0.225777
0.191684
0.199400
0.173858
0.185082
0.193352
0.188539
0.202929
0.188374
0.206223
0.207199
0.241131
0.184172
0.184712
0.202845
0.197849
0.188129
0.189235
0.203989
0.237403
0.191706
0.230084
0.194801
0.227941
0.197250
0.225213
0.191066
0.179705
0.199049
0.196068
0.215356
0.206734
0.193952
0.202109
0.194716
0.197368
0.201528
0.210104
0.186854
0.220779
0.176849
0.213294
0.211951
0.179294
0.196564
0.197776
0.198819
0.203421
0.202860
0.211248
0.193938
0.203969
0.212917
0.200927
0.203989
0.237671
0.202970
0.201494
0.208292
0.217865
0.225641
0.229121
0.196918
0.202567
0.187374
0.193654
0.193083
0.185182
0.192770
0.199928
0.196218
0.199088
0.189375
0.196914
0.179239
0.230591
0.213233
0.197893
0.206239
0.201986
0.205975
0.230763
0.199761
0.190161
0.202022
0.192967
0.181046
0.200091
0.185150
0.182810
0.193866
0.205949
0.193264
0.184220
0.199803
0.193070
0.224133
0.209520
0.226568
0.192595
0.197922
0.195903
0.177269
0.200522
0.197514
0.189037
0.201432
0.195404
0.197567
0.180687
0.184334
0.176233
0.196705
0.191389
0.198460
0.194474
0.191741
0.218140
0.237233
0.188632
0.188559
0.217619
0.215296
0.193430
0.188591
0.199421
0.196519
0.210344
0.238449
0.208268
0.217099
0.188339
0.201040
0.203788
0.184980
0.205735
0.203068
0.207151
0.187127
0.217344
0.233299
0.243171
0.189240
0.238896
0.223026
0.196666
0.194755
0.188185
0.199231
0.207895
0.192378
0.221213
0.211458
0.192070
0.197934
0.210689
0.203882
0.179177
0.195704
0.213756
0.200541
0.214864
0.208416
0.215732
0.204315
0.232501
0.179786
0.189494
0.179366
0.186470
0.205645
0.187856
0.197618
0.193233
0.177974
0.192085
0.189076
0.183670
0.197593
0.215244
0.199384
0.219629
0.213273
0.206267
0.241537
0.213500
0.172907
0.173218
0.182966
0.185498
0.220244
0.181089
0.221921
0.193985
0.217574
0.185049
0.195635
0.184764
0.199635
0.185449
0.210426
0.173659
0.179677
0.214440
0.209586
0.191016
0.175264
0.182337
0.218383
0.171014
0.203689
0.185798
0.186851
0.208848
0.196599
0.214007
0.213722
0.211245
0.218210
0.182106
0.223225
0.192963
0.165135
0.200671
0.184385
0.201857
0.227912
0.196985
0.232777
0.193208
0.175851
0.199670
0.212537
0.198750
0.222017
0.177206
0.186859
0.172123
0.208271
0.203633
0.174319
0.210368
0.206847
0.235015
0.210290
0.192342
0.193591
0.183311
0.195942
0.203778
0.176797
0.193434
0.209614
0.216378
0.213373
0.211493
0.207226
0.221928
0.206945
0.203981
0.223159
0.190664
0.215455
0.175656
0.201196
0.198616
0.199448
0.195066
0.218844
0.190585
0.209754
0.199623
0.196073
0.198891
0.198048
0.202822
0.184951
0.214511
0.188449
0.179209
0.185070
0.192429
0.219277
0.214678
0.196112
0.205185
0.200357
0.183321
0.211728
0.211017
0.199301
0.202498
0.229127
0.208212
0.180990
0.191986
0.185519
0.222132
0.183247
0.192961
0.180901
0.190591
0.210435
0.196665
0.188112
0.193058
0.180370
0.191734
0.182412
0.179136
0.177515
0.169830
0.192398
0.191556
0.203360
0.182466
0.185384
0.208239
0.202563
0.182818
0.195089
0.187299
0.191894
0.208471
0.183449
0.181988
0.216888
0.203896
0.194965
0.198421
0.190262
0.194524
0.191951
0.211554
0.210003
0.196429
0.234761
0.205850
0.192924
0.200095
0.194363
0.199185
0.186430
0.225372
0.194878
0.207752
0.228319
0.220747
0.214452
0.206975
0.199669
0.233012
0.219145
0.225221
0.212001
0.202927
0.180841
0.202432
0.203293
0.192835
0.218948
0.206241
0.215243
0.212913
0.187524
0.211151
0.195780
0.206121
0.190568
0.212775
0.214933
0.174246
0.209147
0.204934
0.182045
0.216195
0.208663
0.212981
0.195747
0.178274
0.194423
0.213882
0.183503
0.196204
0.194443
0.202980
0.199183
0.194974
0.203205
0.215875
0.201153
0.206823
0.189604
0.229327
0.199661
0.197255
0.188280
0.192898
0.210410
0.202806
0.224763
0.200487
0.188946
0.229254
0.186452
0.194781
0.204936
0.191837
0.196295
0.212955
0.196658
0.206391
0.177835
0.199590
0.203175
0.204182
0.215543
0.201219
0.196555
0.208663
0.195178
0.215450
0.186377
0.201395
0.181033
0.218948
0.203749
0.191911
0.217294
0.216326
0.206543
0.204531
0.203441
0.195530
0.186516
0.188747
0.186454
0.233116
0.210210
0.190694
0.190466
0.199893
0.180153
0.191827
0.200035
0.208449
0.196035
0.199584
0.190040
0.198581
0.194157
0.189702
0.192859
0.212402
0.196274
0.220154
0.197931
0.205220
0.184764
0.204594
0.201454
0.201014
0.192769
0.211187
0.210676
0.218810
0.199108
0.192705
0.179245
0.185065
0.192129
0.194473
0.186005
0.210572
0.216172
0.210427
0.193887
0.211100
0.192282
0.229838
0.208524
0.218293
0.225267
0.198500
0.214522
0.211561
0.206734
0.196110
0.192841
0.185264
0.181984
0.189568
0.188554
0.233460
0.198490
0.214665
0.213445
0.202862
0.200366
0.193846
0.211803
0.199066
0.198511
0.218934
0.197370
0.206621
0.191336
0.191810
0.204740
0.212081
0.196088
0.207527
0.192378
0.200230
0.198999
0.228704
0.200063
0.186917
0.190223
0.212311
0.215260
0.210779
0.196607
0.197019
0.221692
0.200468
0.209713
0.213793
0.195231
0.191489
0.218229
0.214476
0.207403
0.228741
0.215827
0.202791
0.227376
0.211017
0.195960
0.191137
0.194001
0.201569
0.176338
0.172412
0.208234
0.222692
0.199676
0.189117
0.209651
0.196560
0.215778
0.208851
0.188358
0.191094
0.203895
0.221687
0.202439
0.208391
0.198598
0.187270
0.211060
0.199601
0.202857
0.198755
0.201781
0.182776
0.186084
0.204687
0.206911
0.194862
0.207245
0.189179
0.210018
0.183235
0.186541
0.178763
0.203366
0.195498
0.214669
0.202860
0.210217
0.233639
0.195440
0.190450
0.198461
0.218619
0.216573
0.227412
0.178941
0.218930
0.185391
0.202381
0.192743
0.187258
0.191335
0.203929
0.197166
0.228343
0.202959
0.206268
0.209230
0.211467
0.185416
0.178522
0.191115
0.184500
0.246537
0.216226
0.207402
0.196596
0.203624
0.206307
0.225322
0.190502
0.187677
0.204035
0.183933
0.229959
0.211563
0.207582
0.221788
0.201666
0.204261
0.196450
0.194982
0.196455
0.221259
0.215935
0.211996
0.185346
0.162892
0.185803
0.220438
0.196139
0.194782
0.204473
0.191287
0.221658
0.221868
0.210360
0.195899
0.242928
0.212972
0.210788
0.207198
0.200621
0.185132
0.181745
0.211840
0.205515
0.199148
0.177273
0.210812
0.215264
0.238109
0.196096
0.191362
0.228168
0.171326
0.197171
0.208284
0.174760
0.185578
0.224534
0.201853
0.194053
0.189345
0.197510
0.198264
0.203235
0.197290
0.197084
0.184299
0.190835
0.215388
0.219495
0.212466
0.224009
0.223432
0.199616
0.212888
0.187947
0.200628
0.206354
0.217815
0.183721
0.222734
0.187495
0.177456
0.219367
0.222699
0.206758
0.193579
0.237688
0.185154
0.187426
0.186154
0.206990
0.196922
0.188601
0.178581
0.195303
0.199564
0.205330
0.194019
0.205802
0.196608
0.217532
0.217741
0.190910
0.222589
0.213552
0.208504
0.221568
0.207795
0.194451
0.190022
0.203236
0.196003
0.212692
0.214325
0.193331
0.195541
0.196419
0.196389
0.198900
0.194086
0.233043
0.213949
0.195846
0.186828
0.194283
0.193393
0.178835
0.188573
0.184502
0.192326
0.194342
0.219830
0.199565
0.210351
0.213938
0.190223
0.191473
0.183668
0.185094
0.198438
0.195016
0.213973
0.230649
0.181503
0.210752
0.204121
0.180096
0.177973
0.190803
0.179334
0.211116
0.182182
0.176012
0.201982
0.182795
0.197726
0.179972
0.183334
0.182686
0.208155
0.210649
0.208342
0.217202
0.197383
0.216929
0.185440
0.221806
0.257032
0.187838
0.174940
0.201256
0.219653
0.190043
0.194718
0.200983
0.206132
0.237354
0.195487
0.227513
0.203815
0.210599
0.209407
0.195596
0.230379
0.215504
0.189745
0.245292
0.205729
0.232050
0.224866
0.230137
0.241013
0.186659
0.211688
0.182012
0.210310
0.177001
0.178873
0.180716
0.212804
0.192380
0.176109
0.208174
0.188607
0.219162
0.213620
0.204237
0.187598
0.217021
0.214314
0.207679
0.212871
0.229285
0.216023
0.181904
0.196127
0.173746
0.250691
0.200564
0.190382
0.200991
0.221173
0.190705
0.196875
0.189846
0.217572
0.201138
0.194907
0.202989
0.201527
0.196006
0.188651
0.208754
0.202019
0.194654
0.206475
0.208178
0.185927
0.203309
0.213049
0.212151
0.246011
0.200099
0.182753
0.213160
0.193697
0.222009
0.192363
0.189123
0.233232
0.209228
0.233552
0.239765
0.204816
0.197303
0.215891
0.209379
0.207815
0.230327
0.224193
0.199012
0.205188
0.239842
0.214075
0.206004
0.189821
0.186990
0.242911
0.186196
0.193361
0.196389
0.186164
0.199960
0.226528
0.213823
0.183763
0.182629
0.214264
0.190000
0.188511
0.200639
0.208446
0.173921
0.183121
0.193466
0.208748
0.186080
0.194858
0.194023
0.211311
0.185007
0.246207
0.244057
0.203521
0.216272
0.213352
0.223198
0.217325
0.210290
0.196206
0.205911
0.184317
0.212961
0.205848
0.194814
0.207444
0.218522
0.178558
0.209105
0.215544
0.213449
0.191385
0.201060
0.190670
0.198511
0.214507
0.204513
0.212209
0.216597
0.213218
0.191660
0.193436
0.209945
0.185347
0.214380
0.183692
0.193253
0.185011
0.180494
0.217028
0.210740
0.200389
0.213487
0.202382
0.201621
0.193013
0.206231
0.211146
0.229975
0.210327
0.204956
0.199667
0.185808
0.174854
0.242664
0.213650
0.197751
0.219875
0.210221
0.184800
0.186197
0.203795
0.207640
0.206978
0.210916
0.210490
0.197783
0.197847
0.190530
0.238871
0.210488
0.214004
0.202971
0.214730
0.208488
0.199570
0.199080
0.201855
0.190710
0.237344
0.220042
0.203572
0.210892
0.212128
0.218386
0.197924
0.194669
0.213960
0.193257
0.209100
0.217420
0.186730
0.206339
0.189715
0.213257
0.216679
0.202800
0.229645
0.176538
0.197966
0.228687
0.233228
0.201174
0.177393
0.192952
0.214489
0.202013
0.206676
0.192521
0.197324
0.197520
0.206950
0.199536
0.203148
0.200903
0.199032
0.221165
0.207684
0.201914
0.190127
0.172251
0.202732
0.184146
0.206349
0.180814
0.179777
0.172590
0.174757
0.201517
0.194118
0.176756
0.175852
0.218237
0.202158
0.196681
0.187615
0.190449
0.202778
0.212654
0.213504
0.195443
0.219260
0.201373
0.233945
0.206975
0.199755
0.197666
0.215525
0.193408
0.191995
0.244673
0.193754
0.223049
0.202244
0.195989
0.208823
0.216611
0.213903
0.260798
0.181546
0.201898
0.207323
0.204399
0.189277
0.184486
0.208393
0.201179
0.199123
0.220518
0.201597
0.234710
0.210128
0.208623
0.184502
0.204898
0.210558
0.219993
0.209427
0.188263
0.218483
0.224659
0.220536
0.229531
0.198774
0.201141
0.214431
0.193548
0.190449
0.203031
0.207485
0.215845
0.193159
0.200972
0.214371
0.200918
0.193640
0.245604
0.199659
0.243018
0.201524
0.189402
0.198456
0.198366
0.213693
0.191511
0.199042
0.192278
0.177003
0.195076
0.212119
0.206150
0.189853
0.213038
0.224243
0.197690
0.205278
0.200438
0.179185
0.232192
0.189325
0.175015
0.170190
0.220191
0.221074
0.188542
0.198678
0.207689
0.198195
0.191211
0.185747
0.196894
0.186175
0.202549
0.189610
0.192747
0.192090
0.220690
0.202543
0.219733
0.203716
0.195320
0.203985
0.210077
0.182821
0.210671
0.191628
0.207864
0.179680
0.204785
0.228326
0.199836
0.202029
0.244458
0.192038
0.175667
0.226126
0.183850
0.205624
0.194875
0.211989
0.203002
0.202837
0.211787
0.184743
0.172778
0.191808
0.192573
0.206501
0.186810
0.200861
0.193101
0.229737
0.186459
0.196656
0.186723
0.196582
0.195142
0.201344
0.210593
0.188675
0.199993
0.185998
0.189929
0.184342
0.205372
0.181264
0.189917
0.195982
0.194686
0.205678
0.226379
0.242413
0.176134
0.179112
0.176481
0.191650
0.197590
0.209714
0.218528
0.209984
0.196638
0.182165
0.174812
0.202611
0.203281
0.242905
0.212006
0.194461
0.199113
0.229350
0.203079
0.176452
0.181058
0.217112
0.191003
0.213281
0.186530
0.185383
0.201575
0.217696
0.193218
0.200730
0.221612
0.201291
0.208765
0.211980
0.217388
0.204226
0.232484
0.195978
0.212322
0.241316
0.214061
0.213009
0.202745
0.191603
0.202437
0.196480
0.203261
0.215384
0.205566
0.209724
0.267286
0.231192
0.197845
0.196306
0.206984
0.191984
0.197346
0.221821
0.202677
0.189669
0.211309
0.203416
0.207405
0.196118
0.199917
0.196709
0.189863
0.184368
0.191505
0.170270
0.202004
0.231432
0.222583
0.213281
0.198767
0.217182
0.217580
0.231335
0.200795
0.217526
0.202495
0.182535
0.188068
0.190655
0.200547
0.199296
0.197129
0.209327
0.233947
0.196161
0.225411
0.218507
0.208538
0.200850
0.209126
0.222127
0.262008
0.190101
0.219116
0.212505
0.205726
0.201355
0.208678
0.196904
0.208846
0.188650
0.196725
0.206610
0.204694
0.203387
0.222318
0.204066
0.204700
0.199221
0.291870
0.217425
0.199518
0.194189
0.210586
0.205941
0.234520
0.196096
0.180253
0.182546
0.194791
0.197215
0.204197
0.209133
0.211643
0.202698
0.221338
0.194676
0.192507
0.206875
0.199673
0.192162
0.201247
0.218440
0.209611
0.194569
0.220463
0.209721
0.200615
0.188002
0.193962
0.218052
0.195446
0.204062
0.193185
0.220968
0.236312
0.188307
0.194530
0.216340
0.192098
0.193822
0.214831
0.200856
0.219802
0.241490
0.192292
0.193221
0.181425
0.183205
0.189192
0.216731
0.206315
0.220460
0.196184
0.190511
0.196138
0.227250
0.209206
0.191742
0.222422
0.192222
0.189833
0.196177
0.198246
0.169853
0.200167
0.208353
0.206458
0.215967
0.235215
0.210434
0.233061
0.223199
0.225791
0.201736
0.208152
0.198254
0.192384
0.181211
0.197078
0.175862
0.174197
0.206229
0.207873
0.217510
0.202032
0.198849
0.220746
0.227972
0.202736
0.185985
0.182056
0.206534
0.205455
0.225421
0.228577
0.233488
0.238023
0.203088
0.241561
0.202048
0.222043
0.209605
0.216823
0.201254
0.171839
0.215809
0.196830
0.197823
0.209273
0.211888
0.195438
0.196669
0.205497
0.217908
0.230517
0.211848
0.215769
0.192677
0.184033
0.189721
0.199403
0.184416
0.200171
0.192002
0.224102
0.207202
0.222439
0.181158
0.200319
0.190846
0.206148
0.241467
0.207654
0.209026
0.219628
0.205421
0.262569
0.210247
0.171026
0.185783
0.187142
0.209389
0.216029
0.200641
0.203750
0.199391
0.195460
0.186020
0.193808
0.191686
0.189934
0.192407
0.195539
0.208954
0.196332
0.205942
0.192127
0.226477
0.214857
0.183358
0.179993
0.181392
0.188354
0.182247
0.188343
0.226513
0.218867
0.193876
0.218373
0.197483
0.202183
0.195976
0.202088
0.244353
0.173132
0.225168
0.223806
0.191813
0.191955
0.188386
0.197560
0.216831
0.212234
0.203320
0.197665
0.208255
0.201818
0.223680
0.197465
0.201283
0.213887
0.232871
0.194492
0.190640
0.198284
0.210008
0.191760
0.209536
0.220248
0.201458
0.204365
0.224933
0.209311
0.207200
0.225937
0.209737
0.206560
0.192950
0.203370
0.212915
0.181846
0.213368
0.199863
0.232802
0.225306
0.209446
0.216691
0.197958
0.190045
0.204080
0.192395
0.196285
0.202762
0.227004
0.214195
0.203992
0.185425
0.197572
0.216132
0.215473
0.194109
0.234523
0.191880
0.220675
0.208387
0.200346
0.190271
0.209650
0.219039
0.212702
0.205818
0.195268
0.210577
0.259033
0.189908
0.208611
0.210348
0.204142
0.203601
0.183524
0.201844
0.191907
0.184916
0.190381
0.224475
0.204176
0.190144
0.212787
0.200093
0.190992
0.188159
0.177087
0.196311
0.192282
0.198778
0.224055
0.214581
0.189507
0.210838
0.192341
0.198523
0.200694
0.193053
0.203475
0.192452
0.211119
0.196068
0.230123
0.200912
0.196086
0.198194
0.190010
0.206673
0.193372
0.202392
0.200663
0.226110
0.208977
0.209592
0.192817
0.202221
0.215991
0.214050
0.171304
0.197387
0.253628
0.196765
0.182687
0.191096
0.220075
0.177018
0.210304
0.199932
0.205827
0.182425
0.205056
0.183338
0.197126
0.203583
0.194590
0.202433
0.190765
0.229803
0.189627
0.202301
0.204532
0.180219
0.193922
0.181660
0.197606
0.213162
0.197600
0.186478
0.210694
0.186000
0.186891
0.188057
0.214946
0.219966
0.214545
0.218320
0.215566
0.179936
0.235127
0.217421
0.194655
0.216239
0.194828
0.214869
0.213387
0.196543
0.196421
0.198163
0.184615
0.211688
0.203810
0.215367
0.187668
0.207757
0.202766
0.175911
0.203551
0.183381
0.177886
0.224203
0.228109
0.224506
0.197991
0.217215
0.208391
0.189649
0.203352
0.243214
0.189420
0.201564
0.226448
0.184969
0.192158
0.204645
0.224708
0.216606
0.203384
0.201534
0.215729
0.209217
0.200331
0.203146
0.226162
0.218497
0.202020
0.203666
0.182757
0.176402
0.213015
0.204652
0.226625
0.183661
0.198909
0.187452
0.209856
0.204911
0.193032
0.181625
0.203586
0.186802
0.206730
0.198037
0.190723
0.202491
0.246522
0.187373
0.196556
0.206174
0.202729
0.206458
0.202993
0.206748
0.205965
0.201954
0.207179
0.207642
0.190449
0.204678
0.195034
0.208889
0.188461
0.176347
0.211248
0.197552
0.194804
0.202527
0.200660
0.201464
0.216892
0.199164
0.193584
0.199785
0.223941
0.202104
0.204127
0.189046
0.193369
0.213604
0.192503
0.197758
0.211021
0.219167
0.224245
0.210314
0.206260
0.198330
0.228425
0.210311
0.205146
0.214994
0.188560
0.191743
0.176089
0.197322
0.196863
0.213764
0.208430
0.182110
0.221838
0.218117
0.212707
0.202724
0.179605
0.201611
0.191187
0.194482
0.191706
0.217950
0.200649
0.227386
0.193920
0.187675
0.206944
0.208409
0.185428
0.187367
0.196199
0.196293
0.194961
0.191997
0.194518
0.199445
0.197129
0.206929
0.202327
0.221818
0.232156
0.201560
0.214288
0.221279
0.197582
0.219365
0.221504
0.182705
0.206576
0.228441
0.197849
0.196213
0.196523
0.224424
0.212657
0.211393
0.207982
0.212908
0.213932
0.193336
0.213701
0.182415
0.201079
0.207010
0.197168
0.188117
0.195112
0.213080
0.191672
0.201092
0.205290
0.201831
0.210617
0.193928
0.200403
0.200601
0.190714
0.183805
0.181476
0.199252
0.196046
0.188635
0.183985
0.228832
0.202160
0.190870
0.193235
0.218056
0.217034
0.200349
0.210444
0.209788
0.222763
0.221575
0.210804
0.177956
0.221689
0.212489
0.239478
0.215022
0.202446
0.189367
0.192193
0.223804
0.203379
0.208442
0.228324
0.220520
0.201001
0.185779
0.209394
0.208755
0.217592
0.200561
0.200463
0.222629
0.196280
0.185611
0.204654
0.204333
0.223470
0.180661
0.196447
0.210518
0.201051
0.202375
0.200949
0.205296
0.199572
0.212115
0.218700
0.212405
0.197492
0.230172
0.247656
0.236851
0.185585
0.187167
0.187960
0.212806
0.205806
0.189341
0.196440
0.233745
0.213198
0.197117
0.216669
0.183547
0.222748
0.201222
0.178749
0.186258
0.210213
0.174474
0.192988
0.216843
0.196175
0.235926
0.199738
0.192740
0.197496
0.204686
0.187650
0.221359
0.195266
0.203990
0.220315
0.213597
0.211402
0.186345
0.263253
0.243468
0.191987
0.197631
0.211163
0.221543
0.201998
0.200535
0.208699
0.210209
0.201903
0.186978
0.213465
0.209577
0.218399
0.225133
0.212383
0.224141
0.190885
0.185266
0.196819
0.223913
0.216814
0.206237
0.201884
0.191595
0.213750
0.202379
0.201777
0.203624
0.214092
0.178827
0.195779
0.179797
0.190036
0.193887
0.205188
0.183095
0.193641
0.209309
0.189870
0.232966
0.238865
0.224630
0.203942
0.207180
0.249907
0.225159
0.202399
0.218575
0.225300
0.182041
0.226507
0.198149
0.195600
0.220797
0.220379
0.197021
0.198707
0.206353
0.215225
0.202244
0.210848
0.181586
0.191254
0.214808
0.203541
0.203627
0.204225
0.193182
0.204782
0.218914
0.202325
0.188528
0.196515
0.213050
0.198684
0.200232
0.208767
0.209658
0.224911
0.212029
0.230308
0.266663
0.195404
0.181895
0.194267
0.230638
0.191739
0.197686
0.189554
0.191547
0.204759
0.206374
0.227348
0.198235
0.186897
0.221474
0.218774
0.211958
0.209800
0.215800
0.193101
0.187903
0.198515
0.188737
0.190718
0.217588
0.213399
0.215293
0.221736
0.192729
0.195295
0.227689
0.217985
0.202978
0.191749
0.201761
0.206493
0.210929
0.234846
0.197054
0.198933
0.240746
0.212457
0.209042
0.187326
0.197347
0.198735
0.199667
0.221448
0.194873
0.202289
0.196991
0.206358
0.205712
0.230078
0.221287
0.202047
0.194397
0.199810
0.213281
0.204545
0.218684
0.188133
0.194799
0.200100
0.211944
0.195412
0.193564
0.192231
0.235275
0.217777
0.223833
0.166896
0.210525
0.210075
0.223435
0.211706
0.215578
0.206866
0.208195
0.188939
0.193810
0.225653
0.226234
0.197121
0.210294
0.198834
0.184969
0.186073
0.215499
0.208210
0.201961
0.194080
0.194357
0.230593
0.189258
0.201225
0.205970
0.198143
0.189476
0.205895
0.201540
0.195622
0.220155
0.194301
0.197029
0.208009
0.210419
0.191245
0.196066
0.176515
0.199992
0.191606
0.175692
0.193384
0.205023
0.208149
0.218778
0.197211
0.195199
0.207142
0.223881
0.190864
0.229925
0.201122
0.197568
0.221923
0.220008
0.196636
0.197579
0.225727
0.199351
0.186944
0.201700
0.193785
0.208712
0.217247
0.187260
0.195021
0.202078
0.209130
0.197815
0.213094
0.184903
0.198354
0.219524
0.176387
0.181580
0.198783
0.223296
0.213473
0.187849
0.189871
0.211013
0.205608
0.203498
0.187841
0.221596
0.201251
0.201154
0.211648
0.207010
0.216870
0.199481
0.185396
0.209597
0.207937
0.181001
0.197441
0.190123
0.184160
0.202917
0.189554
0.196618
0.210575
0.191116
0.192694
0.216080
0.202095
0.176920
0.179577
0.176482
0.197184
0.223974
0.218193
0.189029
0.202429
0.207196
0.252146
0.199335
0.195578
0.200153
0.207780
0.213566
0.193006
0.231603
0.207138
0.231811
0.218724
0.198859
0.198404
0.198134
0.179424
0.225596
0.220887
0.200212
0.206745
0.219120
0.227996
0.197639
0.234128
0.202236
0.201332
0.229276
0.201740
0.223659
0.212408
0.208097
0.234049
0.211574
0.184181
0.193596
0.196491
0.204290
0.213764
0.205682
0.195155
0.199992
0.215740
0.190230
0.192422
0.206921
0.185582
0.179129
0.200222
0.227426
0.190599
0.194328
0.213324
0.194261
0.221596
0.215965
0.202200
0.218810
0.188472
0.209394
0.209007
0.197030
0.186787
0.214314
0.208896
0.232502
0.210699
0.196221
0.195847
0.209511
0.192469
0.166888
0.190777
0.197114
0.191600
0.214517
0.196644
0.230371
0.240496
0.203174
0.199705
0.207182
0.194860
0.198732
0.198656
0.193984
0.199502
0.213232
0.223904
0.209580
0.181867
0.211003
0.209833
0.211915
0.168555
0.199651
0.211695
0.194663
0.191687
0.197501
0.194697
0.210167
0.189709
0.216848
0.217581
0.206022
0.226249
0.196194
0.185664
0.187597
0.198915
0.188176
0.210022
0.210201
0.202696
0.173924
0.202533
0.191990
0.217680
0.205541
0.204062
0.210297
0.212380
0.190983
0.193739
0.186451
0.212463
0.195155
0.184729
0.200175
0.203562
0.223073
0.188063
0.237824
0.224236
0.220756
0.218624
0.219255
0.229855
0.229832
0.188911
0.214756
0.183164
0.213203
0.215426
0.187005
0.201418
0.215871
0.206192
0.241066
0.201738
0.199790
0.217542
0.182493
0.197677
0.184815
0.218836
0.193714
0.214004
0.169116
0.211071
0.255414
0.188711
0.189731
0.193401
0.191261
0.193552
0.211298
0.207695
0.208641
0.185616
0.200956
0.206590
0.185205
0.181050
0.176313
0.223556
0.196780
0.200661
0.197588
0.215662
0.183572
0.178468
0.170387
0.206853
0.225434
0.211983
0.188339
0.224603
0.213808
0.199536
0.197037
0.201696
0.186977
0.220259
0.230826
0.217152
0.201708
0.186990
0.208987
0.184786
0.180602
0.188337
0.189796
0.194835
0.193347
0.206970
0.206103
0.218816
0.204726
0.194066
0.193630
0.204970
0.199194
0.202059
0.207861
0.210646
0.200137
0.214034
0.214260
0.241923
0.172334
0.228939
0.200374
0.185903
0.202205
0.228125
0.196741
0.213001
0.231828
0.199078
0.208948
0.185459
0.177922
0.178091
0.202230
0.212626
0.196828
0.199756
0.174530
0.181935
0.187239
0.204550
0.189767
0.191591
0.200711
0.184477
0.199342
0.200162
0.236319
0.213306
0.250526
0.213016
0.213602
0.183309
0.243562
0.184402
0.193033
0.188554
0.234307
0.203986
0.186290
0.182806
0.190594
0.203994
0.210654
0.196425
0.203873
0.193649
0.201730
0.199681
0.219911
0.214499
0.209294
0.190746
0.201165
0.218704
0.219128
0.195750
0.193823
0.191478
0.225501
0.215484
0.216621
0.192890
0.203232
0.182229
0.196234
0.198156
0.177991
0.187368
0.220298
0.199990
0.205272
0.193844
0.203046
0.194363
0.190866
0.217834
0.199085
0.176859
0.186639
0.196457
0.188406
0.183017
0.213672
0.209280
0.195193
0.190008
0.184039
0.188164
0.190317
0.210509
0.178189
0.208776
0.209110
0.207478
0.213140
0.203510
0.211108
0.205434
0.210117
0.237695
0.189099
0.231391
0.218175
0.196626
0.186381
0.204584
0.195235
0.202731
0.205536
0.205529
0.186370
0.186254
0.189316
0.195988
0.208604
0.210889
0.188142
0.191757
0.191174
0.200308
0.212348
0.178133
0.178238
0.182442
0.209371
0.193404
0.201291
0.199903
0.210756
0.193832
0.194053
0.209986
0.232642
0.193336
0.202299
0.192021
0.205251
0.206276
0.220547
0.224229
0.198797
0.210824
0.213046
0.221147
0.235007
0.221642
0.209163
0.192976
0.180490
0.187147
0.224219
0.224731
0.203599
0.196025
0.204538
0.240566
0.187436
0.179380
0.195005
0.190470
0.198505
0.210524
0.199244
0.205385
0.195703
0.194073
0.199063
0.184608
0.201018
0.202247
0.205918
0.188509
0.225459
0.220506
0.201683
0.207217
0.169471
0.182152
0.206330
0.196372
0.213563
0.216972
0.215158
0.205615
0.205197
0.201311
0.215536
0.202190
0.217359
0.212873
0.195530
0.193714
0.200025
0.217498
0.211125
0.212095
0.186378
0.195531
0.199029
0.196452
0.212767
0.213132
0.200872
0.215970
0.193291
0.196369
0.207253
0.193218
0.197145
0.200334
0.198846
0.178948
0.211330
0.182379
0.200202
0.212964
0.199337
0.206130
0.216974
0.211146
0.206684
0.209117
0.234691
0.229983
0.213795
0.194943
0.207297
0.211636
0.229086
0.203953
0.206958
0.213649
0.207945
0.208761
0.210452
0.208714
0.205163
0.195368
0.213820
0.219996
0.246197
0.205705
0.188296
0.180324
0.186957
0.226205
0.224284
0.232319
0.177477
0.192403
0.226623
0.206583
0.206432
0.198072
0.204758
0.220007
0.201291
0.220565
0.201788
0.222155
0.195824
0.217050
0.218591
0.195341
0.203695
0.200672
0.215758
0.196175
0.192950
0.187023
0.218743
0.202861
0.235509
0.209853
0.205548
0.199076
0.233283
0.206892
0.247515
0.198747
0.213471
0.201102
0.213715
0.207473
0.186766
0.175735
0.191104
0.178165
0.210385
0.207666
0.199270
0.240388
0.202894
0.204858
0.212893
0.216472
0.214016
0.218894
0.194368
0.195919
0.204711
0.211653
0.183291
0.230092
0.202743
0.194689
0.205628
0.226206
0.216488
0.199473
0.194017
0.223431
0.185150
0.223758
0.208299
0.194642
0.193614
0.221087
0.177242
0.173608
0.190450
0.204423
0.167419
0.228059
0.202740
0.208230
0.190794
0.193347
0.228906
0.209805
0.178879
0.191696
0.184762
0.196258
0.212515
0.219108
0.224319
0.221889
0.220340
0.197176
0.198284
0.218273
0.199604
0.191791
0.199153
0.197102
0.191023
0.191336
0.216470
0.205284
0.210831
0.199718
0.187577
0.187113
0.210538
0.200501
0.217499
0.224501
0.233801
0.216649
0.207702
0.195586
0.232439
0.187219
0.197950
0.204509
0.215442
0.196015
0.218149
0.209473
0.195326
0.192437
0.184692
0.192935
0.193477
0.208145
0.218755
0.218341
0.207651
0.205501
0.196765
0.188222
0.224039
0.270104
0.191456
0.198147
0.209122
0.212674
0.209447
0.205479
0.212456
0.220225
0.214516
0.204611
0.200383
0.210757
0.189031
0.218633
0.209699
0.215547
0.212914
0.208418
0.197219
0.196296
0.209530
0.206365
0.210101
0.185270
0.214130
0.212281
0.224726
0.185663
0.192427
0.207255
0.224152
0.192773
0.216584
0.219492
0.211461
0.189697
0.203411
0.224019
0.188366
0.192675
0.182566
0.194966
0.203533
0.197207
0.229361
0.203443
0.188462
0.223478
0.228286
0.211194
0.227142
0.200866
0.193321
0.216085
0.192462
0.193214
0.243546
0.195969
0.208284
0.209149
0.198153
0.233191
0.189718
0.201019
0.186103
0.201227
0.205427
0.207479
0.200306
0.199717
0.197487
0.220574
0.188999
0.184640
0.210853
0.203100
0.199325
0.226315
0.201149
0.199910
0.213275
0.187092
0.181234
0.200940
0.203214
0.231720
0.197544
0.211039
0.199902
0.191729
0.209714
0.202378
0.235674
0.256377
0.191691
0.226162
0.242807
0.218675
0.236087
0.231231
0.186307
0.203842
0.190765
0.199985
0.211640
0.206687
0.194165
0.198159
0.220747
0.221826
0.215846
0.208959
0.176581
0.193497
0.219640
0.212122
0.192294
0.216547
0.204401
0.187795
0.188300
0.227592
0.212881
0.205294
0.215745
0.198654
0.207112
0.182969
0.204984
0.191800
0.205067
0.213539
0.249444
0.210644
0.201585
0.212848
0.196769
0.198306
0.201644
0.202721
0.217618
0.184659
0.196659
0.218246
0.218663
0.193501
0.210176
0.221020
0.204672
0.205730
0.194712
0.216041
0.175887
0.194856
0.187941
0.180068
0.206794
0.213096
0.197613
0.207695
0.216768
0.201525
0.212353
0.192656
0.179546
0.217722
0.181000
0.186577
0.200160
0.206503
0.190138
0.228298
0.194640
0.201323
0.187817
0.226120
0.198180
0.210137
0.204730
0.204642
0.236672
0.219258
0.203309
0.196343
0.232389
0.220393
0.196616
0.217815
0.211212
0.187583
0.182953
0.203276
0.202209
0.185127
0.209307
0.188313
0.209696
0.207963
0.200083
0.215202
0.184626
0.211776
0.207447
0.192161
0.180717
0.206175
0.213079
0.213614
0.226201
0.193747
0.227029
0.218509
0.200522
0.204153
0.189135
0.201030
0.177485
0.190339
0.206650
0.200845
0.207893
0.196988
0.196430
0.225590
0.207757
0.208025
0.209673
0.191020
0.193060
0.198839
0.246190
0.181844
0.200380
0.201282
0.199206
0.229721
0.187907
0.173648
0.192362
0.186543
0.185155
0.212450
0.193565
0.227478
0.206973
0.197365
0.215169
0.206212
0.213650
0.207723
0.207422
0.198129
0.249942
0.198968
0.207328
0.194396
0.216372
0.199938
0.201322
0.187365
0.240582
0.205617
0.178054
0.193253
0.191369
0.184688
0.188497
0.205560
0.195466
0.208021
0.199140
0.192760
0.244504
0.205308
0.229537
0.213995
0.195916
0.217810
0.201263
0.213096
0.211888
0.214392
0.196225
0.206772
0.198724
0.214664
0.214993
0.191189
0.208822
0.186529
0.214005
0.192762
0.196126
0.217249
0.232900
0.205289
0.215818
0.219121
0.203477
0.214558
0.218865
0.213810
0.181797
0.202549
0.200769
0.192006
0.217993
0.204024
0.224852
0.213878
0.199503
0.199673
0.211631
0.201144
0.234101
0.199085
0.197133
0.216398
0.205719
0.202852
0.191963
0.193371
0.183035
0.191637
0.220798
0.175064
0.184226
0.204000
0.211159
0.214015
0.198938
0.212232
0.193901
0.206004
0.188210
0.213802
0.196552
0.198840
0.197275
0.180050
0.174167
0.211729
0.191487
0.197468
0.209214
0.180963
0.212981
0.221155
0.185060
0.219354
0.243514
0.189599
0.183583
0.209559
0.192330
0.186446
0.178977
0.173133
0.193666
0.178572
0.179196
0.192670
0.212165
0.195368
0.199950
0.210036
0.214453
0.235848
0.246729
0.190452
0.199472
0.205944
0.221002
0.212992
0.193791
0.209508
0.187855
0.190379
0.190673
0.186210
0.194814
0.192422
0.197701
0.189626
0.230918
0.203969
0.198801
0.235919
0.207296
0.196012
0.213643
0.196254
0.219475
0.203087
0.196676
0.184696
0.230771
0.197542
0.194575
0.210139
0.205942
0.208562
0.213131
0.208248
0.222109
0.220327
0.197436
0.189347
0.185739
0.190475
0.201851
0.221155
0.186226
0.202279
0.214365
0.195165
0.208201
0.192563
0.197616
0.196791
0.206364
0.222017
0.202561
0.220416
0.203142
0.208341
0.194693
0.239596
0.237761
0.234356
0.227215
0.213756
0.224671
0.198522
0.207782
0.182577
0.196182
0.215334
0.214179
0.202364
0.200228
0.202132
0.186378
0.188925
0.190847
0.192932
0.194314
0.239815
0.194813
0.216016
0.220910
0.194621
0.178307
0.205084
0.175009
0.207766
0.224133
0.183806
0.203079
0.207193
0.210258
0.209866
0.193488
0.182153
0.234610
0.208393
0.196665
0.189893
0.201725
0.208520
0.196226
0.184138
0.215728
0.190729
0.186651
0.206521
0.185087
0.186027
0.194909
0.201906
0.208135
0.218840
0.223984
0.194130
0.193857
0.182367
0.192516
0.203502
0.217210
0.203037
0.200886
0.209026
0.210974
0.176524
0.204098
0.204269
0.207502
0.216099
0.232212
0.220954
0.192609
0.191717
0.218590
0.249145
0.217849
0.223396
0.187649
0.199479
0.188478
0.193932
0.181568
0.186625
0.190888
0.226391
0.217458
0.229008
0.181326
0.208937
0.202541
0.209257
0.194998
0.247867
0.202682
0.208252
0.213775
0.202523
0.198693
0.183247
0.210765
0.215612
0.205853
0.194487
0.231426
0.224344
0.196367
0.194165
0.203643
0.239302
0.221914
0.211993
0.197539
0.184158
0.204405
0.207015
0.185094
0.184942
0.209339
0.210004
0.226492
0.202687
0.186643
0.224592
0.209450
0.191205
0.229793
0.208870
0.209687
0.207309
0.197414
0.211967
0.195779
0.194705
0.184857
0.214809
0.226120
0.196592
0.213133
0.195481
0.229365
0.204347
0.198633
0.211782
0.206872
0.186709
0.192070
0.222706
0.212936
0.200179
0.205873
0.197294
0.209473
0.201411
0.218019
0.295989
0.189776
0.173081
0.224134
0.226044
0.213785
0.191261
0.185310
0.212077
0.222373
0.191530
0.241731
0.186495
0.198047
0.208246
0.218062
0.183422
0.216111
0.198654
0.224815
0.206171
0.214317
0.217779
0.189651
0.231932
0.212034
0.192649
0.199447
0.194852
0.210201
0.217118
0.213565
0.221720
0.184797
0.181716
0.231834
0.209157
0.212179
0.176447
0.208477
0.197100
0.201371
0.216612
0.189223
0.216104
0.197144
0.233351
0.199080
0.226605
0.193459
0.219919
0.204845
0.223685
0.217050
0.217694
0.206775
0.210741
0.267555
0.189571
0.197969
0.199401
0.244812
0.202609
0.210106
0.224520
0.180979
0.187615
0.211524
0.188696
0.207733
0.200235
0.201630
0.216135
0.221885
0.231791
0.205923
0.222464
0.213871
0.201494
0.204872
0.192766
0.181845
0.191280
0.215236
0.202494
0.187549
0.194912
0.186716
0.188517
0.219254
0.248697
0.200943
0.196386
0.212177
0.204467
0.178041
0.220675
0.200011
0.199411
0.221905
0.208655
0.203022
0.217362
0.212761
0.185407
0.236781
0.234253
0.197501
0.186388
0.200129
0.226622
0.199133
0.187077
0.185526
0.184061
0.201408
0.230095
0.194421
0.201802
0.191809
0.196357
0.187597
0.192580
0.209971
0.221231
0.197318
0.200996
0.196417
0.193643
0.238262
0.195358
0.183971
0.187284
0.224777
0.196006
0.187993
0.223328
0.178368
0.195622
0.185199
0.193133
0.218698
0.260524
0.212146
0.180617
0.192304
0.210246
0.199827
0.223104
0.194127
0.205776
0.213549
0.203425
0.229214
0.210627
0.200011
0.172322
0.187389
0.217304
0.207549
0.211216
0.189116
0.201193
0.185966
0.189952
0.207340
0.178322
0.170523
0.177211
0.184312
0.175007
0.214595
0.209925
0.190400
0.224655
0.246453
0.205522
0.232515
0.211310
0.195136
0.205058
0.220788
0.215258
0.228428
0.224819
0.180563
0.205719
0.194838
0.187640
0.206110
0.216879
0.198817
0.184732
0.221588
0.246737
0.198110
0.209746
0.190459
0.197526
0.220186
0.196542
0.214571
0.191025
0.199491
0.188068
0.241179
0.217851
0.199317
0.191827
0.236404
0.208549
0.197492
0.203447
0.213217
0.218814
0.212459
0.191498
0.203545
0.228688
0.200280
0.202327
0.200597
0.205475
0.210240
0.227617
0.228614
0.206156
0.205111
0.203349
0.205154
0.213745
0.206671
0.209267
0.188638
0.194646
0.191693
0.213868
0.228367
0.197264
0.211806
0.201138
0.209991
0.171168
0.218015
0.239537
0.186351
0.197231
0.203338
0.217919
0.203724
0.191730
0.202699
0.220675
0.201643
0.212887
0.204718
0.215296
0.199832
0.215242
0.194855
0.200916
0.193946
0.208225
0.200751
0.210326
0.211761
0.206095
0.197775
0.195329
0.175941
0.208759
0.216504
0.216799
0.199161
0.203146
0.208311
0.199056
0.201225
0.219666
0.199040
0.210088
0.197844
0.188455
0.189489
0.195951
0.192951
0.209836
0.202957
0.262726
0.202670
0.207337
0.194420
0.218046
0.207840
0.255143
0.212528
0.203030
0.209077
0.222499
0.173494
0.204988
0.167418
0.171701
0.193786
0.202735
0.196707
0.243132
0.249617
0.203523
0.190402
0.206012
0.176149
0.193496
0.195620
0.217142
0.223779
0.189411
0.183363
0.191443
0.202853
0.206021
0.204317
0.198723
0.205285
0.200876
0.183635
0.186599
0.218427
0.194968
0.214257
0.192136
0.194069
0.197264
0.193699
0.216859
0.200114
0.210771
0.201637
0.205646
0.219187
0.172909
0.201926
0.205641
0.194404
0.191177
0.191584
0.184439
0.208031
0.189949
0.186225
0.175739
0.174666
0.244367
0.192713
0.288908
0.204568
0.205525
0.200393
0.190870
0.192931
0.191415
0.227100
0.204199
0.212326
0.176669
0.214893
0.184028
0.194706
0.208321
0.184076
0.201738
0.181890
0.194042
0.198528
0.191915
0.218715
0.240532
0.186671
0.226823
0.189485
0.193269
0.211431
0.189280
0.197794
0.218903
0.207109
0.199933
0.187749
0.214046
0.202420
0.206691
0.189461
0.189569
0.224661
0.216963
0.235700
0.196734
0.200170
0.200820
0.199489
0.213690
0.200372
0.176659
0.191450
0.190182
0.188011
0.207764
0.178285
0.182449
0.195976
0.216800
0.199277
0.193616
0.212698
0.184421
0.198138
0.216321
0.201422
0.219748
0.206909
0.210923
0.197630
0.189978
0.191828
0.196424
0.198700
0.189166
0.208147
0.209404
0.230616
0.201730
0.202181
0.183713
0.230094
0.214749
0.192418
0.199348
0.201089
0.192964
0.185392
0.199544
0.205468
0.176421
0.203684
0.190583
0.201184
0.210821
0.216149
0.200314
0.246418
0.189589
0.189260
0.214410
0.227304
0.194342
0.198675
0.222178
0.210100
0.207777
0.169102
0.168249
0.193467
0.193181
0.216877
0.218080
0.199863
0.210490
0.201658
0.202524
0.203556
0.236893
0.196645
0.182761
0.196042
0.187402
0.193827
0.206618
0.189017
0.186400
0.207025
0.207468
0.204257
0.232748
0.206247
0.215171
0.203348
0.200885
0.228601
0.234296
0.219751
0.207470
0.205245
0.230705
0.201700
0.206815
0.201181
0.210630
0.213172
0.209695
0.183776
0.212863
0.193491
0.181252
0.202492
0.182818
0.199551
0.180927
0.204979
0.209462
0.203087
0.225698
0.196909
0.213797
0.212026
0.195731
0.195476
0.217059
0.199584
0.220185
0.200185
0.216640
0.206192
0.196189
0.179044
0.188887
0.218597
0.209711
0.181514
0.188939
0.216526
0.210102
0.196197
0.194303
0.194877
0.186975
0.215926
0.212636
0.236907
0.199648
0.223689
0.219333
0.201459
0.217081
0.218402
0.226658
0.193817
0.190158
0.191819
0.224393
0.184643
0.194056
0.205411
0.223465
0.243160
0.196983
0.191636
0.189219
0.196452
0.192779
0.222547
0.195931
0.213358
0.197545
0.210550
0.210962
0.203598
0.211239
0.203608
0.216265
0.207391
0.220185
0.202534
0.207172
0.214824
0.237180
0.200931
0.218864
0.251867
0.223950
0.235385
0.230182
0.201009
0.198837
0.213524
0.215019
0.215564
0.216755
0.214177
0.213690
0.192074
0.206236
0.201126
0.200279
0.182329
0.193337
0.185054
0.190525
0.201644
0.226316
0.191487
0.186890
0.234122
0.194027
0.216291
0.189959
0.215507
0.222481
0.205647
0.224196
0.205855
0.214841
0.185942
0.195197
0.196241
0.198683
0.245228
0.219146
0.226453
0.202394
0.198386
0.205405
0.199140
0.180989
0.199822
0.210745
0.213096
0.211353
0.220607
0.196173
0.198748
0.193242
0.232242
0.199818
0.210140
0.191732
0.180882
0.234853
0.202446
0.189236
0.185030
0.218058
0.197100
0.208753
0.201659
0.209354
0.202518
0.194559
0.195363
0.202194
0.182510
0.230461
0.188552
0.208081
0.183926
0.214071
0.199660
0.251634
0.183675
0.206836
0.203302
0.197182
0.187165
0.208528
0.200386
0.231374
0.199896
0.205096
0.192546
0.194474
0.222790
0.210335
0.214705
0.189877
0.211996
0.181286
0.185254
0.217329
0.204275
0.190994
0.206694
0.187518
0.194662
0.196271
0.196024
0.211618
0.201832
0.215671
0.194168
0.210735
0.219377
0.207961
0.210130
0.194177
0.208358
0.217451
0.196672
0.185110
0.178642
0.202311
0.201318
0.201562
0.208112
0.223113
0.185134
0.173574
0.187613
0.195331
0.212491
0.215464
0.210759
0.233320
0.200664
0.218235
0.207070
0.195372
0.204566
0.203300
0.221739
0.190247
0.193389
0.182600
0.217371
0.192862
0.191156
0.211098
0.202851
0.205457
0.194920
0.210654
0.211085
0.202360
0.196611
0.212260
0.207543
0.189761
0.204292
0.200320
0.217208
0.201487
0.200021
0.189951
0.211388
0.185607
0.201962
0.202086
0.195925
0.220614
0.187890
0.203453
0.198716
0.210906
0.189384
0.181774
0.218634
0.205099
0.212557
0.198325
0.200722
0.195482
0.190201
0.225415
0.202166
0.204083
0.227709
0.179202
0.184965
0.199234
0.194813
0.202965
0.181571
0.192593
0.195825
0.198755
0.218530
0.195670
0.192585
0.214163
0.203695
0.205705
0.222554
0.194817
0.208957
0.182598
0.204817
0.186403
0.243042
0.240901
0.221298
0.216710
0.183977
0.213489
0.201321
0.184269
0.190014
0.217929
0.206986
0.179318
0.178066
0.212781
0.202724
0.229807
0.240361
0.191504
0.203302
0.208415
0.204449
0.215175
0.191280
0.198515
0.209757
0.183644
0.206747
0.215150
0.186563
0.203234
0.195574
0.206886
0.190734
0.196895
0.216402
0.216270
0.204235
0.199481
0.201086
0.191142
0.181357
0.192776
0.214951
0.230009
0.196274
0.174501
0.194849
0.218829
0.198956
0.181310
0.187244
0.215352
0.185036
0.209758
0.208902
0.209750
0.183493
0.204032
0.196621
0.204342
0.212437
0.230569
0.208963
0.191853
0.202915
0.216092
0.196376
0.195828
0.234978
0.198812
0.218558
0.203456
0.198900
0.221104
0.192112
0.184192
0.230709
0.215097
0.200264
0.192205
0.191772
0.207176
0.200078
0.215195
0.178744
0.190654
0.216086
0.190469
0.214839
0.185271
0.213083
0.182595
0.185407
0.191601
0.223551
0.213886
0.219161
0.209362
0.195819
0.205594
0.203920
0.202104
0.228242
0.188894
0.190792
0.199772
0.213835
0.189525
0.214156
0.191614
0.183224
0.180918
0.204106
0.231797
0.232175
0.221106
0.223955
0.195285
0.190335
0.197964
0.198312
0.205988
0.188572
0.188855
0.263476
0.201634
0.212525
0.207137
0.194419
0.181677
0.217936
0.197421
0.206579
0.179127
0.201809
0.214399
0.194021
0.186051
0.198424
0.175063
0.209706
0.221220
0.205362
0.188367
0.209323
0.187230
0.171198
0.199340
0.199573
0.181693
0.180483
0.206347
0.210464
0.213099
0.218668
0.208549
0.202549
0.192227
0.189332
0.205768
0.189801
0.220724
0.204231
0.191534
0.199517
0.199945
0.194046
0.219455
0.179273
0.192401
0.185208
0.191998
0.207836
0.201503
0.206789
0.200137
0.182208
0.218197
0.202161
0.195696
0.176088
0.210389
0.196940
0.211519
0.188111
0.198321
0.212222
0.195407
0.204370
0.213499
0.197027
0.204141
0.222040
0.209235
0.222095
0.205567
0.210685
0.242257
0.214219
0.190753
0.184237
0.215711
0.190803
0.223350
0.202382
0.223375
0.195163
0.204452
0.197388
0.244294
0.232972
0.215423
0.240299
0.211300
0.198816
0.220481
0.227845
0.208385
0.199973
0.204378
0.184988
0.225049
0.195506
0.206370
0.221282
0.196043
0.210113
0.213595
0.203951
0.186680
0.203588
0.185190
0.206620
0.207749
0.188802
0.204811
0.190454
0.223210
0.225777
0.211124
0.210562
0.190630
0.211157
0.183785
0.190004
0.218702
0.218768
0.201152
0.192450
0.207142
0.205099
0.226822
0.228961
0.196604
0.178166
0.168928
0.179812
0.208116
0.202278
0.204474
0.199786
0.191174
0.192496
0.182341
0.205785
0.192217
0.178641
0.218636
0.221949
0.197097
0.198482
0.192640
0.196631
0.202857
0.203318
0.217730
0.189974
0.220983
0.201005
0.189637
0.194283
0.207712
0.206189
0.191848
0.191721
0.286970
0.189209
0.207091
0.220914
0.198987
0.200542
0.203804
0.219511
0.180784
0.192145
0.258104
0.211524
0.217992
0.194905
0.174390
0.225584
0.198691
0.194384
0.207089
0.201922
0.197182
0.195827
0.189363
0.216345
0.233283
0.205585
0.203022
0.189783
0.203427
0.196702
0.199335
0.203820
0.228194
0.229223
0.202368
0.195823
0.202383
0.227585
0.172179
0.228010
0.202391
0.217417
0.197206
0.198698
0.188898
0.200765
0.211455
0.201672
0.208984
0.195908
0.242426
0.192336
0.201323
0.208354
0.194289
0.177236
0.205282
0.212732
0.204720
0.201554
0.192870
0.185169
0.196239
0.206545
0.176396
0.181006
0.204602
0.217355
0.217167
0.196721
0.199729
0.199538
0.178037
0.187171
0.202652
0.214854
0.204740
0.199003
0.196049
0.205954
0.210937
0.175837
0.205195
0.192748
0.175363
0.183887
0.191575
0.198847
0.221969
0.228101
0.194973
0.217522
0.210974
0.189557
0.198447
0.194519
0.229563
0.232209
0.202240
0.190914
0.193171
0.212768
0.205274
0.209353
0.201257
0.194249
0.208213
0.200251
0.183352
0.190324
0.189902
0.206660
0.204177
0.211130
0.178787
0.178639
0.179451
0.213232
0.196620
0.202518
0.172870
0.243136
0.211538
0.184059
0.215916
0.202327
0.199549
0.209924
0.205248
0.186654
0.174448
0.166749
0.217654
0.204005
0.181067
0.209379
0.229235
0.207974
0.209450
0.202529
0.222375
0.205535
0.200894
0.198017
0.200673
0.195089
0.194859
0.191176
0.200168
0.195732
0.188661
0.213094
0.189626
0.207253
0.226952
0.203436
0.205900
0.200949
0.186988
0.202095
0.205103
0.190536
0.178203
0.196877
0.197332
0.202242
0.220655
0.188537
0.213610
0.187490
0.192518
0.194085
0.210300
0.202337
0.184469
0.196416
0.206147
0.181206
0.217410
0.200769
0.211939
0.188746
0.210804
0.221904
0.217213
0.222899
0.206831
0.188786
0.196690
0.198299
0.194253
0.180436
0.183099
0.203565
0.177310
0.188886
0.203704
0.196794
0.191124
0.218675
0.208381
0.202719
0.194208
0.188771
0.194008
0.227883
0.194777
0.206679
0.201095
0.207714
0.206276
0.208469
0.183441
0.190583
0.196440
0.214230
0.215785
0.182069
0.205758
0.213978
0.191794
0.213719
0.207080
0.181248
0.188109
0.205403
0.211659
0.214423
0.204606
0.200287
0.203770
0.184281
0.206698
0.224683
0.194284
0.217470
0.221810
0.188134
0.207767
0.195107
0.173726
0.173144
0.166255
0.169519
0.208451
0.206682
0.202048
0.208175
0.213338
0.207374
0.239525
0.218834
0.179320
0.206561
0.233081
0.207770
0.209434
0.193545
0.216918
0.187187
0.198885
0.224819
0.209759
0.203799
0.187542
0.246598
0.192140
0.232661
0.217665
0.215158
0.222240
0.208558
0.208498
0.215484
0.197828
0.193847
0.219500
0.217624
0.183097
0.199528
0.201302
0.207227
0.197917
0.191938
0.189783
0.213144
0.204043
0.201498
0.208208
0.187245
0.194229
0.214884
0.209208
0.212663
0.200861
0.193393
0.227197
0.220756
0.215557
0.262127
0.213583
0.214594
0.186072
0.202051
0.209146
0.191359
0.187240
0.222248
0.188284
0.189696
0.191187
0.211541
0.206100
0.207814
0.199951
0.202703
0.207159
0.220295
0.200944
0.196813
0.185060
0.181781
0.195537
0.182018
0.182879
0.197451
0.202109
0.207025
0.197663
0.210881
0.177339
0.202194
0.229005
0.203962
0.209914
0.186321
0.193996
0.197683
0.199133
0.196380
0.201359
0.212579
0.211923
0.218390
0.203862
0.197884
0.224898
0.216475
0.192601
0.192866
0.193784
0.180582
0.199604
0.196870
0.198112
0.194772
0.197085
0.190323
0.202107
0.214384
0.189583
0.213899
0.193778
0.185655
0.179580
0.196172
0.209795
0.195116
0.212091
0.199485
0.183690
0.187168
0.181046
0.188576
0.196784
0.214588
0.189870
0.178277
0.189554
0.220016
0.190835
0.217092
0.201635
0.192045
0.186196
0.190430
0.190988
0.208231
0.197621
0.225307
0.198542
0.189029
0.197325
0.200181
0.194927
0.219434
0.185526
0.197589
0.218850
0.184787
0.210189
0.207066
0.194874
0.222796
0.174305
0.200266
0.200766
0.203774
0.224563
0.213650
0.179172
0.181119
0.202170
0.206367
0.198117
0.198392
0.195943
0.191904
0.206244
0.203791
0.188591
0.184855
0.210822
0.202168
0.178437
0.214938
0.183501
0.206825
0.199183
0.216083
0.212757
0.230717
0.224571
0.210106
0.188060
0.175661
0.210253
0.203889
0.202125
0.177995
0.208313
0.209553
0.183871
0.224995
0.193038
0.181538
0.198147
0.210768
0.177429
0.210768
0.220518
0.208244
0.224056
0.188046
0.202260
0.193449
0.187506
0.192731
0.188045
0.215106
0.199763
0.193815
0.206014
0.192090
0.224458
0.175584
0.204219
0.200537
0.203042
0.199299
0.185204
0.175743
0.174266
0.171494
0.198972
0.183763
0.179038
0.219113
0.215966
0.190147
0.210454
0.202964
0.199430
0.221045
0.177041
0.200005
0.204129
0.190686
0.206615
0.216904
0.197024
0.224692
0.190653
0.182577
0.196057
0.180701
0.209672
0.194830
0.208665
0.212618
0.215981
0.213676
0.215384
0.200242
0.194869
0.203678
0.195385
0.177489
0.177965
0.177513
0.210933
0.211475
0.228312
0.179770
0.229631
0.195752
0.205741
0.203970
0.204499
0.224434
0.192668
0.205577
0.191774
0.213504
0.195539
0.188339
0.229638
0.232177
0.208943
0.215110
0.211047
0.187071
0.207916
0.224260
0.174370
0.195445
0.200794
0.179895
0.203195
0.207158
0.211362
0.198310
0.207361
0.205614
0.205501
0.194216
0.196213
0.208350
0.193533
0.178399
0.200663
0.201181
0.213749
0.190434
0.210742
0.239251
0.187780
0.213900
0.222588
0.181750
0.212802
0.225257
0.242597
0.279236
0.193584
0.205440
0.226212
0.192368
0.198502
0.214416
0.204279
0.213033
0.210394
0.174644
0.208479
0.192082
0.227471
0.204827
0.219638
0.197565
0.200196
0.218394
0.205039
0.186209
0.195328
0.192420
0.184832
0.191982
0.183536
0.203955
0.203764
0.188802
0.204721
0.203305
0.205351
0.184720
0.177778
0.188750
0.194547
0.195433
0.196601
0.211539
0.188276
0.211615
0.186670
0.207456
0.218289
0.201618
0.205253
0.201272
0.194888
0.196045
0.214509
0.191109
0.213641
0.213889
0.210684
0.206515
0.206844
0.206362
0.223381
0.192453
0.193081
0.197000
0.207578
0.204091
0.201737
0.180077
0.191644
0.188158
0.185135
0.221181
0.196737
0.210025
0.192144
0.188456
0.189105
0.200899
0.203460
0.199496
0.248877
0.209870
0.228168
0.209682
0.212995
0.212400
0.203069
0.200054
0.187213
0.213167
0.191671
0.217569
0.201676
0.234515
0.185750
0.175218
0.205116
0.201544
0.204927
0.220539
0.202234
0.190823
0.194122
0.181925
0.229682
0.209976
0.186470
0.194198
0.198040
0.191687
0.192494
0.189516
0.181209
0.172036
0.183190
0.194069
0.200178
0.206105
0.195672
0.199344
0.210511
0.204042
0.201416
0.217937
0.203161
0.219985
0.204027
0.193397
0.215023
0.186653
0.189486
0.224034
0.197767
0.196044
0.209158
0.209567
0.192262
0.210980
0.189734
0.207366
0.225219
0.205300
0.215631
0.247395
0.187635
0.201242
0.198413
0.190078
0.198599
0.244285
0.217673
0.205419
0.195417
0.206686
0.198675
0.191327
0.206570
0.198145
0.195746
0.182151
0.219228
0.220134
0.197787
0.226622
0.221284
0.180608
0.191060
0.212466
0.265580
0.201942
0.199195
0.211718
0.202735
0.190844
0.202915
0.199729
0.223166
0.189094
0.226387
0.208617
0.222601
0.207439
0.200189
0.204430
0.187696
0.184540
0.192763
0.213320
0.202383
0.191593
0.206336
