0.007716
0.179903
0.156072
0.124118
0.151218
0.158004
0.156718
0.153659
0.152211
0.159424
0.155035
0.141916
0.129901
0.143096
0.145812
0.151985
0.146520
0.154509
0.150126
0.131812
0.127756
0.131350
0.142862
0.154260
0.150834
0.122832
0.128835
0.193780
0.153788
0.143348
0.155025
0.151361
0.143082
0.180363
0.129371
0.137957
0.153134
0.160429
0.167104
0.149218
0.160998
0.172358
0.148255
0.143724
0.151686
0.138587
0.178745
0.144601
0.152005
0.145779
0.122745
0.156372
0.148055
0.163581
0.160062
0.163197
0.138484
0.153188
0.130140
0.152445
0.152766
0.158903
0.146112
0.160154
0.132864
0.138862
0.134151
0.140003
0.150015
0.119374
0.169635
0.154554
0.139053
0.148011
0.152559
0.156528
0.149637
0.151653
0.137287
0.147703
0.141857
0.151133
0.147307
0.130460
0.125513
0.192292
0.151397
0.149458
0.143238
0.165669
0.142019
0.171633
0.147795
0.176539
0.134198
0.147341
0.147934
0.145915
0.141894
0.149748
0.150741
0.138679
0.141551
0.139428
0.139238
0.141614
0.161364
0.178778
0.142103
0.158604
0.146559
0.148954
0.189457
0.138235
0.155344
0.145958
0.168056
0.149389
0.182404
0.147551
0.142581
0.157442
0.155382
0.138451
0.136638
0.161702
0.140511
0.132315
0.133296
0.153943
0.172440
0.155607
0.141103
0.170069
0.161962
0.141689
0.152826
0.150574
0.158588
0.124757
0.123564
0.176536
0.144714
0.147401
0.146999
0.160932
0.141379
0.160869
0.152121
0.168513
0.140574
0.137279
0.156831
0.140753
0.136777
0.157142
0.131115
0.155285
0.146368
0.153962
0.153894
0.142238
0.158300
0.145669
0.167139
0.142016
0.170706
0.155096
0.185581
0.158573
0.135970
0.161989
0.158131
0.146142
0.174315
0.139947
0.181682
0.154976
0.174197
0.179572
0.123055
0.166810
0.146031
0.144347
0.158427
0.165222
0.146290
0.187819
0.157937
0.165316
0.146834
0.220281
0.155543
0.152863
0.136505
0.161322
0.142774
0.156440
0.157941
0.149091
0.114845
0.172744
0.151496
0.135780
0.161305
0.153547
0.154997
0.151844
0.145486
0.137376
0.141272
0.162742
0.154085
0.159323
0.128522
0.160485
0.145479
0.150234
0.144269
0.123489
0.140380
0.150518
0.141793
0.140692
0.162780
0.153830
0.148572
0.148698
0.123016
0.141688
0.156313
0.172033
0.163764
0.196081
0.151575
0.143848
0.153380
0.145305
0.166211
0.155213
0.130426
0.165397
0.160048
0.167763
0.165035
0.162202
0.156897
0.149790
0.174394
0.143858
0.150330
0.151554
0.133568
0.151741
0.151921
0.162718
0.148647
0.145322
0.158036
0.138684
0.140646
0.150317
0.151654
0.139859
0.181629
0.178996
0.174413
0.148773
0.183525
0.138769
0.156019
0.148859
0.159849
0.171214
0.163648
0.154737
0.166582
0.145780
0.162495
0.144751
0.177230
0.164610
0.146734
0.139348
0.173161
0.162272
0.139707
0.127974
0.184689
0.146595
0.166916
0.131777
0.157117
0.129139
0.172223
0.171154
0.165430
0.145873
0.160486
0.145948
0.193431
0.136140
0.147227
0.126266
0.167176
0.182162
0.161694
0.145671
0.143900
0.129656
0.141217
0.173110
0.140209
0.159226
0.183977
0.171667
0.120825
0.147020
0.133584
0.128955
0.158866
0.180837
0.159133
0.143537
0.176580
0.120097
0.163458
0.140660
0.141811
0.150800
0.151591
0.145978
0.169747
0.160146
0.154305
0.131960
0.162480
0.165543
0.168068
0.143519
0.169100
0.184906
0.144642
0.158491
0.187272
0.201174
0.146891
0.154280
0.144846
0.146472
0.125254
0.133399
0.144914
0.123746
0.129881
0.115927
0.130144
0.178339
0.145523
0.134740
0.123465
0.158601
0.132552
0.153931
0.140432
0.156916
0.152327
0.123952
0.169894
0.156045
0.131781
0.140494
0.135799
0.135630
0.128420
0.150700
0.142849
0.146275
0.142772
0.161928
0.165538
0.169427
0.194422
0.150066
0.175437
0.120091
0.150955
0.179163
0.172383
0.162038
0.153748
0.164625
0.156745
0.183162
0.144458
0.128899
0.173654
0.156846
0.178536
0.170697
0.170666
0.133467
0.152788
0.165818
0.171470
0.143425
0.155638
0.125816
0.117460
0.209849
0.131460
0.125883
0.145722
0.167877
0.120463
0.154357
0.157102
0.151185
0.151283
0.150041
0.164898
0.146813
0.162011
0.143406
0.165844
0.157542
0.159274
0.129942
0.156308
0.185673
0.146696
0.151871
0.148912
0.160861
0.189726
0.136155
0.175952
0.193066
0.164114
0.159268
0.131772
0.145512
0.162395
0.162159
0.148743
0.143724
0.138166
0.145810
0.150319
0.152430
0.176528
0.143292
0.172233
0.142223
0.155412
0.169043
0.148960
0.148825
0.160387
0.153504
0.158824
0.157987
0.174089
0.139380
0.193576
0.137833
0.147947
0.153582
0.149716
0.199636
0.205190
0.157356
0.156035
0.152149
0.156930
0.127998
0.139007
0.180416
0.142159
0.131478
0.125379
0.124552
0.128582
0.146357
0.154918
0.188142
0.185756
0.147910
0.148455
0.158231
0.146230
0.139932
0.157243
0.141622
0.152812
0.175215
0.167986
0.146962
0.139037
0.142921
0.162498
0.160271
0.158058
0.178351
0.170797
0.169779
0.150890
0.159079
0.133235
0.159243
0.165816
0.143226
0.159074
0.146902
0.141988
0.132888
0.137278
0.150930
0.145862
0.138522
0.155869
0.185801
0.175931
0.155257
0.140124
0.156705
0.142236
0.154728
0.156846
0.161293
0.143103
0.150017
0.170529
0.151013
0.128233
0.165505
0.165741
0.160331
0.143683
0.126176
0.124218
0.158782
0.136355
0.150768
0.166449
0.142256
0.146196
0.142911
0.166412
0.174901
0.156224
0.191229
0.146273
0.134405
0.189869
0.175664
0.141783
0.128069
0.136716
0.162218
0.151495
0.116820
0.134562
0.153265
0.125720
0.159437
0.193202
0.157347
0.141913
0.131281
0.135693
0.155197
0.167313
0.165850
0.152642
0.140262
0.164699
0.188205
0.155851
0.147695
0.134914
0.165147
0.193022
0.143373
0.146180
0.163808
0.145723
0.160834
0.141771
0.126203
0.166790
0.132389
0.146428
0.132555
0.118601
0.161618
0.170232
0.145240
0.152330
0.148817
0.169338
0.153988
0.151103
0.181889
0.170941
0.160987
0.148607
0.141006
0.135121
0.151117
0.154992
0.150920
0.150552
0.143144
0.159745
0.135760
0.165302
0.176433
0.137138
0.142081
0.155219
0.157565
0.144597
0.161776
0.179406
0.158416
0.148114
0.148179
0.150919
0.144088
0.168338
0.160245
0.156320
0.157474
0.183646
0.158892
0.122174
0.138080
0.125183
0.150227
0.152397
0.140989
0.130709
0.119134
0.162637
0.150368
0.131834
0.145610
0.130827
0.156890
0.153583
0.146003
0.149068
0.180197
0.154964
0.144114
0.142286
0.119972
0.168716
0.122573
0.161484
0.163974
0.148785
0.166730
0.123818
0.141274
0.151613
0.130071
0.170321
0.160383
0.173493
0.142986
0.149045
0.142068
0.126131
0.160536
0.172276
0.173817
0.174681
0.139559
0.151651
0.167741
0.161693
0.160434
0.153868
0.170303
0.145726
0.151718
0.148055
0.160898
0.149996
0.161228
0.146960
0.153677
0.155386
0.174564
0.150091
0.164735
0.139697
0.164285
0.190708
0.138425
0.177193
0.151035
0.191638
0.146602
0.148392
0.169940
0.139714
0.148634
0.155611
0.191047
0.143287
0.143917
0.147923
0.138981
0.153041
0.146869
0.138544
0.158330
0.153146
0.147510
0.172296
0.156567
0.146651
0.138389
0.153974
0.175228
0.142903
0.154149
0.134398
0.144661
0.155456
0.149415
0.138018
0.201939
0.157604
0.125818
0.163864
0.140677
0.161620
0.131681
0.144395
0.150080
0.172978
0.184569
0.158936
0.187778
0.157604
0.159194
0.171635
0.170409
0.146628
0.171942
0.155673
0.157029
0.175310
0.160387
0.153397
0.160578
0.152670
0.158352
0.123691
0.160461
0.147211
0.122202
0.154232
0.146538
0.177537
0.145320
0.141588
0.163546
0.165550
0.183562
0.147306
0.169509
0.137412
0.128713
0.129333
0.156856
0.136518
0.181875
0.150340
0.178047
0.118304
0.132078
0.153673
0.155729
0.138059
0.148627
0.169786
0.151664
0.144312
0.140366
0.116533
0.140743
0.139803
0.116739
0.163995
0.177673
0.188242
0.150078
0.200330
0.139729
0.159000
0.141936
0.150854
0.148934
0.170553
0.128966
0.122082
0.124492
0.126700
0.149084
0.156413
0.150548
0.149375
0.161464
0.139612
0.143411
0.176734
0.134645
0.165481
0.143350
0.158982
0.175875
0.148313
0.131742
0.119666
0.131404
0.150373
0.161444
0.154178
0.162105
0.162944
0.153313
0.131905
0.122504
0.143501
0.163696
0.158664
0.199513
0.156698
0.154601
0.136128
0.147716
0.172067
0.169676
0.151785
0.157597
0.146473
0.157718
0.153303
0.129550
0.136225
0.171833
0.142094
0.171532
0.150457
0.149758
0.187234
0.140660
0.143973
0.173774
0.154130
0.152984
0.181126
0.138144
0.159621
0.141019
0.157519
0.140783
0.144650
0.127150
0.136131
0.141803
0.164026
0.183908
0.145365
0.149233
0.139151
0.141739
0.143034
0.150405
0.164048
0.141214
0.129847
0.158965
0.150511
0.157287
0.163674
0.177592
0.155022
0.165538
0.156280
0.141189
0.146220
0.163715
0.144770
0.185224
0.121790
0.161371
0.125675
0.156550
0.149802
0.153390
0.179741
0.158502
0.149654
0.148865
0.144893
0.143975
0.138373
0.146583
0.140578
0.151260
0.147714
0.118974
0.186358
0.167613
0.153222
0.149200
0.160817
0.138106
0.168535
0.149744
0.141549
0.145441
0.194305
0.155564
0.156893
0.153303
0.153431
0.156433
0.163810
0.152284
0.143062
0.147147
0.158275
0.139798
0.159091
0.162097
0.146831
0.139241
0.158561
0.174668
0.170696
0.140294
0.167232
0.161838
0.164634
0.169379
0.146671
0.170770
0.158192
0.182603
0.146100
0.202675
0.141963
0.170242
0.193661
0.161968
0.143100
0.174152
0.152543
0.178758
0.170943
0.120190
0.155725
0.152052
0.160211
0.187883
0.129255
0.134397
0.147990
0.135439
0.155451
0.131214
0.151821
0.173052
0.183321
0.181683
0.140191
0.168483
0.161341
0.156142
0.138175
0.167161
0.161455
0.188882
0.173834
0.151136
0.147939
0.155435
0.123091
0.142749
0.155114
0.141267
0.170957
0.147555
0.158357
0.169176
0.181046
0.156497
0.154655
0.162972
0.152888
0.136968
0.164823
0.171722
0.153350
0.157426
0.158273
0.153846
0.149785
0.155464
0.144069
0.150768
0.141703
0.145996
0.143876
0.183879
0.155069
0.159309
0.137137
0.141870
0.165407
0.173446
0.134933
0.153893
0.155649
0.163675
0.150095
0.137007
0.157850
0.175446
0.169881
0.144025
0.143385
0.134840
0.122424
0.166446
0.120491
0.163177
0.143424
0.154862
0.150445
0.168395
0.145334
0.188610
0.151736
0.151142
0.158944
0.156638
0.123626
0.123056
0.146099
0.140022
0.173144
0.171467
0.142169
0.178898
0.154897
0.165784
0.122042
0.160758
0.159149
0.167269
0.157553
0.138499
0.153917
0.149513
0.175071
0.152079
0.142364
0.138364
0.126073
0.156145
0.154240
0.151334
0.155742
0.139208
0.181474
0.148641
0.141997
0.140538
0.146996
0.130721
0.148478
0.190278
0.144400
0.165027
0.170732
0.155244
0.160642
0.147182
0.161392
0.174832
0.144270
0.168907
0.146687
0.125693
0.139168
0.129921
0.121203
0.160616
0.164165
0.149830
0.149395
0.144137
0.145860
0.153947
0.142098
0.162689
0.155539
0.132635
0.155280
0.165414
0.175067
0.161164
0.138166
0.160840
0.164937
0.142348
0.167077
0.125254
0.150437
0.184988
0.148703
0.161772
0.146486
0.145542
0.170325
0.175858
0.142025
0.147924
0.186560
0.173434
0.140683
0.128429
0.175894
0.178223
0.170838
0.145285
0.160929
0.138224
0.176846
0.150077
0.165286
0.160077
0.141778
0.147707
0.132321
0.135065
0.148181
0.177166
0.161432
0.123712
0.206582
0.145977
0.134216
0.150804
0.152541
0.145935
0.152632
0.145411
0.168764
0.159546
0.155839
0.169708
0.123774
0.147396
0.146968
0.148042
0.154542
0.144176
0.150313
0.141783
0.174304
0.161491
0.144910
0.162111
0.187887
0.193846
0.160910
0.123287
0.150596
0.152401
0.128866
0.148500
0.128610
0.135238
0.130304
0.149359
0.137571
0.128481
0.162783
0.158127
0.149824
0.156199
0.165054
0.180771
0.151300
0.147836
0.131619
0.175786
0.176159
0.154233
0.153613
0.191759
0.141172
0.152793
0.149173
0.170477
0.163375
0.137373
0.120959
0.156050
0.151536
0.163119
0.148543
0.151114
0.141284
0.148095
0.128984
0.140470
0.142621
0.165479
0.180895
0.146535
0.155564
0.137010
0.158409
0.137772
0.125195
0.154141
0.168059
0.151793
0.137177
0.165466
0.132238
0.121716
0.162028
0.127945
0.156088
0.166574
0.123566
0.134261
0.140186
0.158684
0.138596
0.161237
0.154197
0.174676
0.139601
0.146165
0.157869
0.175169
0.165890
0.151924
0.149303
0.143336
0.158797
0.143873
0.149287
0.129314
0.144255
0.173441
0.132293
0.173421
0.148754
0.129638
0.180925
0.153937
0.183927
0.150224
0.153546
0.141731
0.125435
0.126570
0.156119
0.117381
0.150696
0.118093
0.141818
0.169598
0.168042
0.153885
0.155831
0.156781
0.158300
0.182093
0.161662
0.150500
0.169914
0.137939
0.182271
0.154598
0.171822
0.134509
0.148121
0.149981
0.153252
0.142438
0.146678
0.159290
0.132094
0.154038
0.153207
0.164565
0.150530
0.185179
0.163422
0.146676
0.123599
0.133217
0.165725
0.171903
0.160108
0.159359
0.165514
0.179843
0.177328
0.150760
0.172687
0.158607
0.157602
0.165922
0.169625
0.170875
0.159262
0.146081
0.148579
0.138083
0.161312
0.154269
0.141390
0.139309
0.169065
0.137236
0.163994
0.203804
0.136761
0.145764
0.159599
0.170031
0.157429
0.142387
0.179410
0.152606
0.145381
0.191937
0.189686
0.157051
0.137540
0.139578
0.146604
0.146667
0.158798
0.190305
0.144722
0.162755
0.142207
0.170334
0.189137
0.137285
0.166822
0.145859
0.141659
0.142995
0.168160
0.184961
0.144101
0.142930
0.163739
0.150800
0.141762
0.160991
0.150024
0.128923
0.155238
0.176309
0.147428
0.125639
0.158447
0.155424
0.147855
0.146074
0.158458
0.138251
0.139782
0.149723
0.140691
0.166994
0.159235
0.177320
0.141321
0.135041
0.165792
0.166245
0.160365
0.134190
0.144052
0.172033
0.163552
0.147992
0.157540
0.121172
0.177384
0.137159
0.131447
0.126666
0.154880
0.151763
0.155304
0.174702
0.147625
0.139131
0.137377
0.152258
0.140647
0.124900
0.125610
0.152289
0.181836
0.145727
0.137188
0.169886
0.151053
0.133538
0.131972
0.158238
0.145412
0.193969
0.141535
0.141977
0.153739
0.146517
0.151880
0.150747
0.141777
0.150021
0.159124
0.155021
0.147527
0.163255
0.157378
0.160105
0.161224
0.122986
0.150323
0.158428
0.152630
0.128145
0.155526
0.176022
0.134595
0.157942
0.131065
0.132310
0.160504
0.141437
0.137014
0.131061
0.141206
0.112090
0.129768
0.145030
0.182117
0.168183
0.162431
0.166868
0.138081
0.156092
0.173454
0.138579
0.145395
0.155885
0.163593
0.143665
0.144825
0.168088
0.147432
0.144092
0.153410
0.155639
0.176887
0.132371
0.178695
0.125077
0.150667
0.151370
0.178392
0.148534
0.174789
0.169930
0.151516
0.187861
0.153283
0.154190
0.142796
0.177177
0.158820
0.182325
0.166289
0.182547
0.188221
0.172289
0.142571
0.134964
0.154887
0.159815
0.142329
0.140222
0.218385
0.127390
0.133152
0.144200
0.147692
0.120410
0.119996
0.173088
0.158843
0.144890
0.146427
0.144789
0.159032
0.143766
0.170467
0.174983
0.169191
0.150597
0.173636
0.144934
0.136921
0.154505
0.168759
0.138606
0.154265
0.121458
0.150730
0.139641
0.122072
0.182308
0.152282
0.178833
0.150759
0.175107
0.130044
0.126943
0.127949
0.152244
0.158470
0.156921
0.204153
0.173284
0.145858
0.146139
0.166384
0.148757
0.154764
0.137977
0.149440
0.150720
0.164843
0.150355
0.153258
0.188085
0.173693
0.191108
0.139240
0.142181
0.141783
0.160191
0.145365
0.143452
0.169083
0.147564
0.153300
0.140169
0.148774
0.137195
0.128476
0.160353
0.166934
0.147369
0.193868
0.143371
0.175861
0.159619
0.152934
0.153817
0.158872
0.188286
0.162876
0.193302
0.158257
0.134926
0.173302
0.167769
0.146747
0.156326
0.141016
0.146596
0.144221
0.144947
0.178364
0.148322
0.148218
0.189897
0.144106
0.140068
0.124008
0.176553
0.144382
0.191895
0.167251
0.151841
0.162939
0.175489
0.151402
0.147027
0.150717
0.155310
0.131480
0.153878
0.161651
0.153779
0.174150
0.145148
0.167122
0.153625
0.140414
0.122740
0.156141
0.168792
0.171705
0.163742
0.139689
0.142345
0.160395
0.151543
0.158886
0.141718
0.127642
0.161692
0.128624
0.161419
0.142408
0.149678
0.143875
0.129140
0.182465
0.173282
0.149959
0.175073
0.142897
0.147153
0.158246
0.122792
0.151862
0.158642
0.133776
0.123239
0.156417
0.147702
0.158911
0.151019
0.131750
0.146239
0.139482
0.161716
0.164911
0.138854
0.129496
0.163983
0.181300
0.143874
0.135219
0.119984
0.119705
0.138018
0.197314
0.124702
0.135632
0.171131
0.150362
0.176074
0.163809
0.127637
0.139380
0.143787
0.162415
0.169243
0.144086
0.132329
0.136278
0.182859
0.125331
0.167505
0.153426
0.148969
0.147820
0.165521
0.146487
0.172219
0.151684
0.179461
0.141391
0.150761
0.144903
0.139512
0.145365
0.131201
0.153067
0.146298
0.146385
0.155068
0.158475
0.129232
0.192353
0.151875
0.143396
0.170198
0.134449
0.147366
0.166299
0.187364
0.151168
0.142870
0.134147
0.165978
0.203009
0.164508
0.159674
0.129292
0.169703
0.165994
0.148563
0.175112
0.156838
0.148528
0.146525
0.141234
0.163499
0.148952
0.212306
0.183913
0.145229
0.180799
0.145583
0.160247
0.152862
0.168950
0.178772
0.158559
0.143549
0.167160
0.159073
0.190262
0.145281
0.139453
0.150824
0.157975
0.146765
0.157929
0.174372
0.145849
0.123220
0.151993
0.168825
0.154994
0.152512
0.147952
0.162579
0.177053
0.131491
0.123762
0.159971
0.186167
0.139595
0.161165
0.158832
0.162141
0.120762
0.158304
0.150166
0.127261
0.161996
0.134345
0.182708
0.158868
0.142768
0.130652
0.168469
0.190017
0.144526
0.182986
0.170823
0.185641
0.138979
0.188831
0.123593
0.120898
0.163238
0.156632
0.137304
0.162253
0.126736
0.146207
0.129220
0.125485
0.179162
0.166242
0.151675
0.151941
0.157176
0.143106
0.198874
0.174996
0.155115
0.144919
0.162915
0.141011
0.123211
0.149971
0.171506
0.145788
0.141919
0.172462
0.167466
0.149082
0.166113
0.143117
0.139868
0.147057
0.171584
0.166921
0.163332
0.139944
0.115678
0.131958
0.135776
0.140542
0.139243
0.170657
0.142969
0.151835
0.157458
0.170738
0.131323
0.153633
0.135902
0.121667
0.148764
0.164300
0.152590
0.147383
0.197603
0.144467
0.146097
0.157259
0.153213
0.149328
0.150114
0.169296
0.159713
0.157709
0.137202
0.154181
0.141488
0.122033
0.145061
0.176575
0.145360
0.178237
0.147817
0.148168
0.138412
0.162941
0.162192
0.135808
0.130226
0.161816
0.167147
0.158952
0.153509
0.155007
0.121956
0.155311
0.164856
0.156572
0.123133
0.162077
0.158337
0.132228
0.147099
0.165458
0.149598
0.144481
0.143192
0.168323
0.155655
0.163126
0.156702
0.165426
0.154501
0.141362
0.182086
0.159475
0.143962
0.126042
0.154147
0.155462
0.131164
0.157725
0.178726
0.157447
0.141016
0.168547
0.162719
0.131073
0.142119
0.170673
0.151901
0.128409
0.129677
0.121744
0.126708
0.136470
0.122207
0.149317
0.154328
0.137862
0.159706
0.184910
0.145061
0.142495
0.121960
0.153865
0.143699
0.177106
0.154858
0.152984
0.130343
0.145525
0.139284
0.176346
0.144735
0.141513
0.136480
0.128382
0.159920
0.166674
0.139487
0.151098
0.156471
0.151368
0.139179
0.146860
0.144829
0.186980
0.143575
0.147005
0.186721
0.130363
0.151310
0.167633
0.160560
0.169746
0.152639
0.143776
0.144254
0.153744
0.145119
0.149232
0.150575
0.126504
0.120191
0.165556
0.168835
0.139664
0.165825
0.151188
0.149158
0.140161
0.147312
0.157532
0.145174
0.143487
0.158488
0.143865
0.161490
0.143106
0.146372
0.144147
0.122987
0.162457
0.158762
0.127421
0.164757
0.153787
0.141077
0.146685
0.128094
0.201538
0.164607
0.160774
0.136471
0.144829
0.159826
0.140776
0.190572
0.160297
0.136222
0.155904
0.185240
0.121894
0.126053
0.155394
0.161599
0.186643
0.156260
0.146087
0.160273
0.194874
0.139557
0.156232
0.161089
0.152614
0.121456
0.170354
0.143029
0.142864
0.161861
0.138046
0.167873
0.160313
0.173605
0.166153
0.164361
0.172728
0.132393
0.190413
0.170154
0.174161
0.152362
0.154130
0.146418
0.132642
0.164538
0.161043
0.200157
0.150837
0.189919
0.170255
0.163289
0.158831
0.150360
0.150234
0.148454
0.137422
0.198457
0.142525
0.138999
0.161816
0.166054
0.133425
0.149505
0.147828
0.149226
0.154417
0.146238
0.158012
0.141023
0.134115
0.151353
0.142745
0.162001
0.144016
0.148507
0.145927
0.163285
0.158714
0.166694
0.147281
0.148356
0.152496
0.151160
0.163002
0.144857
0.140858
0.166462
0.121624
0.172523
0.124419
0.137834
0.141222
0.149204
0.158111
0.163262
0.166384
0.170007
0.168417
0.164803
0.152966
0.161538
0.155391
0.149769
0.170422
0.163419
0.175978
0.174134
0.124944
0.124309
0.152702
0.136179
0.146763
0.154736
0.152451
0.149380
0.128953
0.131656
0.153185
0.153907
0.158047
0.165557
0.164417
0.152046
0.163579
0.163200
0.153915
0.154468
0.131524
0.135081
0.126319
0.170309
0.156432
0.152515
0.123646
0.146537
0.121647
0.124141
0.147653
0.119300
0.154480
0.168163
0.153173
0.148716
0.151274
0.170707
0.153468
0.144952
0.147866
0.151138
0.167873
0.139961
0.141468
0.149511
0.152298
0.144310
0.139915
0.153039
0.167023
0.161667
0.151740
0.169418
0.157528
0.143729
0.158237
0.145445
0.173423
0.148031
0.161603
0.144297
0.149822
0.127079
0.143219
0.150879
0.164584
0.137161
0.176979
0.158659
0.147102
0.153330
0.161282
0.190111
0.156295
0.178468
0.161849
0.179666
0.160246
0.172821
0.126901
0.139295
0.121741
0.159210
0.157376
0.139072
0.157557
0.148720
0.157997
0.129653
0.133815
0.161014
0.154330
0.155067
0.127181
0.187172
0.152380
0.144230
0.163139
0.174774
0.174915
0.156327
0.143793
0.127063
0.130739
0.166317
0.131908
0.127797
0.149125
0.169846
0.172774
0.170701
0.149888
0.154924
0.144718
0.156390
0.174344
0.140112
0.136617
0.158290
0.126377
0.166904
0.173334
0.159560
0.146024
0.163666
0.164922
0.151339
0.151660
0.168580
0.153636
0.177266
0.187099
0.176273
0.143426
0.141680
0.144951
0.148039
0.148466
0.171328
0.141865
0.162542
0.142664
0.150914
0.134808
0.155744
0.179160
0.160454
0.175093
0.159361
0.158884
0.134816
0.139385
0.161720
0.179501
0.117105
0.132194
0.129023
0.179403
0.140160
0.153475
0.183019
0.156557
0.193976
0.154030
0.136327
0.170355
0.113761
0.186946
0.124462
0.165458
0.169131
0.158046
0.158827
0.152977
0.155412
0.135168
0.162476
0.150260
0.151304
0.159843
0.146234
0.128356
0.160323
0.159511
0.146000
0.130725
0.141735
0.159003
0.177121
0.146163
0.160484
0.172065
0.153721
0.138549
0.210779
0.152545
0.146591
0.135517
0.152960
0.155678
0.131725
0.162900
0.149216
0.155220
0.172525
0.161032
0.129482
0.156331
0.161304
0.124844
0.116096
0.144175
0.160027
0.148194
0.186277
0.137445
0.127927
0.174909
0.147224
0.161557
0.152604
0.160156
0.150338
0.177709
0.167571
0.168688
0.158602
0.148011
0.180584
0.131205
0.167170
0.164822
0.158255
0.132277
0.156227
0.156709
0.152194
0.155474
0.175783
0.144510
0.155847
0.163101
0.159077
0.146504
0.148473
0.160089
0.163922
0.166674
0.163547
0.161240
0.146122
0.164361
0.156103
0.155273
0.156165
0.147963
0.148442
0.156566
0.148332
0.170395
0.165599
0.164300
0.154076
0.154253
0.178287
0.148682
0.167693
0.157144
0.151359
0.166888
0.172622
0.153893
0.137727
0.140833
0.151020
0.157371
0.142644
0.151003
0.140508
0.153577
0.169208
0.127832
0.160697
0.150296
0.173350
0.159276
