584	439	120	168
586	445	110	159
578	444	116	159
593	457	105	174
592	463	93	159
601	473	103	169
595	478	112	163
594	478	114	161
592	480	139	163
582	468	134	170
585	482	130	177
586	462	127	193
590	465	123	189
588	433	141	198
592	430	137	186
625	429	123	178
624	409	142	155
627	394	135	168
632	370	129	151
638	349	115	141
639	320	112	159
641	300	131	168
644	311	132	156
656	327	118	161
646	347	128	169
623	369	155	168
648	404	154	161
656	416	138	153
654	446	127	150
651	478	121	150
638	524	116	152
637	543	189	67
626	521	263	16
632	574	134	78
628	571	108	108
639	579	93	123
644	580	104	110
649	589	109	118
654	567	118	110
662	564	166	45
657	550	144	99
646	493	203	103
650	482	131	194
674	477	116	149
673	450	117	120
681	427	123	122
661	365	142	139
665	335	155	178
654	330	160	164
654	317	155	167
652	318	151	181
647	333	153	172
648	330	149	166
640	343	156	172
642	359	147	176
639	412	145	156
628	448	166	147
623	448	162	143
634	451	155	176
639	465	156	165
646	475	152	156
652	482	150	147
644	480	162	144
658	477	145	146
658	473	151	147
666	475	149	144
667	469	151	147
668	473	151	142
666	470	155	142
668	467	155	144
668	463	158	146
670	459	157	146
668	462	162	147
673	449	157	154
667	454	168	148
672	447	164	149
673	437	164	152
675	443	162	140
669	440	168	135
681	424	157	132
693	409	134	125
704	389	114	105
696	403	118	91
706	357	104	127
707	339	114	137
692	349	151	127
697	347	114	150
677	326	138	152
675	339	140	147
682	349	145	155
687	325	148	157
689	336	121	156
690	354	139	142
699	326	140	156
696	340	114	151
675	321	126	175
694	342	138	133
701	322	131	127
675	328	162	134
680	329	146	119
678	332	108	147
699	335	145	130
683	341	149	130
695	346	121	159
695	410	120	112
683	449	155	139
686	454	143	134
661	497	164	156
675	546	143	146
684	557	149	124
697	582	135	112
693	574	190	77
700	591	113	108
762	473	199	58
693	569	146	132
694	535	165	135
694	520	175	147
702	480	153	152
713	425	136	149
717	358	122	160
693	336	115	158
687	317	115	183
671	261	159	197
686	212	135	250
677	195	169	210
679	182	152	184
675	208	120	287
674	197	159	134
663	191	174	140
664	191	174	152
660	203	165	192
665	211	170	205
667	247	162	240
664	301	160	198
667	327	152	184
668	384	147	155
668	385	142	152
665	437	150	159
667	444	159	162
672	451	162	157
678	456	159	147
676	460	163	148
686	458	152	149
690	461	164	157
698	451	164	161
698	456	162	149
699	456	175	156
704	445	155	160
713	438	174	165
710	438	164	155
717	429	174	156
720	432	153	149
706	406	175	169
711	406	147	159
705	395	174	167
703	391	142	172
698	395	174	177
692	376	151	197
680	384	168	202
674	394	167	185
660	404	171	180
670	383	164	203
657	398	166	187
644	408	171	171
644	405	158	171
631	414	181	169
635	413	164	166
628	425	181	165
636	444	151	148
637	482	140	122
649	501	149	109
638	502	142	113
639	507	155	124
633	509	143	119
621	512	173	127
606	512	181	128
630	510	169	130
612	511	192	132
623	509	173	139
619	516	168	136
624	521	187	129
608	519	186	138
628	517	178	140
642	515	142	127
638	477	127	109
711	410	166	135
676	208	213	198
581	279	228	180
600	204	199	214
591	165	206	181
624	122	164	174
645	141	156	162
576	109	229	167
581	107	331	307
567	31	392	410
575	70	294	349
579	84	316	332
573	64	311	350
579	23	348	383
590	41	387	409
586	71	352	348
625	100	292	336
562	107	402	321
635	110	336	317
567	68	359	343
586	56	243	344
586	133	378	332
594	51	276	333
614	78	285	350
690	121	312	349
626	39	320	368
692	96	203	290
763	202	471	346
631	94	340	334
606	57	348	365
590	49	331	365
579	59	345	336
591	75	378	319
728	128	271	287
559	99	421	322
641	102	333	310
584	92	348	302
601	101	381	285
631	110	337	288
569	118	396	293
731	169	256	249
544	117	428	307
601	103	385	319
704	138	236	274
557	156	423	236
595	111	391	294
717	153	227	250
540	119	395	283
576	112	383	292
688	137	287	263
541	103	415	301
584	88	359	339
674	133	296	275
607	90	341	308
600	83	365	311
634	107	320	298
633	134	330	260
573	105	420	285
747	153	184	246
615	102	273	329
590	73	370	330
715	139	231	262
563	113	324	300
588	96	350	301
615	51	358	346
610	100	313	277
677	175	296	216
541	108	393	311
588	100	382	314
782	175	145	231
661	0	221	230
656	129	381	369
580	65	398	348
759	143	182	259
615	37	368	413
609	74	350	336
700	115	245	286
569	69	448	329
726	130	269	284
606	73	384	334
624	34	345	371
730	165	308	297
571	55	426	322
708	137	320	329
689	132	329	368
623	75	381	406
732	184	281	299
839	276	170	263
681	0	153	166
672	0	153	152
666	0	149	142
674	2	156	137
657	0	160	136
673	3	141	138
652	0	156	136
668	4	134	137
659	0	157	134
655	3	145	137
665	3	144	131
648	9	146	128
661	9	144	123
645	6	147	131
659	10	134	124
646	9	150	123
653	9	132	121
644	14	158	123
643	10	141	126
647	10	134	122
645	15	160	134
631	15	155	130
645	14	126	128
634	11	171	140
628	13	155	134
643	15	127	127
639	14	146	122
645	18	128	116
637	14	151	117
646	16	127	116
646	17	143	110
639	15	148	124
648	14	128	125
646	10	179	170
632	49	237	266
599	196	464	411
541	193	213	419
598	212	562	391
578	104	349	473
564	164	355	423
569	176	408	451
584	188	414	441
569	213	251	419
561	411	220	237
552	431	111	182
553	436	155	221
563	457	299	132
562	409	369	156
572	56	200	103
620	13	213	206
592	58	449	445
512	270	210	351
572	140	499	343
533	170	180	443
578	168	568	270
536	144	285	399
540	101	574	506
521	138	454	462
558	95	316	438
550	125	266	374
546	115	661	386
561	100	294	525
540	73	263	418
540	151	377	400
537	119	284	348
551	173	676	342
559	106	390	563
549	108	347	510
564	121	384	498
460	176	387	444
498	181	381	459
516	147	193	450
568	139	587	299
486	163	417	484
502	202	211	402
628	151	520	298
509	181	334	447
519	141	232	421
535	138	640	401
526	109	409	565
528	88	284	534
513	139	216	403
991	250	179	243
633	189	179	126
554	0	226	311
545	146	567	315
533	88	235	438
528	156	577	344
527	141	343	421
539	96	242	413
535	141	675	369
544	109	370	539
541	79	231	462
523	208	714	277
542	113	440	544
531	77	311	575
519	153	297	332
560	106	671	401
540	94	400	560
553	88	341	510
547	77	321	495
538	121	255	399
552	113	686	398
546	104	381	524
619	131	315	377
564	147	265	414
571	134	385	416
570	172	368	331
584	178	246	389
551	239	596	338
597	142	371	387
588	198	365	260
640	160	540	368
587	143	431	318
761	209	260	283
649	203	290	379
732	207	278	348
674	223	193	369
590	321	157	316
700	2	148	139
738	32	218	227
758	241	29	312
816	447	133	87
907	395	164	180
742	145	155	154
673	245	391	260
725	214	106	397
626	176	434	318
731	194	263	314
805	233	297	289
714	255	98	372
771	33	141	82
758	35	216	237
735	234	86	326
781	55	163	195
684	294	426	150
597	340	484	342
675	225	294	464
681	274	112	438
783	22	260	336
678	260	160	443
722	191	358	395
628	358	161	322
777	49	181	194
648	377	177	57
729	290	165	59
979	468	16	10
989	486	15	11
983	486	24	30
968	483	44	62
963	478	41	69
959	474	42	72
956	473	40	68
953	480	40	65
945	485	37	64
939	505	55	95
918	480	129	107
961	422	108	102
908	483	226	113
747	256	327	284
584	186	430	399
554	98	463	530
577	77	382	576
563	99	407	596
547	93	392	567
530	122	402	575
519	118	407	531
511	157	425	535
509	187	412	449
475	152	388	503
478	193	373	450
488	190	249	311
496	186	240	253
512	196	210	216
504	160	209	221
506	164	226	207
481	133	225	226
493	150	219	241
471	118	222	224
447	105	228	219
417	76	283	277
427	80	261	256
411	67	251	251
409	73	235	226
402	55	224	224
415	43	197	217
417	39	202	212
407	44	207	201
418	33	207	220
399	13	248	270
441	79	415	544
392	51	496	569
414	35	454	559
414	56	410	545
418	9	515	625
432	60	504	638
455	63	488	585
456	70	480	596
457	58	488	591
490	95	477	597
487	103	461	579
421	19	495	624
367	10	462	557
303	25	401	495
474	152	414	529
481	214	287	321
483	289	176	398
500	308	88	374
597	156	32	496
545	418	86	221
506	537	184	128
536	490	87	229
511	556	123	156
511	592	129	117
502	596	144	116
513	551	161	140
509	491	165	196
518	470	166	201
524	458	142	192
525	465	160	157
540	397	130	166
560	243	102	288
562	237	161	278
492	307	226	168
477	290	205	186
495	260	168	207
496	258	164	230
494	254	167	240
489	284	174	220
486	307	172	203
482	370	164	173
474	422	147	153
478	424	136	145
474	440	135	159
473	458	132	167
468	480	136	168
463	496	138	137
456	495	180	104
479	494	216	53
451	497	302	26
464	505	285	162
462	490	178	160
478	495	170	149
492	496	144	143
491	506	150	124
479	525	160	119
488	551	140	130
484	552	166	122
497	554	166	119
493	564	147	109
510	456	272	124
493	536	181	160
509	548	148	153
502	592	137	112
517	446	270	147
511	548	171	153
527	553	175	128
526	542	161	136
535	515	177	150
540	475	182	161
538	438	173	143
553	254	140	273
535	215	174	316
523	291	184	197
526	323	208	150
506	309	198	188
513	277	215	213
506	254	199	229
511	279	191	199
507	317	187	197
517	361	207	156
533	384	166	161
527	415	167	126
541	433	159	108
533	438	146	113
531	445	166	119
535	461	155	104
523	451	174	128
523	471	160	111
520	476	178	127
517	487	141	128
526	506	156	123
517	507	160	118
528	506	168	123
506	502	171	127
527	504	169	125
509	489	181	137
522	488	155	137
530	491	170	129
527	489	152	127
536	488	143	87
552	425	207	83
568	313	204	225
518	306	182	194
520	244	162	186
524	175	159	190
524	170	153	127
528	174	142	120
527	139	248	237
486	100	200	196
511	109	174	184
520	101	214	225
511	100	173	199
517	103	168	177
527	75	156	155
536	39	160	158
548	7	260	364
494	0	352	317
524	67	253	343
533	157	382	325
513	115	363	311
545	115	285	311
727	171	505	345
517	42	433	488
560	62	358	429
565	49	301	416
560	67	246	346
611	113	562	410
552	18	450	547
533	47	364	461
555	30	329	438
565	55	340	443
570	34	341	466
583	53	390	472
570	81	400	490
507	40	412	430
572	77	314	382
547	43	256	365
577	63	631	413
560	70	398	471
590	78	360	436
564	70	396	481
597	80	376	446
522	63	421	409
589	49	304	395
551	54	307	348
587	99	315	298
613	103	274	307
555	87	316	317
611	113	241	276
590	112	586	398
584	113	332	392
609	102	287	276
541	62	359	327
564	83	305	303
579	88	318	309
579	89	300	303
568	68	304	321
584	113	316	285
571	81	295	308
578	84	342	333
572	108	314	289
528	5	392	422
626	118	266	281
565	39	469	411
535	42	319	378
558	56	343	332
559	84	301	297
558	74	562	391
619	148	296	339
526	27	338	357
558	62	355	358
581	75	292	319
541	35	345	366
553	18	328	369
535	47	351	350
547	12	338	389
558	68	313	309
552	65	361	344
591	101	288	294
532	0	525	438
627	85	308	350
710	129	243	408
605	73	359	396
536	10	386	415
557	57	299	325
565	17	261	265
571	43	467	452
509	66	435	474
600	193	386	435
670	215	301	383
564	12	364	516
623	128	379	447
570	114	418	523
606	134	369	471
522	116	444	534
581	88	427	551
637	162	365	494
534	61	459	572
550	28	427	583
611	96	355	529
592	153	396	503
571	90	412	562
595	108	386	528
601	113	387	567
570	99	410	541
615	126	363	545
586	120	410	546
601	82	386	569
534	82	460	589
553	83	416	542
572	89	433	590
572	73	352	532
565	115	454	523
494	97	418	521
568	187	389	392
580	106	367	469
579	146	359	477
562	141	400	466
560	132	409	501
547	113	438	532
501	62	378	513
514	148	324	372
537	118	298	358
546	170	197	242
571	5	171	183
583	3	150	169
588	0	139	157
585	11	136	136
589	16	126	137
583	11	135	133
588	18	124	139
584	2	126	142
584	13	122	147
583	3	127	143
578	12	126	133
582	19	134	123
569	12	136	130
577	13	132	135
561	14	139	126
571	12	143	128
563	12	137	126
565	15	131	139
561	9	131	134
560	8	144	129
553	11	138	142
559	6	139	136
556	8	132	131
561	10	140	127
550	7	138	131
558	8	138	129
552	5	133	133
557	9	136	131
558	4	125	129
559	9	135	141
556	3	129	136
558	4	136	130
552	7	131	136
559	1	147	132
548	6	144	141
558	0	126	139
560	6	138	123
550	8	135	139
558	0	146	136
559	4	132	127
558	6	150	122
553	5	138	131
563	2	151	127
548	5	150	129
565	2	149	130
561	5	139	125
569	4	141	129
568	6	130	125
573	8	141	130
568	8	134	124
573	6	137	124
566	7	132	125
575	6	141	129
559	7	144	132
569	4	129	130
565	7	134	134
572	5	143	128
557	8	144	133
569	4	128	134
558	6	133	133
567	1	141	135
555	7	141	140
563	4	132	137
555	9	133	147
561	0	142	143
556	9	136	136
564	5	130	133
558	12	127	143
561	0	132	142
559	9	127	152
560	7	127	137
559	13	123	134
561	8	146	128
552	13	140	152
560	0	126	152
561	13	121	148
563	5	133	140
554	16	134	156
559	7	126	149
563	21	120	156
564	15	121	144
565	28	116	151
566	11	118	149
566	29	115	152
566	27	116	142
565	40	115	147
566	20	117	150
567	38	114	151
567	23	119	149
569	40	116	152
570	21	126	152
573	37	121	152
576	20	119	152
579	38	118	154
587	20	131	154
592	36	125	158
602	22	115	154
606	42	115	149
618	26	117	151
622	44	113	143
627	26	119	152
630	43	116	149
633	24	117	152
640	42	122	148
644	20	120	154
649	38	128	149
654	20	119	152
656	37	116	145
660	18	126	150
665	33	119	146
668	17	119	147
671	33	116	146
675	15	119	151
678	31	128	149
684	10	123	155
688	27	127	151
692	8	120	154
694	25	126	150
699	3	129	158
703	19	126	154
708	0	123	158
709	18	124	158
713	0	120	159
715	17	128	154
718	0	121	155
720	16	123	149
722	0	118	151
723	17	116	152
719	0	119	152
720	14	116	144
710	0	124	149
713	13	121	149
709	0	121	146
704	9	122	136
694	2	127	139
688	4	127	135
694	10	122	129
681	2	129	137
678	0	128	142
673	5	128	138
670	2	125	142
674	10	116	131
663	8	123	136
663	14	117	124
651	15	165	179
651	19	109	125
655	6	105	127
638	19	123	142
640	6	116	141
630	22	117	127
618	33	113	124
624	26	103	121
604	39	118	128
592	56	123	104
581	80	182	221
572	194	72	370
581	126	183	226
569	153	73	464
574	143	162	164
582	174	131	135
586	172	154	128
563	167	159	130
580	171	150	126
561	167	157	129
578	172	151	124
569	165	156	136
584	174	133	123
574	157	161	142
584	172	138	126
584	163	155	141
559	152	164	149
574	162	143	133
581	168	130	120
559	147	156	136
563	157	145	160
556	149	166	160
536	169	300	322
509	216	519	302
487	184	331	440
497	168	290	380
510	150	662	367
486	78	421	564
465	46	479	563
486	71	456	566
494	71	462	527
513	82	442	555
507	39	450	569
513	103	426	563
511	93	361	512
500	69	370	547
485	64	396	534
492	82	398	545
485	52	372	510
491	128	372	483
488	89	343	479
475	95	272	355
483	95	217	272
491	165	202	237
523	258	168	208
615	177	272	364
532	242	395	310
513	371	256	279
533	472	202	205
557	467	197	227
573	402	119	307
587	401	91	295
630	239	250	302
579	316	340	303
573	401	223	300
606	444	191	220
608	464	160	207
608	432	163	199
612	401	158	195
612	367	154	158
611	334	147	165
612	349	142	144
593	301	172	146
601	263	164	174
596	234	161	189
592	224	159	217
591	219	160	209
590	238	160	207
587	264	164	170
589	292	153	158
598	310	141	142
584	319	150	131
594	362	126	124
598	379	113	114
576	426	151	127
579	452	149	145
579	452	159	143
583	461	163	140
587	466	160	137
588	467	165	135
585	454	160	143
587	461	169	131
582	449	172	134
583	451	172	128
582	452	171	127
580	458	167	133
586	465	168	127
581	476	168	132
575	498	181	142
577	494	143	196
577	507	171	163
586	511	139	182
582	530	141	155
574	573	151	113
575	572	140	118
579	571	130	117
579	572	132	111
578	560	149	119
578	523	158	147
586	504	177	150
598	464	149	151
586	472	167	134
581	423	165	127
593	372	133	169
591	320	174	201
551	318	217	211
559	311	202	212
558	303	222	242
545	284	207	230
542	304	209	201
556	365	228	203
546	359	217	202
568	394	223	211
548	405	222	188
567	393	188	202
578	324	202	284
530	374	251	257
539	147	380	407
483	163	425	469
506	264	271	336
552	346	271	260
556	177	279	430
529	237	291	368
533	272	344	320
525	306	306	322
536	248	290	318
543	297	265	261
558	314	257	266
570	334	255	238
586	344	234	224
604	358	234	236
602	345	220	237
614	372	212	250
623	397	224	229
641	414	202	252
659	437	184	245
665	426	195	249
674	426	204	246
684	429	196	244
691	417	221	245
702	397	203	244
708	419	193	240
712	386	190	239
715	377	187	228
721	366	184	231
726	353	180	216
728	364	175	219
731	333	189	230
730	323	216	218
744	324	193	229
750	293	226	234
760	308	214	233
752	300	220	239
759	305	207	224
763	303	204	250
765	291	237	236
744	294	272	231
765	290	257	233
746	268	262	258
758	272	267	245
757	248	269	260
748	253	262	252
763	253	278	239
741	215	271	270
755	237	240	280
745	214	286	278
737	236	268	281
748	239	264	273
709	250	296	277
727	262	281	266
698	251	294	295
718	270	282	267
687	279	292	272
705	288	245	283
699	297	240	249
654	310	262	256
669	317	230	295
643	316	209	338
656	326	301	339
665	353	277	296
680	430	247	278
689	390	227	293
663	360	253	343
662	399	254	297
666	387	242	298
671	399	231	297
672	407	227	283
674	385	220	288
673	394	221	303
672	361	222	315
674	373	222	318
674	358	225	310
676	354	223	283
685	365	215	249
693	353	204	229
700	319	234	206
717	328	199	239
691	288	279	203
702	271	266	232
688	235	261	258
704	245	281	232
721	245	233	226
734	258	212	201
728	253	238	201
734	249	229	207
748	249	220	200
735	253	219	208
750	260	224	204
731	247	228	218
749	259	206	206
748	258	241	199
735	257	229	208
746	262	210	202
727	264	257	189
706	261	239	195
707	260	217	193
716	265	211	181
687	264	230	177
714	263	220	180
734	261	223	185
719	259	221	189
732	256	218	189
712	259	222	183
724	265	202	173
706	268	212	170
735	271	221	172
740	272	248	192
744	267	210	195
753	273	210	179
731	279	211	169
704	282	234	167
720	281	225	173
750	283	223	171
775	281	216	178
758	281	210	176
768	275	195	177
758	274	207	172
733	266	219	178
776	272	220	179
798	278	221	215
802	262	223	219
802	271	207	211
785	265	209	203
764	274	213	182
780	273	197	190
791	280	203	202
790	278	231	203
773	274	230	214
772	288	220	195
758	297	239	207
768	299	238	205
753	307	259	201
755	310	257	205
743	309	254	213
762	309	225	214
743	317	266	218
756	315	247	217
739	318	237	203
761	322	199	235
760	317	214	205
745	324	205	202
759	329	212	190
736	327	300	200
721	317	250	204
745	324	200	206
756	335	181	203
739	330	199	189
735	338	216	182
718	337	250	185
701	338	234	191
722	338	244	189
698	337	211	192
710	344	182	196
688	331	292	203
661	324	230	214
682	314	192	212
676	317	216	217
663	329	227	192
672	329	242	215
643	330	251	206
669	327	239	206
633	325	248	205
646	326	224	207
612	314	252	216
635	321	212	204
610	327	253	212
617	316	220	217
604	322	238	199
589	315	239	203
609	319	217	204
588	313	237	201
602	320	211	204
586	318	225	198
597	324	219	193
575	319	228	203
594	326	215	193
576	319	235	201
597	323	213	195
591	323	232	196
607	325	190	190
588	321	225	205
605	328	206	188
598	327	221	184
593	327	200	188
603	335	197	182
582	325	223	187
605	330	196	194
595	326	208	189
602	328	200	184
592	325	202	190
603	330	193	185
587	321	208	187
605	328	189	189
598	326	196	182
608	334	185	185
590	323	201	190
607	333	186	188
593	325	197	185
606	334	183	187
584	325	202	189
601	335	182	184
588	328	193	182
604	335	177	185
599	331	188	178
595	324	191	183
607	330	174	181
585	312	195	189
602	317	177	196
587	310	181	192
599	311	167	196
602	307	161	196
592	300	169	203
596	301	163	200
597	296	159	212
591	284	166	212
592	289	163	220
586	280	167	217
573	285	178	206
572	299	176	201
576	313	191	188
566	312	196	191
578	339	183	174
580	343	183	178
582	349	179	174
581	345	176	174
588	351	174	165
575	347	183	165
586	349	174	161
574	346	181	159
581	346	172	158
577	345	181	163
575	344	182	161
576	345	182	163
579	347	180	161
575	348	185	158
572	347	187	159
572	346	185	161
576	348	183	162
570	348	188	157
570	347	186	157
573	349	183	156
569	349	188	154
561	349	195	156
565	346	193	164
560	342	190	168
569	340	185	172
562	343	186	164
565	341	191	167
560	339	190	168
560	341	193	172
564	339	187	171
557	342	198	180
569	343	177	180
575	350	181	180
564	337	180	190
573	341	186	193
582	353	162	181
590	366	186	176
603	376	154	173
609	391	174	164
591	400	170	161
605	402	173	150
615	404	148	154
624	406	145	149
626	408	142	153
626	404	144	160
630	412	137	158
631	412	146	145
628	407	145	151
635	401	158	145
610	407	160	150
624	388	163	152
622	393	158	141
632	393	165	154
620	398	160	148
634	394	159	145
631	400	160	137
646	401	155	137
645	406	144	135
657	412	146	125
640	413	149	132
654	413	142	127
657	418	130	126
662	423	131	117
646	424	137	121
659	419	134	122
644	423	138	116
656	423	127	112
642	426	139	107
656	423	132	109
644	425	134	108
658	426	133	105
649	429	126	103
658	433	120	99
653	435	132	94
650	434	119	96
662	436	108	92
655	437	118	89
665	425	119	99
654	410	148	108
649	410	151	109
644	376	166	137
648	369	145	139
658	368	134	147
661	372	135	150
662	369	133	148
660	379	150	149
661	381	141	150
665	387	139	132
656	373	148	135
667	376	140	136
655	367	157	133
667	367	143	133
651	357	154	140
663	362	134	144
664	370	138	132
659	372	145	134
663	375	137	131
655	375	144	131
656	376	145	139
659	377	146	131
642	367	162	144
652	367	147	148
646	364	157	155
651	365	146	165
652	370	143	153
644	370	151	156
648	374	147	161
650	382	146	161
648	383	139	165
648	384	138	166
643	379	141	172
644	390	143	158
644	381	140	167
646	393	135	151
637	371	156	171
640	383	143	168
640	395	141	157
620	382	167	164
628	422	151	144
627	415	152	142
614	429	158	138
622	455	134	110
620	474	122	92
600	475	135	101
601	476	143	104
591	475	135	108
596	481	132	114
586	486	129	107
597	488	139	94
579	486	137	124
592	491	146	102
580	487	137	111
571	489	158	98
567	484	159	101
571	480	150	100
567	477	164	103
573	473	160	109
573	472	155	107
572	474	166	110
587	470	146	109
571	476	159	115
565	476	154	115
582	480	155	132
589	483	152	97
588	506	157	107
581	503	164	104
571	478	160	134
567	451	182	160
568	416	197	193
565	410	188	194
573	402	209	226
549	388	229	239
558	394	223	241
559	404	248	215
551	402	247	218
557	399	259	221
577	400	261	220
585	396	271	232
565	390	272	236
590	393	277	234
610	400	270	242
610	405	267	236
630	401	272	233
615	402	267	241
637	390	272	247
637	404	268	251
638	405	268	238
653	400	265	239
622	404	298	245
653	404	286	245
610	392	319	260
644	390	302	274
618	390	329	273
648	387	309	278
614	385	333	277
646	391	292	290
623	400	330	274
636	387	322	307
617	391	328	289
638	398	300	281
623	390	313	283
633	392	284	272
628	394	300	268
623	388	299	269
616	386	308	280
611	388	293	266
614	386	272	259
612	385	262	253
616	378	266	263
611	382	260	263
602	387	261	250
596	389	258	245
582	385	272	244
596	374	264	251
584	364	258	253
577	373	249	248
575	373	255	243
560	360	264	255
574	377	236	243
556	377	264	233
540	373	259	238
559	380	232	232
534	364	248	240
552	376	224	241
538	376	232	226
548	380	229	219
529	364	237	230
546	377	234	208
529	355	241	229
546	369	234	211
527	347	239	226
546	352	239	211
528	329	257	224
542	340	249	211
522	318	265	221
523	323	268	205
523	306	254	209
539	307	248	201
524	304	246	201
545	305	242	200
532	296	228	204
553	296	220	195
553	298	231	189
546	298	219	198
566	303	231	188
575	299	216	192
584	307	219	187
589	306	226	190
579	307	228	194
601	314	225	184
609	320	230	177
611	323	217	176
635	327	213	173
616	328	209	176
641	328	212	172
634	332	211	165
653	328	214	168
656	323	189	171
669	322	196	167
671	323	182	165
687	318	183	168
696	319	160	164
705	319	165	171
700	319	160	172
708	317	152	179
713	317	161	174
714	325	151	168
713	314	151	176
716	323	148	172
695	304	166	184
701	315	158	170
703	313	158	180
698	312	164	173
699	315	164	168
702	317	159	171
703	315	160	173
700	316	162	174
704	312	157	173
703	316	157	173
707	312	155	173
695	314	167	168
697	315	162	174
703	316	162	171
704	313	159	175
699	315	163	171
703	316	156	175
703	319	160	165
700	317	163	170
704	317	159	168
698	316	166	165
705	315	154	170
698	315	163	173
701	312	156	182
703	311	156	177
698	308	161	175
696	312	160	175
700	311	162	174
691	314	168	173
699	312	161	177
697	312	162	176
695	316	163	175
700	317	156	178
696	315	160	182
700	317	158	181
695	321	162	175
701	322	162	172
696	321	160	181
700	324	158	179
699	316	161	183
700	326	159	175
701	318	156	189
703	324	155	180
704	322	153	183
703	324	156	177
704	333	154	169
710	343	151	159
718	343	145	160
716	339	148	164
717	340	153	157
723	339	147	157
726	336	148	163
730	347	148	168
735	347	151	182
732	332	152	182
740	346	144	182
743	357	150	186
746	363	143	190
748	383	140	188
749	396	141	170
757	415	128	167
767	435	129	144
778	449	118	135
783	453	118	125
790	457	107	116
799	448	93	104
805	445	90	158
796	429	108	143
770	388	130	165
744	285	141	184
786	388	98	209
793	381	135	156
727	330	295	209
765	333	180	250
766	368	94	203
787	397	108	143
768	362	156	184
780	378	132	158
785	392	129	80
812	404	103	108
816	409	70	110
789	350	147	121
779	353	99	150
774	329	71	10
819	279	20	34
811	260	29	47
791	210	71	120
781	289	169	136
816	365	200	136
797	358	187	158
817	362	167	152
790	350	213	164
806	346	185	164
819	395	173	156
819	375	270	159
803	364	162	195
801	379	195	150
795	352	221	174
743	322	239	203
747	302	117	217
788	380	152	155
788	364	104	90
749	287	104	75
716	209	153	121
788	394	166	129
762	376	198	159
739	370	213	198
755	377	177	185
722	389	156	203
724	363	153	205
724	386	161	191
699	367	179	193
681	374	180	173
679	369	179	181
684	374	178	182
648	340	192	222
631	358	200	186
634	364	197	187
620	367	193	178
636	374	204	186
605	366	202	191
622	377	210	178
608	378	198	175
627	385	195	181
619	380	190	178
635	390	203	171
634	390	181	169
643	393	203	162
633	392	185	169
641	393	209	161
632	387	189	181
626	377	229	183
622	375	202	183
636	383	219	173
618	373	202	190
633	384	218	180
614	374	229	199
626	380	239	207
603	377	238	227
618	386	223	208
627	393	235	204
627	386	218	214
640	392	235	200
629	364	231	238
642	371	249	228
635	361	242	249
650	364	263	232
667	361	237	266
677	367	244	255
683	379	239	233
692	391	221	245
702	398	204	269
729	400	178	282
763	426	199	243
767	430	185	240
769	435	180	246
780	452	208	222
797	439	245	218
829	463	306	245
823	415	283	289
834	474	244	212
833	473	266	213
768	269	280	409
668	158	305	311
667	173	312	335
733	205	268	280
716	172	365	407
713	177	242	261
727	129	410	526
706	194	221	300
739	179	325	516
668	116	360	413
694	146	336	508
706	180	314	471
677	101	330	523
666	175	323	488
679	165	397	500
689	194	361	448
662	174	377	477
677	187	350	502
798	361	251	336
805	406	224	265
806	400	214	247
796	378	214	291
796	411	217	231
798	403	201	221
723	264	264	340
742	386	232	259
733	378	221	234
745	396	210	210
753	396	245	187
722	411	184	230
724	423	178	194
738	436	156	174
743	451	143	168
737	460	144	162
740	455	136	157
737	446	133	159
740	457	127	153
740	433	124	162
741	429	126	159
743	406	126	174
745	400	130	168
748	398	130	167
750	388	135	169
754	378	139	182
755	369	138	171
753	371	137	177
752	380	139	173
748	367	139	169
741	379	143	168
719	364	156	170
726	378	143	170
724	373	141	159
711	374	147	180
701	380	150	162
680	376	157	166
683	387	156	160
663	368	174	168
674	378	178	173
656	383	171	158
669	391	177	150
650	388	169	149
666	394	175	158
665	399	157	145
673	400	174	137
658	390	157	145
661	382	179	149
656	370	159	168
640	358	197	172
633	354	183	170
638	358	205	167
644	358	174	162
651	365	193	170
641	362	182	165
651	367	193	155
647	387	196	159
621	369	200	172
635	382	199	168
640	387	175	156
631	401	183	167
646	406	190	149
634	389	185	158
639	395	170	150
643	402	163	139
632	402	161	136
640	407	149	132
647	407	167	133
636	397	173	140
632	398	182	138
645	398	172	155
639	399	201	150
644	394	170	164
649	403	188	150
661	404	153	151
671	413	163	139
668	412	146	140
676	416	161	135
665	415	152	133
678	418	159	134
674	413	145	135
678	417	161	134
678	415	142	132
684	418	157	130
674	416	148	129
685	417	154	130
673	416	146	128
677	416	160	133
671	414	148	131
678	415	159	135
670	415	146	131
676	421	159	129
662	420	151	133
670	420	158	129
673	424	145	123
684	429	147	118
672	425	138	123
685	430	145	115
681	430	135	115
692	434	139	115
682	436	126	112
691	440	135	109
679	438	130	113
688	440	136	107
675	431	138	116
681	434	143	110
669	431	139	119
671	433	151	112
659	427	150	120
669	429	153	115
657	428	147	120
663	430	152	115
656	428	147	117
660	430	152	114
654	428	145	115
654	429	149	113
654	429	155	113
649	427	154	116
650	428	158	114
652	429	149	114
649	428	155	114
648	427	152	115
647	427	150	114
647	427	159	114
645	428	146	114
652	428	149	116
652	428	142	115
652	431	143	116
650	432	145	112
654	432	145	110
649	429	139	112
647	430	153	118
643	428	151	116
647	427	152	115
645	426	148	116
644	428	152	118
637	430	161	130
639	430	154	127
644	435	143	121
631	439	165	120
626	439	163	129
620	441	168	126
612	440	159	129
622	441	161	127
602	437	164	130
611	438	165	125
594	426	168	133
614	405	141	149
603	415	152	127
607	389	153	151
610	355	166	176
614	332	156	186
618	322	154	206
616	321	159	209
619	317	160	210
624	318	157	210
628	327	154	208
638	345	154	201
635	336	157	213
642	352	156	205
641	345	175	193
649	357	174	197
655	337	189	198
647	347	163	185
664	357	185	200
672	337	161	200
676	353	174	190
681	338	150	187
684	358	189	194
690	327	168	208
691	344	129	169
686	325	173	210
691	332	127	178
690	342	170	187
689	313	138	188
692	329	181	193
700	310	135	192
702	326	179	195
702	312	150	192
706	324	187	204
706	320	176	195
708	331	158	199
709	329	149	176
711	339	184	193
705	323	178	195
707	326	150	186
711	335	187	200
698	309	186	209
708	323	153	196
711	320	174	206
703	308	167	198
709	319	161	201
710	312	152	193
708	313	196	216
714	305	177	213
717	308	160	219
718	312	154	189
721	311	187	213
720	303	170	203
724	308	168	218
724	310	165	200
727	319	164	204
731	327	160	201
719	306	167	214
725	323	169	196
734	332	157	201
738	299	156	209
741	309	168	173
749	309	161	172
757	312	161	157
768	313	175	149
776	303	185	157
777	282	177	183
770	273	188	197
780	280	167	180
789	283	190	168
795	269	174	188
803	283	178	183
799	268	172	188
806	273	185	193
812	277	187	203
821	279	197	223
832	272	200	215
836	280	189	219
846	269	190	223
862	269	170	251
876	260	172	229
893	275	161	233
892	257	169	245
902	270	169	219
921	258	164	231
926	275	156	231
937	257	142	237
933	262	149	235
926	259	154	231
922	282	160	213
932	257	148	231
927	281	154	201
934	256	145	219
904	264	180	210
917	272	163	210
927	256	153	226
925	279	157	206
928	255	149	234
924	262	151	228
921	259	151	226
918	250	153	224
915	266	154	198
902	248	165	205
905	270	154	194
860	217	196	230
873	240	165	218
890	253	149	201
843	227	196	236
855	251	179	196
864	223	162	207
854	234	169	172
856	239	169	168
850	240	161	157
845	245	151	155
825	247	156	163
832	257	139	173
815	227	153	190
783	249	180	171
780	237	168	177
788	245	149	169
774	243	154	169
783	246	138	169
776	252	141	180
767	239	145	176
751	256	155	176
749	267	149	161
755	272	137	162
742	268	146	175
726	268	157	176
721	264	157	195
709	254	162	194
715	268	155	177
713	269	156	182
701	255	160	200
689	248	164	203
701	257	149	203
685	245	164	198
696	249	147	191
680	247	161	179
692	251	141	166
683	259	145	174
679	243	145	180
688	258	134	174
679	257	143	188
682	243	139	181
684	259	138	176
679	246	143	184
686	257	139	168
685	261	140	178
682	247	142	175
686	261	135	179
681	258	141	184
682	260	143	183
685	269	139	188
667	259	157	194
685	281	136	192
676	268	145	187
664	278	154	197
665	310	145	165
634	305	170	196
608	309	185	172
619	312	183	169
581	315	205	165
566	319	210	161
561	322	215	161
554	325	214	163
555	324	218	165
550	328	223	169
544	337	226	163
550	342	229	164
535	340	225	169
560	340	220	170
536	343	220	167
559	340	220	172
543	343	214	172
566	342	217	172
543	341	216	177
564	337	211	177
543	342	210	185
560	337	185	183
557	342	177	178
567	346	175	170
558	347	170	163
569	357	157	163
571	352	150	160
572	358	143	173
572	355	153	163
558	366	159	165
568	371	171	150
567	376	154	166
574	375	156	160
577	374	144	168
582	378	153	164
587	378	141	169
591	365	148	186
590	369	162	186
587	360	164	202
581	348	192	212
578	360	188	219
583	370	173	219
586	385	175	203
594	399	164	194
601	405	153	189
605	406	148	196
606	394	145	207
602	413	149	183
605	394	142	207
600	410	148	184
602	400	142	204
599	376	147	226
596	404	155	193
602	394	146	207
604	416	144	183
607	394	139	213
608	400	143	205
615	399	139	205
615	399	141	193
619	385	144	200
619	405	149	178
624	398	141	189
625	404	140	191
624	386	144	210
622	411	152	177
624	387	150	199
625	408	154	172
630	406	145	174
631	406	147	178
634	406	141	183
631	414	142	178
613	389	157	203
614	413	154	164
614	411	146	178
613	389	145	203
609	384	150	205
611	402	152	182
618	404	142	183
623	403	139	185
623	393	138	194
622	386	142	199
623	405	147	180
627	397	144	196
627	405	149	185
624	396	157	187
627	409	154	179
625	392	158	180
626	399	160	179
630	409	152	170
629	406	149	181
632	421	141	169
629	411	140	186
623	427	144	170
616	410	148	180
619	430	141	168
619	411	137	192
620	427	139	176
620	394	139	209
629	419	134	173
628	394	138	189
623	401	157	177
621	401	154	184
607	373	185	191
606	385	175	203
577	349	222	200
559	347	231	204
558	348	252	194
535	335	274	203
533	324	276	214
518	315	287	219
544	326	238	205
523	314	269	208
542	322	244	197
524	312	264	204
543	331	231	186
528	324	230	198
546	331	210	193
519	333	222	188
542	335	212	190
523	337	216	186
544	347	200	185
533	335	206	188
546	347	201	184
527	339	209	184
547	347	201	184
527	342	206	183
545	347	203	185
530	350	203	179
548	351	189	188
549	357	195	177
536	385	203	153
559	382	186	158
548	379	188	156
565	381	190	153
542	361	191	171
552	335	190	189
520	306	208	204
535	290	183	205
538	301	174	181
545	275	157	177
545	254	167	164
540	264	168	143
543	259	177	144
542	263	167	138
541	254	163	144
530	246	160	147
532	227	145	159
521	216	158	155
519	213	152	160
513	196	149	168
499	182	153	167
502	158	148	160
480	144	217	216
492	134	204	258
497	122	284	343
508	122	288	319
520	131	266	301
527	117	234	304
530	126	311	307
548	152	309	288
542	160	489	320
510	100	286	328
540	135	263	282
531	129	243	279
552	155	379	265
524	130	248	287
543	150	502	304
545	150	241	296
555	158	293	261
546	168	431	309
564	185	240	228
563	182	212	221
562	184	217	208
566	178	237	207
546	151	234	250
565	163	267	239
556	162	290	267
567	157	442	319
574	168	248	276
583	151	214	271
578	163	513	321
593	142	219	290
583	156	333	297
555	161	236	269
562	110	481	316
563	103	270	338
565	125	573	361
551	119	295	343
576	146	241	285
579	141	282	276
598	147	615	361
585	71	336	467
634	118	276	355
565	104	262	325
581	112	633	407
617	127	345	482
542	94	358	430
561	50	252	366
571	68	563	441
574	91	384	461
560	61	305	421
570	38	309	464
586	83	319	427
558	53	257	377
556	44	623	447
541	73	366	454
533	38	299	397
561	73	289	364
528	47	384	486
612	96	308	443
552	82	336	406
552	85	343	432
589	87	296	405
575	139	340	387
512	115	349	368
533	116	324	365
526	77	298	380
535	89	304	374
534	72	298	362
518	98	305	363
516	128	306	327
531	176	558	321
514	193	347	437
522	184	338	422
522	204	247	368
516	272	215	269
521	304	205	209
521	333	190	176
537	329	160	191
550	312	178	191
522	357	195	141
548	347	185	150
525	354	182	145
546	356	183	140
543	333	164	159
554	352	151	133
565	346	141	133
561	343	139	133
570	339	134	135
575	343	138	125
574	335	149	124
580	336	133	120
585	340	134	126
592	324	141	131
568	319	156	128
586	315	154	148
598	309	147	136
590	310	142	133
602	316	143	127
618	326	131	119
632	332	122	113
643	338	124	116
646	342	139	131
637	347	137	109
653	347	138	130
663	350	131	105
676	352	129	130
651	336	147	117
668	340	150	147
657	336	151	131
667	238	148	230
657	220	175	239
654	221	198	235
657	208	309	183
641	201	440	311
594	211	302	395
598	196	388	374
618	215	317	367
628	235	250	320
641	230	206	279
657	237	152	248
668	316	191	148
681	273	196	185
650	306	240	135
644	276	246	217
647	267	243	209
650	232	214	247
662	212	298	280
608	243	376	302
612	203	269	347
611	286	161	216
623	329	52	151
755	319	49	103
766	345	72	131
750	299	73	153
757	294	148	120
762	302	109	119
707	325	136	107
756	292	41	146
778	319	72	139
770	318	50	116
783	320	146	18
769	303	89	101
773	314	135	140
753	284	128	152
743	308	66	130
781	325	51	101
784	332	115	74
770	307	138	102
772	309	124	102
773	305	111	105
778	307	110	103
771	302	110	114
751	284	126	121
769	295	124	106
772	291	128	107
773	293	118	102
766	294	135	99
765	296	118	97
759	297	134	102
771	300	113	99
755	303	129	95
768	302	107	102
760	307	122	93
764	307	112	97
758	309	129	95
755	309	114	102
766	301	133	107
759	306	124	104
770	308	106	110
759	295	132	128
765	292	121	123
772	302	106	104
759	290	107	120
768	283	47	138
773	294	93	129
772	282	100	116
768	285	124	107
763	283	121	106
770	286	107	107
762	284	103	109
766	287	88	105
767	288	10	159
764	302	52	92
764	297	112	171
758	292	107	110
755	296	103	98
756	293	94	116
758	291	92	108
754	297	96	107
755	288	89	118
756	292	82	113
755	296	79	124
755	290	88	109
756	293	97	109
757	286	87	117
755	287	50	142
752	297	97	105
757	284	83	163
751	284	113	100
760	288	111	95
747	290	117	96
759	292	110	94
751	292	111	100
761	296	119	93
750	298	115	92
762	300	116	94
750	302	117	92
761	302	119	93
756	304	113	92
765	304	121	91
758	305	119	91
766	305	121	92
761	304	116	94
765	305	106	91
755	302	110	91
757	303	104	90
754	304	106	89
744	297	107	94
742	300	114	91
733	290	121	101
727	289	127	100
731	289	121	101
721	291	126	97
715	290	123	100
708	288	120	104
706	291	128	98
702	290	131	99
697	290	127	101
686	289	146	101
686	289	128	105
674	292	132	100
685	292	132	101
669	292	131	100
656	292	129	100
648	292	131	101
633	290	131	103
642	293	130	101
623	290	132	103
612	285	129	110
598	288	132	114
579	280	144	120
590	283	141	115
571	278	146	120
574	270	135	128
559	274	144	122
550	273	146	122
559	273	136	124
542	274	145	119
533	272	161	122
538	275	144	119
539	278	148	117
534	277	145	119
544	281	136	119
532	285	145	116
536	286	147	118
527	287	156	121
531	286	157	122
519	286	165	124
537	288	159	124
519	286	159	129
534	289	161	125
517	284	163	130
534	288	164	127
520	287	163	130
538	292	162	127
520	290	163	134
536	292	161	131
527	294	155	130
524	291	161	134
511	270	165	152
522	277	177	139
507	270	175	146
520	273	178	141
497	265	181	150
514	269	178	146
493	269	185	144
510	271	172	143
486	270	188	142
504	270	181	142
484	271	185	144
499	272	182	143
488	271	181	148
496	271	162	149
503	264	146	150
508	266	144	137
493	271	160	125
502	264	166	131
485	259	167	135
502	255	172	135
495	252	164	138
505	255	172	132
508	255	161	132
507	255	175	130
497	255	168	132
502	257	173	131
500	259	161	131
503	262	154	133
489	267	154	126
489	270	140	142
480	277	140	129
485	281	160	154
457	258	163	169
464	274	146	155
431	287	171	156
439	295	148	177
447	278	132	176
407	299	286	173
404	292	244	191
449	215	356	321
431	187	303	318
437	187	552	302
414	171	349	430
412	177	372	405
408	157	367	481
398	136	366	448
393	124	394	510
397	97	385	429
401	124	360	423
418	159	365	410
418	147	363	464
420	124	378	408
404	141	375	422
428	194	343	412
465	165	306	461
461	170	325	461
468	203	337	406
472	269	322	386
486	201	284	401
472	277	219	341
469	284	173	277
477	302	136	235
482	279	116	268
518	267	88	273
499	314	90	228
519	289	84	267
524	278	68	255
528	264	207	197
533	231	126	331
553	165	99	372
492	279	142	263
531	211	123	335
490	261	154	253
489	260	166	265
459	276	202	215
480	215	192	268
477	257	196	224
473	259	208	215
429	289	229	184
456	297	205	178
473	307	167	165
455	286	220	199
463	291	191	181
442	306	212	177
465	302	190	176
443	285	231	195
466	289	185	180
434	307	195	172
463	252	283	272
458	158	245	300
421	226	227	241
457	172	179	272
404	237	193	205
426	241	158	181
400	218	176	153
386	202	172	164
397	207	184	163
394	181	169	180
397	165	156	181
395	179	153	150
389	182	149	137
382	183	175	141
385	178	153	145
380	183	165	139
385	185	154	137
374	174	167	144
385	180	163	138
385	181	151	134
380	167	163	144
389	171	147	142
385	169	153	140
384	164	164	142
389	168	149	144
395	174	156	141
387	167	159	152
394	173	151	147
399	177	150	146
396	178	150	145
394	179	161	141
401	182	152	142
411	185	152	136
399	186	150	132
402	183	170	146
397	178	205	192
399	166	182	189
398	176	172	165
407	182	232	230
368	151	196	209
391	178	162	165
401	189	182	145
409	188	162	151
405	189	166	152
409	192	158	144
409	197	165	134
409	194	156	137
413	198	161	131
410	199	156	131
417	200	171	131
422	199	155	136
428	199	174	131
443	198	155	145
446	201	145	138
453	201	166	131
454	197	190	176
507	181	203	258
505	192	141	216
497	226	150	154
498	229	143	156
493	244	154	155
504	258	163	137
509	264	142	130
505	265	162	139
510	269	149	148
524	255	124	159
588	198	152	279
530	245	194	204
541	304	131	131
622	176	103	307
628	169	31	289
510	290	258	184
552	279	142	193
595	216	95	246
563	229	105	236
607	203	79	271
522	239	143	208
523	252	161	228
527	237	158	219
516	231	174	223
517	212	189	234
557	233	177	242
549	224	138	241
533	203	203	218
528	188	165	303
572	193	185	256
565	164	251	280
572	172	240	273
574	184	286	274
568	141	319	313
568	128	235	302
562	130	260	305
563	119	331	327
562	107	221	312
556	113	462	335
555	110	287	339
550	87	356	353
544	91	244	330
546	126	308	333
546	118	255	313
522	77	308	340
551	150	467	306
523	124	320	324
525	116	410	344
491	92	301	336
514	152	507	327
495	113	232	294
510	139	219	241
533	156	183	218
532	78	179	317
532	153	169	229
555	126	163	251
520	54	191	326
524	156	183	230
546	113	164	248
540	72	179	309
548	114	152	269
500	17	204	343
530	120	225	271
514	99	206	268
519	70	171	284
526	50	175	308
538	92	165	258
554	87	158	267
568	107	148	240
519	0	174	216
522	8	175	164
534	10	154	157
543	7	134	147
550	7	119	134
550	2	114	127
549	0	112	125
549	7	108	128
551	4	106	118
548	4	107	130
550	5	104	117
551	11	111	128
554	5	110	126
553	3	109	125
553	5	108	126
554	6	108	125
556	3	106	122
553	4	107	131
555	0	108	124
555	9	105	125
556	3	106	121
554	9	107	130
556	6	106	120
556	12	104	123
557	6	104	121
556	9	106	127
555	5	108	129
554	4	110	124
555	6	107	135
555	3	111	129
554	4	109	134
553	5	114	122
552	8	111	129
556	5	113	126
556	7	111	137
554	1	111	130
555	10	110	132
556	5	109	125
557	12	105	134
558	5	106	126
561	12	103	124
564	8	100	145
565	4	112	144
568	9	109	143
571	9	109	140
573	2	114	137
576	7	112	139
576	3	120	142
574	10	119	124
578	16	138	116
575	14	130	116
585	17	142	115
578	16	133	114
588	20	132	139
586	13	129	135
594	23	126	136
600	22	123	131
597	21	123	125
604	30	120	138
607	8	121	150
608	25	119	149
611	11	120	147
612	26	117	133
617	29	121	121
624	21	116	131
628	28	110	128
631	8	118	138
629	22	116	145
631	10	112	143
633	26	112	134
635	8	113	140
637	24	110	138
638	7	109	142
639	24	110	141
640	7	116	145
642	24	114	140
645	6	129	145
647	19	121	142
651	13	114	137
653	26	120	139
658	4	115	150
659	20	116	140
662	6	113	142
663	22	127	155
666	0	121	160
666	16	120	138
665	5	119	140
666	18	120	149
668	2	116	149
668	17	118	146
669	0	115	148
664	13	120	147
666	3	116	142
663	15	121	149
665	1	116	148
661	14	119	136
660	9	117	131
663	19	131	162
663	0	128	163
662	13	126	139
658	9	125	134
662	14	115	127
662	14	147	195
658	0	120	154
659	10	118	130
650	11	130	134
658	9	116	129
655	15	128	142
657	3	120	143
652	14	122	126
657	21	123	140
659	6	116	142
655	15	120	123
658	18	129	151
657	0	125	153
654	10	125	141
651	5	121	140
652	9	125	142
643	10	128	137
643	11	121	128
639	6	119	127
637	9	119	128
640	9	114	124
631	9	140	173
629	0	142	179
616	0	155	180
610	4	164	174
615	13	156	168
610	0	152	158
596	4	156	143
602	4	136	136
606	7	124	124
614	15	124	124
606	3	123	127
604	9	124	121
597	6	123	121
603	14	124	119
589	2	129	125
604	16	128	110
594	11	125	114
594	13	141	142
589	9	151	196
589	32	177	212
581	26	149	312
561	49	210	241
563	69	295	355
543	153	298	506
526	100	299	475
522	156	309	457
525	158	345	465
538	135	351	439
528	97	333	517
517	127	382	509
527	114	366	538
526	110	301	502
520	95	299	422
525	147	316	432
528	103	313	474
524	120	277	386
525	61	575	363
504	106	349	521
511	116	361	491
520	142	329	462
519	143	339	471
517	138	330	484
513	145	328	462
514	152	306	434
515	98	261	405
512	56	252	185
516	1	156	180
524	9	152	156
534	18	138	144
535	12	164	167
534	12	154	157
539	1	138	156
544	13	148	200
542	2	156	194
540	11	158	176
543	1	151	176
545	6	143	154
539	11	142	138
542	18	166	245
532	12	149	201
532	0	148	187
534	9	144	156
538	9	132	151
533	19	141	174
535	0	136	174
536	17	133	160
538	4	127	161
536	21	129	162
539	0	125	165
538	18	125	166
538	0	126	165
539	16	130	168
541	0	127	165
542	12	145	204
540	0	154	202
538	12	180	232
536	7	15	494
552	66	125	101
580	71	162	245
529	7	165	166
541	4	141	157
548	12	130	140
545	5	183	276
536	32	220	368
529	162	511	337
497	121	357	463
504	148	372	464
521	145	403	502
531	117	313	492
517	105	354	460
521	130	349	453
521	101	292	480
514	98	227	391
539	106	565	434
489	116	406	527
502	143	302	478
511	142	501	504
536	116	322	507
524	104	344	523
520	125	324	501
515	123	433	508
533	93	354	522
520	78	307	509
518	132	256	380
517	135	606	382
522	107	362	454
524	80	302	393
531	143	340	399
517	58	472	459
510	85	400	495
529	97	316	420
532	101	330	451
533	53	304	457
531	125	332	405
530	109	310	428
529	126	256	406
533	156	703	358
542	101	347	473
544	73	263	467
527	139	269	467
527	148	172	482
563	104	549	362
542	85	249	488
531	94	262	524
529	94	226	416
545	100	444	344
551	88	289	438
537	76	331	513
546	79	274	504
529	87	228	510
554	109	408	452
551	57	438	551
572	79	326	467
562	61	327	403
542	111	331	461
575	68	409	534
542	73	381	480
559	50	301	470
563	57	393	501
581	60	415	480
582	76	296	447
551	120	309	368
572	109	314	387
584	125	315	348
