687	334	57	41
686	333	62	32
684	332	63	34
683	335	59	36
684	334	71	29
684	334	55	38
682	334	71	29
682	334	59	36
681	333	69	32
680	335	58	38
681	334	68	31
680	335	57	38
681	334	63	33
678	336	60	37
676	335	61	35
675	336	57	39
676	335	59	34
675	335	60	36
673	336	59	38
674	335	69	32
673	336	60	37
674	335	58	38
673	335	55	40
672	336	58	37
673	335	55	40
672	336	54	38
672	338	51	37
670	339	50	37
670	338	42	39
667	340	45	39
665	340	45	39
663	340	48	39
664	342	46	39
661	341	44	41
663	342	48	37
662	340	42	43
662	343	46	37
661	342	41	42
657	345	47	38
656	345	49	35
658	346	44	37
656	345	45	38
653	344	48	39
654	344	48	40
653	345	45	42
651	347	50	37
651	346	46	41
651	347	47	39
649	347	44	43
648	348	50	38
647	346	47	42
646	349	49	38
645	347	46	42
644	351	52	36
644	348	45	43
641	349	51	39
644	351	52	36
643	348	46	43
640	350	50	39
641	352	49	38
640	350	46	42
638	351	50	39
638	352	48	40
636	351	51	40
636	354	49	38
635	352	48	41
634	352	53	38
635	352	46	42
632	353	49	40
631	354	49	38
631	355	47	40
629	354	50	41
628	355	54	38
630	356	46	42
627	357	53	39
626	355	48	43
624	357	58	36
624	355	53	42
624	357	54	40
623	357	51	41
622	358	55	38
620	358	49	41
618	360	55	38
616	359	52	41
616	361	59	37
612	361	54	40
613	361	58	37
611	361	54	41
611	362	56	40
611	361	54	42
610	361	54	42
610	362	55	41
607	363	53	42
607	363	55	42
604	364	55	43
604	364	56	44
603	363	56	44
603	364	56	44
601	364	56	45
600	364	57	46
599	365	57	46
598	364	59	46
597	366	57	48
594	368	58	47
593	366	59	50
591	368	61	48
590	368	62	49
588	368	63	49
587	368	63	49
587	369	62	50
585	369	63	50
584	369	62	52
584	371	64	49
582	369	66	49
581	374	62	47
582	370	69	45
582	373	59	46
582	370	63	47
577	375	63	47
578	371	65	49
574	376	62	49
575	373	69	45
570	377	66	48
571	374	67	49
569	378	64	51
569	376	72	45
558	382	74	47
563	377	76	45
556	382	74	47
560	379	72	46
559	382	75	42
554	383	74	42
555	385	73	40
553	382	76	41
549	385	80	39
548	385	79	40
548	386	82	37
545	387	77	41
543	388	76	39
542	388	77	39
541	388	73	42
538	388	80	41
536	388	86	38
537	390	78	43
532	389	83	42
529	391	85	40
527	390	87	40
524	394	88	39
523	392	81	45
524	393	78	44
517	396	82	43
529	389	83	45
515	397	93	41
508	402	95	36
519	392	92	42
508	401	98	38
508	399	98	39
503	404	99	36
506	400	95	40
504	402	95	40
501	404	92	42
500	402	90	46
502	400	87	49
499	399	89	52
499	400	99	44
494	403	94	46
496	402	96	46
488	404	97	48
495	397	95	50
492	400	100	49
486	403	108	45
484	405	103	48
486	402	105	45
487	404	96	50
480	407	107	43
480	407	98	49
478	405	106	47
476	410	106	45
470	413	114	37
469	415	119	32
467	418	117	26
471	417	107	28
466	419	109	29
466	419	111	30
460	423	110	30
453	425	108	33
463	415	114	35
453	424	118	29
448	427	109	32
445	430	117	28
456	424	110	28
444	428	94	39
450	427	113	30
482	409	80	46
488	411	74	43
493	411	69	40
468	419	92	31
488	413	70	41
467	420	93	32
490	413	71	40
480	414	81	37
492	413	67	41
461	417	89	41
494	412	61	47
490	414	65	41
436	428	111	28
443	426	99	38
452	424	98	38
426	436	90	43
408	440	110	41
408	436	129	40
399	438	120	44
399	439	124	43
394	442	101	54
404	439	128	44
372	451	139	39
383	449	139	36
374	450	123	47
361	459	145	33
364	458	131	36
366	455	122	43
365	453	130	44
353	461	139	41
354	457	141	41
351	460	136	44
353	456	135	45
346	462	142	40
358	452	147	43
355	446	109	69
341	453	123	65
328	462	152	49
331	464	133	55
333	465	117	56
322	471	123	49
312	478	141	38
331	463	124	48
322	473	147	42
346	464	135	43
345	458	85	71
310	488	176	20
376	458	80	48
351	469	112	37
366	463	118	44
376	453	104	58
365	462	114	57
353	469	119	61
347	477	144	52
356	470	131	63
366	464	140	60
355	480	145	53
386	467	155	51
396	460	86	91
371	482	170	43
424	451	138	68
454	454	119	64
471	457	98	61
526	454	47	64
484	466	81	49
505	463	91	47
542	457	68	55
477	478	94	48
435	503	146	27
484	477	118	45
451	506	168	19
501	475	124	46
485	494	200	23
517	481	119	52
495	500	213	19
545	484	106	52
522	495	160	41
516	502	233	21
606	476	108	57
524	513	257	10
599	488	102	43
540	522	192	10
617	492	89	40
575	507	137	39
598	492	118	63
599	491	147	60
595	494	175	54
602	495	221	42
565	512	266	28
563	517	262	20
576	512	162	43
546	526	247	17
593	511	123	52
574	512	138	57
535	527	191	44
579	501	140	73
535	521	260	32
691	493	135	49
622	509	186	40
720	491	105	52
619	521	156	35
581	511	146	53
530	528	277	22
644	494	151	56
587	515	221	41
625	502	188	50
681	490	126	69
629	502	178	57
658	495	138	69
637	496	153	68
679	490	120	75
552	519	245	45
602	510	201	54
537	507	232	69
475	534	301	45
473	537	335	33
481	539	324	28
541	517	259	49
583	512	215	68
527	517	230	77
532	524	271	54
452	556	334	33
455	559	337	24
488	548	195	56
538	533	201	61
558	533	263	44
512	539	311	44
469	557	373	22
487	556	205	49
540	524	181	81
511	546	309	43
679	521	144	70
633	533	197	64
693	529	173	67
632	522	224	73
545	536	307	71
543	548	331	56
517	554	353	48
502	564	336	46
509	564	385	40
721	536	176	65
744	529	143	83
651	527	223	86
518	560	400	48
668	537	247	69
537	552	382	57
533	553	385	55
538	550	380	58
564	524	359	93
521	540	418	83
548	475	380	142
535	517	411	103
542	467	456	166
512	486	420	143
547	469	456	153
517	506	229	132
560	532	284	90
545	554	184	87
599	516	163	101
562	540	205	81
544	556	222	66
590	524	173	87
541	553	233	68
581	515	179	105
541	542	227	80
531	553	221	73
549	540	216	73
520	563	285	70
538	514	235	116
522	524	435	114
522	429	438	221
497	458	362	163
510	482	416	161
491	421	485	212
496	434	379	197
499	466	430	167
490	476	246	146
500	490	409	148
484	430	372	195
476	448	428	202
464	469	476	154
468	467	351	163
468	486	413	159
453	399	304	221
433	419	458	223
437	427	429	215
440	435	418	201
439	453	441	195
425	432	586	197
407	421	411	209
414	428	435	221
424	419	669	224
422	408	415	198
426	395	512	268
423	415	416	195
427	400	358	241
423	415	390	230
415	434	378	198
417	430	401	211
417	445	404	194
415	459	381	169
408	468	402	165
397	422	453	212
412	436	412	203
426	446	395	195
386	449	377	171
421	498	383	144
389	443	453	191
365	450	401	167
423	484	370	156
372	432	436	194
397	449	389	195
377	446	498	212
368	452	402	165
365	465	407	173
373	415	394	192
353	429	409	211
365	439	403	193
359	451	365	156
450	502	286	123
353	470	387	168
338	421	445	208
360	440	347	157
335	446	391	184
368	450	359	155
329	465	389	163
322	443	420	183
338	460	356	157
415	511	292	114
408	487	284	125
381	507	318	126
306	477	380	139
283	438	426	194
300	427	399	205
313	432	350	178
309	453	367	171
293	435	367	177
301	446	387	181
293	435	356	178
304	444	348	180
309	461	348	163
256	451	391	159
277	436	408	192
284	440	556	220
305	434	380	188
262	432	384	182
271	429	368	197
269	432	388	176
280	438	346	180
259	446	353	172
261	447	325	157
273	465	362	157
229	472	369	141
250	439	387	184
259	426	361	200
251	439	349	176
247	434	328	178
241	446	321	167
241	456	333	151
238	451	306	136
325	518	220	92
233	473	310	137
222	456	317	126
214	458	317	150
219	412	321	175
211	456	302	147
222	426	297	163
214	468	313	137
184	433	336	149
207	451	310	153
189	430	326	163
208	421	305	185
199	415	318	185
194	425	292	177
201	426	297	176
212	435	285	164
163	424	315	172
191	426	290	174
182	416	291	165
181	433	282	153
156	432	303	148
162	450	301	138
159	419	286	152
155	471	272	111
145	448	289	123
154	468	299	120
128	465	291	107
147	447	278	131
142	449	279	126
138	456	269	110
134	453	285	120
133	448	271	126
130	457	255	101
142	463	269	112
113	464	268	98
118	453	270	119
114	450	259	103
178	479	202	91
111	474	243	89
104	466	268	106
106	435	258	122
108	453	251	115
90	438	276	124
97	454	239	106
148	488	191	72
159	435	173	117
93	463	216	106
88	472	223	90
75	467	247	97
77	466	238	97
76	466	231	99
76	449	228	118
69	450	240	109
70	441	243	125
65	423	231	139
93	458	214	104
55	464	246	102
66	444	228	109
63	437	227	124
71	433	216	126
110	468	184	94
141	489	150	71
130	475	158	75
156	479	126	77
101	457	162	99
59	460	213	98
47	454	221	90
89	447	187	104
105	461	174	94
50	462	218	87
36	468	225	82
37	463	236	80
34	447	227	88
50	436	235	112
82	434	195	100
73	445	200	94
43	446	221	91
56	444	227	97
89	438	184	93
53	441	214	90
73	423	214	111
77	430	201	94
80	432	197	96
83	410	200	117
92	415	194	107
95	421	195	99
112	409	180	117
126	416	179	109
132	406	179	120
127	416	186	101
142	403	171	117
146	401	172	113
159	412	163	102
155	413	167	98
164	411	162	101
170	410	155	94
164	414	159	86
173	412	155	89
177	416	157	87
197	411	141	92
196	419	146	78
189	422	154	77
211	423	133	73
190	424	156	69
216	423	138	69
196	419	156	70
212	416	137	72
223	415	129	73
208	413	147	75
224	409	132	72
215	411	144	73
231	410	128	74
211	413	149	70
218	413	140	62
219	411	136	67
221	409	134	64
216	410	138	66
220	411	132	60
216	412	132	57
220	411	128	57
220	411	126	60
217	412	128	52
215	410	140	64
224	411	124	57
211	410	132	56
217	410	123	56
220	409	119	56
216	407	122	54
214	406	124	59
218	406	118	56
209	406	125	58
213	408	120	52
206	406	123	57
211	405	116	58
210	405	117	60
209	403	118	59
203	404	123	60
219	408	105	58
208	409	117	52
199	406	120	56
200	403	115	58
207	406	107	54
195	404	114	54
198	404	107	56
200	404	104	55
186	404	115	54
197	404	100	53
183	402	113	54
193	402	100	51
182	402	108	51
181	401	107	52
182	401	104	51
176	400	108	50
175	401	105	50
176	398	102	53
175	400	105	50
171	399	106	53
172	398	103	54
167	398	106	55
170	398	101	52
165	399	104	50
162	398	104	51
160	397	106	51
156	399	105	46
152	397	107	49
156	396	101	49
147	395	108	48
151	395	101	48
149	394	101	48
148	393	100	46
144	395	103	44
143	394	100	47
145	393	97	48
143	395	100	45
143	395	98	42
137	392	101	44
140	392	97	46
141	390	95	47
142	392	95	44
138	392	97	44
140	391	94	46
137	392	96	40
137	391	94	42
134	393	95	41
133	393	94	44
134	387	97	51
138	387	94	46
127	386	104	45
135	386	93	48
134	385	95	44
129	383	99	49
137	385	92	49
136	386	94	44
142	387	86	41
137	384	91	41
142	385	86	41
146	384	83	39
149	385	90	41
145	383	92	39
150	383	85	38
150	380	90	42
155	379	84	40
160	379	84	40
163	377	82	40
166	377	83	39
167	376	86	41
172	377	81	39
176	378	83	37
179	378	78	33
184	378	83	38
190	377	76	35
192	376	74	35
196	377	77	37
197	375	75	35
200	372	74	37
206	374	75	37
209	373	72	33
213	373	74	34
216	371	70	36
223	370	65	35
224	369	67	35
230	369	71	37
236	371	63	35
236	367	63	37
239	366	63	36
241	366	64	33
246	365	66	37
253	365	60	34
253	363	62	34
255	362	62	38
260	363	60	36
262	361	61	36
263	360	63	38
265	360	65	37
268	360	65	37
269	359	68	36
274	359	64	39
277	358	65	36
281	358	61	39
281	356	65	40
282	356	66	39
285	356	66	37
287	356	64	38
289	355	62	41
289	354	64	40
291	354	62	41
292	353	63	38
295	352	60	41
296	351	63	40
299	352	63	42
301	351	61	41
305	349	60	42
307	349	59	40
309	349	61	38
314	350	57	39
315	349	58	38
317	347	57	39
319	347	58	40
322	347	55	39
323	346	58	39
327	345	56	41
329	346	55	38
331	346	56	39
333	345	55	39
334	346	54	37
334	345	54	35
336	344	55	36
338	344	53	38
338	345	54	36
338	343	52	35
336	344	53	35
336	343	51	34
336	343	52	34
335	343	52	35
334	342	52	34
334	342	52	35
333	341	51	33
333	341	52	35
332	340	52	34
332	340	50	34
332	341	50	34
331	340	54	35
330	340	53	32
330	339	55	34
328	339	50	32
328	339	52	33
327	339	55	35
327	339	55	37
325	339	57	34
325	339	53	34
325	338	56	35
324	338	61	39
323	337	53	33
324	338	56	37
322	339	50	32
323	338	52	33
320	337	65	40
318	336	53	36
318	336	76	46
316	331	49	41
319	336	64	41
316	337	52	33
318	337	50	31
316	336	45	28
320	336	44	30
316	337	42	30
317	337	44	29
316	337	46	29
314	337	42	28
315	337	44	28
313	337	48	28
311	337	43	27
310	336	46	29
309	336	46	27
309	335	46	29
308	335	47	27
308	335	47	27
308	334	45	29
307	334	41	26
306	334	44	28
306	335	45	28
305	334	48	30
305	336	54	35
302	334	46	31
304	336	56	35
299	331	48	34
302	334	47	29
302	334	61	39
295	331	45	34
305	335	60	41
292	328	49	37
296	332	52	33
295	332	45	27
299	331	48	33
297	332	44	29
337	353	40	35
295	330	45	33
301	335	77	53
282	329	50	34
322	346	39	29
293	331	40	29
293	330	42	28
299	335	69	52
281	328	48	35
307	339	49	36
288	330	43	29
289	330	49	33
285	329	44	30
287	330	46	30
286	331	52	35
283	328	46	32
297	335	49	34
281	326	45	32
282	328	56	37
278	328	46	32
282	329	47	31
279	326	49	33
278	326	44	30
281	326	45	30
279	326	41	27
280	326	46	30
277	326	42	29
280	327	55	36
276	325	39	31
280	325	40	29
277	324	41	27
277	324	57	37
274	323	40	33
277	323	38	29
276	323	40	29
275	320	40	30
274	319	37	27
274	319	41	28
273	317	40	28
274	317	48	32
271	314	39	31
273	314	40	29
271	312	37	28
272	312	50	34
270	308	36	31
278	312	51	36
273	306	44	36
269	305	37	32
272	303	32	30
269	303	47	35
266	302	37	32
270	300	31	31
273	301	34	29
267	296	34	30
269	296	40	33
266	294	37	31
267	293	33	31
266	292	41	35
264	290	37	32
265	293	34	30
264	292	34	31
265	291	31	32
264	291	33	33
264	292	32	31
265	293	29	31
264	292	30	29
263	291	31	30
262	291	31	29
261	292	33	30
261	290	30	30
263	291	35	32
260	291	31	29
262	292	30	31
259	292	29	30
259	290	28	30
260	291	28	31
258	290	29	29
260	291	34	31
257	291	27	28
259	292	24	26
260	290	23	25
260	292	26	23
256	289	28	26
255	288	30	26
256	291	29	26
257	289	28	26
254	289	39	30
252	289	29	27
255	289	28	26
252	289	31	26
252	288	28	23
253	289	26	23
250	288	31	24
253	289	31	26
251	288	29	25
252	288	28	24
250	289	28	23
248	288	29	24
246	287	29	22
249	287	29	22
248	288	27	22
248	288	24	23
248	287	28	22
247	287	26	22
249	288	27	21
248	287	26	22
245	287	26	22
246	286	29	24
244	287	28	23
243	287	31	24
241	286	28	22
244	286	28	21
242	286	27	20
241	286	28	19
242	286	25	19
241	286	28	19
241	286	27	19
240	286	28	19
240	286	28	19
239	285	27	19
239	285	29	19
240	285	27	19
238	285	27	19
237	284	29	19
237	285	26	20
237	285	28	19
237	285	28	18
237	284	28	20
236	284	27	19
236	284	26	18
236	284	26	19
237	284	30	22
234	284	29	20
234	284	25	20
237	284	27	20
234	284	27	20
234	284	24	20
236	284	26	20
233	283	26	21
233	284	24	19
234	283	27	22
231	281	26	21
231	282	24	19
231	281	28	19
230	282	24	19
232	283	30	23
229	282	28	21
227	282	26	19
229	282	35	27
225	282	26	22
228	280	27	21
226	281	26	19
228	281	27	20
225	281	26	20
225	280	28	20
227	280	24	19
224	280	24	19
226	281	26	18
225	281	23	17
226	281	25	17
224	280	24	18
222	280	26	18
223	280	26	18
222	280	28	18
222	280	27	19
221	280	25	19
222	280	27	19
220	280	25	18
220	280	25	18
222	281	22	17
219	280	25	16
220	280	26	17
218	279	24	17
219	279	25	17
219	278	22	18
218	278	25	18
218	278	23	19
217	278	27	18
216	278	24	19
219	278	24	18
217	278	24	17
216	278	23	17
215	278	25	16
216	277	25	17
215	277	23	18
214	277	23	17
216	277	24	17
215	277	22	17
215	277	25	17
214	277	22	17
212	277	23	17
212	277	26	17
212	277	22	18
213	276	24	18
212	277	22	17
210	277	22	17
213	278	22	16
211	277	21	17
210	277	24	16
211	277	22	17
210	277	22	16
210	277	23	17
208	277	21	16
211	277	21	16
209	276	21	17
207	276	22	16
210	277	21	16
208	276	21	17
207	277	23	16
208	276	21	17
206	275	22	17
207	275	23	17
206	276	22	17
206	276	22	17
204	276	21	16
207	276	20	17
205	276	20	17
206	275	21	17
205	275	20	17
205	275	21	17
204	274	21	18
203	275	21	17
203	274	20	18
203	273	19	18
203	275	20	16
201	274	21	17
203	274	20	17
201	273	21	17
202	273	22	17
200	274	21	17
199	273	22	18
201	273	20	17
200	273	20	17
199	272	22	17
200	273	20	17
198	273	21	17
200	272	19	17
198	273	20	17
198	272	22	16
198	272	21	16
199	272	20	16
197	273	20	16
197	272	22	16
196	272	20	17
196	272	21	17
197	271	20	18
197	272	20	16
196	271	21	17
196	271	20	17
195	271	20	16
196	272	19	15
195	271	19	15
196	271	18	15
195	272	21	14
194	272	19	16
196	271	18	16
194	272	20	16
192	271	20	16
195	271	19	16
193	271	19	15
193	271	19	15
193	271	19	15
193	271	19	15
193	271	18	15
193	270	18	15
192	270	19	15
192	270	19	16
191	271	19	15
192	270	18	15
191	270	19	15
190	270	18	15
190	270	19	15
189	269	19	16
190	269	20	16
189	269	19	16
190	269	18	16
190	269	18	16
188	269	19	16
188	269	17	16
187	269	18	15
188	269	18	15
189	269	19	15
187	269	19	15
188	268	17	16
186	268	19	16
186	268	17	16
187	268	18	15
186	268	18	16
185	269	17	17
186	268	17	17
185	269	18	15
185	268	16	16
