0.001409
0.179840
0.161881
0.160382
0.162394
0.124591
0.124618
0.120744
0.141100
0.123545
0.151533
0.155835
0.157110
0.132331
0.131310
0.126680
0.115710
0.097409
0.097615
0.098061
0.100893
0.105562
0.179744
0.157817
0.148314
0.130012
0.132653
0.150839
0.156619
0.131402
0.131571
0.152960
0.139909
0.136244
0.132291
0.105691
0.105309
0.102779
0.104376
0.101910
0.103822
0.102452
0.101547
0.102852
0.101551
0.154320
0.132516
0.133128
0.138408
0.106011
0.102124
0.103965
0.103867
0.105299
0.106105
0.168592
0.124242
0.121737
0.122501
0.121806
0.121645
0.123148
0.158823
0.129920
0.129659
0.127319
0.131447
0.121439
0.101104
0.106950
0.104526
0.100550
0.101655
0.109594
0.106666
0.099319
0.101976
0.180106
0.186744
0.166749
0.139620
0.126252
0.127784
0.127121
0.125357
0.124261
0.132794
0.141386
0.132900
0.101878
0.105163
0.102967
0.100847
0.100623
0.098221
0.102442
0.102298
0.102973
0.104607
0.103477
0.101200
0.102731
0.106470
0.103510
0.101935
0.105313
0.105994
0.103017
0.102057
0.101518
0.099531
0.100908
0.100968
0.103338
0.100582
0.106143
0.107379
0.181122
0.141593
0.131706
0.148716
0.133233
0.108479
0.155805
0.131319
0.132876
0.158884
0.164679
0.131623
0.135706
0.103463
0.108125
0.104938
0.103400
0.103691
0.105860
0.103992
0.106112
0.106275
0.100695
0.108579
0.105885
0.106881
0.153413
0.133193
0.169077
0.140307
0.139608
0.139788
0.133683
0.106738
0.108932
0.107512
0.099497
0.103183
0.108282
0.189011
0.173139
0.167133
0.158942
0.152910
0.129747
0.161785
0.135255
0.129742
0.131914
0.114756
0.186251
0.161494
0.161734
0.164362
0.152134
0.151856
0.153499
0.136274
0.147611
0.131100
0.135903
0.157704
0.153598
0.152809
0.137983
0.135369
0.135660
0.119791
0.105616
0.102122
0.153738
0.137633
0.118868
0.157637
0.133716
0.137647
0.139599
0.126843
0.109586
0.108916
0.100946
0.105275
0.152702
0.131185
0.133379
0.112896
0.100804
0.100286
0.100391
0.101168
0.104535
0.104134
0.103196
0.103798
0.139877
0.130593
0.153217
0.135915
0.139040
0.137375
0.161819
0.139359
0.153939
0.135625
0.139643
0.132393
0.108176
0.098840
0.100578
0.100144
0.103376
0.100602
0.107443
0.103933
0.104661
0.099863
0.103168
0.153951
0.136724
0.157984
0.216199
0.187454
0.183939
0.154073
0.136354
0.132513
0.129329
0.110093
0.101692
0.101803
0.101761
0.098325
0.106615
0.104002
0.105043
0.102278
0.103225
0.177048
0.139886
0.159767
0.156841
0.132388
0.130236
0.130779
0.117530
0.099460
0.102566
0.100880
0.102718
0.099962
0.102260
0.104536
0.103792
0.099045
0.102010
0.100697
0.100060
0.101005
0.099561
0.101544
0.103358
0.104110
0.185933
0.160513
0.164794
0.164827
0.120721
0.124902
0.125161
0.127639
0.124218
0.122851
0.123636
0.119860
0.124519
0.124380
0.128495
0.125273
0.122390
0.121083
0.121532
0.122517
0.122280
0.124219
0.134789
0.121520
0.162752
0.143436
0.136465
0.173168
0.135957
0.158981
0.180588
0.164978
0.157956
0.138652
0.135345
0.137292
0.125427
0.102560
0.109574
0.098997
0.101192
0.100105
0.100222
0.101203
0.100411
0.103194
0.103938
0.105291
0.104655
0.138556
0.131124
0.132681
0.133122
0.116328
0.100942
0.100625
0.152058
0.128731
0.150511
0.129731
0.139373
0.133672
0.102916
0.106066
0.102029
0.106244
0.105372
0.103557
0.176119
0.174589
0.167900
0.138000
0.127458
0.125814
0.124183
0.124306
0.128210
0.122460
0.120989
0.122476
0.125547
0.159217
0.133435
0.140504
0.133692
0.132430
0.130781
0.107054
0.107618
0.107774
0.104095
0.102441
0.102458
0.108137
0.185241
0.161941
0.166691
0.150644
0.123210
0.123865
0.122932
0.124403
0.117710
0.121092
0.125485
0.127203
0.125601
0.124321
0.126471
0.119995
0.125076
0.128559
0.126703
0.130556
0.129742
0.150304
0.129986
0.131058
0.133715
0.128876
0.130746
0.126449
0.103804
0.100890
0.178699
0.136296
0.132252
0.166530
0.139044
0.155640
0.139661
0.134179
0.131185
0.130549
0.119545
0.105996
0.104611
0.108583
0.105771
0.100186
0.097325
0.100131
0.104600
0.102121
0.103379
0.106791
0.105342
0.105237
0.097968
0.104002
0.101858
0.152618
0.131061
0.135565
0.137622
0.160490
0.140045
0.133274
0.164567
0.124160
0.103584
0.209148
0.155740
0.134312
0.111850
0.102359
0.102725
0.138282
0.147028
0.129633
0.139033
0.133294
0.124521
0.108268
0.104101
0.104308
0.101203
0.098575
0.100577
0.105418
0.107772
0.105323
0.109027
0.104901
0.108779
0.100278
0.100277
0.100594
0.099851
0.101956
0.107047
0.104369
0.101244
0.101771
0.103372
0.100708
0.098987
0.103394
0.151070
0.131936
0.133243
0.132513
0.121618
0.102454
0.102732
0.103423
0.104521
0.103627
0.102842
0.125842
0.108291
0.102695
0.106278
0.102786
0.105475
0.105136
0.102325
0.104598
0.104416
0.116296
0.136296
0.136659
0.130347
0.103744
0.101830
0.104164
0.104238
0.103499
0.113051
0.105844
0.106000
0.103093
0.106186
0.102541
0.103386
0.103543
0.099406
0.104335
0.105871
0.154427
0.130011
0.130339
0.107094
0.102193
0.153048
0.132049
0.133893
0.130426
0.106212
0.102561
0.108031
0.102222
0.156584
0.138434
0.137902
0.132423
0.164251
0.133861
0.165448
0.162229
0.164356
0.128227
0.125679
0.121193
0.125063
0.125816
0.128491
0.130872
0.120927
0.123897
0.126456
0.122298
0.125777
0.123131
0.126304
0.120723
0.124352
0.122535
0.127508
0.127831
0.123568
0.126060
0.123715
0.125335
0.131493
0.154541
0.132437
0.135208
0.185242
0.125668
0.127056
0.127689
0.163549
0.161752
0.138475
0.141426
0.136117
0.136085
0.112933
0.102878
0.104300
0.108980
0.126528
0.105903
0.106609
0.107237
0.103879
0.102237
0.104743
0.107882
0.106761
0.105540
0.106706
0.105413
0.104358
0.104831
0.102273
0.106776
0.107718
0.104124
0.105936
0.107174
0.106597
0.102570
0.107166
0.105263
0.104832
0.105575
0.102879
0.104575
0.101208
0.103031
0.170119
0.142518
0.135815
0.149566
0.131962
0.132487
0.136921
0.118096
0.107352
0.108556
0.104257
0.106037
0.105482
0.105226
0.103084
0.103384
0.104698
0.114082
0.106349
0.107186
0.106210
0.104968
0.104098
0.103868
0.104549
0.105369
0.103256
0.099964
0.103797
0.110008
0.104899
0.098122
0.103446
0.105293
0.101806
0.098844
0.099810
0.099110
0.103791
0.105996
0.108287
0.158055
0.132950
0.133569
0.111936
0.101384
0.102275
0.103231
0.105688
0.110974
0.107715
0.105224
0.098337
0.104784
0.100934
0.150368
0.122329
0.171220
0.162451
0.161362
0.159902
0.125758
0.125022
0.125304
0.125882
0.134610
0.128804
0.145919
0.128921
0.128884
0.126528
0.128491
0.127706
0.129955
0.130393
0.124744
0.128837
0.153833
0.135262
0.135057
0.138194
0.127384
0.150820
0.135278
0.138434
0.139770
0.119554
0.106820
0.102382
0.104882
0.105996
0.107210
0.105452
0.104951
0.100389
0.097656
0.101341
0.100162
0.097410
0.102438
0.098878
0.100580
0.102833
0.099424
0.157498
0.134885
0.133961
0.136835
0.106344
0.153995
0.155369
0.154395
0.134269
0.137229
0.138092
0.150661
0.134252
0.136537
0.135281
0.133073
0.158933
0.133819
0.158651
0.136437
0.130767
0.133012
0.113945
0.105065
0.104208
0.104146
0.103912
0.102682
0.104623
0.114350
0.104394
0.122410
0.152523
0.137881
0.190417
0.167524
0.165693
0.159347
0.152255
0.131062
0.128309
0.103845
0.098775
0.101866
0.102242
0.107199
0.110615
0.102855
0.101747
0.098434
0.096659
0.101831
0.102731
0.097743
0.100975
0.100752
0.107588
0.101412
0.102681
0.105518
0.149005
0.102148
0.099330
0.097668
0.099109
0.099647
0.158372
0.138429
0.133224
0.134598
0.139809
0.133944
0.152095
0.135197
0.145771
0.105748
0.109844
0.103340
0.102302
0.106074
0.102638
0.103654
0.105072
0.109296
0.103389
0.101827
0.099667
0.100806
0.100383
0.102961
0.100824
0.102082
0.098366
0.104513
0.106037
0.183365
0.160919
0.164075
0.159484
0.175304
0.136026
0.136906
0.136235
0.127437
0.099433
0.101059
0.106565
0.102370
0.104463
0.100409
0.106843
0.102397
0.104736
0.102453
0.101415
0.106032
0.105032
0.101722
0.102920
0.105576
0.107906
0.102894
0.105592
0.104769
0.106204
0.100431
0.104302
0.101695
0.195562
0.160872
0.181598
0.183757
0.163297
0.126490
0.121413
0.125632
0.130732
0.129637
0.168347
0.155985
0.138529
0.133601
0.132134
0.137268
0.114426
0.101328
0.102887
0.103416
0.103924
0.101911
0.103813
0.104427
0.101777
0.165129
0.159618
0.149412
0.124876
0.123974
0.125891
0.128190
0.121623
0.130000
0.131187
0.125054
0.123623
0.124616
0.123353
0.126051
0.125073
0.123320
0.133680
0.127928
0.122338
0.121761
0.120641
0.120002
0.126372
0.122604
0.156363
0.130909
0.129320
0.156244
0.123598
0.123502
0.124067
0.149478
0.134887
0.135440
0.131950
0.154745
0.134741
0.135745
0.132813
0.185372
0.164760
0.162719
0.152154
0.181593
0.161770
0.162033
0.163141
0.127258
0.123448
0.124922
0.124630
0.128403
0.149559
0.158150
0.156969
0.135706
0.136257
0.135344
0.139358
0.127552
0.104104
0.104761
0.105121
0.107662
0.179712
0.167764
0.130770
0.123825
0.124680
0.126261
0.156851
0.137341
0.137791
0.136884
0.122334
0.101916
0.099543
0.103117
0.105936
0.103005
0.104698
0.103387
0.102339
0.105275
0.111458
0.154454
0.154027
0.135810
0.140783
0.139263
0.118795
0.103982
0.104265
0.106323
0.102301
0.105322
0.106644
0.103018
0.157981
0.134596
0.137726
0.114834
0.153123
0.134305
0.133532
0.109407
0.107803
0.105215
0.103762
0.104174
0.104014
0.103884
0.101480
0.103676
0.155062
0.137696
0.163590
0.137396
0.132071
0.134558
0.104823
0.103121
0.102685
0.100803
0.108340
0.103887
0.105293
0.106516
0.104141
0.101481
0.105314
0.103889
0.104897
0.107595
0.137636
0.135530
0.132474
0.134869
0.179885
0.163659
0.163413
0.158514
0.127250
0.125561
0.124201
0.131387
0.127479
0.127085
0.127149
0.130883
0.124650
0.123800
0.131039
0.127816
0.124615
0.123660
0.126652
0.130010
0.126535
0.124339
0.125574
0.123438
0.123379
0.124527
0.124879
0.127065
0.130095
0.126740
0.125139
0.128749
0.156430
0.134438
0.127030
0.121467
0.109341
0.107738
0.104595
0.101475
0.103487
0.098228
0.104282
0.101032
0.104947
0.102985
0.108565
0.108731
0.102587
0.101132
0.104734
0.104131
0.109126
0.106974
0.108366
0.104178
0.108633
0.107086
0.100051
0.102692
0.155754
0.137402
0.155384
0.133696
0.132472
0.119009
0.107028
0.154561
0.178673
0.167345
0.160485
0.160131
0.142340
0.140128
0.161839
0.136621
0.133893
0.137841
0.141801
0.112366
0.103070
0.104717
0.102289
0.104774
0.102804
0.104296
0.104404
0.103554
0.105269
0.107486
0.106770
0.103379
0.119690
0.105190
0.101963
0.156037
0.133255
0.129565
0.106997
0.106548
0.106347
0.144811
0.133646
0.133728
0.129131
0.133592
0.122038
0.105532
0.106525
0.104059
0.102671
0.104150
0.104753
0.102210
0.102815
0.102672
0.098601
0.101901
0.105001
0.102731
0.154665
0.130912
0.107684
0.102561
0.100100
0.101216
0.100806
0.104533
0.103100
0.102127
0.100925
0.151046
0.219651
0.183143
0.163405
0.147764
0.125248
0.125077
0.124912
0.179044
0.141805
0.133065
0.136322
0.130851
0.114971
0.154388
0.158379
0.137689
0.135004
0.106401
0.108816
0.108055
0.106368
0.102158
0.141782
0.183885
0.172411
0.168518
0.170380
0.128173
0.123940
0.119394
0.123321
0.124787
0.124770
0.125133
0.127932
0.126108
0.122828
0.124815
0.122458
0.124640
0.123310
0.123135
0.124189
0.128544
0.126036
0.127338
0.125972
0.127251
0.137976
0.134714
0.137721
0.135360
0.132547
0.131167
0.102787
0.103698
0.103403
0.105689
0.110016
0.104747
0.107762
0.105673
0.104381
0.171494
0.146144
0.147050
0.107955
0.106269
0.186570
0.177516
0.165698
0.165729
0.161788
0.158904
0.131478
0.111495
0.172946
0.148502
0.163614
0.160773
0.149486
0.134254
0.134953
0.133097
0.132458
0.106493
0.104165
0.101544
0.103964
0.107797
0.107202
0.104122
0.104986
0.101648
0.102580
0.103954
0.102192
0.109482
0.100971
0.105309
0.181180
0.166688
0.165795
0.164879
0.124332
0.142478
0.102548
0.101804
0.102523
0.103072
0.147217
0.152203
0.125095
0.125207
0.157048
0.144531
0.138467
0.155870
0.132336
0.138982
0.149161
0.187852
0.164431
0.163705
0.160246
0.149414
0.139921
0.141023
0.134998
0.149565
0.134661
0.133525
0.107514
0.105663
0.156955
0.138899
0.138237
0.135670
0.135506
0.133413
0.099682
0.175035
0.134974
0.181172
0.198610
0.166849
0.163129
0.163547
0.150891
0.132208
0.132671
0.151406
0.134980
0.134714
0.134253
0.133875
0.104102
0.204343
0.153741
0.132480
0.134286
0.128379
0.103237
0.154433
0.133813
0.133607
0.150692
0.135156
0.132802
0.149038
0.131795
0.135148
0.133429
0.113773
0.188839
0.164185
0.141268
0.130226
0.128985
0.135926
0.158083
0.130527
0.129721
0.116051
0.102984
0.104365
0.156177
0.130999
0.130217
0.151473
0.136491
0.132818
0.133081
0.104123
0.152292
0.136739
0.131510
0.135556
0.160950
0.135490
0.134370
0.133115
0.114537
0.107600
0.106461
0.107742
0.108158
0.101647
0.101613
0.179275
0.174422
0.199372
0.158124
0.135765
0.132903
0.132965
0.136623
0.128537
0.102361
0.105397
0.104339
0.105947
0.157567
0.138654
0.136749
0.136535
0.130633
0.104184
0.104065
0.106292
0.111438
0.105707
0.104565
0.105026
0.107546
0.105076
0.103987
0.103770
0.104226
0.125025
0.108838
0.104202
0.104155
0.101616
0.103110
0.104610
0.100104
0.105000
0.100787
0.110261
0.158271
0.135969
0.136806
0.133053
0.121588
0.104728
0.191485
0.163518
0.138449
0.161916
0.136743
0.135855
0.140079
0.136979
0.108498
0.109194
0.105713
0.100901
0.105389
0.105742
0.106204
0.159427
0.137727
0.136699
0.189796
0.157662
0.154336
0.138848
0.134986
0.161972
0.137530
0.157479
0.137600
0.138664
0.134292
0.105538
0.153779
0.131378
0.134023
0.154012
0.137544
0.123613
0.101788
0.101320
0.181260
0.159411
0.146602
0.121807
0.137353
0.123081
0.126034
0.124897
0.130911
0.134811
0.137618
0.123930
0.126315
0.126427
0.130824
0.129983
0.123017
0.111729
0.151515
0.156046
0.118114
0.145051
0.157152
0.171271
0.159904
0.150312
0.123013
0.131418
0.134840
0.127936
0.157225
0.137363
0.138530
0.139107
0.137759
0.104541
0.181338
0.152999
0.133464
0.201877
0.152562
0.130294
0.125380
0.102605
0.100628
0.103772
0.098914
0.101638
0.103747
0.163054
0.157723
0.137412
0.130210
0.116982
0.183655
0.160846
0.163815
0.163148
0.128042
0.154624
0.138527
0.137676
0.134797
0.123313
0.133314
0.109040
0.105397
0.104745
0.101166
0.101915
0.103041
0.102645
0.101695
0.105567
0.103316
0.104941
0.101779
0.099815
0.100538
0.102216
0.100401
0.099799
0.102507
0.107367
0.105618
0.103549
0.097325
0.103374
0.104367
0.104312
0.101609
0.107797
0.108380
0.103191
0.157032
0.169722
0.159235
0.163555
0.161950
0.151546
0.134187
0.133626
0.131945
0.104700
0.103179
0.107076
0.154499
0.135663
0.137758
0.156085
0.137004
0.155594
0.138710
0.155589
0.158954
0.138023
0.154533
0.144125
0.136589
0.113069
0.106856
0.102522
0.109926
0.105760
0.104879
0.105500
0.106787
0.106927
0.103448
0.101222
0.101356
0.102687
0.105098
0.106524
0.100168
0.102508
0.100459
0.103396
0.103391
0.101759
0.102124
0.107911
0.103765
0.104714
0.100009
0.101787
0.146364
0.196225
0.162320
0.160773
0.166053
0.165962
0.145493
0.134567
0.134901
0.132837
0.132396
0.159199
0.135379
0.137125
0.139083
0.135599
0.172634
0.134586
0.137160
0.156193
0.136856
0.155577
0.133433
0.132227
0.132432
0.134547
0.107719
0.110090
0.104658
0.103026
0.104288
0.155636
0.160536
0.163261
0.157672
0.137560
0.140378
0.099479
0.102802
0.098372
0.126921
0.133464
0.114367
0.156844
0.131325
0.135443
0.153223
0.136344
0.140275
0.138140
0.157316
0.138842
0.136171
0.138073
0.120160
0.102512
0.102922
0.107210
0.102901
0.180873
0.155978
0.134521
0.133273
0.132091
0.118131
0.106206
0.105504
0.135790
0.132510
0.137180
0.194172
0.163377
0.169186
0.165223
0.132935
0.156000
0.135535
0.136707
0.155223
0.137563
0.134276
0.136640
0.122833
0.101010
0.106388
0.103104
0.106850
0.103997
0.105980
0.105358
0.101267
0.103792
0.100349
0.129270
0.145792
0.136844
0.136103
0.136285
0.105186
0.104061
0.106478
0.108038
0.103245
0.105002
0.117250
0.154644
0.163813
0.157339
0.123550
0.124753
0.125232
0.155811
0.140117
0.137075
0.104458
0.104418
0.103714
0.104217
0.102285
0.097506
0.102570
0.101888
0.100204
0.112447
0.105985
0.104269
0.104837
0.186463
0.132274
0.097669
0.104916
0.105572
0.107714
0.100057
0.100548
0.104724
0.104200
0.102294
0.101378
0.105630
0.105384
0.105582
0.108099
0.105185
0.103349
0.105820
0.105412
0.107346
0.172762
0.183658
0.168005
0.163588
0.159294
0.157156
0.137366
0.155646
0.134918
0.135580
0.136732
0.126626
0.101294
0.104051
0.101650
0.152486
0.159407
0.137444
0.159864
0.137971
0.138738
0.161102
0.154572
0.137101
0.138027
0.143603
0.112863
0.103750
0.102617
0.103122
0.102945
0.105591
0.108308
0.104481
0.100821
0.099806
0.099521
0.099322
0.098614
0.099535
0.101227
0.098915
0.101189
0.103410
0.105059
0.101310
0.099141
0.098800
0.102240
0.100160
0.099057
0.099197
0.101102
0.104215
0.101611
0.098823
0.099695
0.108645
0.102161
0.103233
0.104072
0.100936
0.103351
0.181935
0.158598
0.160756
0.156580
0.120421
0.120419
0.152342
0.138196
0.134464
0.134499
0.107487
0.099679
0.103814
0.147432
0.131492
0.136025
0.132157
0.102068
0.101442
0.105354
0.106784
0.100347
0.109281
0.105302
0.110068
0.108687
0.109656
0.109301
0.103753
0.151880
0.139832
0.137255
0.153933
0.137055
0.129073
0.191696
0.166224
0.172580
0.173485
0.135949
0.126222
0.123555
0.127091
0.124674
0.158395
0.136760
0.134250
0.155392
0.138795
0.138721
0.134791
0.130706
0.106399
0.098881
0.106711
0.108814
0.101207
0.106592
0.103685
0.105590
0.106115
0.107076
0.132305
0.130858
0.124984
0.100461
0.104469
0.153181
0.137236
0.133376
0.137649
0.104803
0.107698
0.110180
0.102683
0.106639
0.105872
0.106858
0.198392
0.166870
0.153223
0.135760
0.126083
0.150762
0.156222
0.133302
0.136199
0.131477
0.129970
0.118372
0.160014
0.149570
0.130595
0.132164
0.127685
0.130729
0.106966
0.102421
0.101241
0.098448
0.100138
0.102941
0.104590
0.101729
0.104135
0.108893
0.126744
0.104395
0.104191
0.101910
0.103793
0.103611
0.105734
0.102772
0.103796
0.102595
0.106259
0.098921
0.099429
0.097217
0.105115
0.103420
0.155071
0.137692
0.132324
0.135024
0.128913
0.103123
0.104190
0.102950
0.101902
0.103486
0.103333
0.105517
0.105753
0.109774
0.157714
0.151541
0.144568
0.138761
0.123900
0.174848
0.118237
0.140384
0.134442
0.138108
0.123798
0.109693
0.102952
0.109665
0.113976
0.107755
0.101979
0.107628
0.100299
0.106204
0.110477
0.106112
0.109367
0.106792
0.104903
0.101720
0.103345
0.107279
0.101827
0.096628
0.100578
0.151296
0.133932
0.136167
0.133148
0.163618
0.154831
0.183641
0.165663
0.202110
0.158548
0.121344
0.127820
0.121526
0.155679
0.132632
0.133206
0.138488
0.124967
0.103375
0.099953
0.100297
0.103651
0.105106
0.104859
0.106468
0.107905
0.104091
0.105078
0.105501
0.101743
0.100754
0.099376
0.098860
0.102379
0.098545
0.104868
0.097559
0.101607
0.097415
0.097501
0.156310
0.130545
0.106555
0.108764
0.128583
0.136478
0.129292
0.129359
0.130029
0.119785
0.103708
0.106760
0.105471
0.105744
0.103724
0.104734
0.102436
0.105709
0.101532
0.102122
0.155422
0.133068
0.133967
0.132104
0.122323
0.105820
0.107261
0.106599
0.101632
0.100942
0.104316
0.109786
0.103261
0.113509
0.105316
0.102901
0.107054
0.107840
0.104511
0.108142
0.155435
0.132980
0.133206
0.132194
0.130684
0.106304
0.106218
0.106902
0.118758
0.109295
0.102019
0.108173
0.100720
0.105188
0.103797
0.105220
0.107100
0.105766
0.163375
0.138047
0.104412
0.101924
0.103651
0.107120
0.105360
0.104128
0.154461
0.189197
0.153440
0.139062
0.135474
0.104883
0.105318
0.106236
0.110246
0.106782
0.105884
0.106901
0.107466
0.105819
0.102622
0.153795
0.131784
0.113285
0.107289
0.104385
0.107232
0.104087
0.159787
0.138189
0.127751
0.107592
0.104230
0.104651
0.154772
0.138747
0.134467
0.136585
0.115139
0.177844
0.133747
0.132909
0.129982
0.137327
0.160902
0.135140
0.181346
0.162556
0.171635
0.162463
0.162986
0.160216
0.132883
0.155866
0.135552
0.127142
0.105674
0.107841
0.107224
0.106141
0.139103
0.142552
0.142648
0.141410
0.148961
0.167671
0.158882
0.134374
0.136306
0.127669
0.105285
0.108628
0.108417
0.106546
0.108558
0.108748
0.108744
0.110145
0.107318
0.105395
0.107447
0.105728
0.106848
0.108089
0.183074
0.160998
0.158984
0.146950
0.129412
0.123498
0.154330
0.135993
0.135084
0.132024
0.124145
0.105759
0.105919
0.106386
0.099776
0.103799
0.104300
0.101151
0.104462
0.105560
0.104419
0.108784
0.112729
0.112491
0.104973
0.176851
0.169647
0.135843
0.127262
0.159708
0.138926
0.144979
0.164830
0.181572
0.140395
0.170023
0.158514
0.138055
0.136443
0.136126
0.123190
0.106058
0.116374
0.106249
0.104658
0.103439
0.102645
0.157898
0.138002
0.130685
0.139516
0.132056
0.184237
0.164391
0.168722
0.150086
0.152545
0.136528
0.178827
0.139740
0.142004
0.159688
0.124608
0.112037
0.111729
0.112668
0.112785
0.105793
0.105739
0.105553
0.107050
0.106316
0.102480
0.100553
0.113088
0.109350
0.105003
0.108400
0.105963
0.104300
0.109676
0.105325
0.103158
0.105629
0.170447
0.163580
0.158189
0.164590
0.131309
0.128589
0.160497
0.139144
0.147257
0.162263
0.158058
0.159900
0.163789
0.132221
0.128156
0.129912
0.123265
0.159499
0.141864
0.133699
0.119064
0.099482
0.102455
0.148342
0.143231
0.176334
0.166985
0.164850
0.145171
0.129730
0.126971
0.124842
0.125849
0.125272
0.153230
0.129616
0.136203
0.134966
0.119728
0.108330
0.105314
0.105132
0.103862
0.104974
0.107073
0.107260
0.107287
0.105946
0.104404
0.104779
0.105806
0.154122
0.140284
0.131617
0.130873
0.133892
0.105238
0.103837
0.105684
0.105162
0.106322
0.106576
0.106714
0.107486
0.105734
0.102808
0.104218
0.157315
0.159106
0.138586
0.138891
0.140202
0.155863
0.138278
0.139374
0.136829
0.137749
0.103621
0.102183
0.170795
0.133460
0.138087
0.139760
0.184689
0.161624
0.169272
0.145942
0.127405
0.127466
0.124884
0.125849
0.126820
0.127915
0.127374
0.134118
0.133091
0.130253
0.130190
0.135443
0.101004
0.102612
0.100224
0.174397
0.157464
0.136285
0.137088
0.138280
0.188356
0.168432
0.166304
0.165051
0.166302
0.133003
0.129232
0.130835
0.126441
0.128458
0.134201
0.127494
0.125946
0.128907
0.123780
0.127343
0.125660
0.133481
0.130856
0.127482
0.125901
0.121385
0.124212
0.126948
0.130886
0.126800
0.129323
0.159721
0.138293
0.149891
0.130111
0.125393
0.122790
0.124818
0.130723
0.126512
0.149738
0.130189
0.132414
0.128197
0.116130
0.103405
0.105872
0.107670
0.156483
0.134075
0.150356
0.103573
0.104364
0.156694
0.136539
0.138158
0.138344
0.106311
0.105335
0.106040
0.129864
0.137841
0.135762
0.134335
0.132660
0.111540
0.103112
0.100712
0.102099
0.104172
0.106207
0.104665
0.106854
0.102960
0.168408
0.132994
0.134139
0.153581
0.137500
0.136872
0.137153
0.127463
0.157947
0.139746
0.140301
0.158173
0.132564
0.133068
0.133998
0.155493
0.140487
0.133476
0.158015
0.158141
0.147518
0.108369
0.107379
0.104985
0.103500
0.105129
0.104168
0.105435
0.104571
0.125772
0.105759
0.104592
0.159267
0.103837
0.159172
0.173310
0.146386
0.137584
0.152406
0.136344
0.135067
0.135256
0.158374
0.137712
0.141860
0.140981
0.139494
0.108944
0.104864
0.107822
0.103215
0.103619
0.104517
0.102827
0.106284
0.104728
0.103043
0.105932
0.105321
0.103344
0.103332
0.104950
0.102187
0.107723
0.112252
0.107886
0.104778
0.105970
0.104717
0.099536
0.105175
0.107137
0.107368
0.106802
0.108504
0.105744
0.108355
0.106205
0.165750
0.137601
0.138227
0.108989
0.135269
0.133638
0.106437
0.108025
0.104211
0.102896
0.105718
0.105236
0.102986
0.106134
0.104025
0.104268
0.103237
0.178668
0.174580
0.165239
0.166995
0.127816
0.121569
0.120295
0.129077
0.131409
0.128956
0.128041
0.130315
0.147823
0.153612
0.130780
0.134035
0.127836
0.124398
0.100716
0.108150
0.103296
0.170334
0.106203
0.106540
0.107060
0.149408
0.136256
0.134920
0.140955
0.153361
0.137447
0.137408
0.139436
0.124809
0.107497
0.102323
0.104530
0.104453
0.157760
0.137997
0.134776
0.189056
0.168640
0.169566
0.158809
0.163721
0.137853
0.133880
0.135502
0.136482
0.106296
0.105212
0.102394
0.100467
0.109528
0.104549
0.104710
0.109999
0.106456
0.107952
0.109721
0.105485
0.113613
0.108154
0.104780
0.108102
0.109312
0.107909
0.109517
0.112808
0.113115
0.103998
0.163239
0.136256
0.137615
0.136432
0.140393
0.111590
0.108515
0.106954
0.105565
0.105360
0.106397
0.153061
0.135391
0.135947
0.141397
0.137381
0.137300
0.159206
0.135572
0.133096
0.128286
0.104673
0.108753
0.106406
0.155139
0.152770
0.148560
0.137351
0.114106
0.104016
0.108127
0.100955
0.105632
0.102889
0.105972
0.104159
0.100285
0.102700
0.105788
0.107106
0.103756
0.102664
0.106660
0.105670
0.191789
0.162209
0.160514
0.151478
0.136541
0.180541
0.124864
0.121120
0.125543
0.145031
0.135584
0.135344
0.133641
0.102259
0.102060
0.105796
0.107150
0.104985
0.105227
0.101655
0.102364
0.099221
0.098174
0.100192
0.098708
0.107334
0.101091
0.104016
0.104108
0.105992
0.110972
0.100899
0.099012
0.102742
0.143497
0.138512
0.133920
0.130552
0.149864
0.135495
0.135112
0.135136
0.105441
0.107116
0.106218
0.154882
0.139437
0.136576
0.133687
0.122061
0.107346
0.108309
0.107772
0.105434
0.107693
0.108118
0.144954
0.131505
0.134879
0.133934
0.105770
0.109402
0.108188
0.109023
0.114544
0.106206
0.105380
0.104409
0.103796
0.104792
0.106349
0.103697
0.103739
0.104864
0.111082
0.105929
0.108394
0.103797
0.109685
0.105176
0.103922
0.109862
0.156729
0.136437
0.158069
0.135860
0.119737
0.109582
0.109686
0.105796
0.109197
0.105294
0.106644
0.108275
0.104843
0.102930
0.102112
0.104728
0.104776
0.102926
0.102249
0.107552
0.102611
0.104117
0.182289
0.158651
0.150898
0.105512
0.107516
0.103192
0.106998
0.104989
0.103323
0.104141
0.102196
0.103276
0.107112
0.105826
0.106901
0.101765
0.104054
0.101870
0.098512
0.103257
0.106529
0.099882
0.105651
0.109598
0.107421
0.153887
0.134024
0.133033
0.132762
0.132397
0.102565
0.099558
0.105056
0.102831
0.111598
0.107651
0.156953
0.137808
0.187527
0.168074
0.168754
0.158678
0.136436
0.132773
0.132571
0.104532
0.101672
0.099638
0.101995
0.102902
0.108534
0.102787
0.102113
0.103771
0.102578
0.102510
0.098829
0.104672
0.104102
0.099935
0.103170
0.105000
0.102315
0.102822
0.102380
0.102862
0.101058
0.101049
0.100334
0.104549
0.107647
0.104975
0.106566
0.106500
0.107637
0.105668
0.101978
0.102244
0.105535
0.106182
0.106833
0.103939
0.102692
0.101401
0.104222
0.101143
0.102542
0.105175
0.105343
0.107102
0.105831
0.105577
0.102894
0.153992
0.133423
0.134772
0.135405
0.138380
0.114047
0.105617
0.104220
0.104223
0.103026
0.155008
0.153138
0.131405
0.134831
0.137722
0.116953
0.145336
0.137435
0.136600
0.182502
0.163141
0.164201
0.190709
0.140145
0.120958
0.106264
0.099325
0.101738
0.104969
0.102523
0.106444
0.106146
0.103739
0.104854
0.106007
0.102176
0.109653
0.108141
0.111063
0.106808
0.104276
0.104544
0.103214
0.101673
0.103982
0.104151
0.102229
0.100173
0.105915
0.104964
0.104351
0.106811
0.102741
0.105621
0.104086
0.107553
0.160851
0.137644
0.155230
0.138499
0.134571
0.129758
0.134989
0.115715
0.108155
0.108183
0.151066
0.131089
0.135262
0.133964
0.122527
0.101879
0.105672
0.108626
0.104222
0.106172
0.107567
0.103276
0.100131
0.134174
0.124024
0.180474
0.164597
0.172695
0.127646
0.126148
0.126322
0.125548
0.125298
0.125013
0.133187
0.158870
0.137726
0.160884
0.134933
0.125802
0.106967
0.105979
0.103676
0.103394
0.102338
0.102453
0.157574
0.132091
0.116634
0.100530
0.109395
0.110329
0.104384
0.104766
0.106350
0.106822
0.105010
0.104813
0.104079
0.106011
0.111317
0.154771
0.134094
0.138190
0.141410
0.115432
0.106081
0.105716
0.109524
0.103585
0.103207
0.107138
0.105000
0.103683
0.107171
0.103443
0.103574
0.103096
0.106146
0.107505
0.104964
0.107139
0.105747
0.104125
0.104840
0.105732
0.105175
0.102569
0.108727
0.103546
0.104367
0.105660
0.104870
0.104154
0.103836
0.103629
0.105665
0.108399
0.107332
0.101952
0.099642
0.099921
0.099954
0.099717
0.100219
0.104326
0.102636
0.102680
0.110637
0.104770
0.110752
0.154088
0.136353
0.134070
0.124710
0.109932
0.109082
0.109182
0.103647
0.107457
0.110352
0.104782
0.102199
0.105010
0.102728
0.104838
0.100305
0.155016
0.132383
0.135741
0.135684
0.112732
0.143023
0.106128
0.136370
0.148708
0.138932
0.138699
0.139029
0.133970
0.108231
0.110303
0.111950
0.107461
0.105278
0.103709
0.102947
0.105693
0.105685
0.108559
0.109915
0.111450
0.112083
0.101200
0.104721
0.105695
0.106851
0.108521
0.106005
0.104845
0.106954
0.107078
0.105207
0.103738
0.103940
0.102703
0.103517
0.104061
0.103745
0.109027
0.102438
0.099804
0.102836
0.185861
0.163358
0.162856
0.160172
0.137996
0.138196
0.119946
0.106604
0.105178
0.104568
0.107186
0.103595
0.101084
0.102064
0.099164
0.102735
0.100353
0.100845
0.100562
0.107920
0.102422
0.102728
0.105738
0.107153
0.109360
0.111473
0.107539
0.105956
0.107002
0.103843
0.102755
0.101986
0.102183
0.154921
0.138058
0.134803
0.131913
0.126585
0.106561
0.105724
0.104511
0.100808
0.149939
0.131706
0.134073
0.138108
0.120706
0.100497
0.099556
0.099229
0.154002
0.133262
0.140907
0.104892
0.156477
0.136779
0.136222
0.139384
0.157286
0.139344
0.136492
0.140970
0.120398
0.105577
0.106490
0.102607
0.108286
0.105221
0.145798
0.135239
0.147329
0.131367
0.133488
0.131862
0.122061
0.106114
0.108307
0.106164
0.108945
0.106734
0.107149
0.105871
0.104562
0.098357
0.100801
0.105923
0.100444
0.102808
0.100587
0.142979
0.196896
0.164835
0.164757
0.143086
0.110128
0.151615
0.159852
0.154527
0.133821
0.138049
0.131934
0.122769
0.102333
0.105843
0.105209
0.103881
0.106677
0.103676
0.104184
0.107035
0.109602
0.099040
0.106342
0.101942
0.102361
0.098920
0.105406
0.109693
0.111100
0.112180
0.106907
0.108089
0.103279
0.104043
0.157092
0.137179
0.129746
0.123830
0.103615
0.106241
0.105931
0.102997
0.105220
0.106075
0.105255
0.104792
0.104191
0.106489
0.107381
0.105360
0.105750
0.104411
0.102472
0.103832
0.099262
0.104555
0.104927
0.117362
0.103817
0.190541
0.160062
0.155098
0.126521
0.128964
0.132874
0.132899
0.129550
0.130221
0.126916
0.121931
0.150427
0.137987
0.135632
0.144297
0.129085
0.149795
0.134337
0.133621
0.135148
0.134582
0.117151
0.101658
0.104076
0.104860
0.104932
0.106405
0.104563
0.099648
0.103690
0.099076
0.105410
0.178396
0.168473
0.165098
0.139050
0.127423
0.129151
0.124749
0.123873
0.128425
0.130145
0.125112
0.126698
0.126555
0.126792
0.131852
0.135428
0.128510
0.128136
0.127999
0.128279
0.130479
0.128464
0.129900
0.147358
0.107954
0.106281
0.105299
0.164163
0.128004
0.108022
0.111340
0.114305
0.104648
0.101078
0.104557
0.101751
0.100729
0.102572
0.103763
0.099856
0.099347
0.103483
0.101986
0.157800
0.206843
0.168336
0.167872
0.166661
0.129186
0.127838
0.127136
0.125367
0.125407
0.122146
0.123941
0.121712
0.126744
0.148261
0.140366
0.137125
0.134837
0.121326
0.104463
0.102687
0.110984
0.106224
0.104135
0.100726
0.106324
0.104852
0.103685
0.099678
0.103772
0.104006
0.109179
0.107396
0.104649
0.153929
0.141057
0.136644
0.139172
0.129968
0.110511
0.111517
0.107796
0.101924
0.106539
0.161295
0.143323
0.137488
0.136526
0.136265
0.133851
0.122636
0.105906
0.105019
0.105470
0.105620
0.105229
0.105467
0.106278
0.106380
0.139616
0.112603
0.174827
0.162764
0.158578
0.149824
0.130275
0.127277
0.127130
0.125460
0.125658
0.127568
0.128865
0.134133
0.133056
0.130368
0.127931
0.123179
0.124827
0.126629
0.124886
0.129416
0.131208
0.126882
0.125714
0.126495
0.128620
0.126563
0.122520
0.127988
0.130338
0.127761
0.124678
0.123523
0.127607
0.127570
0.127522
0.153322
0.135063
0.124329
0.103758
0.173002
0.154101
0.135983
0.135922
0.107059
0.114378
0.105770
0.105896
0.105074
0.104885
0.102477
0.106701
0.100534
0.099212
0.110126
0.110237
0.105823
0.105166
0.102140
0.100125
0.100019
0.100235
0.101411
0.107548
0.106505
0.110185
0.105146
0.104484
0.105534
0.105576
0.105473
0.109757
0.104741
0.105591
0.108598
0.109216
0.100513
0.105314
0.104704
0.105687
0.105690
0.103935
0.106192
0.105577
0.105955
0.104632
0.154560
0.137095
0.186160
0.179745
0.166731
0.150952
0.137665
0.131787
0.134130
0.102661
0.105788
0.107152
0.102117
0.106133
0.111494
0.102702
0.104038
0.101516
0.100494
0.142660
0.136670
0.186725
0.163716
0.163375
0.151991
0.140029
0.151597
0.134819
0.124302
0.131200
0.150543
0.162766
0.137390
0.139003
0.135903
0.120138
0.103128
0.102905
0.104050
0.135858
0.156931
0.133282
0.132615
0.137038
0.198622
0.164297
0.191462
0.128969
0.103969
0.102155
0.100060
0.100404
0.103005
0.108469
0.099567
0.102239
0.103916
0.175084
0.134591
0.131791
0.131966
0.109078
0.114200
0.109684
0.108168
0.107734
0.109431
0.107483
0.101530
0.106282
0.156588
0.140742
0.119272
0.196499
0.157725
0.113264
0.134697
0.167662
0.153695
0.129299
0.146055
0.127590
0.125216
0.138682
0.128557
0.154928
0.133995
0.135369
0.120998
0.105261
0.105793
0.106609
0.106148
0.107034
0.106477
0.154223
0.133256
0.137192
0.133652
0.126143
0.104879
0.158983
0.161091
0.129566
0.125228
0.126047
0.163137
0.136914
0.137849
0.105335
0.108483
0.107591
0.104941
0.105921
0.101206
0.103476
0.107310
0.107318
0.110989
0.169435
0.163503
0.157339
0.131700
0.126394
0.125884
0.126628
0.154317
0.133169
0.133210
0.135506
0.107929
0.106283
0.146739
0.140748
0.123988
0.107353
0.111093
0.107401
0.104801
0.104260
0.105929
0.102977
0.102513
0.106119
0.108033
0.102518
0.101407
0.101018
0.100977
0.101295
0.104347
0.102644
0.100491
0.110201
0.102293
0.099253
0.097847
0.099374
0.098658
0.098665
0.100888
0.100836
0.100441
0.100096
0.100194
0.099687
0.098980
0.098996
0.099122
0.099415
0.101497
0.099504
0.099158
0.104759
0.099964
0.100953
0.178844
0.202389
0.137858
0.137074
0.138821
0.137906
0.107022
0.105894
0.107066
0.105243
0.104819
0.104792
0.152729
0.134058
0.136154
0.135737
0.128132
0.149777
0.133486
0.138844
0.137882
0.130210
0.109481
0.139524
0.141227
0.139288
0.102600
0.102792
0.103480
0.102434
0.104507
0.187711
0.165006
0.164078
0.161410
0.132223
0.129223
0.131374
0.126204
0.125623
0.126044
0.125906
0.192351
0.135083
0.132113
0.130936
0.129308
0.111620
0.104162
0.101361
0.153531
0.134833
0.139301
0.135437
0.115693
0.149244
0.133766
0.137592
0.134412
0.101958
0.151246
0.136538
0.149750
0.134852
0.137321
0.137106
0.109797
0.102160
0.103848
0.103018
0.102540
0.102751
0.099392
0.108469
0.105220
0.101901
0.103460
0.154186
0.134218
0.134594
0.136283
0.137955
0.120036
0.107823
0.146066
0.180348
0.161932
0.164559
0.166451
0.126970
0.132232
0.160336
0.137231
0.172366
0.127503
0.136177
0.148476
0.150508
0.132146
0.127116
0.107444
0.108617
0.107365
0.107716
0.107505
0.106055
0.105579
0.104783
0.107245
0.110897
0.131653
0.130088
0.132888
0.133431
0.099779
0.098683
0.100541
0.159442
0.137389
0.134912
0.135001
0.133770
0.133780
0.107907
0.105352
0.107839
0.106562
0.107268
0.108854
0.160734
0.139880
0.135709
0.134889
0.134505
0.134340
0.100889
0.108082
0.110465
0.108053
0.106418
0.104312
0.108923
0.111547
0.109135
0.142672
0.141669
0.158018
0.167547
0.138182
0.155201
0.105104
0.139687
0.148041
0.135688
0.158366
0.137290
0.145981
0.137110
0.136874
0.121107
0.101929
0.192265
0.163940
0.160885
0.142020
0.136032
0.134760
0.116056
0.103203
0.102195
0.108173
0.105423
0.101662
0.104018
0.111597
0.098567
0.101127
0.103561
0.105982
0.105412
0.105013
0.105854
0.098770
0.106761
0.105032
0.106378
0.109409
0.103172
0.105815
0.103913
0.195665
0.168605
0.172009
0.167649
0.133796
0.121496
0.123922
0.120627
0.120818
0.124866
0.131595
0.126714
0.193400
0.127052
0.124850
0.130064
0.151603
0.136870
0.135210
0.133977
0.106322
0.103871
0.104664
0.108027
0.138301
0.140370
0.139582
0.133563
0.132175
0.104604
0.111353
0.106250
0.100893
0.152556
0.135505
0.156004
0.138632
0.139079
0.165061
0.141179
0.137356
0.112564
0.103937
0.171348
0.158113
0.131775
0.136879
0.133270
0.122418
0.139899
0.138015
0.181503
0.165978
0.162386
0.140971
0.184326
0.168286
0.162385
0.160044
0.152518
0.124463
0.130972
0.129867
0.127252
0.154974
0.132561
0.124688
0.106760
0.102489
0.104305
0.106523
0.145950
0.134810
0.137311
0.112731
0.106352
0.104661
0.103769
0.102409
0.149593
0.133052
0.134564
0.134824
0.121472
0.104559
0.102782
0.104342
0.151535
0.135180
0.133170
0.128493
0.119551
0.098226
0.099509
0.102136
0.102276
0.098256
0.107220
0.141880
0.130836
0.129858
0.135134
0.105135
0.103870
0.110692
0.108740
0.164660
0.158133
0.128450
0.128926
0.132071
0.154578
0.129584
0.147954
0.136500
0.134397
0.150787
0.135182
0.126686
0.104594
0.105172
0.106564
0.107844
0.106024
0.108328
0.104293
0.099946
0.103491
0.192169
0.154346
0.137453
0.135947
0.135641
0.136555
0.103225
0.105777
0.100122
0.098969
0.104837
0.101594
0.100335
0.103759
0.103705
0.105061
0.150360
0.133420
0.134285
0.140504
0.142138
0.130611
0.104385
0.110657
0.162024
0.141018
0.137347
0.110152
0.104913
0.101255
0.102422
0.101270
0.103335
0.105337
0.104558
0.105247
0.108116
0.143685
0.131919
0.135043
0.124382
0.104966
0.107119
0.107335
0.103798
0.110206
0.105473
0.158644
0.134386
0.136458
0.106484
0.099906
0.103269
0.105587
0.104839
0.109278
0.104851
0.102558
0.101651
0.100345
0.101389
0.103110
0.100392
0.106826
0.107303
0.105506
0.103678
0.104310
0.100011
0.101562
0.098899
0.103152
0.102145
0.103660
0.107723
0.102919
0.102298
0.106731
0.105166
0.105331
0.107344
0.102307
0.098703
0.105983
0.109550
0.102411
0.099027
0.104132
0.105875
0.105508
0.098260
0.105185
0.107016
0.108416
0.101425
0.105206
0.102527
0.107753
0.101922
0.178379
0.166148
0.163593
0.160895
0.129038
0.125815
0.121569
0.157540
0.136803
0.184094
0.168885
0.158510
0.138569
0.124624
0.121675
0.124943
0.127115
0.124692
0.128522
0.126707
0.120732
0.122661
0.130414
0.131816
0.129318
0.129337
0.107166
0.107589
0.108823
0.108748
0.112491
0.111919
0.107376
0.107454
0.107243
0.109243
0.107852
0.105694
0.105100
0.108871
0.103311
0.104272
0.104089
0.104195
0.102882
0.104268
0.102059
0.103953
0.103592
0.100773
0.100873
0.100725
0.100492
0.101115
0.100821
0.107430
0.109092
0.108321
0.106398
0.101842
0.101315
0.102147
0.104484
0.105186
0.106409
0.110231
0.104549
0.106282
0.108232
0.108363
0.102344
0.108365
0.106625
0.110241
0.111871
0.109164
0.107685
0.104590
0.102471
0.104579
0.105132
0.108712
0.100800
0.165188
0.144583
0.130645
0.134377
0.110317
0.104229
0.104256
0.104172
0.103404
0.184747
0.162182
0.166060
0.163817
0.126672
0.136506
0.134960
0.181277
0.166493
0.159090
0.137048
0.128019
0.128019
0.126922
0.139266
0.130373
0.152620
0.134712
0.156110
0.131892
0.121783
0.156505
0.140568
0.106666
0.103186
0.106021
0.109412
0.106637
0.109626
0.106858
0.107006
0.107783
0.134657
0.133881
0.129977
0.105674
0.109114
0.104191
0.103389
0.100645
0.103306
0.099355
0.101655
0.098056
0.105134
0.104003
0.152935
0.133577
0.161943
0.137918
0.174473
0.168643
0.167921
0.165751
0.132015
0.168684
0.147610
0.135134
0.134085
0.141465
0.118040
0.104764
0.109803
0.155157
0.134313
0.134643
0.131784
0.117932
0.103389
0.106597
0.105226
0.109244
0.102422
0.103567
0.104426
0.102147
0.181737
0.162690
0.143772
0.127968
0.129483
0.156776
0.138182
0.137266
0.136357
0.126663
0.103769
0.104986
0.159859
0.132566
0.161019
0.139358
0.141343
0.138762
0.112149
0.103666
0.110420
0.109246
0.106694
0.105205
0.103921
0.103734
0.103527
0.159189
0.137146
0.136293
0.135574
0.122602
0.105384
0.103245
0.159226
0.153947
0.136476
0.136330
0.130730
0.120815
0.101681
0.100193
0.125330
0.106725
0.102421
0.108219
0.101826
0.099054
0.101704
0.099858
0.104621
0.104590
0.103692
0.099469
0.103089
0.100941
0.152160
0.138755
0.134050
0.135781
0.148705
0.174161
0.162054
0.147321
0.137591
0.132559
0.140510
0.111945
0.104692
0.108635
0.107690
0.109498
0.106845
0.103058
0.108377
0.155295
0.137581
0.135188
0.135458
0.134526
0.114960
0.102746
0.179511
0.163399
0.168349
0.162926
0.126283
0.123514
0.126935
0.126220
0.130000
0.158493
0.137607
0.134813
0.151430
0.124096
0.126237
0.127452
0.122320
0.120130
0.120724
0.123562
0.128098
0.124641
0.159260
0.144701
0.136980
0.137515
0.128246
0.107504
0.157628
0.137958
0.135331
0.132699
0.136283
0.105968
0.108493
0.108140
0.106084
0.104519
0.107913
0.107401
0.155663
0.136337
0.137273
0.108027
0.104729
0.157255
0.137584
0.116156
0.167149
0.186880
0.133758
0.103351
0.107037
0.106227
0.198051
0.151298
0.133691
0.132370
0.132055
0.125079
0.151449
0.137799
0.121323
0.105941
0.107140
0.160389
0.134236
0.138612
0.132464
0.137058
0.132551
0.132854
0.106265
0.105627
0.155863
0.151209
0.134569
0.137616
0.135443
0.112646
0.103334
0.099632
0.177709
0.187396
0.188569
0.149758
0.124969
0.103858
0.105501
0.103879
0.104277
0.103260
0.145099
0.134959
0.133890
0.129228
0.103592
0.103293
0.102755
0.161652
0.132082
0.128956
0.105404
0.106055
0.103726
0.102871
0.104277
0.103940
0.106091
0.112930
0.106603
0.104394
0.101492
0.101399
0.104328
0.101915
0.105360
0.107711
0.156658
0.135195
0.134518
0.107087
0.103821
0.103155
0.103624
0.107341
0.106591
0.107348
0.108441
0.103212
0.103620
0.101822
0.104128
0.105222
0.102148
0.110162
0.108933
0.192034
0.165501
0.160331
0.161590
0.134439
0.127102
0.125836
0.125982
0.124120
0.131369
0.148588
0.129659
0.134370
0.133961
0.128314
0.106136
0.099213
0.102926
0.106037
0.104761
0.098949
0.106665
0.154486
0.132482
0.132352
0.131274
0.131763
0.100707
0.099702
0.102174
0.101524
0.099708
0.101779
0.103586
0.102037
0.106090
0.104263
0.105570
0.102176
0.101949
0.100986
0.103692
0.100282
0.102827
0.101288
0.103318
0.102599
0.102365
0.102551
0.100080
0.105003
0.102091
0.105153
0.104186
0.103653
0.101391
0.102145
0.102233
0.102993
0.104789
0.104139
0.104614
0.102381
0.101643
0.102420
0.106725
0.103973
0.107720
0.105402
0.106845
0.102207
0.099104
0.102250
0.103551
0.178494
0.150219
0.134823
0.163556
0.136432
0.134766
0.193274
0.166246
0.166178
0.160213
0.125461
0.121422
0.128429
0.126904
0.154520
0.158465
0.139784
0.159543
0.142609
0.109898
0.105809
0.113932
0.144418
0.137282
0.136590
0.135714
0.102528
0.104608
0.104614
0.103091
0.182091
0.167518
0.157439
0.132209
0.131114
0.133337
0.113737
0.105652
0.106919
0.109568
0.106892
0.105057
0.105507
0.102804
0.102737
0.105823
0.103016
0.106757
0.172438
0.168612
0.164980
0.154098
0.123998
0.129951
0.124230
0.124670
0.124995
0.131105
0.155809
0.133072
0.116505
0.104434
0.099596
0.101013
0.101979
0.096784
0.103714
0.105719
0.112625
0.099874
0.106534
0.101154
0.103073
0.103534
0.145458
0.133698
0.131818
0.112235
0.103825
0.155752
0.133954
0.134665
0.138282
0.131431
0.104415
0.100726
0.100494
0.101115
0.103409
0.100857
0.104040
0.101742
0.103171
0.103927
0.100231
0.103827
0.102599
0.108091
0.108221
0.102715
0.102390
0.101002
0.101411
0.103952
0.100068
0.102036
0.101813
0.105334
0.103836
0.101830
0.102350
0.102327
0.101404
0.101896
0.099330
0.105455
0.109437
0.153934
0.134761
0.132492
0.130508
0.131415
0.134136
0.127335
0.101111
0.104806
0.105859
0.100860
0.100005
0.104385
0.103913
0.103138
0.100785
0.108140
0.105940
0.105360
0.106869
0.099190
0.102264
0.103312
0.106125
0.106595
0.109199
0.101889
0.105702
0.105587
0.101184
0.105454
0.168714
0.159791
0.161355
0.128848
0.164670
0.146390
0.132454
0.131544
0.109067
0.105485
0.154018
0.138672
0.138958
0.108835
0.102346
0.152107
0.104137
0.147476
0.180578
0.142429
0.131828
0.121292
0.104666
0.104311
0.103508
0.107399
0.106149
0.106186
0.104651
0.107010
0.109463
0.104355
0.102574
0.107569
0.105607
0.139290
0.136680
0.125565
0.172712
0.146995
0.136611
0.133217
0.132016
0.099410
0.104109
0.103385
0.104548
0.107008
0.106728
0.106991
0.155658
0.112364
0.170730
0.163077
0.176411
0.160030
0.137725
0.136146
0.133279
0.125863
0.104454
0.189120
0.160944
0.128832
0.120519
0.120400
0.131211
0.123702
0.126166
0.127915
0.129922
0.148622
0.134946
0.138995
0.133355
0.107441
0.103501
0.153678
0.135117
0.133958
0.160146
0.137376
0.186424
0.162853
0.165833
0.178058
0.177159
0.166136
0.167561
0.154407
0.124628
0.127573
0.123905
0.122143
0.124399
0.124104
0.129135
0.129764
0.135358
0.138952
0.130315
0.134584
0.132147
0.132325
0.131034
0.149880
0.132795
0.135204
0.136573
0.134204
0.102254
0.105122
0.106047
0.153038
0.131885
0.133835
0.130031
0.129792
0.126473
0.105813
0.101738
0.103769
0.104446
0.105469
0.104329
0.158870
0.131697
0.168996
0.159188
0.165849
0.164653
0.135420
0.129932
0.125635
0.125994
0.125432
0.125298
0.125002
0.146845
0.131267
0.124408
0.126568
0.125820
0.125891
0.126057
0.125942
0.129195
0.130112
0.130372
0.125482
0.125401
0.136708
0.136948
0.132873
0.149273
0.133307
0.162731
0.128947
0.124703
0.127487
0.126987
0.128399
0.127434
0.133601
0.129398
0.128445
0.131348
0.127689
0.128977
0.133300
0.126392
0.126987
0.131245
0.126853
0.155554
0.158570
0.137899
0.135514
0.133008
0.139016
0.117682
0.101536
0.103910
0.101758
0.102984
0.153231
0.132902
0.129897
0.135156
0.136877
0.104776
0.104400
0.103452
0.103121
0.107176
0.105978
0.134119
0.138030
0.133921
0.119166
0.106866
0.108171
0.100033
0.105734
0.103665
0.104092
0.108071
0.103736
0.105429
0.109407
0.107791
0.107450
0.114203
0.109368
0.104634
0.102451
0.104387
0.103581
0.102176
0.102930
0.101589
0.105904
0.161140
0.137075
0.139796
0.142199
0.156508
0.136544
0.138238
0.138311
0.133854
0.108977
0.109345
0.163038
0.187373
0.190121
0.160096
0.161638
0.134034
0.131339
0.126101
0.126378
0.150043
0.134094
0.135674
0.136529
0.173111
0.138055
0.151169
0.104406
0.106748
0.104563
0.099746
0.103345
0.100698
0.106105
0.103509
0.102885
0.102142
0.101193
0.101451
0.101724
0.102008
0.100694
0.100982
0.185815
0.161161
0.160188
0.163003
0.130484
0.132185
0.132352
0.150976
0.116259
0.106562
0.102574
0.106633
0.105084
0.172159
0.141444
0.132951
0.108340
0.106349
0.154798
0.134628
0.137017
0.138278
0.123302
0.103385
0.104484
0.105974
0.105405
0.101004
0.153658
0.134374
0.133405
0.146742
0.133476
0.134933
0.128830
0.122939
0.108189
0.102059
0.104336
0.104395
0.102270
0.157773
0.135042
0.138268
0.135458
0.121953
0.107022
0.100710
0.101201
0.103160
0.110759
0.098983
0.101369
0.103377
0.102700
0.104063
0.099812
0.106857
0.155041
0.137613
0.134559
0.106969
0.143951
0.135466
0.136789
0.135581
0.104366
0.103472
0.108031
0.152561
0.139199
0.105803
0.105578
0.105642
0.106199
0.103978
0.102239
0.103074
0.100651
0.161973
0.137315
0.137316
0.131139
0.148297
0.136223
0.155980
0.134024
0.134345
0.135712
0.137303
0.108971
0.105585
0.156562
0.134793
0.135127
0.156003
0.133543
0.121374
0.105667
0.159979
0.149023
0.138009
0.137763
0.150495
0.102701
0.102738
0.105317
0.132096
0.122787
0.100811
0.100565
0.101298
0.100755
0.152451
0.133991
0.132496
0.135552
0.134446
0.134937
0.158168
0.161834
0.138106
0.137194
0.136010
0.126147
0.105776
0.102160
0.105344
0.103379
0.119528
0.105334
0.105417
0.153224
0.135417
0.133705
0.117437
0.102922
0.104511
0.102170
0.098118
0.098226
0.098503
0.105760
0.108351
0.101970
0.101986
0.102419
0.102293
0.100816
0.098744
0.098747
0.103710
0.105905
0.105196
0.101464
0.102986
0.100502
0.100534
0.100425
0.100494
0.102888
0.099420
0.098380
0.099643
0.128768
0.102009
0.103595
0.102638
0.161901
0.157299
0.134439
0.155306
0.133683
0.134376
0.154219
0.135643
0.184052
0.139016
0.150532
0.140582
0.136227
0.181397
0.156305
0.179062
0.159678
0.161875
0.148188
0.125588
0.126058
0.124815
0.127228
0.127810
0.128543
0.127062
0.129805
0.132161
0.129207
0.128858
0.127154
0.129202
0.131141
0.130743
0.123887
0.123230
0.123425
0.122473
0.126867
0.125877
0.124795
0.141001
0.126364
0.125080
0.125875
0.121844
0.128719
0.126415
0.161150
0.135207
0.131257
0.132227
0.118339
0.100925
0.099944
0.103950
0.106981
0.151425
0.167605
0.137792
0.135136
0.106452
0.104800
0.103839
0.155333
0.164810
0.149095
0.140094
0.137025
0.111982
0.158111
0.138384
0.139311
0.158611
0.133172
0.151816
0.133003
0.137809
0.135614
0.122138
0.112744
0.109316
0.103407
0.101739
0.108249
0.103817
0.102530
0.106506
0.123093
0.105053
0.110202
0.106130
0.109203
0.108385
0.107424
0.106348
0.106521
0.103522
0.103367
0.104603
0.104568
0.110226
0.106665
0.106322
0.102171
0.104872
0.104381
0.107234
0.105852
0.154989
0.173834
0.164287
0.170240
0.126750
0.126026
0.129121
0.129056
0.132921
0.126182
0.123509
0.158421
0.132972
0.135710
0.137624
0.136552
0.156223
0.131341
0.133651
0.189930
0.199408
0.171634
0.165100
0.139726
0.130784
0.132560
0.129155
0.126946
0.128525
0.157222
0.152853
0.128704
0.126239
0.129667
0.158260
0.133585
0.127375
0.137102
0.130661
0.129926
0.124862
0.124482
0.124399
0.124041
0.152659
0.133140
0.136244
0.134119
0.123308
0.102848
0.101820
0.103970
0.103303
0.104593
0.108305
0.108109
0.184915
0.163909
0.160491
0.147723
0.126465
0.125618
0.126034
0.122701
0.121505
0.121709
0.121815
0.132806
0.122156
0.121719
0.147252
0.129648
0.136830
0.135470
0.152671
0.141481
0.138950
0.130337
0.100576
0.100765
0.195810
0.161827
0.156039
0.157053
0.123220
0.122022
0.129692
0.126638
0.131591
0.125403
0.124638
0.124516
0.122812
0.125285
0.135982
0.128074
0.148671
0.160555
0.134246
0.130510
0.112989
0.111102
0.113784
0.109312
0.108774
0.108160
0.108060
0.107759
0.111275
0.108860
0.107141
0.106925
0.108320
0.117505
0.099449
0.102778
0.104455
0.104767
0.098884
0.102583
0.102537
0.100038
0.104365
0.101866
0.098351
0.108581
0.103392
0.104399
0.109396
0.112944
0.105180
0.103800
0.105657
0.106175
0.102206
0.100021
0.103752
0.103384
0.102918
0.103583
0.104510
0.104946
0.109598
0.105165
0.102955
0.100527
0.099826
0.101695
0.099865
0.103865
0.101713
0.105788
0.102688
0.103618
0.099811
0.099509
0.102331
0.099141
0.099520
0.101177
0.101404
0.099630
0.108159
0.104317
0.103553
0.102008
0.104093
0.102085
0.108062
0.158010
0.137544
0.133795
0.137122
0.150516
0.135501
0.132764
0.131511
0.107712
0.177795
0.170821
0.185843
0.183352
0.166819
0.142283
0.124512
0.154192
0.139504
0.136778
0.131990
0.117518
0.104702
0.105819
0.103632
0.107452
0.107728
0.100562
0.134710
0.131502
0.131212
0.129910
0.117760
0.113592
0.171557
0.144262
0.134896
0.106068
0.104391
0.105117
0.108479
0.105028
0.104043
0.105111
0.100760
0.101452
0.101743
0.105279
0.105063
0.100553
0.099502
0.097820
0.104609
0.106549
0.099718
0.099003
0.104099
0.103821
0.101951
0.098862
0.098884
0.098434
0.098974
0.107054
0.104905
0.099751
0.100569
0.098910
0.101775
0.147614
0.131403
0.132658
0.134242
0.132466
0.109434
0.099402
0.098830
0.098818
0.098550
0.171113
0.151490
0.132249
0.134519
0.132643
0.157003
0.136920
0.181118
0.138010
0.137281
0.146713
0.136567
0.139969
0.105990
0.105848
0.153147
0.132663
0.158134
0.140573
0.138339
0.144036
0.134941
0.102810
0.102592
0.103262
0.100478
0.102598
0.164757
0.133390
0.132652
0.158074
0.136711
0.135579
0.135900
0.124661
0.102207
0.099515
0.099241
0.099102
0.098049
0.105080
0.102447
0.103349
0.110582
0.109185
0.102200
0.145381
0.167044
0.145372
0.134300
0.131466
0.153781
0.153359
0.130282
0.129197
0.130295
0.125739
0.103107
0.103929
0.099486
0.103570
0.105814
0.101652
0.103828
0.158655
0.132728
0.139312
0.135002
0.136168
0.144654
0.104939
0.140781
0.138767
0.116117
0.105452
0.103082
0.104900
0.109267
0.155048
0.173006
0.165448
0.165992
0.134121
0.160444
0.138806
0.138520
0.139735
0.127347
0.102521
0.103789
0.101135
0.106129
0.105344
0.109803
0.105045
0.101688
0.103009
0.102412
0.101778
0.104063
0.107508
0.106577
0.103123
0.107553
0.106461
0.104170
0.104029
0.106552
0.108724
0.109211
0.108606
0.103963
0.108743
0.115287
0.105744
0.159217
0.144894
0.129833
0.101584
0.103150
0.103534
0.154548
0.135935
0.105419
0.107949
0.107162
0.105991
0.106123
0.108943
0.103714
0.106576
0.116119
0.109915
0.109033
0.108032
0.108564
0.108291
0.108058
0.110919
0.112899
0.111209
0.107744
0.105053
0.103584
0.105331
0.102597
0.104882
0.103350
0.109346
0.106131
0.107195
0.108389
0.101737
0.105036
0.103304
0.103930
0.108234
0.193609
0.158459
0.156779
0.155066
0.132271
0.133053
0.134175
0.133435
0.114880
0.104460
0.106234
0.101920
0.109115
0.105166
0.101714
0.103995
0.103917
0.103497
0.104025
0.104470
0.108722
0.109812
0.104035
0.157434
0.137772
0.137549
0.139213
0.123418
0.112772
0.111880
0.103177
0.153769
0.172523
0.169389
0.163811
0.164042
0.164782
0.155408
0.134498
0.141353
0.135648
0.125662
0.103565
0.104737
0.138216
0.159823
0.141298
0.140803
0.182787
0.166899
0.131320
0.124332
0.127602
0.122796
0.128187
0.123108
0.124476
0.125165
0.161166
0.146379
0.131503
0.154199
0.133815
0.136470
0.138746
0.133974
0.107739
0.112161
0.105720
0.106552
0.105259
0.102790
0.103971
0.102607
0.124652
0.108202
0.104933
0.105604
0.107099
0.155543
0.138480
0.137937
0.138709
0.138941
0.158824
0.138952
0.135092
0.103508
0.103480
0.102440
0.160191
0.133266
0.130137
0.105682
0.103699
0.107639
0.105262
0.108674
0.102639
0.099035
0.101362
0.101861
0.103829
0.107678
0.102887
0.102429
0.107933
0.101093
0.101919
0.100600
0.100478
0.099823
0.103245
0.108625
0.149025
0.157659
0.136879
0.140905
0.135077
0.119107
0.102183
0.108169
0.145682
0.132606
0.134831
0.118507
0.107377
0.105051
0.110719
0.106516
0.101357
0.098208
0.101468
0.102790
0.101545
0.098740
0.154266
0.133960
0.132644
0.137139
0.158959
0.176239
0.167273
0.163477
0.125453
0.126650
0.152973
0.133544
0.153603
0.135221
0.134610
0.132730
0.126028
0.103639
0.165742
0.171217
0.130287
0.133412
0.154011
0.179024
0.139826
0.150172
0.138613
0.136481
0.182281
0.167624
0.176584
0.166574
0.143949
0.124469
0.123690
0.149313
0.135172
0.135703
0.135686
0.124667
0.108757
0.106712
0.101033
0.104687
0.104359
0.105507
0.106725
0.105834
0.105391
0.106452
0.107154
0.101166
0.103868
0.103415
0.104734
0.100769
0.102448
0.104331
0.104172
0.107113
0.105612
0.105781
0.102088
0.107068
0.099921
0.104167
0.194896
0.173362
0.176534
0.173230
0.130043
0.132280
0.128803
0.126819
0.128963
0.125531
0.128754
0.127507
0.127601
0.126667
0.160531
0.137017
0.153610
0.132235
0.133334
0.143763
0.173390
0.136765
0.123656
0.134092
0.123586
0.126044
0.131333
0.125382
0.127944
0.129631
0.129432
0.125301
0.125296
0.160721
0.136652
0.132055
0.101116
0.102609
0.099349
0.116058
0.103111
0.104704
0.105699
0.102692
0.108272
0.186604
0.162922
0.147793
0.179702
0.144424
0.136112
0.133713
0.133348
0.100486
0.100851
0.101116
0.101117
0.100954
0.101666
0.102379
0.106915
0.108889
0.106551
0.106529
0.105357
0.104456
0.109473
0.102065
0.106247
0.103694
0.103926
0.103722
0.103500
0.108811
0.106524
0.104476
0.103390
0.102685
0.103234
0.105917
0.109680
0.106635
0.102534
0.101616
0.102969
0.107144
0.101886
0.104208
0.104846
0.105750
0.104612
0.107697
0.105282
0.107928
0.105179
0.106848
0.104930
0.107289
0.106216
0.108242
0.106991
0.107066
0.161373
0.140083
0.136435
0.138507
0.137198
0.107928
0.110272
0.106845
0.107682
0.106207
0.107321
0.110155
0.110671
0.107575
0.175566
0.165593
0.141387
0.139186
0.138288
0.129153
0.123003
0.110511
0.108010
0.109420
0.110335
0.108795
0.102615
0.108987
0.105554
0.103432
0.103511
0.103183
0.104713
0.108677
0.108024
0.108661
0.109129
0.109936
0.106103
0.104377
0.106833
0.107548
0.106481
0.169603
0.137570
0.139880
0.139390
0.134732
0.107950
0.105164
0.104738
0.107032
0.107135
0.184329
0.162840
0.164032
0.144176
0.128515
0.130136
0.135370
0.127326
0.136113
0.136304
0.128196
0.109578
0.108673
0.108953
0.109507
0.109778
0.110519
0.156287
0.157073
0.131846
0.179069
0.151277
0.136799
0.136243
0.147441
0.124645
0.107230
0.101871
0.102603
0.103461
0.107346
0.110296
0.103899
0.107890
0.104906
0.151081
0.135354
0.136739
0.138939
0.124545
0.108193
0.102987
0.104984
0.105686
0.150524
0.134985
0.136269
0.157907
0.137220
0.140287
0.132720
0.104655
0.106554
0.184577
0.165787
0.165905
0.131253
0.128679
0.130359
0.131554
0.132240
0.132867
0.134257
0.136946
0.127565
0.129843
0.136883
0.130064
0.132879
0.124852
0.124125
0.162065
0.142863
0.145360
0.154347
0.138981
0.163331
0.137900
0.137473
0.138410
0.113308
0.155818
0.183468
0.163204
0.132715
0.131360
0.127424
0.125758
0.150809
0.132645
0.154411
0.150107
0.129512
0.107316
0.104571
0.107806
0.111500
0.157275
0.137625
0.136668
0.138872
0.136024
0.134391
0.105063
0.103979
0.106234
0.109439
0.107224
0.101078
0.163994
0.139855
0.160344
0.137391
0.135386
0.136028
0.135369
0.114861
0.102832
0.142398
0.137047
0.109520
0.155550
0.136942
0.134534
0.119232
0.102576
0.161944
0.137230
0.133264
0.162940
0.136398
0.140322
0.136157
0.141863
0.109212
0.107980
0.109823
0.103142
0.105825
0.104864
0.107560
0.104542
0.107159
0.152055
0.130119
0.133977
0.134389
0.114088
0.105898
0.099893
0.102592
0.104006
0.103827
0.143373
0.133164
0.130784
0.131857
0.103808
0.099781
0.104482
0.187237
0.166028
0.168508
0.149099
0.146348
0.154938
0.140602
0.139498
0.140542
0.106123
0.107523
0.101413
0.103792
0.100379
0.152115
0.159849
0.137795
0.133957
0.103572
0.103371
0.109363
0.108352
0.104820
0.106181
0.110518
0.106599
0.186718
0.136939
0.135178
0.174909
0.134361
0.132298
0.135065
0.152322
0.133559
0.134061
0.155336
0.139119
0.137980
0.135705
0.109571
0.149328
0.134590
0.135520
0.138532
0.127088
0.129775
0.176306
0.162256
0.161952
0.147313
0.124334
0.125576
0.123532
0.129403
0.128816
0.127339
0.123812
0.121814
0.124602
0.124470
0.138369
0.128923
0.126446
0.122485
0.142794
0.126516
0.130612
0.159437
0.131938
0.133255
0.133832
0.132819
0.106313
0.104929
0.105822
0.109029
0.104306
0.103904
0.104258
0.177803
0.162990
0.165765
0.128684
0.125089
0.128981
0.128852
0.130928
0.126546
0.129870
0.127529
0.128687
0.130248
0.131272
0.129671
0.153950
0.133985
0.136735
0.140830
0.120871
0.113756
0.111201
0.111625
0.107886
0.117329
0.110398
0.156590
0.142311
0.159186
0.193599
0.168360
0.171232
0.172193
0.145541
0.126543
0.160311
0.141153
0.116350
0.104378
0.104962
0.105338
0.103885
0.105852
0.105628
0.108881
0.101372
0.137069
0.141338
0.140669
0.157607
0.138588
0.141553
0.139745
0.119034
0.101695
0.101168
0.111480
0.103229
0.105049
0.101935
0.105643
0.101756
0.100851
0.117398
0.107079
0.109548
0.109753
0.110795
0.106754
0.106593
0.101212
0.105361
0.156985
0.136672
0.137761
0.138226
0.129969
0.148185
0.134267
0.140039
0.109491
0.108985
0.108610
0.107867
0.151603
0.107855
0.107677
0.165640
0.144006
0.183497
0.167439
0.169594
0.150163
0.128088
0.130316
0.124171
0.122822
0.124052
0.126863
0.128335
0.155194
0.135731
0.135298
0.132981
0.119269
0.106193
0.155083
0.136817
0.127006
0.105014
0.104634
0.103038
0.105438
0.105329
0.104799
0.105241
0.110379
0.107349
0.153392
0.131335
0.132825
0.113078
0.111835
0.104685
0.102347
0.111953
0.104732
0.104371
0.100272
0.100002
0.099850
0.099824
0.107300
0.103683
0.105239
0.105703
0.106481
0.102126
0.103972
0.102851
0.107250
0.105792
0.100675
0.102636
0.100391
0.109063
0.155750
0.135595
0.136505
0.135128
0.134572
0.112446
0.174557
0.135360
0.135078
0.136758
0.132712
0.128182
0.115260
0.104822
0.104286
0.107414
0.110086
0.102901
0.099616
0.102286
0.102537
0.100606
0.100044
0.101903
0.104236
0.111064
0.106065
0.159012
0.135189
0.133313
0.104636
0.107717
0.104976
0.109069
0.109688
0.187413
0.168326
0.166683
0.164793
0.128557
0.124034
0.124866
0.126439
0.122418
0.121966
0.124699
0.125373
0.121573
0.122323
0.125526
0.129296
0.126797
0.126210
0.124903
0.124321
0.144261
0.144646
0.140151
0.155418
0.135509
0.137971
0.153572
0.133748
0.136006
0.155073
0.134977
0.154970
0.132309
0.125007
0.106854
0.105174
0.104545
0.113155
0.103768
0.104789
0.113411
0.182381
0.150912
0.145074
0.182936
0.167621
0.167207
0.161711
0.173369
0.139542
0.114951
0.107874
0.107467
0.104075
0.107870
0.107007
0.154118
0.134129
0.122824
0.106668
0.105177
0.153691
0.132700
0.137232
0.115695
0.106737
0.104527
0.103063
0.102992
0.102746
0.104133
0.108858
0.104828
0.099975
0.099717
0.148178
0.133191
0.147818
0.182235
0.166944
0.159839
0.138340
0.129663
0.099548
0.098094
0.110864
0.163530
0.140557
0.135531
0.134168
0.134862
0.147143
0.133421
0.133715
0.133773
0.106326
0.112486
0.108272
0.180018
0.166447
0.165536
0.122143
0.122222
0.129540
0.125512
0.126832
0.123116
0.153795
0.134797
0.121055
0.102225
0.104949
0.111326
0.102787
0.098717
0.105122
0.150447
0.136073
0.130080
0.134054
0.132598
0.102391
0.154025
0.152670
0.133173
0.116360
0.158668
0.188828
0.165541
0.193947
0.172979
0.158240
0.130618
0.127856
0.156912
0.160653
0.136449
0.137607
0.138642
0.122874
0.107395
0.107859
0.107205
0.106586
0.107097
0.109545
0.106546
0.106735
0.105862
0.105067
0.105355
0.106197
0.107367
0.149762
0.156032
0.134596
0.134320
0.151167
0.132048
0.135706
0.117754
0.101913
0.178824
0.165310
0.146849
0.132705
0.131910
0.129167
0.120777
0.119870
0.120208
0.129847
0.123286
0.128392
0.125686
0.131615
0.140861
0.133088
0.131264
0.123490
0.104528
0.099841
0.102631
0.123408
0.105551
0.106681
0.105907
0.109633
0.105748
0.107902
0.106609
0.154832
0.148605
0.134956
0.165355
0.185750
0.166504
0.165596
0.164876
0.165036
0.143370
0.151409
0.137135
0.128916
0.104296
0.103877
0.106405
0.107847
0.104823
0.103948
0.102422
0.102075
0.098812
0.098717
0.098623
0.145843
0.160359
0.136116
0.132377
0.099700
0.101451
0.104229
0.102815
0.105845
0.105134
0.163263
0.134300
0.135590
0.106617
0.108586
0.100718
0.104836
0.101826
0.102318
0.105185
0.104724
0.103277
0.103900
0.103673
0.099748
0.103250
0.105779
0.100455
0.101944
0.107704
0.106260
0.156955
0.140723
0.140820
0.141165
0.133570
0.107030
0.110976
0.110162
0.105638
0.102739
0.104117
0.105172
0.105488
0.104960
0.105595
0.108170
0.110577
0.103655
0.105574
0.112376
0.107064
0.154642
0.131328
0.149668
0.132371
0.131462
0.133955
0.123872
0.105652
0.153503
0.136691
0.151121
0.131796
0.154262
0.142947
0.135616
0.135259
0.137965
0.107629
0.105911
0.106535
0.108675
0.109949
0.104520
0.100810
0.105240
0.105569
0.155450
0.185603
0.168698
0.167346
0.138906
0.124967
0.120686
0.126951
0.129892
0.127743
0.125907
0.127252
0.125003
0.121161
0.124530
0.125639
0.122078
0.127952
0.130489
0.126197
0.156115
0.176651
0.161500
0.153718
0.132664
0.130168
0.106301
0.109794
0.105963
0.155449
0.185232
0.160336
0.151426
0.130422
0.147836
0.134522
0.129792
0.129562
0.130717
0.129773
0.128973
0.130839
0.128281
0.125802
0.128461
0.125241
0.125628
0.125096
0.131861
0.125335
0.124166
0.126785
0.126354
0.124868
0.127080
0.147652
0.150215
0.136654
0.132353
0.118159
0.102349
0.153553
0.134803
0.129862
0.134290
0.128425
0.104062
0.154133
0.132069
0.133972
0.108885
0.107010
0.108042
0.107927
0.107147
0.180437
0.155102
0.139704
0.140969
0.138269
0.117344
0.108123
0.103215
0.105696
0.104080
0.103591
0.102382
0.103552
0.103811
0.101898
0.157731
0.141777
0.138058
0.185665
0.120585
0.106964
0.105470
0.114665
0.108333
0.109233
0.107512
0.108140
0.107864
0.112343
0.155663
0.134343
0.133570
0.138654
0.183797
0.162273
0.162370
0.163996
0.127629
0.123509
0.123790
0.123128
0.127747
0.123716
0.127253
0.126358
0.124000
0.154158
0.135505
0.133844
0.154341
0.136609
0.133227
0.138631
0.123978
0.105912
0.110559
0.108495
0.104192
0.102690
0.102834
0.102432
0.102586
0.101910
0.099683
0.100589
0.105863
0.099873
0.160524
0.131307
0.133178
0.132504
0.133315
0.140884
0.110442
0.134770
0.127277
0.147359
0.131666
0.131646
0.133421
0.115490
0.150869
0.121412
0.105806
0.108513
0.109280
0.105635
0.104333
0.101286
0.102081
0.103092
0.169227
0.124630
0.168029
0.161915
0.128238
0.121569
0.121305
0.124232
0.123879
0.122524
0.127183
0.124593
0.123935
0.123888
0.136850
0.143747
0.138371
0.158404
0.133781
0.132704
0.105656
0.102433
0.185486
0.160625
0.155894
0.132767
0.132215
0.171283
0.162160
0.134296
0.137270
0.104602
0.192855
0.169746
0.186714
0.133007
0.116315
0.105811
0.104703
0.173747
0.139031
0.129298
0.104615
0.104305
0.101052
0.147179
0.146327
0.110540
0.103186
0.112637
0.105870
0.106456
0.107112
0.143157
0.179929
0.135138
0.133597
0.132142
0.139062
0.133079
0.126719
0.109095
0.109223
0.137483
0.134412
0.135384
0.104035
0.103712
0.105093
0.110802
0.107831
0.108932
0.105940
0.104642
0.102965
0.102557
0.101277
0.103050
0.101439
0.098461
0.105108
0.102699
0.104021
0.104812
0.106031
0.106875
0.101716
0.099493
0.100147
0.102544
0.106781
0.106374
0.154836
0.155638
0.155206
0.133698
0.134027
0.133837
0.128250
0.106350
0.192248
0.135242
0.133181
0.177938
0.163684
0.140258
0.135531
0.134153
0.113286
0.103152
0.103401
0.106390
0.104810
0.105988
0.098772
0.104949
0.103926
0.102522
0.102452
0.101183
0.101769
0.100703
0.104133
0.103818
0.111111
0.105529
0.103084
0.104259
0.099564
0.099329
0.099715
0.102387
0.110574
0.101693
0.105857
0.106181
0.105188
0.099978
0.108317
0.184494
0.166655
0.158096
0.131934
0.141978
0.130393
0.116142
0.098042
0.102068
0.098992
0.099021
0.104917
0.108752
0.110302
0.102543
0.101899
0.102854
0.102777
0.150383
0.132484
0.132308
0.153281
0.105555
0.098488
0.097517
0.099429
0.099307
0.098910
0.100641
0.103426
0.182361
0.139820
0.137155
0.108623
0.099778
0.099951
0.106721
0.118529
0.106129
0.104470
0.112928
0.103052
0.148062
0.130180
0.130943
0.136779
0.153364
0.132573
0.136538
0.130392
0.107754
0.101583
0.101342
0.105667
0.104832
0.104355
0.104993
0.152291
0.141638
0.138023
0.105909
0.103717
0.103652
0.103030
0.193887
0.163212
0.148557
0.104065
0.103754
0.104113
0.103727
0.116937
0.103764
0.108566
0.108541
0.105444
0.102905
0.102919
0.102920
0.102968
0.102189
0.105202
0.100786
0.101333
0.101554
0.106872
0.102001
0.103777
0.101608
0.105315
0.106455
0.103290
0.131764
0.135406
0.130256
0.105244
0.108138
0.109894
0.104945
0.102553
0.102894
0.104453
0.105896
0.107809
0.105196
0.111413
0.104080
0.099024
0.104205
0.149979
0.133916
0.132267
0.133250
0.104635
0.098298
0.099942
0.105429
0.101644
0.185636
0.163217
0.164824
0.163633
0.132850
0.133782
0.134226
0.126268
0.107852
0.104502
0.106944
0.104643
0.104448
0.099859
0.156577
0.134007
0.134377
0.133008
0.129316
0.100692
0.098118
0.099969
0.102103
0.101749
0.102809
0.100485
0.098121
0.104095
0.104587
0.104328
0.099992
0.105425
0.105258
0.102016
0.101482
0.102506
0.102689
0.107226
0.104752
0.102186
0.112139
0.151013
0.128572
0.129237
0.132623
0.126079
0.100333
0.101291
0.097420
0.155604
0.135018
0.131825
0.115956
0.102875
0.111559
0.104252
0.104084
0.104192
0.105285
0.106831
0.105345
0.137138
0.135604
0.109611
0.109788
0.107603
0.106127
0.104163
0.102231
0.101675
0.193590
0.177775
0.137410
0.130111
0.111480
0.109827
0.112765
0.111583
0.111451
0.110375
0.111640
0.110242
