0.018816
0.177756
0.175777
0.196316
0.173931
0.190057
0.178088
0.230953
0.187501
0.191259
0.197887
0.182899
0.203820
0.163117
0.168467
0.187654
0.193612
0.166773
0.171867
0.182728
0.179446
0.168360
0.161711
0.156660
0.206167
0.180195
0.174561
0.178998
0.184252
0.183112
0.225887
0.183918
0.201591
0.178147
0.210434
0.169700
0.182361
0.203964
0.187039
0.217592
0.201355
0.195422
0.177031
0.165025
0.167614
0.180655
0.208138
0.198396
0.210328
0.184488
0.193681
0.184991
0.183582
0.201835
0.191679
0.180681
0.185970
0.194781
0.175310
0.178077
0.181370
0.195549
0.185688
0.191434
0.208956
0.181729
0.184430
0.180763
0.188081
0.197228
0.179111
0.245460
0.206014
0.190703
0.191503
0.192410
0.168046
0.216298
0.183822
0.194880
0.174270
0.173537
0.207151
0.195090
0.194007
0.195793
0.185157
0.185854
0.218616
0.180641
0.169244
0.191788
0.186635
0.187109
0.206273
0.188318
0.170973
0.200895
0.191753
0.161770
0.179253
0.228577
0.206755
0.218460
0.221047
0.188305
0.213385
0.193996
0.200042
0.171365
0.168406
0.176316
0.172702
0.166113
0.180773
0.167268
0.192225
0.217239
0.175500
0.206832
0.167128
0.191023
0.204431
0.177057
0.186409
0.189513
0.195886
0.171591
0.198934
0.186996
0.187451
0.200529
0.190554
0.184319
0.192708
0.188272
0.210886
0.168457
0.205097
0.159973
0.176657
0.171174
0.171291
0.191919
0.194688
0.164747
0.195537
0.187782
0.195539
0.186711
0.172728
0.195964
0.163406
0.193830
0.168505
0.191716
0.203400
0.182090
0.182039
0.183478
0.177201
0.195113
0.189785
0.190984
0.178509
0.162138
0.191291
0.182908
0.172980
0.206482
0.181395
0.179246
0.193172
0.189927
0.201988
0.181416
0.169356
0.209637
0.175070
0.182975
0.173880
0.191258
0.191986
0.215536
0.197662
0.165416
0.198247
0.177967
0.183551
0.180746
0.153876
0.200476
0.164072
0.169023
0.171523
0.213423
0.200667
0.182993
0.190497
0.183160
0.188284
0.168767
0.176010
0.199099
0.191596
0.169770
0.191251
0.158849
0.176133
0.168744
0.172589
0.166829
0.202920
0.191449
0.185535
0.196755
0.193343
0.216198
0.162662
0.186323
0.167645
0.176160
0.166961
0.198896
0.183208
0.197621
0.199325
0.212592
0.196874
0.195063
0.210187
0.186077
0.173156
0.179907
0.181403
0.185964
0.171705
0.173764
0.159327
0.169816
0.156636
0.161837
0.178114
0.174284
0.166780
0.195375
0.185483
0.162051
0.179643
0.196742
0.180263
0.172392
0.188594
0.166269
0.178192
0.173258
0.191334
0.169758
0.167260
0.168879
0.169681
0.176379
0.166109
0.181023
0.189709
0.177500
0.180830
0.172698
0.198550
0.181987
0.183194
0.176431
0.186023
0.192494
0.181898
0.190731
0.168587
0.156359
0.205276
0.176854
0.177927
0.154421
0.159648
0.164963
0.181403
0.212528
0.181743
0.199063
0.184660
0.184541
0.159799
0.168455
0.197617
0.197917
0.189924
0.176017
0.176954
0.179191
0.172177
0.198306
0.194429
0.178839
0.185666
0.187005
0.169808
0.186415
0.182606
0.187383
0.170043
0.203112
0.181928
0.189250
0.199989
0.174659
0.198809
0.195460
0.187039
0.237386
0.183641
0.184770
0.160049
0.160046
0.180111
0.165041
0.192039
0.184527
0.180594
0.209683
0.179945
0.150429
0.171825
0.194045
0.163244
0.172823
0.187185
0.198514
0.178894
0.178065
0.220977
0.166418
0.185263
0.194681
0.191859
0.175164
0.172801
0.185728
0.192814
0.183043
0.194649
0.183254
0.193963
0.208759
0.186208
0.201545
0.193722
0.161231
0.183433
0.202994
0.206719
0.191894
0.185006
0.209611
0.181095
0.189659
0.196304
0.167855
0.190767
0.198436
0.209300
0.170639
0.177474
0.168252
0.182645
0.179484
0.201040
0.186053
0.186799
0.190672
0.172911
0.217633
0.211829
0.174563
0.170699
0.198191
0.195897
0.192890
0.210709
0.179023
0.166872
0.177542
0.195283
0.190376
0.182940
0.204658
0.171900
0.188614
0.183191
0.167812
0.191220
0.199461
0.198830
0.202254
0.179691
0.206897
0.185379
0.187489
0.172123
0.167616
0.172570
0.169031
0.165353
0.196024
0.169307
0.171336
0.174469
0.170636
0.183497
0.187293
0.172524
0.199591
0.181942
0.180209
0.197442
0.192821
0.210383
0.189049
0.188706
0.172619
0.151821
0.198004
0.179826
0.174102
0.177443
0.172266
0.174836
0.171104
0.175088
0.198979
0.152346
0.160398
0.168291
0.181600
0.182462
0.197673
0.181127
0.158626
0.186947
0.165703
0.179681
0.201852
0.153862
0.162368
0.191219
0.202415
0.172279
0.175939
0.185449
0.175056
0.175548
0.169095
0.218231
0.163921
0.161814
0.201504
0.184743
0.167046
0.207157
0.198482
0.188940
0.228789
0.184659
0.211768
0.206180
0.179629
0.225637
0.186926
0.194737
0.168324
0.166691
0.165338
0.172814
0.174878
0.189269
0.187906
0.177325
0.190020
0.182759
0.195581
0.154952
0.207774
0.183181
0.189510
0.176749
0.174763
0.177781
0.186653
0.184316
0.184567
0.176547
0.183155
0.192670
0.186698
0.203516
0.206036
0.167599
0.196007
0.168074
0.177855
0.179716
0.187542
0.173090
0.193820
0.197497
0.208018
0.184526
0.194009
0.177573
0.177826
0.192997
0.170780
0.166477
0.181280
0.182249
0.174848
0.203349
0.198247
0.181475
0.183685
0.194872
0.191638
0.170748
0.177235
0.181165
0.175895
0.202511
0.204822
0.177537
0.195205
0.205360
0.217161
0.197141
0.203500
0.211523
0.173760
0.180703
0.176318
0.193325
0.195047
0.185923
0.185413
0.183893
0.187200
0.199250
0.168716
0.169921
0.183015
0.174167
0.194175
0.164500
0.200763
0.163065
0.187857
0.179995
0.168454
0.172822
0.179021
0.192540
0.185162
0.172436
0.183331
0.192552
0.181657
0.186912
0.179189
0.170264
0.180310
0.171528
0.189580
0.162706
0.185887
0.179703
0.177744
0.181720
0.180752
0.175398
0.195190
0.184301
0.178075
0.184856
0.180751
0.202656
0.168311
0.182243
0.169975
0.192511
0.175376
0.163642
0.171676
0.196551
0.212155
0.169125
0.185799
0.163693
0.213043
0.183442
0.175524
0.191649
0.175004
0.186289
0.189098
0.181873
0.166816
0.166482
0.164325
0.234687
0.180270
0.236002
0.183662
0.177853
0.193562
0.205183
0.161303
0.197097
0.209596
0.186870
0.191350
0.183381
0.204927
0.173004
0.170862
0.186479
0.179261
0.176352
0.178725
0.200535
0.203622
0.188098
0.188522
0.184510
0.188660
0.179430
0.188871
0.196186
0.184273
0.152235
0.184511
0.181006
0.165048
0.178691
0.185332
0.199556
0.184804
0.169285
0.164464
0.197636
0.174974
0.174535
0.181247
0.173302
0.179343
0.175749
0.186429
0.211177
0.192008
0.171781
0.183702
0.170519
0.159119
0.196569
0.212466
0.176963
0.200985
0.188361
0.188502
0.199513
0.195188
0.180353
0.164356
0.179348
0.165303
0.166008
0.191152
0.175125
0.151726
0.170569
0.172729
0.162341
0.195543
0.166621
0.172425
0.151275
0.202033
0.182678
0.180723
0.192283
0.222873
0.198630
0.175926
0.194854
0.203430
0.201889
0.192687
0.181970
0.194931
0.215735
0.196313
0.201660
0.187908
0.184159
0.207036
0.188628
0.210505
0.195046
0.189643
0.202937
0.176642
0.180480
0.190136
0.192192
0.189298
0.181234
0.184939
0.166923
0.190093
0.173918
0.202856
0.207434
0.167611
0.180939
0.163221
0.169946
0.214650
0.208367
0.206614
0.177411
0.198135
0.176986
0.190679
0.174917
0.201573
0.181369
0.189532
0.197945
0.212967
0.200420
0.177317
0.187368
0.199425
0.189526
0.194305
0.196825
0.185886
0.180360
0.185685
0.190570
0.206046
0.217420
0.192067
0.212707
0.221139
0.187657
0.172950
0.174215
0.176149
0.204280
0.215925
0.194144
0.206490
0.181428
0.165736
0.165997
0.206563
0.167975
0.161694
0.171342
0.188632
0.200269
0.172370
0.181805
0.192843
0.180255
0.172678
0.189207
0.187587
0.195674
0.193391
0.182432
0.190797
0.220942
0.168779
0.209833
0.192807
0.170068
0.179164
0.186193
0.194841
0.222863
0.188826
0.181130
0.191525
0.167202
0.179536
0.181827
0.173912
0.152266
0.180532
0.175576
0.193976
0.184664
0.185712
0.175690
0.171996
0.157684
0.187016
0.188343
0.162848
0.213964
0.183492
0.171140
0.195371
0.192776
0.177588
0.189542
0.200799
0.182919
0.182647
0.184288
0.182953
0.189560
0.179051
0.179329
0.202929
0.191927
0.205583
0.186510
0.191145
0.205194
0.183780
0.179212
0.244863
0.193597
0.173298
0.177998
0.214386
0.202445
0.190009
0.210315
0.214542
0.201659
0.178077
0.164605
0.206631
0.185341
0.184474
0.189244
0.199877
0.174150
0.174386
0.202203
0.196044
0.194013
0.188931
0.186907
0.188860
0.177905
0.182005
0.177524
0.184596
0.176147
0.155339
0.149519
0.152865
0.156650
0.211269
0.216834
0.204322
0.195098
0.162663
0.179794
0.185524
0.208919
0.204798
0.197310
0.185519
0.212560
0.198886
0.224983
0.204869
0.205827
0.195017
0.152462
0.192593
0.184205
0.180198
0.160402
0.168736
0.192312
0.180708
0.199764
0.174752
0.203302
0.197601
0.175319
0.156751
0.182687
0.191383
0.182971
0.166913
0.182718
0.211800
0.163807
0.165816
0.160348
0.164019
0.171925
0.190543
0.179434
0.184188
0.183013
0.190916
0.207645
0.189222
0.161855
0.179489
0.176475
0.196276
0.171873
0.168987
0.181230
0.191314
0.196872
0.193748
0.181208
0.172808
0.170388
0.171833
0.214552
0.199172
0.200381
0.157820
0.163565
0.154556
0.188649
0.194220
0.184793
0.189075
0.199341
0.203185
0.185128
0.168333
0.167602
0.188454
0.178620
0.173357
0.206486
0.179795
0.194995
0.189128
0.184386
0.187973
0.180257
0.179845
0.196416
0.185883
0.205011
0.200015
0.170467
0.199319
0.177385
0.174105
0.164700
0.192708
0.182363
0.160717
0.201992
0.193692
0.194050
0.181956
0.201155
0.189662
0.182999
0.162837
0.197147
0.193071
0.162895
0.185165
0.186641
0.192530
0.176296
0.191535
0.161311
0.170100
0.193743
0.161868
0.216306
0.166459
0.173012
0.200753
0.189089
0.189536
0.185419
0.200794
0.188606
0.199623
0.179695
0.176488
0.166208
0.204704
0.177735
0.199921
0.193191
0.189478
0.184304
0.180980
0.173959
0.158678
0.181362
0.194118
0.164618
0.177471
0.178371
0.168161
0.184113
0.193947
0.185704
0.236536
0.175581
0.197985
0.190706
0.190058
0.181447
0.206324
0.180057
0.186734
0.171947
0.195714
0.192005
0.184864
0.184087
0.188574
0.187548
0.180251
0.189932
0.177822
0.213675
0.182271
0.196338
0.186713
0.187499
0.208522
0.191894
0.192199
0.180818
0.205548
0.181038
0.179260
0.186774
0.170445
0.186257
0.182836
0.200536
0.204115
0.189046
0.183949
0.170454
0.168704
0.166271
0.197753
0.197647
0.157239
0.215256
0.164882
0.172936
0.208616
0.216788
0.193977
0.198957
0.197781
0.170753
0.186699
0.179410
0.197281
0.225641
0.189498
0.173438
0.180714
0.173135
0.209658
0.181193
0.186471
0.170636
0.176265
0.186184
0.170311
0.175307
0.175660
0.169647
0.173927
0.230095
0.190442
0.185410
0.159645
0.171408
0.185113
0.195100
0.175714
0.181331
0.163155
0.193792
0.241740
0.206644
0.195967
0.165757
0.174449
0.180628
0.208357
0.182478
0.184766
0.183204
0.192967
0.176462
0.181126
0.173097
0.169889
0.182290
0.156489
0.168307
0.194734
0.194980
0.161515
0.197537
0.180955
0.179865
0.178504
0.208232
0.178112
0.186754
0.174517
0.176094
0.176913
0.187459
0.218125
0.162371
0.172061
0.189291
0.215383
0.212738
0.165830
0.175631
0.198513
0.207198
0.173259
0.176112
0.182506
0.170272
0.175425
0.198598
0.175043
0.194572
0.158366
0.157944
0.184828
0.158127
0.163554
0.216271
0.200130
0.181025
0.187240
0.201453
0.173113
0.196232
0.205636
0.193213
0.168271
0.177093
0.214060
0.174005
0.187404
0.177057
0.169954
0.151162
0.190420
0.174728
0.205331
0.196481
0.215256
0.189782
0.167001
0.205886
0.257672
0.172904
0.213240
0.171292
0.181569
0.173805
0.187552
0.172547
0.172187
0.180214
0.211976
0.200236
0.170986
0.197577
0.192330
0.193054
0.168984
0.194762
0.185751
0.173467
0.174605
0.167069
0.171464
0.182098
0.185637
0.191662
0.183777
0.199465
0.159756
0.185899
0.156406
0.184911
0.182328
0.205626
0.187210
0.214456
0.180197
0.173961
0.185381
0.184986
0.191472
0.180023
0.196579
0.168472
0.193609
0.181223
0.184249
0.176090
0.194803
0.166352
0.178965
0.190928
0.204783
0.203868
0.174719
0.206343
0.179759
0.174991
0.176337
0.239756
0.180795
0.186771
0.181771
0.187048
0.173171
0.174338
0.178462
0.185434
0.185589
0.192620
0.193782
0.167518
0.165207
0.167259
0.154936
0.185471
0.181866
0.195981
0.178822
0.187221
0.173917
0.180183
0.156789
0.164230
0.190042
0.184438
0.173580
0.176280
0.168448
0.193886
0.180817
0.213091
0.223524
0.193888
0.177042
0.178436
0.172484
0.167853
0.158991
0.161797
0.193580
0.183304
0.204431
0.200764
0.183193
0.170529
0.183768
0.168739
0.176845
0.178024
0.189475
0.212518
0.198938
0.200009
0.191654
0.193923
0.170649
0.204641
0.193029
0.178844
0.157817
0.192983
0.190204
0.166394
0.201377
0.190500
0.202437
0.199209
0.164747
0.164871
0.178427
0.174123
0.224756
0.186863
0.190207
0.184202
0.173852
0.185779
0.195410
0.197011
0.168396
0.179897
0.183980
0.210207
0.175474
0.176880
0.213781
0.172900
0.161138
0.189226
0.173489
0.211547
0.206849
0.169390
0.190870
0.190937
0.167115
0.192166
0.174202
0.195079
0.200970
0.195682
0.182004
0.217776
0.178818
0.189628
