0.018847
0.203354
0.166980
0.169162
0.201350
0.182124
0.166607
0.182019
0.180092
0.187925
0.217627
0.189535
0.159347
0.155585
0.165954
0.152360
0.196115
0.201213
0.201257
0.198933
0.182292
0.214311
0.182599
0.223836
0.185804
0.185943
0.194503
0.193526
0.183510
0.164956
0.196989
0.190400
0.220515
0.176928
0.185078
0.190375
0.187163
0.214051
0.175622
0.187966
0.199507
0.190166
0.177103
0.179917
0.170032
0.194056
0.167746
0.188763
0.164077
0.183700
0.196195
0.188227
0.173287
0.191175
0.207187
0.170489
0.176515
0.186518
0.191214
0.208073
0.194618
0.201748
0.169416
0.200675
0.184365
0.175604
0.185359
0.186168
0.185934
0.200500
0.182538
0.183095
0.188223
0.190715
0.216887
0.183765
0.178933
0.182703
0.191406
0.209143
0.193233
0.170272
0.173859
0.194152
0.182668
0.183571
0.192206
0.175976
0.175009
0.172148
0.191766
0.205050
0.199765
0.192385
0.187227
0.192927
0.193434
0.182445
0.171813
0.176830
0.212354
0.173045
0.194793
0.164310
0.187497
0.187378
0.216449
0.202996
0.174335
0.180270
0.207676
0.190908
0.173481
0.222099
0.212914
0.209874
0.187070
0.208206
0.174206
0.201168
0.191696
0.176406
0.208411
0.194316
0.219305
0.178734
0.169945
0.172845
0.172246
0.186392
0.180030
0.166410
0.204216
0.178263
0.174282
0.170525
0.172682
0.209082
0.184496
0.178974
0.160234
0.203710
0.194136
0.223810
0.210803
0.197304
0.202927
0.184858
0.207863
0.197998
0.201638
0.223211
0.179606
0.191811
0.173097
0.171177
0.164355
0.200269
0.186199
0.183658
0.190869
0.213572
0.205046
0.164761
0.166671
0.182865
0.187606
0.173404
0.165466
0.190068
0.178797
0.188542
0.201188
0.213506
0.191830
0.185150
0.175238
0.198890
0.205304
0.190039
0.171576
0.182340
0.187422
0.183424
0.184353
0.174065
0.177894
0.188683
0.201944
0.170969
0.227300
0.182451
0.173982
0.180073
0.226067
0.163966
0.163767
0.174185
0.208520
0.202707
0.180504
0.184162
0.192562
0.205395
0.188308
0.191750
0.177754
0.172063
0.202033
0.210578
0.175505
0.193390
0.189549
0.194083
0.173351
0.169082
0.203910
0.199852
0.182556
0.190987
0.157444
0.165157
0.191314
0.207547
0.180350
0.187374
0.192717
0.179417
0.185973
0.196382
0.160042
0.166034
0.186291
0.204379
0.178067
0.187675
0.205858
0.197605
0.180415
0.167862
0.178154
0.194991
0.169610
0.211732
0.180064
0.214081
0.170939
0.181947
0.201377
0.176712
0.182166
0.173028
0.204842
0.187407
0.206235
0.209618
0.183050
0.206483
0.185563
0.213123
0.176801
0.193219
0.187902
0.179267
0.190357
0.184443
0.190401
0.204448
0.184616
0.202817
0.173532
0.187324
0.202251
0.187356
0.159462
0.185581
0.175264
0.176041
0.184953
0.195648
0.184169
0.181877
0.194313
0.178238
0.184586
0.201451
0.183974
0.177422
0.187538
0.174278
0.182626
0.176826
0.191370
0.219202
0.183155
0.185435
0.201059
0.163209
0.170657
0.201792
0.197037
0.177058
0.176619
0.179210
0.200100
0.192028
0.184575
0.190750
0.195115
0.178677
0.187916
0.188307
0.191231
0.201317
0.178143
0.186595
0.193185
0.165164
0.180832
0.173011
0.219674
0.192309
0.202430
0.173952
0.196750
0.244880
0.196216
0.201481
0.186036
0.176943
0.200459
0.188342
0.186826
0.157857
0.179658
0.204244
0.192286
0.185310
0.193183
0.170253
0.186613
0.209667
0.177769
0.189686
0.166121
0.180232
0.189591
0.208215
0.184513
0.202454
0.176452
0.205739
0.183275
0.179408
0.223206
0.211367
0.182650
0.207414
0.184524
0.220744
0.184037
0.203334
0.191879
0.210654
0.187812
0.183204
0.186481
0.190779
0.172450
0.169133
0.189221
0.200136
0.183632
0.197213
0.204305
0.189722
0.203840
0.184631
0.184959
0.178576
0.181757
0.166252
0.171849
0.174261
0.182511
0.201695
0.179836
0.171670
0.173188
0.194067
0.181020
0.179605
0.181826
0.188014
0.198309
0.178085
0.194653
0.235115
0.192987
0.191794
0.186617
0.185272
0.224140
0.190003
0.210250
0.198642
0.197928
0.172015
0.171330
0.186842
0.185676
0.181185
0.198819
0.196344
0.180842
0.175014
0.217670
0.175840
0.175057
0.191183
0.179224
0.192759
0.194794
0.195475
0.196785
0.183283
0.171886
0.166087
0.192493
0.209130
0.217322
0.202388
0.175472
0.203609
0.219686
0.213076
0.208159
0.196822
0.169394
0.160205
0.188585
0.189112
0.175676
0.200975
0.193061
0.218096
0.197298
0.193361
0.198974
0.191164
0.211627
0.196712
0.180778
0.175731
0.189003
0.180196
0.168103
0.177687
0.172970
0.185718
0.209491
0.173970
0.183989
0.201159
0.192466
0.193361
0.199321
0.172370
0.186077
0.208315
0.181071
0.186050
0.187757
0.187914
0.181960
0.215642
0.188208
0.200291
0.181420
0.204053
0.204881
0.181365
0.207633
0.204244
0.206919
0.222260
0.179569
0.203087
0.192359
0.189149
0.184779
0.182834
0.217678
0.187422
0.181105
0.196157
0.178822
0.192618
0.189392
0.194444
0.199625
0.164904
0.188183
0.178924
0.194761
0.215952
0.198477
0.187635
0.171980
0.172229
0.175315
0.194445
0.204174
0.179373
0.183307
0.167237
0.187928
0.194971
0.168616
0.180660
0.163781
0.168377
0.226326
0.178437
0.206723
0.201485
0.186508
0.166296
0.207259
0.164588
0.194585
0.179259
0.186500
0.170828
0.178761
0.180364
0.178371
0.171287
0.184231
0.187166
0.180545
0.159676
0.167163
0.206723
0.200291
0.167680
0.186327
0.181977
0.182928
0.176611
0.173583
0.206955
0.217023
0.180187
0.183295
0.179798
0.182184
0.187114
0.188506
0.175649
0.179992
0.175364
0.210912
0.190155
0.194004
0.182432
0.198912
0.193894
0.203318
0.170187
0.175630
0.174960
0.194911
0.184851
0.189458
0.165284
0.198205
0.195457
0.184624
0.196628
0.174797
0.189851
0.185549
0.179781
0.178170
0.183769
0.176785
0.171530
0.188591
0.194650
0.174754
0.186443
0.196810
0.187892
0.197964
0.169199
0.176106
0.160103
0.173829
0.186889
0.187488
0.175773
0.178319
0.165813
0.180344
0.192055
0.202501
0.176896
0.199357
0.178268
0.189811
0.202322
0.186633
0.216898
0.161871
0.169359
0.184634
0.168698
0.172100
0.177600
0.190181
0.201149
0.237975
0.202547
0.201299
0.177752
0.198462
0.166918
0.169063
0.182718
0.201207
0.177639
0.201818
0.174194
0.191616
0.187901
0.183072
0.185561
0.208095
0.190348
0.178927
0.187858
0.191721
0.208016
0.198224
0.197003
0.185515
0.197158
0.211852
0.192519
0.170425
0.181198
0.201403
0.165191
0.171116
0.201760
0.178167
0.213217
0.193453
0.223098
0.180463
0.188984
0.207670
0.179960
0.213120
0.208808
0.178458
0.219221
0.186886
0.173492
0.205213
0.204675
0.193636
0.182016
0.178801
0.174447
0.189453
0.188762
0.197955
0.195147
0.175003
0.210009
0.182503
0.177379
0.173197
0.184922
0.168581
0.172025
0.199113
0.196873
0.168707
0.159027
0.164016
0.156344
0.160535
0.172440
0.199573
0.218007
0.208655
0.215304
0.197208
0.214178
0.185030
0.181748
0.176826
0.203753
0.195547
0.183060
0.166490
0.178297
0.205744
0.191365
0.219591
0.197333
0.217169
0.189194
0.195588
0.208843
0.182411
0.159515
0.149913
0.183614
0.163123
0.175909
0.163591
0.192295
0.171235
0.221574
0.172475
0.210951
0.183173
0.186062
0.171764
0.186468
0.181865
0.168732
0.181743
0.189735
0.190930
0.173541
0.190661
0.167231
0.194576
0.164697
0.176454
0.195871
0.219114
0.181869
0.194363
0.188633
0.187373
0.202329
0.202650
0.206445
0.188746
0.195252
0.195160
0.172612
0.188372
0.173482
0.180396
0.157374
0.186402
0.188409
0.187551
0.186598
0.188171
0.192720
0.184573
0.219749
0.175880
0.207397
0.183038
0.175974
0.159340
0.198592
0.176265
0.181800
0.193373
0.207731
0.183122
0.193047
0.192285
0.174957
0.199470
0.202745
0.198242
0.172225
0.179478
0.155084
0.174837
0.171700
0.193730
0.187003
0.193151
0.197411
0.186736
0.183639
0.219868
0.179201
0.188926
0.185738
0.205519
0.186849
0.181711
0.178783
0.206429
0.195778
0.192663
0.172058
0.183130
0.177679
0.191274
0.183784
0.176888
0.171781
0.196910
0.193201
0.182920
0.168309
0.158624
0.176303
0.188900
0.162833
0.169677
0.207066
0.188071
0.175044
0.174885
0.177274
0.178254
0.205651
0.224484
0.185901
0.191440
0.173160
0.178205
0.191801
0.160399
0.185733
0.182778
0.204598
0.174111
0.193890
0.179348
0.180780
0.177435
0.159222
0.189872
0.212272
0.199949
0.181043
0.170258
0.218029
0.191369
0.186269
0.205240
0.171784
0.202767
0.176843
0.187799
0.175435
0.174633
0.204340
0.189498
0.181025
0.161013
0.181403
0.166760
0.189096
0.194938
0.184812
0.165928
0.169940
0.198181
0.170080
0.205526
0.179747
0.206288
0.160160
0.173697
0.182919
0.195974
0.173455
0.200192
0.178412
0.205158
0.168077
0.195572
0.198754
0.188598
0.168430
0.199037
0.188962
0.174034
0.160641
0.179348
0.196306
0.185465
0.193704
0.194955
0.181718
0.179877
0.185713
0.179725
0.198487
0.195109
0.183764
0.183055
0.179841
0.197308
0.171052
0.196360
0.192102
0.177633
0.189400
0.199371
0.174082
0.167831
0.180189
0.220430
0.170913
0.212319
0.174500
0.210636
0.203471
0.175549
0.185203
0.172787
0.163455
0.197553
0.160592
0.172292
0.198246
0.179562
0.214837
0.201452
0.180550
0.166378
0.207854
0.187098
0.151516
0.198222
0.211092
0.224807
0.177193
0.196139
0.175530
0.195711
0.214018
0.156497
0.188841
0.178709
0.182478
0.178346
0.189406
0.192831
0.155905
0.199280
0.211194
0.171825
0.170883
0.188083
0.172988
0.163052
0.182337
0.202967
0.193552
0.170712
0.197154
0.167993
0.193691
0.185889
0.175386
0.181227
0.186177
0.187715
0.173894
0.203882
0.187818
0.177406
0.201412
0.198808
0.184050
0.165941
0.182762
0.167023
0.200455
0.187566
0.169599
0.184900
0.211272
0.185772
0.168011
0.173786
0.204637
0.183393
0.191629
0.182457
0.207045
0.183611
0.171610
0.184257
0.177243
0.191021
0.189134
0.179023
0.189002
0.185693
0.171861
0.195997
0.185182
0.190565
0.172389
0.207897
0.163648
0.206559
0.174569
0.177099
0.183578
0.179229
0.193267
0.167315
0.178622
0.186996
0.172854
0.174398
0.198694
0.190096
0.189720
0.162808
0.167595
0.176988
0.177027
0.190263
0.198619
0.167410
0.176879
0.177820
0.195798
0.181580
0.220738
0.192536
0.212350
0.204331
0.163139
0.196712
0.195922
0.180110
0.197562
0.163952
0.182719
0.216062
0.232787
0.172370
0.177590
0.175472
0.202313
0.168309
0.167982
0.201323
0.206227
0.210313
0.168347
0.178452
0.181035
0.169423
0.179542
0.211809
0.182555
0.182261
0.183148
0.201850
0.205426
0.208515
0.198343
0.197914
0.196654
0.171954
0.208251
0.173705
0.177680
0.200940
0.163862
0.165722
0.159329
0.192547
0.176559
0.210855
0.201162
0.194202
0.191423
0.187709
0.182743
0.180991
0.244149
0.179830
0.176505
0.187609
0.181493
0.216680
0.216352
0.212385
0.187453
0.187667
0.203847
0.196157
0.223806
0.177766
0.187437
0.176591
0.179943
0.204246
0.185120
0.181204
0.196138
0.204705
0.204910
0.211481
0.184041
0.200800
0.245732
0.205703
0.195953
0.195932
0.192035
0.181619
0.178756
0.190821
0.208304
0.188130
0.188050
0.212138
0.183535
0.192332
0.183331
0.174499
0.170295
0.203150
0.192503
0.195358
0.206938
0.211804
0.196899
0.200093
0.220274
0.196678
0.177410
0.196335
0.183817
0.164761
0.188238
0.189184
0.214454
0.182907
0.194515
0.183872
0.166487
0.180799
0.186895
0.208575
0.195947
0.182699
0.188365
0.180737
0.216053
0.171139
0.183988
0.198175
0.185236
0.188196
0.201665
0.173424
0.188650
0.195589
0.202744
0.201184
0.193482
0.186311
0.187230
0.188452
0.195997
0.168336
0.172097
0.195413
0.185503
0.214295
0.166115
0.213592
0.236958
0.177775
0.196498
0.217543
0.221129
0.161319
0.179495
0.167658
0.200814
0.204931
0.197599
0.176223
0.178643
0.188758
0.185381
0.182287
0.197819
0.199857
0.172092
0.181345
0.187066
0.187618
0.187633
0.219844
0.199602
0.195523
0.179805
0.196742
0.184690
0.191086
0.169107
0.180129
0.208143
0.180163
0.181296
0.184970
0.220765
0.194510
0.195222
0.183241
0.199939
0.208442
0.190966
0.191251
0.171805
0.170038
0.191109
0.181213
0.195480
0.179700
0.195065
0.231152
0.195572
0.180869
0.193924
0.194047
0.177855
0.195371
0.182276
0.174934
0.186859
0.192375
0.178715
0.217799
0.202747
0.221136
0.201042
0.246548
0.181673
0.214644
0.170340
0.168591
0.176723
0.171793
0.192141
0.195685
0.170928
0.211747
0.190475
0.179307
0.172859
0.185892
0.204762
0.192366
0.193949
0.189739
0.183646
0.203592
0.217579
0.185490
0.180888
0.191354
0.206861
0.179898
0.189076
0.175786
0.203146
0.201069
0.185924
0.188643
0.193018
0.219607
0.183362
0.187263
0.185964
0.184228
0.189095
0.201245
0.207702
0.220188
0.192310
0.216734
0.197452
0.187887
0.214487
0.212118
0.190870
0.176871
0.206795
0.216814
0.189356
0.215754
0.178489
0.176888
0.188756
0.173756
0.194354
0.183948
0.171717
0.155635
0.169488
0.229297
0.194401
0.182412
0.178420
0.186034
0.181957
0.186152
0.188048
0.177634
0.179137
0.169669
0.204948
0.198035
0.189195
0.176824
0.173692
0.189269
0.205856
0.214217
0.206212
0.210100
0.210442
0.183807
0.175864
0.207146
0.214109
0.186165
0.213652
0.192178
0.220629
0.194357
0.186745
0.211430
0.185187
0.212643
0.192801
0.181374
0.190094
0.178420
0.204985
0.212255
0.198142
0.197951
0.198720
0.204763
0.175358
0.189462
0.210042
0.171904
0.174544
0.175245
0.178811
0.200347
0.191087
0.171477
0.182259
0.169848
0.180512
0.172179
0.208650
0.199972
0.222015
0.179489
0.184130
0.179934
0.203477
0.162205
0.181784
0.196749
0.220189
0.172611
0.185863
0.173974
0.176447
0.198335
0.204623
0.195545
0.193039
0.155493
0.157491
0.195767
0.213753
0.191779
0.174363
0.197395
0.178864
0.194560
0.190817
0.215488
0.205390
0.222421
0.201883
0.200196
0.189536
0.190411
0.212301
0.203254
0.185838
0.194685
0.236528
0.185377
0.188877
0.193575
0.188044
0.201692
0.188520
0.210413
0.190740
0.219478
0.187927
0.190413
0.202695
0.187922
0.204560
0.170037
0.197181
0.190876
0.198539
0.181741
0.159215
0.195248
0.176147
0.209132
0.178744
0.170331
0.174026
0.174383
0.189696
0.201948
0.176099
0.192051
0.188849
0.195389
0.193036
0.195322
0.207289
0.224184
0.212160
0.174610
0.184793
0.200543
0.178603
0.204165
0.204062
0.188246
0.177951
0.174808
0.202171
0.174573
0.196480
0.183532
0.191277
0.229002
0.203406
0.222250
0.190433
0.175525
0.186901
0.195785
0.206687
0.190076
0.193130
0.186670
0.201775
0.220660
0.186549
0.177637
0.200561
0.185432
0.191835
0.205234
0.195071
0.183855
0.190515
0.196898
0.211530
0.180299
0.185645
0.201577
0.181700
0.185368
0.163675
0.206483
0.201310
0.186601
0.189313
0.183988
0.179911
0.189206
0.199238
0.187189
0.193818
0.194141
0.183632
0.179853
0.210285
0.186069
0.181239
0.172122
0.186080
0.199394
0.201344
0.182749
0.176378
0.171062
0.171788
0.200849
0.193451
0.191668
0.188624
0.182861
0.174325
0.169060
0.181035
0.242236
0.263682
0.174698
0.153735
0.194165
0.184259
0.200129
0.203254
0.188255
0.200666
0.200817
0.199461
0.196214
0.161735
0.175641
0.204381
0.165519
0.181340
0.168538
0.195069
0.172114
0.174172
0.193704
0.183391
0.179328
0.158989
0.178381
0.194698
0.197483
0.159900
0.179527
0.203461
0.192708
0.223614
0.193119
0.190173
0.182440
0.195692
0.190559
0.190001
0.176476
0.203052
0.173955
0.191865
0.188058
0.198312
0.179949
0.193929
0.190645
0.167898
0.177736
0.175498
0.180054
0.178462
0.174624
0.181958
0.186432
0.200933
0.171201
0.189320
0.203751
0.214179
0.199837
0.174901
0.171529
0.165082
0.170013
0.166007
0.205260
0.191411
0.177700
0.179902
0.179162
0.177168
0.183130
0.171857
0.190643
0.177918
0.206702
0.168636
0.187671
0.196310
0.184731
0.185832
0.204514
0.188763
0.162384
0.197169
0.174690
0.206029
0.221438
0.159944
0.204229
0.189654
0.180977
0.188505
0.188213
0.200895
0.186616
0.191049
0.184500
0.229631
0.181924
0.189048
0.182220
0.177360
0.192099
0.199074
0.233686
0.187209
0.187295
0.202671
0.178770
0.195298
0.197641
0.187493
0.187521
0.176810
0.191930
0.200159
0.181034
0.173825
0.207990
0.192955
0.193604
0.171733
0.169547
0.175703
0.180488
0.193544
0.188167
0.207429
0.208220
0.179495
0.223566
0.208812
0.184135
0.191610
0.191921
0.199517
0.206114
0.197681
0.183937
0.188040
0.208483
0.178061
0.201554
0.172064
0.204956
0.191211
0.194759
0.194840
0.183539
0.172545
0.178443
0.168979
0.219825
0.189584
0.208329
0.193282
0.213799
0.175463
0.190709
0.184491
0.177067
0.182075
0.174049
0.171798
0.169889
0.194105
0.170996
0.200171
0.179292
0.210518
0.175373
0.179874
0.203313
0.182100
0.197099
0.175871
0.170469
0.167794
0.204553
0.184746
0.184147
0.179663
0.167578
0.167314
0.191715
0.181182
0.200641
0.186402
0.198469
0.179396
0.186662
0.168358
0.205063
0.191273
0.190411
0.194959
0.208208
0.176293
0.209167
0.180247
0.196471
0.197311
0.209078
0.173752
0.180111
0.172779
0.180586
0.198114
0.170474
0.209945
0.197546
0.186419
0.214011
0.168093
0.183369
0.166554
0.194273
0.180515
0.220101
0.183729
0.194837
0.187170
0.189286
0.186487
0.211162
0.184474
0.183288
0.194694
0.173323
0.214517
0.190265
0.193407
0.175159
0.181012
0.194332
0.198327
0.194620
0.232828
0.201419
0.227958
0.192801
0.188435
0.198245
0.176717
0.186775
0.212003
0.195000
0.200150
0.189309
0.197651
0.180547
0.188527
0.195199
0.181641
0.191483
0.201623
0.197872
0.183253
0.186502
0.194832
0.196336
0.194750
0.193889
0.201739
0.200521
0.194268
0.186180
0.182650
0.183685
0.176159
0.198464
0.207123
0.209697
0.194105
0.183382
0.175209
0.206575
0.178981
0.184506
0.185191
0.195262
0.192565
0.175711
0.166069
0.204836
0.186935
0.201435
0.205755
0.213078
0.199794
0.183880
0.195488
0.198131
0.188214
0.184178
0.187593
0.181669
0.174275
0.198816
0.170783
0.196696
0.188640
0.186473
0.197568
0.196790
0.184899
0.195295
0.222329
0.166052
0.184701
0.161641
0.172853
0.180964
0.173321
0.194778
0.172313
0.176245
0.232139
0.191102
0.173414
0.184856
0.189659
0.191802
0.217715
0.181067
0.198652
0.197613
0.199339
0.194550
0.191719
0.175558
0.194219
0.190695
0.176359
0.180552
0.185418
0.183130
0.196742
0.196980
0.198625
0.231463
0.194865
0.202588
0.175383
0.182417
0.199724
0.180914
0.182906
0.183059
0.186395
0.174062
0.179861
0.188024
0.182527
0.190228
0.175586
0.184690
0.202090
0.205527
0.183137
0.175292
0.184605
0.194738
0.212429
0.194606
0.219626
0.208957
0.209553
0.185391
0.179791
0.189190
0.181961
0.201149
0.178880
0.190017
0.167068
0.199250
0.190432
0.210309
0.189264
0.206110
0.165937
0.169487
0.183376
0.176715
0.185558
0.186142
0.167447
0.177951
0.178690
0.197425
0.188500
0.186447
0.216424
0.202245
0.206438
0.184706
0.177251
0.167417
0.187421
0.211814
0.189628
0.178198
0.215274
0.177212
0.203824
0.186794
0.186560
0.245944
0.201498
0.208124
0.193374
0.207312
0.201525
0.192934
0.173627
0.215333
0.193259
0.192957
0.209021
0.233368
