766	442	90	187
772	427	75	200
770	434	74	198
766	429	75	207
740	441	99	197
746	454	84	186
735	440	87	200
724	458	89	186
731	443	75	200
731	438	71	210
732	438	72	204
733	436	91	211
741	439	103	191
760	423	99	196
770	436	91	196
777	419	87	194
786	408	84	214
792	409	87	208
798	416	91	201
810	406	97	201
812	420	86	187
809	401	82	203
809	403	77	195
790	393	94	204
774	397	90	185
752	385	92	209
747	398	93	195
724	390	94	196
720	390	90	195
718	394	84	197
722	383	76	202
722	381	78	208
722	398	77	197
717	388	86	202
721	398	88	200
722	387	82	207
718	384	84	208
718	396	82	206
718	384	93	212
719	402	98	195
727	380	92	201
728	396	94	200
732	395	101	198
742	394	98	198
744	391	98	205
749	392	95	191
744	393	102	207
754	393	98	190
745	391	109	210
754	389	101	196
757	389	101	216
757	393	113	199
767	394	104	208
756	396	119	207
772	395	97	197
763	395	111	214
776	395	99	200
764	394	108	220
774	397	118	201
769	401	112	212
772	400	101	196
765	401	114	215
782	400	101	201
771	400	105	222
782	402	115	200
775	397	113	215
774	404	104	193
767	403	112	215
786	401	104	206
774	401	114	205
769	406	113	213
781	407	98	194
769	405	123	213
782	402	95	202
769	404	132	211
785	400	98	204
773	403	115	218
775	405	109	199
773	403	131	219
798	401	89	207
783	408	100	213
771	410	133	195
798	399	86	201
783	408	102	209
775	408	126	211
806	398	90	211
784	416	106	206
786	415	117	205
795	410	100	214
783	415	109	225
783	416	116	202
790	414	101	221
779	418	112	208
795	416	103	204
784	415	109	223
781	417	106	202
775	431	123	203
792	422	90	201
779	426	116	212
775	420	106	201
774	436	130	202
779	421	106	209
788	428	118	215
780	423	112	204
783	420	104	229
780	427	111	203
788	425	99	227
775	431	116	201
802	424	97	218
787	429	110	212
781	427	112	201
790	437	98	214
775	438	119	196
781	433	111	208
776	433	121	203
805	425	86	209
789	434	98	211
775	437	114	219
782	435	107	203
776	435	111	222
777	436	112	203
777	434	109	222
773	437	113	204
778	432	110	230
785	438	96	200
772	441	124	215
774	437	108	205
773	438	123	222
786	449	96	195
773	450	121	213
765	443	114	204
782	444	118	220
773	440	113	206
771	441	103	233
786	444	119	209
775	439	117	220
780	442	106	205
768	444	107	228
775	446	120	207
771	439	115	226
783	447	104	208
771	447	108	228
778	450	112	209
772	446	118	216
778	446	113	208
779	444	110	225
780	453	107	198
773	449	120	218
781	453	110	201
774	449	122	223
782	457	108	199
775	452	122	215
784	458	109	196
776	454	123	207
787	459	102	191
771	452	119	218
782	463	118	190
794	454	101	195
783	450	115	218
790	459	111	194
783	451	116	208
791	459	108	194
786	453	118	210
794	459	98	188
784	455	115	214
795	457	95	195
783	449	110	218
794	451	101	200
798	453	94	217
792	439	102	215
795	455	90	217
787	442	107	208
793	452	90	206
795	442	100	213
798	448	91	201
796	437	98	221
798	444	92	202
790	439	93	214
793	436	93	208
796	441	82	208
785	434	103	220
791	450	98	188
795	432	89	210
799	432	79	206
788	433	101	208
792	441	88	200
792	431	90	212
795	430	89	213
799	435	81	207
797	431	85	212
798	425	77	211
786	424	86	211
790	431	93	211
794	422	86	222
796	427	81	211
789	430	97	210
796	429	82	210
786	422	85	214
790	432	91	210
789	430	88	202
793	429	90	211
792	425	85	208
793	429	79	213
780	429	94	208
787	432	90	212
783	431	97	208
787	425	89	199
793	429	89	207
790	424	83	212
788	433	97	207
794	426	84	197
792	427	81	207
781	421	90	213
787	428	93	214
793	430	83	192
788	427	94	205
796	428	76	206
781	423	97	210
789	428	80	214
779	426	102	215
788	428	85	192
793	429	89	203
796	423	79	213
795	426	90	211
798	422	81	208
798	427	79	207
792	423	90	207
799	427	90	212
802	423	81	209
803	425	91	211
807	423	81	208
807	425	81	210
806	422	92	216
810	428	83	203
804	421	86	216
809	429	89	210
810	420	82	212
812	427	81	210
801	421	94	210
807	428	91	214
809	422	84	213
811	427	91	210
812	422	85	209
812	423	79	211
803	420	97	212
805	437	85	203
795	426	102	221
803	432	90	193
810	431	94	209
813	419	86	212
813	425	84	211
799	417	98	221
804	439	92	196
794	421	106	216
804	441	100	190
797	417	101	214
806	439	96	203
795	421	100	201
800	434	102	206
801	421	104	203
805	433	92	211
795	418	112	201
802	427	99	207
800	425	109	207
803	430	96	184
793	426	115	210
801	433	100	188
789	427	117	207
799	429	111	192
791	422	117	205
795	426	110	192
788	420	118	219
798	428	104	195
783	424	126	206
792	421	113	200
784	419	129	213
791	417	115	205
779	411	133	220
795	415	108	205
784	415	127	220
789	414	111	207
779	404	133	227
799	423	98	193
786	422	130	213
795	421	105	203
785	422	128	205
802	416	98	202
787	416	124	217
793	406	107	212
784	436	123	197
785	419	122	201
793	420	123	198
659	311	262	320
308	0	601	455
527	111	430	563
465	61	464	622
272	29	628	689
354	54	565	628
495	85	396	634
291	0	598	701
390	50	533	669
325	0	596	720
254	0	669	690
208	5	707	714
361	45	536	674
303	1	622	700
245	0	692	720
176	9	740	710
207	34	696	685
209	2	709	717
194	32	697	687
155	41	814	678
167	40	740	670
175	58	725	661
168	66	734	653
161	29	772	690
209	51	642	668
156	59	791	660
244	89	559	617
421	247	518	472
234	19	670	662
271	150	598	569
162	7	740	712
166	27	643	692
102	22	779	697
132	44	664	640
149	0	763	720
189	41	656	678
125	42	713	677
135	45	696	674
133	44	703	675
117	49	717	639
174	72	717	624
161	37	778	682
223	73	594	632
449	300	524	419
326	115	609	564
303	103	581	591
491	269	373	418
490	314	358	395
607	395	233	278
341	146	429	500
244	98	618	555
506	352	333	366
158	32	641	622
227	73	643	621
171	54	657	616
248	132	585	567
200	52	596	627
313	185	487	483
349	173	442	473
144	0	725	643
255	87	585	632
151	7	679	661
220	79	613	640
152	25	646	646
172	40	677	659
240	105	566	568
244	99	577	552
510	328	286	352
126	0	574	557
245	63	586	613
277	146	550	515
486	286	307	358
150	38	725	598
208	55	617	636
188	65	617	601
140	13	650	639
223	69	569	582
248	91	572	552
410	205	437	444
512	310	516	369
149	21	985	698
196	40	602	646
243	95	585	579
166	9	631	640
243	84	589	588
484	296	330	362
800	405	240	273
877	480	181	208
646	426	180	210
857	461	145	232
715	448	86	183
905	492	65	168
895	504	10	178
909	551	10	97
918	554	28	61
919	549	63	88
894	497	154	134
909	463	270	241
896	465	121	220
847	459	224	232
687	425	229	255
723	413	289	273
319	0	817	683
186	17	677	692
225	87	610	630
260	116	563	567
435	273	366	393
246	76	901	643
163	58	654	606
199	53	598	600
206	68	603	585
411	289	394	369
394	142	735	577
116	0	664	593
201	9	559	589
172	0	594	643
197	0	595	620
172	0	628	630
177	9	605	643
199	11	586	626
156	0	635	629
165	0	623	635
215	6	606	668
166	0	674	670
180	27	632	667
165	0	610	644
184	0	628	649
210	7	604	662
173	0	651	694
187	0	673	687
183	22	676	679
203	43	588	611
152	0	676	662
180	25	647	684
149	17	600	613
191	0	640	661
184	5	631	676
169	0	702	712
181	24	600	635
176	0	602	637
186	0	618	665
218	43	592	658
179	13	683	665
182	19	664	655
181	27	721	692
166	39	612	622
193	1	604	656
190	0	614	659
198	13	597	659
155	0	677	656
198	23	654	696
145	51	688	622
149	21	672	650
173	0	715	705
184	36	511	579
390	117	701	586
123	17	624	636
149	9	646	633
180	0	614	641
195	0	609	649
196	0	657	684
148	9	643	636
162	0	684	689
191	16	681	658
153	19	673	642
188	1	637	698
178	0	674	680
180	0	658	673
176	0	680	698
185	22	634	646
542	375	350	344
225	49	873	625
240	103	710	578
195	64	770	623
144	67	750	608
593	334	383	369
706	375	346	307
720	382	318	290
750	395	250	265
763	416	223	254
717	402	191	267
767	434	120	252
646	428	122	197
742	454	111	177
630	393	12	166
585	490	47	64
609	538	88	77
735	505	71	95
647	605	206	51
770	497	164	138
581	415	203	172
634	378	155	210
592	394	195	219
750	403	32	192
726	490	151	123
627	424	15	216
603	531	108	88
485	482	285	154
622	375	156	214
613	398	180	212
577	367	186	222
632	366	199	228
601	363	192	222
647	380	195	239
608	356	212	237
621	366	199	229
641	368	178	218
700	390	235	260
648	345	207	280
690	341	272	309
720	289	220	345
763	351	175	308
684	386	228	232
696	396	220	225
708	406	196	215
726	417	181	190
748	418	160	192
755	403	146	204
758	408	139	195
752	389	141	211
890	381	18	232
903	422	50	148
884	399	35	184
884	394	56	192
883	385	75	207
885	367	83	229
887	389	42	210
882	399	38	189
888	400	65	185
890	383	101	204
898	388	57	219
894	386	96	208
899	390	86	214
898	401	10	206
900	460	38	89
846	450	51	114
892	411	99	173
901	405	28	200
793	534	102	50
749	452	147	129
866	415	35	180
896	428	79	159
904	427	70	175
904	408	95	191
779	414	134	186
766	403	124	194
784	401	120	193
779	392	114	197
859	413	45	190
901	416	119	177
802	404	112	192
855	405	51	185
904	419	90	173
856	418	56	178
906	431	10	158
825	426	82	131
898	472	28	119
810	419	95	151
892	431	10	166
812	458	92	100
893	419	113	175
736	407	175	183
772	411	108	187
754	404	153	182
827	402	59	192
697	505	195	89
747	417	160	170
787	396	107	199
771	394	116	203
762	387	128	204
758	391	143	201
757	394	121	194
752	391	150	194
757	407	119	179
755	395	145	186
760	406	114	176
756	397	139	183
755	400	116	179
753	396	119	198
748	392	111	193
749	398	126	190
750	423	117	165
747	416	111	166
662	419	174	144
540	414	272	180
517	350	310	248
114	0	655	628
488	226	404	469
179	17	887	699
146	19	656	649
316	175	582	544
239	37	595	640
432	225	483	494
222	28	788	679
106	36	748	647
355	194	490	505
480	207	422	471
304	79	802	640
183	54	631	645
215	70	662	642
190	52	778	667
126	36	697	648
256	127	624	592
321	112	577	570
251	48	677	636
108	49	801	651
234	82	577	605
319	147	505	521
864	408	287	311
877	424	58	185
774	384	104	212
761	385	107	202
762	382	111	223
761	383	103	200
771	381	104	217
757	385	112	212
762	382	113	206
762	381	101	231
778	388	98	195
766	387	99	213
761	389	113	209
766	385	95	197
765	385	102	211
756	386	109	222
772	386	86	199
760	391	106	204
752	388	111	198
767	382	104	222
757	385	105	195
760	380	99	223
748	386	107	209
764	383	103	214
752	384	106	197
759	379	91	226
749	389	108	219
760	388	89	198
747	391	108	207
751	387	100	199
748	385	108	216
750	383	96	198
749	383	102	215
748	383	101	209
747	384	113	218
748	382	101	202
744	380	107	221
751	382	96	200
743	382	108	215
746	382	102	199
744	380	105	220
745	381	104	201
745	378	107	222
738	379	105	199
755	376	92	223
741	385	102	220
742	387	108	191
744	379	105	222
742	381	98	197
741	379	105	214
740	379	104	200
741	376	105	223
741	379	97	196
741	378	105	213
740	378	111	204
747	374	99	227
739	381	102	193
747	377	99	216
737	380	102	192
750	376	117	209
760	377	93	193
753	377	113	207
779	372	96	197
767	372	99	197
763	371	105	216
777	371	93	196
766	373	109	209
780	370	110	206
789	372	134	210
783	363	121	209
779	367	109	197
829	373	59	215
899	410	92	159
806	372	88	194
796	356	94	211
780	361	109	203
770	356	106	192
766	352	123	212
772	352	103	197
759	351	122	215
761	353	107	197
759	352	132	199
757	350	115	194
756	353	123	218
754	353	112	205
765	353	132	208
760	355	118	197
757	363	143	202
757	374	120	187
756	366	139	208
753	361	121	206
749	359	131	203
753	369	130	199
751	366	131	194
752	371	137	203
754	370	127	194
752	364	140	203
759	384	134	184
757	374	136	197
756	374	135	191
754	374	140	202
755	374	141	191
755	372	139	199
758	376	138	191
757	374	137	198
756	380	138	187
755	376	137	193
756	378	140	196
760	383	138	186
761	377	134	197
757	381	135	189
756	385	137	188
756	377	135	190
756	398	139	184
758	380	135	190
756	392	136	186
757	382	135	192
756	398	134	171
750	381	132	187
756	398	131	167
754	376	132	190
750	373	137	205
744	383	138	189
744	385	135	184
742	389	136	182
734	370	139	198
735	395	132	180
735	380	127	190
730	379	133	206
728	381	136	198
723	389	138	193
724	381	136	197
720	387	138	196
717	386	138	185
717	395	132	184
715	385	133	191
712	406	130	184
709	395	123	183
706	391	127	187
703	394	123	181
702	382	137	208
698	405	127	171
698	389	141	202
698	395	125	181
697	393	144	199
698	403	125	181
696	388	136	204
693	393	124	187
691	387	149	207
691	397	130	189
688	392	139	192
687	384	130	195
685	395	156	200
688	400	133	188
687	392	145	203
686	403	128	183
706	393	131	210
699	409	120	183
715	406	129	200
705	422	120	175
711	407	136	204
708	423	119	181
722	413	128	204
714	410	118	197
703	407	157	211
707	433	126	183
705	416	139	195
703	408	118	200
727	406	122	209
718	413	114	190
712	406	147	207
714	425	122	184
725	412	132	202
721	403	114	206
716	416	149	200
718	421	122	193
715	411	143	198
715	409	119	197
719	404	143	212
717	416	123	194
712	406	135	200
711	408	115	207
718	406	134	204
715	410	118	192
713	408	146	205
713	413	122	196
709	403	141	205
708	410	119	193
714	401	136	203
712	401	118	197
711	397	143	211
715	408	117	194
720	399	129	213
716	408	116	192
717	401	115	208
712	398	109	200
720	396	130	208
717	407	111	191
717	400	128	203
717	405	109	189
718	400	116	203
717	399	103	191
728	396	119	203
722	395	109	191
717	391	100	220
724	396	93	209
723	401	96	197
727	400	95	197
720	401	93	196
723	402	116	198
718	399	107	188
730	393	82	203
724	401	112	198
723	398	100	188
728	394	88	206
724	399	90	201
721	400	99	193
729	397	83	198
719	401	106	198
733	396	83	189
723	399	100	196
734	396	81	195
733	391	100	204
723	391	100	184
738	386	80	207
724	396	95	198
734	392	80	201
731	391	99	200
722	390	104	189
739	384	75	201
727	395	105	193
721	390	104	188
737	384	83	205
724	392	105	195
733	387	90	193
726	389	104	197
727	386	93	200
738	389	93	199
728	391	97	191
738	389	94	196
728	390	95	194
726	390	106	196
739	385	80	204
727	395	107	198
724	390	104	193
736	385	84	202
732	392	108	192
727	386	102	188
743	381	108	202
736	380	102	187
750	378	85	213
737	388	95	198
733	389	97	196
736	388	113	197
732	382	103	189
748	377	110	205
740	380	106	186
756	376	97	214
741	384	97	190
754	382	105	207
743	383	105	187
740	378	103	211
736	377	108	193
737	371	118	193
740	361	98	193
733	359	94	195
734	353	87	198
727	358	101	182
721	350	106	195
728	342	109	187
726	338	97	200
718	339	117	193
720	333	109	201
720	337	101	196
729	370	82	164
709	372	113	155
713	359	104	168
705	355	109	182
716	364	94	177
779	398	31	137
758	413	143	138
834	422	19	126
737	378	187	188
813	369	10	186
726	370	40	64
663	334	131	154
832	394	159	199
760	378	60	153
686	384	172	149
713	380	65	148
715	394	165	183
656	344	66	167
818	417	59	133
777	420	28	150
801	427	87	109
735	372	33	181
820	455	22	50
777	412	116	130
686	319	130	175
685	301	129	191
700	302	133	190
701	298	113	193
709	297	129	186
706	306	110	191
701	299	144	186
710	298	114	188
711	303	133	188
711	295	112	191
705	305	138	188
714	303	108	188
844	339	10	153
775	371	73	75
662	448	175	36
636	434	195	48
666	382	173	100
699	304	130	200
713	299	123	198
741	302	81	186
709	314	133	183
709	299	114	195
700	300	151	182
717	308	107	177
709	302	142	189
828	341	84	149
731	322	110	163
694	316	138	171
701	302	149	187
706	306	119	185
702	297	148	186
709	310	117	175
716	303	134	176
716	287	119	201
709	295	129	203
705	285	147	208
728	306	107	182
714	306	115	180
709	295	123	186
705	286	132	197
702	283	123	200
695	294	118	193
692	286	146	198
694	310	122	173
699	302	121	190
696	298	120	190
720	309	104	184
738	316	79	178
693	339	135	150
779	331	56	158
696	354	131	124
825	375	18	129
729	377	71	74
710	382	124	106
699	378	134	137
724	351	129	155
732	360	113	169
774	371	80	145
702	396	131	124
714	363	141	150
727	362	113	170
763	366	82	162
727	380	120	150
811	391	39	145
728	409	120	109
697	412	162	110
817	400	60	130
715	401	122	126
708	406	156	119
835	411	24	138
739	422	202	158
748	389	97	161
794	419	71	128
713	407	197	148
705	371	143	184
784	388	60	155
715	421	256	160
731	388	113	161
867	427	29	131
751	423	197	123
713	377	150	173
739	377	117	160
742	364	120	193
724	354	143	193
731	360	136	200
728	348	141	204
731	366	139	194
733	353	139	202
739	360	135	205
737	358	141	207
737	356	142	202
738	367	142	200
738	363	142	206
739	373	143	205
736	366	144	204
732	378	146	210
733	369	139	202
729	366	139	222
737	381	127	194
728	371	137	211
736	372	131	213
736	373	133	204
748	370	124	211
739	372	135	207
754	376	113	197
752	383	108	189
753	381	102	196
745	380	119	200
764	377	100	197
758	377	108	194
755	379	109	195
751	378	111	195
754	375	105	193
754	374	101	199
760	375	92	199
764	379	86	195
751	384	98	187
756	382	96	196
749	383	101	196
759	382	91	199
746	386	100	191
750	383	112	197
762	380	95	204
751	384	98	197
747	383	108	198
766	381	86	202
753	387	95	190
747	387	96	195
755	387	115	191
753	381	104	188
747	375	100	206
747	376	97	204
744	377	105	204
762	375	80	207
746	386	99	199
736	385	103	200
761	382	108	185
752	374	102	217
743	377	105	201
742	374	97	208
758	376	93	204
746	380	99	198
735	379	105	200
762	377	93	201
749	379	99	194
739	378	99	197
744	379	101	197
745	384	90	191
735	386	112	188
757	393	79	173
724	399	121	176
741	396	100	172
734	390	114	186
736	386	107	182
738	388	113	181
739	382	111	191
741	386	114	178
739	377	118	192
704	376	148	190
694	384	139	180
697	380	132	180
694	394	124	174
692	408	123	172
696	412	122	185
691	424	139	195
689	450	142	189
735	473	129	173
736	469	135	196
777	479	123	178
774	469	140	174
789	470	130	195
762	455	110	203
758	448	114	187
773	429	43	196
776	429	131	168
754	401	137	203
767	385	135	191
759	380	144	211
726	362	157	200
707	350	149	208
696	332	98	242
664	344	171	226
654	339	168	252
633	362	145	252
623	361	165	262
657	382	148	228
651	368	164	255
660	358	204	230
668	358	184	268
671	369	182	255
683	380	189	244
688	371	190	281
704	407	165	236
700	385	178	274
657	415	191	271
659	417	188	294
632	427	202	292
626	445	213	274
572	463	226	256
583	435	207	276
569	470	216	245
533	491	232	228
504	503	238	213
524	493	183	223
503	492	206	213
476	504	221	215
503	485	212	230
509	468	200	244
479	471	224	241
501	456	213	253
489	456	219	255
496	436	216	281
490	429	218	290
478	406	213	313
461	399	210	320
446	412	204	307
401	395	217	315
392	401	229	318
375	378	218	339
364	382	210	337
440	395	268	312
753	355	48	345
816	387	200	43
806	403	176	176
787	409	305	246
525	391	505	302
724	367	306	328
740	361	279	347
735	358	283	361
742	367	278	352
749	374	286	336
760	342	285	365
748	383	293	331
725	366	322	353
742	395	327	324
774	317	302	220
741	332	320	360
754	347	315	372
764	377	311	342
719	310	355	371
725	329	311	371
664	286	367	433
623	216	390	419
592	197	355	437
603	226	339	427
612	261	323	356
614	257	401	412
670	253	379	400
680	228	338	393
645	235	391	448
728	183	317	489
719	305	280	362
737	321	271	351
652	137	352	510
675	299	322	381
679	224	303	436
661	218	288	443
663	312	295	378
655	339	255	370
695	289	264	365
674	333	286	364
686	382	251	327
671	416	237	285
654	396	246	275
667	421	243	250
673	393	227	273
677	363	189	265
677	394	167	215
682	369	143	217
681	366	193	231
688	340	227	273
425	402	479	196
591	323	295	276
653	278	221	315
420	397	466	197
597	312	282	290
655	272	214	297
397	373	478	222
442	333	435	298
411	323	469	335
514	244	371	422
424	315	419	332
422	299	421	365
439	284	394	384
383	308	444	348
477	250	348	416
425	272	429	361
416	282	384	416
423	295	381	424
447	297	361	422
456	296	364	416
458	287	365	424
468	281	370	425
477	238	350	448
483	273	356	430
484	248	361	437
487	280	369	395
463	263	394	444
481	253	377	419
482	261	351	416
463	252	369	418
463	268	227	363
454	253	287	404
426	246	387	444
428	211	283	425
424	263	336	407
416	209	334	418
421	195	349	444
398	198	342	408
411	225	363	441
399	183	308	430
395	232	327	421
407	182	333	443
406	203	347	413
407	190	303	401
406	233	318	405
406	180	290	401
402	230	298	393
404	185	260	430
397	231	338	405
392	204	354	422
405	243	378	390
402	233	322	389
396	268	235	340
394	237	285	423
392	250	343	407
386	236	246	376
393	246	323	421
381	219	306	409
381	263	328	402
380	207	305	412
375	256	325	410
367	203	286	416
363	252	347	394
355	191	334	426
354	212	368	430
349	227	348	423
355	191	357	403
348	226	348	426
353	201	345	408
358	229	330	420
349	199	319	406
357	240	327	416
353	202	317	447
356	229	320	408
362	205	322	449
357	204	324	416
357	214	312	411
352	201	286	422
346	248	316	405
355	197	304	440
348	196	316	447
339	215	324	426
333	200	289	439
344	231	331	408
341	188	274	438
335	240	306	410
334	196	307	464
332	209	311	445
333	213	302	419
332	222	301	439
326	209	302	460
337	211	305	425
342	248	299	422
342	207	295	447
333	200	280	438
329	252	303	408
335	209	311	471
326	204	318	465
326	200	319	458
329	227	299	430
327	215	254	422
354	212	270	437
335	219	280	422
332	242	321	339
335	248	307	400
333	199	261	431
431	206	282	309
349	233	278	384
346	209	318	395
342	251	313	410
338	202	249	418
332	254	287	377
345	210	408	291
327	209	294	448
323	247	332	394
322	214	279	406
324	255	315	365
325	217	371	358
325	239	297	418
318	215	302	426
316	261	323	393
316	217	343	304
329	231	330	422
316	242	331	346
324	265	346	341
311	250	382	304
321	249	370	319
353	237	343	320
352	229	322	359
360	227	347	296
305	237	273	366
312	273	301	342
312	225	265	357
313	270	275	324
316	266	260	327
316	280	203	290
403	226	300	257
337	240	283	408
320	279	247	289
323	285	245	289
323	262	321	282
330	273	343	385
316	280	277	278
324	298	264	313
323	248	241	293
323	280	313	306
353	277	393	234
324	264	328	344
336	265	401	211
330	243	328	284
310	253	372	349
347	257	399	204
334	283	315	335
377	259	394	214
406	245	360	234
352	278	422	220
330	257	329	262
417	211	317	275
424	245	307	275
352	249	361	308
372	240	306	331
312	268	303	412
349	253	309	420
324	232	352	420
329	250	307	416
332	274	313	427
335	233	291	442
334	250	280	434
335	260	275	432
338	242	257	434
344	232	274	447
347	227	257	444
328	268	290	410
338	232	260	441
348	237	260	431
351	247	271	438
320	250	281	429
358	237	259	451
345	229	280	449
384	222	263	467
349	223	295	443
395	251	262	447
346	232	286	403
349	276	268	399
323	268	153	355
340	310	314	370
308	273	298	384
332	302	280	366
311	290	332	378
337	282	338	367
293	304	348	363
329	286	356	376
318	292	327	351
305	318	347	318
281	320	466	268
316	298	356	331
289	316	363	335
455	213	267	331
315	325	393	205
314	298	410	223
463	233	269	305
297	341	420	179
302	295	417	218
472	231	253	301
417	233	299	277
500	246	250	303
452	213	289	301
472	251	300	282
510	205	254	312
558	227	250	307
477	250	309	253
569	244	236	253
540	190	275	338
486	214	372	333
463	184	356	343
546	203	315	354
527	192	314	329
519	222	339	303
536	183	303	325
566	215	301	333
529	218	301	299
461	236	373	284
528	224	296	293
445	251	369	256
353	218	459	296
481	196	338	342
469	220	335	314
420	207	382	326
395	201	421	347
254	209	506	369
491	137	353	421
254	193	639	403
235	183	482	479
339	203	436	453
238	241	559	401
233	254	578	432
595	169	365	527
291	330	656	350
532	222	366	482
606	375	388	334
636	338	323	357
512	329	399	369
615	350	315	352
549	364	363	326
346	370	586	341
569	265	317	451
617	327	295	392
359	327	557	385
551	196	325	463
567	293	329	392
631	330	280	373
370	359	499	270
685	333	298	380
633	350	356	357
513	360	460	332
576	222	408	436
635	212	330	464
631	157	333	258
424	375	530	65
413	334	526	26
668	352	168	196
608	241	341	62
663	318	268	69
732	362	294	161
475	283	490	31
658	383	137	138
657	360	201	171
600	343	384	169
548	276	433	10
665	288	210	75
647	348	293	31
675	348	102	184
632	381	209	194
406	322	593	13
688	320	117	93
625	402	231	10
658	397	67	100
650	413	194	185
590	371	357	263
376	329	624	336
642	284	366	415
355	326	643	372
532	230	448	473
511	261	474	436
613	284	387	412
534	313	459	377
367	310	594	374
326	294	667	408
343	268	674	435
453	231	579	479
319	296	667	416
364	269	638	432
337	264	711	443
343	254	632	457
358	269	630	443
316	270	641	449
319	266	609	434
318	264	560	448
324	273	428	446
334	304	393	415
336	252	384	467
331	296	383	423
351	235	359	484
318	291	395	428
353	226	351	493
341	282	367	437
346	233	367	472
348	260	360	458
333	246	370	450
333	266	363	453
341	233	361	475
320	287	398	432
341	271	420	448
322	282	397	437
323	314	474	405
357	292	368	427
443	308	557	399
543	294	520	400
374	294	732	403
447	260	652	447
423	258	687	457
447	253	681	456
672	184	496	529
839	227	397	492
814	203	404	516
808	241	408	478
745	196	479	523
780	94	445	625
820	156	411	563
815	130	422	589
812	107	431	612
811	88	437	631
809	76	444	643
807	92	451	621
810	67	443	630
814	62	367	444
855	159	232	300
763	272	323	151
773	313	343	144
754	297	292	200
753	299	379	204
744	310	406	202
597	316	562	208
344	277	695	329
607	126	623	509
752	72	503	572
260	279	838	440
269	238	846	450
309	189	912	462
326	226	953	467
267	196	630	455
226	267	470	420
236	286	386	426
218	297	408	415
208	269	388	443
197	294	442	423
231	226	515	465
226	234	350	443
200	211	393	483
231	198	558	469
245	205	885	474
202	164	769	537
219	159	935	551
179	137	389	565
334	205	569	467
208	182	501	483
249	145	481	502
266	153	331	466
272	130	451	467
261	152	452	459
266	99	409	507
280	131	437	457
307	73	430	507
330	115	412	439
363	101	549	492
353	106	370	400
384	104	441	418
335	87	368	416
355	67	526	434
396	62	451	445
374	73	390	419
392	85	313	392
395	68	332	462
394	126	326	420
400	109	327	399
400	130	378	443
421	173	334	455
420	176	338	412
428	197	367	484
427	241	356	424
438	241	381	415
457	261	415	439
491	291	411	403
504	221	404	452
514	259	416	433
519	283	433	404
506	201	408	483
525	226	413	453
511	237	446	448
523	163	418	510
525	172	421	492
517	153	446	524
522	117	419	544
492	158	433	540
494	168	427	486
480	172	458	496
476	194	432	498
477	173	481	483
476	199	424	491
455	163	466	497
466	177	464	498
477	189	440	485
482	179	461	467
499	192	511	489
547	216	491	499
586	221	484	485
637	223	530	488
703	226	552	493
761	209	498	494
800	213	474	484
830	179	401	495
873	230	359	455
939	171	291	476
535	155	292	421
1018	306	197	327
719	270	38	213
692	223	50	286
467	113	306	451
575	106	257	362
622	31	360	239
680	17	312	269
449	102	441	452
768	13	246	357
789	31	313	288
670	206	318	437
35	91	846	415
86	46	987	580
45	28	1075	635
19	7	940	698
80	5	880	702
55	0	968	694
54	0	1041	695
141	0	898	694
118	0	908	658
181	0	914	675
216	20	750	667
235	16	731	649
287	38	759	674
285	24	725	676
317	29	673	665
361	63	672	656
382	81	619	638
410	103	600	616
412	99	608	608
379	57	642	627
421	56	620	646
396	21	626	695
412	46	606	673
397	0	590	720
400	0	581	714
368	0	595	720
381	0	581	697
390	0	570	720
394	0	583	717
389	0	599	717
394	0	598	716
403	0	594	720
402	0	592	720
348	0	666	720
377	0	642	720
378	0	594	720
380	0	647	686
296	0	674	720
328	0	727	679
361	0	571	720
346	0	632	694
350	0	607	690
355	0	608	688
339	0	593	678
343	0	549	680
336	0	531	714
327	0	590	659
323	0	537	677
324	0	549	669
321	0	535	697
312	0	576	666
313	0	546	656
320	0	522	672
320	0	544	662
311	0	540	697
294	0	560	641
309	0	534	674
308	0	533	685
304	0	520	675
306	0	579	636
309	0	525	693
292	0	522	677
292	0	553	664
296	0	563	648
293	0	539	678
287	0	551	695
281	1	576	668
294	0	563	696
286	0	579	672
291	0	528	714
286	0	582	681
255	0	600	720
261	0	634	686
198	0	661	718
228	10	744	643
171	0	712	713
209	0	755	655
195	0	712	677
204	0	672	692
220	0	749	654
125	11	766	686
216	0	763	663
133	0	771	678
201	0	775	668
136	0	794	655
156	0	827	665
174	10	811	669
198	0	759	652
133	0	773	656
203	0	801	658
116	0	800	720
169	0	851	682
62	51	892	620
188	11	817	661
110	0	807	676
189	13	828	673
119	0	809	671
184	0	797	658
123	0	778	704
195	17	784	645
116	6	792	695
200	2	800	657
110	8	802	673
180	0	802	656
116	0	782	700
208	16	780	646
135	9	768	710
201	0	826	671
132	0	808	654
188	0	824	652
98	0	825	677
195	0	838	658
104	0	827	674
194	0	775	656
108	0	788	659
187	3	775	647
93	0	781	691
178	1	782	656
111	1	764	643
196	11	658	669
206	0	637	698
223	0	640	707
174	0	667	683
222	6	602	668
191	9	645	708
234	0	692	655
124	0	742	720
199	0	722	646
174	0	684	720
224	0	684	651
221	0	632	709
246	0	689	649
170	0	697	720
226	0	693	656
203	0	684	711
133	17	849	634
33	66	792	620
86	79	833	572
97	74	860	572
140	62	817	584
140	67	807	567
192	65	909	536
180	52	806	572
222	64	918	541
228	55	957	559
265	51	933	580
277	60	908	580
275	60	967	589
285	74	917	538
465	0	783	632
357	144	725	552
340	137	701	503
333	146	455	508
363	190	428	496
385	212	451	433
340	225	466	458
391	186	491	474
372	206	472	468
417	229	418	463
392	203	478	450
412	223	423	470
426	219	419	429
370	219	461	447
416	212	487	450
408	218	471	463
448	206	439	451
423	218	454	449
467	224	445	427
389	219	493	460
439	226	445	443
476	236	445	456
469	244	454	451
506	262	467	447
515	272	450	447
545	301	439	418
583	317	540	381
618	328	487	391
663	369	491	350
632	409	618	252
640	390	461	329
681	391	410	328
643	385	193	260
708	473	66	141
647	531	79	108
730	547	58	105
729	590	63	87
721	641	46	61
783	596	51	47
778	612	71	65
696	500	108	135
640	308	127	344
616	31	181	119
584	114	97	45
591	175	51	82
569	132	59	68
549	123	58	67
515	217	60	56
494	242	57	77
500	266	60	124
428	428	66	58
432	439	50	86
400	504	73	89
385	514	158	151
326	258	145	77
204	77	119	113
192	77	121	109
199	85	106	129
224	113	117	106
276	120	119	105
315	137	105	115
349	148	123	124
368	147	127	116
396	168	121	119
421	175	137	161
438	149	115	128
464	190	118	111
475	173	101	95
488	183	108	107
479	189	109	101
489	180	93	108
492	190	93	98
489	173	93	109
494	184	97	94
494	205	97	94
479	205	104	91
467	195	105	108
451	211	115	114
459	218	100	104
451	225	102	98
436	204	110	114
420	182	119	125
413	203	115	104
427	228	94	101
398	242	105	100
376	245	112	97
361	251	115	105
337	237	98	114
322	249	109	109
306	235	117	116
295	238	119	105
289	249	113	92
264	256	99	97
246	260	109	104
229	246	118	111
218	252	113	99
201	256	94	93
182	257	106	102
163	243	118	112
143	232	126	117
121	209	113	133
122	218	108	110
105	203	118	116
110	218	104	105
101	227	107	114
106	215	99	114
94	227	107	110
70	204	123	119
45	175	114	122
42	161	111	122
