0.007211
0.180321
0.182080
0.189375
0.206620
0.184311
0.185720
0.198408
0.193652
0.193235
0.209711
0.173651
0.199726
0.212527
0.197587
0.187313
0.175226
0.193092
0.187314
0.166924
0.175497
0.177112
0.167610
0.165096
0.228822
0.194942
0.180094
0.192121
0.199572
0.186079
0.182804
0.196814
0.186983
0.186071
0.218752
0.187902
0.182230
0.208023
0.187260
0.177303
0.187546
0.155924
0.183520
0.188972
0.187935
0.180652
0.173007
0.194070
0.195766
0.199207
0.194207
0.179147
0.173571
0.173244
0.204081
0.180775
0.176369
0.206992
0.187897
0.217398
0.183265
0.155964
0.186447
0.183653
0.187128
0.185189
0.196615
0.194439
0.173942
0.168580
0.184182
0.189593
0.186439
0.197026
0.196594
0.184950
0.180035
0.183860
0.184055
0.194087
0.201214
0.189389
0.192889
0.176127
0.196533
0.206026
0.181879
0.196431
0.179841
0.188476
0.184553
0.182304
0.206187
0.183700
0.193167
0.172729
0.176169
0.196885
0.164368
0.170073
0.188581
0.178123
0.181126
0.175805
0.191317
0.163816
0.168097
0.168514
0.189781
0.170875
0.195342
0.183800
0.204132
0.179861
0.189419
0.204785
0.208457
0.187387
0.191934
0.191228
0.191840
0.201738
0.171690
0.183247
0.204971
0.204908
0.209359
0.201346
0.206684
0.178793
0.176786
0.192173
0.200700
0.181185
0.192598
0.179537
0.180506
0.165888
0.170675
0.182163
0.174224
0.201891
0.212315
0.196391
0.195110
0.197897
0.189647
0.180440
0.191975
0.200052
0.174069
0.175221
0.157013
0.180025
0.180321
0.186538
0.168895
0.214994
0.183037
0.190252
0.196551
0.213022
0.205430
0.187053
0.203785
0.194260
0.167222
0.181308
0.163581
0.174865
0.176672
0.183650
0.179870
0.175396
0.193826
0.166732
0.181445
0.179385
0.197380
0.179472
0.169543
0.220363
0.195541
0.193434
0.201041
0.196308
0.188960
0.174796
0.177648
0.185447
0.179886
0.174096
0.191798
0.197016
0.204023
0.166520
0.196345
0.173115
0.193475
0.178672
0.172048
0.183555
0.166005
0.179145
0.167786
0.180833
0.196009
0.192276
0.173530
0.173864
0.177524
0.165339
0.195152
0.191324
0.187849
0.176787
0.194611
0.182121
0.172189
0.196078
0.169017
0.184407
0.180567
0.229281
0.189307
0.179334
0.169083
0.172940
0.187508
0.175603
0.187670
0.187332
0.187288
0.179784
0.194001
0.165773
0.196347
0.201251
0.177938
0.194344
0.186777
0.165556
0.167770
0.158529
0.189541
0.179429
0.166835
0.165555
0.199270
0.185014
0.194616
0.200269
0.192424
0.208692
0.196903
0.190156
0.168410
0.191876
0.183100
0.170753
0.175437
0.205111
0.201236
0.197817
0.213639
0.192536
0.187564
0.180119
0.193675
0.189572
0.172503
0.189839
0.196731
0.205636
0.170617
0.215909
0.195009
0.193132
0.191710
0.185456
0.167819
0.201311
0.167255
0.170017
0.174703
0.193921
0.162538
0.173023
0.199148
0.177406
0.169694
0.181799
0.171806
0.161856
0.207007
0.170713
0.205347
0.175276
0.172507
0.178889
0.177829
0.169887
0.207724
0.186758
0.179885
0.188003
0.178477
0.191425
0.193293
0.188250
0.211172
0.180091
0.195962
0.197945
0.206875
0.190479
0.196202
0.198282
0.178452
0.185280
0.173585
0.198172
0.201247
0.180531
0.219779
0.219128
0.194021
0.189455
0.225732
0.201924
0.202072
0.176781
0.174712
0.185234
0.211729
0.208460
0.195009
0.188528
0.178952
0.192588
0.183680
0.185041
0.192738
0.176893
0.188664
0.194969
0.198900
0.180195
0.177534
0.187485
0.182959
0.196301
0.166613
0.165163
0.195074
0.176863
0.196227
0.184628
0.193170
0.164349
0.186575
0.174298
0.191214
0.174693
0.159126
0.194381
0.203268
0.178861
0.205618
0.176295
0.195818
0.173615
0.171636
0.182652
0.177802
0.187820
0.180760
0.179127
0.206250
0.190368
0.183921
0.171449
0.192401
0.174321
0.208407
0.185856
0.195277
0.188682
0.189940
0.184892
0.201078
0.181090
0.185044
0.174482
0.201208
0.182868
0.184107
0.201519
0.206517
0.179153
0.216098
0.199985
0.180020
0.172199
0.167850
0.200419
0.173931
0.196697
0.210734
0.179884
0.174660
0.192445
0.195559
0.184675
0.184679
0.188512
0.189734
0.196741
0.211755
0.225229
0.217259
0.207520
0.193517
0.204897
0.197341
0.192598
0.174956
0.173728
0.189658
0.190904
0.195140
0.187131
0.172176
0.181139
0.178248
0.197701
0.180974
0.181314
0.186536
0.201710
0.203900
0.176005
0.202991
0.178816
0.182267
0.185372
0.175508
0.196931
0.196539
0.197797
0.191319
0.177346
0.178193
0.179844
0.189742
0.195981
0.208880
0.186006
0.184210
0.179300
0.183412
0.186281
0.173598
0.196610
0.178744
0.185825
0.179609
0.187848
0.202594
0.181576
0.188133
0.205728
0.192759
0.218178
0.199735
0.218539
0.185001
0.177488
0.185022
0.193717
0.205618
0.191879
0.203545
0.186546
0.220850
0.177925
0.204254
0.187851
0.172620
0.167891
0.200816
0.187202
0.185780
0.170328
0.191327
0.184058
0.202389
0.167246
0.193335
0.190969
0.182546
0.202664
0.206021
0.183284
0.180205
0.188908
0.179214
0.209481
0.163140
0.186861
0.176276
0.212272
0.192055
0.198955
0.186790
0.201733
0.189322
0.195598
0.195745
0.214037
0.173767
0.199516
0.181512
0.177978
0.187546
0.175412
0.203429
0.187209
0.199990
0.201134
0.166491
0.178445
0.187665
0.190626
0.182953
0.198980
0.189597
0.198999
0.178799
0.184205
0.210817
0.187074
0.204905
0.193348
0.196491
0.190022
0.192481
0.195853
0.175926
0.187921
0.192120
0.188875
0.175606
0.204133
0.187066
0.158459
0.180754
0.171391
0.203074
0.165434
0.190322
0.188697
0.167966
0.206939
0.190534
0.214435
0.167874
0.182897
0.184910
0.204015
0.183445
0.188720
0.191964
0.190692
0.199958
0.197875
0.213680
0.194169
0.186294
0.194280
0.174599
0.178150
0.191200
0.172654
0.184900
0.198950
0.191159
0.190937
0.180046
0.202365
0.203671
0.192828
0.180818
0.167715
0.185482
0.173420
0.202961
0.204925
0.193811
0.232019
0.204605
0.179717
0.162363
0.173388
0.187898
0.242836
0.190161
0.221601
0.168194
0.180337
0.185417
0.179140
0.178775
0.177279
0.180871
0.202616
0.184893
0.180026
0.194133
0.167627
0.171316
0.174672
0.168911
0.167984
0.218476
0.195735
0.177330
0.181798
0.190725
0.181453
0.193034
0.170975
0.203850
0.215533
0.204495
0.189003
0.174073
0.195224
0.178451
0.177704
0.183670
0.178536
0.202683
0.243150
0.208296
0.194911
0.200200
0.216546
0.198856
0.212708
0.193884
0.213808
0.170321
0.165731
0.162452
0.212348
0.167184
0.176988
0.189068
0.178239
0.185938
0.188294
0.164388
0.192464
0.186070
0.178910
0.176678
0.188831
0.183974
0.172721
0.190764
0.219438
0.176304
0.178771
0.179646
0.200573
0.182958
0.241376
0.174790
0.195498
0.194647
0.209455
0.178798
0.168840
0.204067
0.169834
0.177937
0.174700
0.195496
0.189495
0.180863
0.172359
0.190011
0.183363
0.176733
0.189901
0.207858
0.177424
0.206027
0.209576
0.202236
0.216346
0.195023
0.178830
0.187827
0.182848
0.189508
0.179605
0.176874
0.172192
0.178394
0.194705
0.197180
0.182290
0.190765
0.210934
0.177802
0.195282
0.183666
0.170878
0.171047
0.208223
0.209121
0.205370
0.203176
0.187729
0.182118
0.188086
0.187574
0.203322
0.180678
0.177804
0.171710
0.190300
0.202127
0.177528
0.175849
0.172885
0.167344
0.162572
0.206069
0.164249
0.161667
0.194626
0.175258
0.173255
0.173848
0.194968
0.228154
0.198761
0.194299
0.183975
0.200055
0.177197
0.180033
0.181414
0.170003
0.179359
0.171416
0.183902
0.181110
0.190519
0.167895
0.190206
0.172846
0.197118
0.192629
0.186980
0.185550
0.165773
0.190814
0.164110
0.180825
0.190161
0.169811
0.178818
0.210981
0.202904
0.192981
0.184373
0.188355
0.167536
0.179497
0.195857
0.171697
0.192702
0.206541
0.199377
0.182390
0.175370
0.193103
0.204325
0.188493
0.184577
0.198842
0.209004
0.190515
0.179033
0.183847
0.197169
0.213193
0.188889
0.188081
0.184869
0.175835
0.178926
0.168744
0.175547
0.195961
0.169483
0.167806
0.217191
0.180832
0.179290
0.179435
0.165359
0.184207
0.184971
0.189999
0.193663
0.190175
0.194762
0.204637
0.181270
0.191437
0.190109
0.196521
0.181563
0.182843
0.187043
0.212041
0.171836
0.177852
0.200235
0.182579
0.188004
0.170934
0.194328
0.174988
0.188002
0.170147
0.157021
0.160045
0.213991
0.196971
0.164638
0.177438
0.176692
0.218138
0.171967
0.172227
0.181603
0.180035
0.184814
0.197936
0.168124
0.163764
0.197756
0.165270
0.167737
0.190004
0.193531
0.186542
0.196998
0.180601
0.171417
0.165256
0.176874
0.201794
0.182257
0.211321
0.193412
0.203455
0.209608
0.211408
0.204913
0.188384
0.200454
0.187059
0.192836
0.190138
0.205275
0.163695
0.183499
0.164309
0.196718
0.175861
0.175558
0.183995
0.192471
0.182056
0.208373
0.209253
0.201487
0.205343
0.193546
0.185861
0.181910
0.186282
0.202496
0.179488
0.190097
0.230560
0.206586
0.175566
0.177948
0.192935
0.203495
0.192497
0.197277
0.188461
0.180620
0.200007
0.182257
0.188123
0.185553
0.176882
0.174418
0.175961
0.179485
0.204298
0.179250
0.193184
0.225637
0.203363
0.198576
0.170429
0.174725
0.162703
0.170935
0.184558
0.168013
0.167065
0.178185
0.179015
0.165376
0.179255
0.198866
0.187539
0.172850
0.184564
0.171118
0.168248
0.169796
0.168438
0.195037
0.185894
0.174104
0.210826
0.203460
0.196799
0.194253
0.176143
0.196779
0.213516
0.169909
0.167388
0.202342
0.236289
0.198234
0.202619
0.181464
0.176086
0.190900
0.202550
0.173075
0.166176
0.156661
0.189187
0.169952
0.168878
0.164356
0.173313
0.195683
0.194408
0.198135
0.179931
0.171111
0.193415
0.167089
0.187791
0.180806
0.174616
0.177486
0.169566
0.193413
0.185345
0.201774
0.187446
0.194184
0.186738
0.208934
0.193977
0.189029
0.202925
0.181878
0.201086
0.199505
0.183536
0.191466
0.184021
0.199986
0.199342
0.186006
0.204227
0.233807
0.171977
0.185644
0.192554
0.184211
0.177050
0.185285
0.224602
0.213574
0.196715
0.190194
0.211499
0.185840
0.196383
0.200079
0.193649
0.178016
0.163874
0.226079
0.192490
0.188514
0.167751
0.208580
0.189114
0.207846
0.206999
0.187647
0.194615
0.180117
0.200693
0.179156
0.188209
0.186420
0.164001
0.185109
0.205486
0.207679
0.199613
0.187652
0.193161
0.202501
0.217119
0.200144
0.179522
0.213838
0.204302
0.180396
0.183831
0.185646
0.174760
0.182985
0.178753
0.177009
0.153295
0.175884
0.194543
0.197177
0.186219
0.186433
0.178735
0.174456
0.169754
0.205665
0.185126
0.202968
0.196476
0.198294
0.196714
0.182199
0.164623
0.199101
0.185258
0.208617
0.168508
0.207965
0.175173
0.168148
0.223139
0.184006
0.158227
0.157585
0.173095
0.175561
0.171673
0.184285
0.180714
0.190205
0.170938
0.172896
0.173368
0.172238
0.167515
0.172823
0.165401
0.161560
0.173179
0.162355
0.153871
0.150715
0.159411
0.190232
0.189314
0.175220
0.173382
0.156551
0.171439
0.183356
0.172557
0.177356
0.181432
0.185576
0.171766
0.170624
0.166526
0.199316
0.175427
0.188904
0.183333
0.172546
0.195070
0.193027
0.192424
0.168637
0.161323
0.159541
0.188625
0.171584
0.160405
0.157828
0.158104
0.175041
0.172312
0.188177
0.191871
0.182055
0.181780
0.184884
0.186900
0.168209
0.210363
0.180462
0.210698
0.179486
0.170069
0.179862
0.176619
0.201442
0.191777
0.188008
0.182391
0.183850
0.188281
0.171842
0.168134
0.178093
0.187501
0.168301
0.189623
0.178620
0.178448
0.189601
0.194609
0.198518
0.240786
0.179088
0.176688
0.177018
0.179107
0.176611
0.186403
0.188322
0.154232
0.175812
0.167556
0.157528
0.156643
0.166795
0.189062
0.199477
0.201596
0.179735
0.173128
0.213579
0.184348
0.201555
0.197430
0.159909
0.184419
0.171083
0.177895
0.161120
0.165068
0.189097
0.197545
0.191848
0.168450
0.187196
0.196773
0.175749
0.171447
0.190936
0.185299
0.191381
0.163365
0.166043
0.173906
0.164828
0.164874
0.170614
0.185949
0.182838
0.189321
0.172002
0.177145
0.168572
0.181103
0.189273
0.160189
0.169545
0.164778
0.176302
0.174575
0.188076
0.174159
0.172321
0.197969
0.167619
0.178972
0.183525
0.170946
0.202932
0.201321
0.181117
0.156878
0.188772
0.169485
0.193502
0.191968
0.199036
0.197917
0.198241
0.183234
0.188931
0.186362
0.182428
0.190411
0.181747
0.184233
0.171701
0.185692
0.191992
0.170065
0.196485
0.186114
0.167172
0.166471
0.168307
0.186248
0.176912
0.186148
0.168103
0.180216
0.159403
0.171173
0.190598
0.178458
0.194243
0.229113
0.200501
0.171431
0.171838
0.172575
0.186736
0.180861
0.180279
0.161909
0.156765
0.177592
0.192862
0.202625
0.191635
0.211184
0.176826
0.186463
0.194801
0.176777
0.171673
0.195740
0.186754
0.167603
0.199240
0.169312
0.173868
0.168190
0.193071
0.178271
0.194300
0.192776
0.178213
0.177318
0.170840
0.184294
0.191703
0.198268
0.196187
0.183304
0.194549
0.176803
0.191813
0.189139
0.206239
0.191167
0.181436
0.189309
0.177213
0.207723
0.180749
0.190508
0.191634
0.189935
0.187403
0.204544
0.178844
0.172534
0.177577
0.182396
0.190458
0.179446
0.187336
0.182193
0.177217
0.186256
0.189419
0.173339
0.171994
0.190793
0.188494
0.205954
0.201741
0.189302
0.199641
0.200167
0.193064
0.200313
0.170450
0.191840
0.181630
0.184726
0.169794
0.179766
0.160604
0.179337
0.194610
0.200880
0.179309
0.192235
0.200344
0.192808
0.180568
0.198109
0.212559
0.172199
0.183523
0.185471
0.200600
0.167854
0.214050
0.175900
0.164488
0.182559
0.186165
0.167374
0.182920
0.184444
0.190981
0.179019
0.182354
0.179457
0.183072
0.176553
0.195029
0.179971
0.189800
0.184916
0.169028
0.178979
0.188305
0.206477
0.172646
0.178032
0.178941
0.184627
0.173747
0.183207
0.197311
0.208985
0.201293
0.178024
0.156654
0.191590
0.177942
0.168828
0.164696
0.211113
0.195039
0.190968
0.163361
0.186258
0.177471
0.169962
0.172814
0.179592
0.165451
0.201396
0.176498
0.181621
0.198864
0.174634
0.183968
0.175089
0.162793
0.182620
0.215379
0.206230
0.203062
0.177624
0.167660
0.182133
0.172394
0.179576
0.173965
0.182870
0.172877
0.195396
0.183076
0.163295
0.192196
0.176274
0.169409
0.215890
0.164248
0.188317
0.201113
0.183831
0.221513
0.166842
0.174433
0.167729
0.168044
0.168556
0.221287
0.207582
0.223533
0.210207
0.200717
0.192711
0.167805
0.189222
0.172993
0.179943
0.189531
0.184288
0.177896
0.189136
0.170468
0.195884
0.196557
0.172261
0.186459
0.185627
0.184314
0.175920
0.184296
0.157948
0.178472
0.184892
0.169951
0.170710
0.176096
0.174887
0.180834
0.188796
0.197006
0.183337
0.176221
0.186355
0.173835
0.170012
0.168854
0.176314
0.194607
0.191083
0.189847
0.182137
0.177740
0.176764
0.175180
0.187680
0.165564
0.175183
0.164054
0.172838
0.176594
0.169039
0.205920
0.193210
0.180930
0.159457
0.155415
0.166373
0.186192
0.194282
0.184752
0.190659
0.166810
0.181743
0.183170
0.193030
0.168143
0.170928
0.182440
0.195182
0.195066
0.185310
0.196871
0.179444
0.206741
0.200945
0.183285
0.164332
0.158209
0.164052
0.180152
0.184874
0.179088
0.167722
0.197261
0.167885
0.176423
0.166202
0.178532
0.158234
0.175771
0.178300
0.176459
0.185626
0.180282
0.171423
0.182029
0.201442
0.157450
0.169620
0.180271
0.198900
0.189205
0.189947
0.171494
0.200437
0.175361
0.187113
0.179879
0.186168
0.192143
0.201617
0.184059
0.169333
0.184583
0.211525
0.241116
0.193994
0.192352
0.206170
0.206566
0.197367
0.197224
0.177827
0.186207
0.194693
0.181422
0.207445
0.192476
0.186412
0.202428
0.183948
0.183485
0.167037
0.166604
0.201968
0.174630
0.179358
0.188697
0.181870
0.177419
0.164342
0.182211
0.165010
0.188534
0.179322
0.165046
0.194407
0.183402
0.187576
0.171388
0.217830
0.184357
0.161664
0.170835
0.184282
0.190763
0.194612
0.196664
0.188210
0.201437
0.197995
0.191472
0.214357
0.204243
0.191702
0.175456
0.164439
0.162021
0.174847
0.155515
0.174756
0.182130
0.185395
0.174961
0.154837
0.170643
0.175054
0.183427
0.182726
0.191348
0.179514
0.169309
0.162390
0.185585
0.191777
0.182281
0.186379
0.187127
0.177367
0.184301
0.221328
0.196352
0.192838
0.183799
0.187925
0.195964
0.177134
0.205950
0.170722
0.166912
0.199298
0.165807
0.196309
0.183707
0.164135
0.184226
0.179104
0.195563
0.181626
0.170548
0.164850
0.180037
0.175656
0.158075
0.177979
0.167492
0.167744
0.188765
0.166737
0.178963
0.173324
0.183388
0.169082
0.181031
0.203345
0.178501
0.162966
0.187296
0.205439
0.172880
0.152029
0.179845
0.202276
0.184217
0.187812
0.190342
0.174171
0.170514
0.192960
0.215975
0.203317
0.210042
0.185133
0.225715
0.177403
0.205180
0.207036
0.197895
0.175432
0.196537
0.207262
0.182511
0.196465
0.182640
0.213941
0.168753
0.183400
0.170084
0.170736
0.188936
0.186277
0.202982
0.171483
0.170763
0.178167
0.180387
0.171209
0.194984
0.187122
0.174420
0.192647
0.198014
0.179861
0.164523
0.183515
0.174451
0.165545
0.195508
0.177673
0.186990
0.200807
0.153564
0.173325
0.201121
0.175024
0.189066
0.169539
0.160134
0.168981
0.193247
0.183388
0.169213
0.177407
0.194512
0.200844
0.222806
0.182544
0.172485
0.197897
0.201638
0.193207
0.177581
0.189513
0.173634
0.179636
0.192613
0.175977
0.184543
0.197674
0.163285
0.165132
0.163460
0.171098
0.158925
0.179030
0.202106
0.188111
0.241503
0.195988
0.180458
0.180012
0.198092
0.186909
0.179789
0.169945
0.186234
0.190034
0.180129
0.185116
0.208047
0.168880
0.183293
0.170528
0.156469
0.230078
0.179420
0.183472
0.171741
0.198907
0.191731
0.179263
0.197023
0.167956
0.217264
0.178644
0.168192
0.206611
0.160376
0.179489
0.183362
0.169489
0.172069
0.177347
0.187251
0.185611
0.172786
0.186994
0.172676
0.170571
0.173984
0.197075
0.196106
0.189234
0.187113
0.190032
0.178839
0.177942
0.207840
0.190549
0.179260
0.178136
0.161337
0.179697
0.190986
0.184876
0.168747
0.150719
0.195117
0.179357
0.164039
0.170080
0.162198
0.173618
0.163214
0.187720
0.171515
0.200085
0.173277
0.170144
0.169692
0.216022
0.173526
0.167312
0.175858
0.178890
0.187903
0.184498
0.192562
0.172956
0.188632
0.183561
0.175639
0.178170
0.177292
0.183491
0.178375
0.177882
0.190042
0.194274
0.169130
0.192777
0.203286
0.200808
0.173747
0.187719
0.213058
0.171410
0.203315
0.207571
0.187990
0.206640
0.186738
0.174752
0.190006
0.180166
0.188375
0.187187
0.182111
0.176723
0.170184
0.197716
0.201506
0.183701
0.175776
0.175617
0.166121
0.169043
0.195032
0.184680
0.175447
0.159891
0.159045
0.185093
0.199220
0.187852
0.201586
0.163041
0.184410
0.188244
0.157436
0.169455
0.182905
0.191379
0.195084
0.182312
0.187976
0.213567
0.180305
0.165410
0.167132
0.154408
0.177572
0.172038
0.186233
0.190712
0.183597
0.198730
0.180907
0.194112
0.181141
0.184818
0.177988
0.165468
0.192217
0.189044
0.174640
0.187500
0.189664
0.197494
0.185271
0.166920
0.193008
0.186987
0.169166
0.179821
0.188586
0.171313
0.165457
0.165521
0.184348
0.179380
0.192417
0.172924
0.203705
0.172848
0.188735
0.179849
0.193615
0.175117
0.175777
0.184460
0.186206
0.164733
0.221821
0.191440
0.184360
0.170871
0.188828
0.161247
0.162875
0.177106
0.190346
0.182458
0.165476
0.201513
0.194220
0.186740
0.187097
0.193543
0.190940
0.203027
0.202145
0.181022
0.180927
0.171320
0.182691
0.175262
0.178886
0.163232
0.161656
0.172587
0.195502
0.196642
0.161518
0.187530
0.179528
0.199232
0.171497
0.186620
0.185746
0.167414
0.172879
0.167018
0.164174
0.151232
0.166576
0.194715
0.189623
0.187666
0.187760
0.198955
0.198350
0.200950
0.199828
0.175911
0.159657
0.179892
0.212534
0.187690
0.162426
0.178318
0.180501
0.184431
0.190685
0.196800
0.168895
0.162047
0.184743
0.182364
0.193634
0.177104
0.192972
0.177058
0.223442
0.197409
0.178905
0.186064
0.181821
0.188227
0.173437
0.167876
0.174981
0.201742
0.160017
0.162022
0.211237
0.187760
0.202518
0.167932
0.173192
0.181752
0.193351
0.192223
0.164422
0.189520
0.165515
0.181521
0.186612
0.169098
0.171022
0.195701
0.179050
0.179496
0.184555
0.167971
0.187084
0.212854
0.181695
0.187760
0.220929
0.163555
0.191814
0.187676
0.175544
0.176699
0.182652
0.202911
0.199394
0.178007
0.172551
0.157331
0.175594
0.195024
0.178887
0.214291
0.196984
0.173707
0.183543
0.206132
0.211542
0.188982
0.172004
0.165908
0.191616
0.186805
0.187829
0.185876
0.162340
0.177685
0.184840
0.186892
0.187679
0.192331
0.178054
0.179030
0.174042
0.165094
0.183172
0.187319
0.174445
0.180457
0.171754
0.191112
0.191473
0.178815
0.185618
0.174077
0.171520
0.179618
0.185413
0.200999
0.209180
0.176893
0.183887
0.185915
0.179569
0.215187
0.190978
0.183248
0.172866
0.211080
0.162932
0.168962
0.167520
0.177610
0.174970
0.181073
0.193407
0.201473
0.193520
0.181799
0.182374
0.177495
0.182751
0.197258
0.205937
0.174054
0.184680
0.198353
0.196135
0.188007
0.171872
0.172953
0.177350
0.186761
0.184064
0.180736
0.163549
0.168226
0.171504
0.167527
0.202249
0.201628
0.163510
0.187423
0.174542
0.208366
0.176337
0.167299
0.182178
0.180207
0.178237
0.153616
0.175944
0.203905
0.190481
0.191024
0.210960
0.173511
0.191055
0.170784
0.202332
0.185003
0.166149
0.172838
0.187333
0.224641
0.184661
0.174535
0.178708
0.207850
0.181845
0.186200
0.195443
0.197914
0.183183
0.187660
0.189806
0.188998
0.161710
0.194536
0.190485
0.190271
0.197258
0.181516
0.200464
0.181437
0.198108
0.231175
0.195328
0.184163
0.190819
0.175937
0.174003
0.170972
0.179797
0.210916
0.176940
0.187552
0.188867
0.193855
0.159298
0.228666
0.173953
0.166924
0.177404
0.202252
0.202032
0.190389
0.190809
0.185295
0.173100
0.182160
0.191276
0.196722
0.189092
0.173312
0.195663
0.191661
0.214200
0.189567
0.164780
0.192377
0.155390
0.203110
0.191152
0.191861
0.186926
0.175757
0.193332
0.180927
0.199436
0.165495
0.152823
0.150012
0.178487
0.186745
0.175395
0.165372
0.166801
0.168151
0.190578
0.181610
0.180705
0.167759
0.183136
0.159533
0.164761
0.187428
0.186889
0.181830
0.190470
0.198086
0.200838
0.187173
0.194565
0.177296
0.176648
0.172468
0.161222
0.168522
0.170976
0.169786
0.184165
0.192605
0.194141
0.195031
0.220844
0.182679
0.184194
0.183605
0.163629
0.189820
0.182711
0.171146
0.192728
0.179206
0.208496
0.174191
0.175203
0.164576
0.200740
0.180459
0.191308
0.176728
0.159864
0.168849
0.166762
0.175173
0.171669
0.171221
0.160208
0.180538
0.196209
0.162048
0.181721
0.191387
0.169895
0.186140
0.196669
0.180203
0.167782
0.180341
0.195710
0.188835
0.229995
0.167451
0.158565
0.175511
0.180490
0.195433
0.189488
0.158743
0.170256
0.200318
0.170845
0.193699
0.192895
0.182367
0.179975
0.201426
0.219750
0.197403
0.199733
0.188185
0.176992
0.171762
0.163792
0.190810
0.174908
0.202752
0.183092
0.157130
0.180516
0.173684
0.200340
0.169370
0.166838
0.190083
0.172235
0.156722
0.183700
0.151611
0.168260
0.168059
0.203347
0.182374
0.180517
0.194279
0.171177
0.199245
0.197824
0.163715
0.189078
0.216872
0.185374
0.183258
0.198918
0.184620
0.186671
0.175979
0.176145
0.171472
0.183609
0.173468
0.167064
0.191476
0.180145
0.188781
0.208126
0.180723
0.179953
0.178585
0.172514
0.189889
0.181131
0.191070
0.183161
0.209568
0.173008
0.156891
0.192802
0.166576
0.178924
0.146195
0.180905
0.173589
0.184767
0.159005
0.175382
0.156981
0.188819
0.187671
0.203194
0.190861
0.181004
0.175302
0.198527
0.175687
0.188520
0.189819
0.199830
0.167694
0.157434
0.171483
0.199392
0.173911
0.156682
0.176871
0.180999
0.185166
0.200278
0.200604
0.171645
0.175250
0.186523
0.169763
0.195995
0.172722
0.169480
0.170059
0.184804
0.188611
0.185202
0.168681
0.153481
0.168967
0.189017
0.197955
0.175899
0.178690
0.188236
0.176799
0.167543
0.169147
0.173073
0.163688
0.174163
0.161500
0.186211
0.178312
0.157053
0.167452
0.161900
0.154979
0.200269
0.164765
0.190447
0.171287
0.168280
0.181210
0.189134
0.181745
0.172650
0.178777
0.199530
0.213591
0.188735
0.175499
0.178565
0.198503
0.189337
0.194031
0.194867
0.171027
0.222700
0.163692
0.154806
0.205908
0.185893
0.174380
0.191986
0.161826
0.199243
0.193302
0.189104
0.205402
0.163641
0.189043
0.197415
0.163655
0.175324
0.177322
0.163042
0.186739
0.184120
0.174650
0.180907
0.178827
0.187309
0.180453
0.170651
0.194716
0.183038
0.173215
0.164237
0.153514
0.167215
0.192076
0.184685
0.206468
0.192185
0.192755
0.182216
0.191319
0.181822
0.193925
0.166866
0.171417
0.178874
0.195436
0.159941
0.177037
0.177680
0.184113
0.164860
0.155174
0.186887
0.167050
0.176185
0.176599
0.161870
0.198200
0.200114
0.184179
0.174432
0.156816
0.175233
0.203351
0.192090
0.189517
0.169657
0.181975
0.165807
0.185767
0.189342
0.184021
0.168208
0.166092
0.167816
0.197650
0.170627
0.177189
0.168283
0.192577
0.171371
0.170873
0.153944
0.162270
0.177949
0.163880
0.204248
0.194004
0.166532
0.168444
0.161146
0.209443
0.165399
0.184033
0.156568
0.170042
0.157001
0.181449
0.165251
0.197480
0.183202
0.217946
0.164932
0.167099
0.161834
0.180216
0.173048
0.166263
0.196290
0.195230
0.192074
0.164745
0.164078
0.160894
0.164531
0.185674
0.182107
0.202702
0.181784
0.173386
0.175210
0.165310
0.170414
0.170354
0.179633
0.188494
0.200782
0.183408
0.197322
0.186480
0.170403
0.194167
0.180269
0.166025
0.191469
0.195853
0.184075
0.177464
0.188459
0.193033
0.193669
0.190381
0.202056
0.165183
0.159435
0.178026
0.163931
0.208666
0.165529
0.200088
0.190207
0.176775
0.174964
0.190935
0.181556
0.164190
0.173528
0.190055
0.200119
0.183524
0.180403
0.180112
0.184975
0.157030
0.162095
0.181275
0.161198
0.161884
0.179246
0.189960
0.164590
0.184866
0.183847
0.203809
0.198314
0.203266
0.179887
0.176899
0.172729
0.219908
0.158442
0.193347
0.187329
0.170682
0.180096
0.184813
0.186625
0.182725
0.181268
0.167562
0.161932
0.171270
0.164381
0.190242
0.179475
0.157595
0.166264
0.182897
0.161549
0.195291
0.179494
0.181730
0.175379
0.193285
0.178100
0.178481
0.189133
0.166647
0.186440
0.203950
0.165217
0.156574
0.190280
0.179240
0.190169
0.198621
0.199973
0.170645
0.195815
0.193108
0.170526
0.182588
0.163656
0.174161
0.187673
0.174969
0.159255
0.172600
0.183533
0.203698
0.203342
0.176665
0.169650
0.183014
0.192549
0.199611
0.166605
0.164532
0.178620
0.175130
0.160572
0.176296
0.180421
0.170873
0.176012
0.185806
0.167095
0.165818
0.198582
0.209398
0.206463
0.183786
0.176027
0.179417
0.183859
0.186368
0.186511
0.182664
0.170914
0.171300
0.197193
0.177373
0.167483
0.172230
0.179673
0.185381
0.178099
0.157420
0.187434
0.167897
0.194219
0.175653
0.152642
0.176922
0.178661
0.166910
0.172647
0.178204
0.186379
0.189377
0.167911
0.192107
0.167701
0.160254
0.173014
0.177042
0.176403
0.162542
0.179535
0.178581
0.175041
0.170254
0.154684
0.164729
0.188737
0.168002
0.175642
0.158428
0.203051
0.170068
0.183461
0.183458
0.168703
0.171558
0.204349
0.180186
0.206091
0.185236
0.163076
0.179748
0.183084
0.173543
0.198111
0.194345
0.194035
0.160218
0.156366
0.184982
0.178523
0.196465
0.179009
0.180627
0.176001
0.191210
0.166395
0.164417
0.177747
0.177302
0.174310
0.179458
0.160266
0.181041
0.169614
0.174360
0.210418
0.191576
0.195722
0.171515
0.177242
0.176035
0.187480
0.191524
0.190331
0.194218
0.172809
0.168797
0.195071
0.166480
0.192088
0.169586
0.177477
0.176026
0.183549
0.174992
0.148363
0.173346
0.192091
0.181782
0.159489
0.195738
0.191382
0.173587
0.178723
0.183840
0.176599
0.155661
0.184862
0.155432
0.179664
0.186146
0.188725
0.190488
0.197210
0.168830
0.184367
0.183484
0.184431
0.167240
0.175811
0.167622
0.183902
0.187311
0.167943
0.194911
0.167852
0.164946
0.194208
0.192142
0.186907
0.185096
0.165297
0.174679
0.180784
0.178022
0.196448
0.180616
0.175789
0.170949
0.170144
0.172795
0.175625
0.180095
0.188348
0.194525
0.205043
0.197521
0.175608
0.161855
0.171470
0.168517
0.175491
0.194239
0.170544
0.185658
0.198206
0.179394
0.165215
0.164542
0.164179
0.180789
0.191236
0.180753
0.183267
0.171085
0.166453
0.166131
0.170831
0.193194
0.208794
0.195810
0.158443
0.180706
0.185986
0.181067
0.192239
0.165547
0.189679
0.193311
0.195543
0.179615
0.188260
0.183784
0.176953
0.202903
0.193416
0.202403
0.170576
0.166176
0.177782
0.186769
0.181093
0.208973
0.175158
0.193499
0.195525
0.167961
0.178040
0.181340
0.196425
0.177781
0.179284
0.191063
0.185655
0.178325
0.171102
0.168494
0.180539
0.181412
0.175522
0.161491
0.166601
0.194483
0.180407
0.197166
0.192576
0.173113
0.240818
0.187673
0.183323
0.181476
0.183166
0.187753
0.182653
0.197426
0.174336
0.174744
0.198595
0.172602
0.177973
0.188183
0.177790
0.171465
0.188484
0.152371
0.205281
0.170107
0.191949
0.162161
0.167476
0.176545
0.199896
0.170342
0.178255
0.158410
0.169252
0.161115
0.172895
0.171934
0.201313
0.159760
0.169614
0.177598
0.174138
0.188720
0.200953
0.176453
0.190161
0.171986
0.186807
0.190471
0.165757
0.190356
0.179732
0.187661
0.181679
0.184825
0.176345
0.186977
0.226512
0.164778
0.192199
0.174529
0.198642
0.169220
0.202050
0.176323
0.181588
0.153903
0.172335
0.176072
0.180784
0.163507
0.191417
0.171692
0.179024
0.186177
0.184179
0.173004
0.154424
0.185238
0.183502
0.170841
0.167420
0.164630
0.183240
0.171397
0.188075
0.176413
0.167791
0.167022
0.184621
0.157902
0.184563
0.157559
0.180442
0.189295
0.176586
0.156726
0.189389
0.197902
0.190565
0.163289
0.200108
0.180063
0.176319
0.191136
0.175703
0.164663
0.202909
0.179952
0.166912
0.177704
0.175787
0.175430
0.193136
0.178789
0.164955
0.181283
0.161002
0.167227
0.157607
0.158483
0.200200
0.199412
0.165658
0.172009
0.152512
0.181079
0.173503
0.180211
0.152199
0.194433
0.162856
0.170925
0.196462
0.187990
0.167211
0.157238
0.153301
0.176895
0.176016
0.179868
0.176494
0.150210
0.161742
0.202160
0.183815
0.183283
0.173788
0.161353
0.183784
0.173377
0.179332
0.170274
0.183535
0.215196
0.189487
0.180887
0.204306
0.200500
0.179842
0.176463
0.175704
0.178942
0.172042
0.179977
0.168542
0.174556
0.168718
0.184240
0.172554
0.183568
0.172266
0.185342
0.174730
0.176231
0.199084
0.189982
0.201128
0.173487
0.178264
0.167152
0.195776
0.176031
0.174495
0.169671
0.172050
0.166904
0.167065
0.186200
0.208833
0.174374
0.184546
0.185431
0.157076
0.196501
0.193468
0.193334
0.167494
0.173007
0.176280
0.196728
0.174079
0.169976
0.188318
0.177454
0.182975
0.189123
0.178389
0.183978
0.185303
0.173059
0.163136
0.173585
0.188003
0.161585
0.201574
0.193279
0.185639
0.170600
0.176457
0.182363
0.178638
0.162594
0.185849
0.175151
0.188480
0.166790
0.176605
0.173285
0.170516
0.167127
0.195199
0.194742
0.181029
0.174358
0.160210
0.163332
0.161643
0.164810
0.192137
0.189526
0.209256
0.177061
0.164413
0.182039
0.188110
0.191603
0.186167
0.193628
0.166963
0.169590
0.172967
0.205203
0.170155
0.234072
0.164487
0.171702
0.171569
0.178948
0.205075
0.175510
0.166496
0.191563
0.167421
0.179106
0.171802
0.168861
0.169686
0.181538
0.181118
0.182325
0.172971
0.182237
0.205043
0.199213
0.167118
0.179214
0.183388
0.185338
0.163896
0.178824
0.199296
0.184719
0.180502
0.175438
0.176307
0.182993
0.160349
0.177203
0.176178
0.172863
0.192035
0.190228
0.181480
0.176831
0.181643
0.182325
0.163232
0.167915
0.170118
0.161467
0.174647
0.168237
0.184465
0.169717
0.158985
0.179006
0.183668
0.182363
0.163930
0.217322
0.167178
0.183333
0.177869
0.175033
0.180958
0.166310
0.175699
0.146781
0.164258
0.197807
0.176151
0.172505
0.163490
0.169954
0.178200
0.166263
0.167955
0.163564
0.165769
0.182216
0.167882
0.218114
0.189090
0.160620
0.171628
0.174760
0.175147
0.178571
0.188713
0.176088
0.174556
0.193074
0.175085
0.182638
0.148350
0.182499
0.178477
0.178498
0.168564
0.193284
0.176866
0.170193
0.172931
0.194247
0.167262
0.163700
0.174651
0.194654
0.171190
0.180498
0.167787
0.192593
0.212703
0.194365
0.177525
0.193555
0.188699
0.182354
0.182715
0.165843
0.172327
0.171782
0.178600
0.187819
0.215527
0.191365
0.172664
0.187678
0.167980
0.162916
0.204980
0.182902
0.241522
0.220899
0.198362
0.186941
0.189304
0.166175
0.168092
0.165095
0.171422
0.185003
0.171144
0.168782
0.194607
0.164880
0.182294
0.183253
0.202397
0.175828
0.147137
0.159456
0.169529
0.221614
0.167391
0.166185
0.175313
0.182669
0.188529
0.189368
0.188840
0.193977
0.175741
0.188488
0.163163
0.167519
0.187297
0.165871
0.189866
0.176745
0.228349
0.183644
0.215114
0.186626
0.162005
0.173134
0.189657
0.183970
0.168036
0.186345
0.190170
0.184660
0.188180
0.173892
0.196830
0.172183
0.169393
0.172426
0.185138
0.196779
0.193519
0.191569
0.182158
0.167935
0.177754
0.152621
0.185327
0.174300
0.182807
0.210438
0.228235
0.214634
0.201335
0.207654
0.183606
0.172157
0.173467
0.172200
0.172300
0.160875
0.168181
0.175223
0.193202
0.170156
0.185027
0.196671
0.182620
0.185774
0.171897
0.178570
0.188703
0.187287
0.179370
0.199194
0.171618
0.180861
0.179485
0.173764
0.158297
0.181558
0.180400
0.186174
0.176039
0.178935
0.172818
0.169260
0.186701
0.191872
0.185249
0.201812
0.178428
0.167413
0.172671
0.175139
0.186174
0.172601
0.182107
0.186156
0.176970
0.169796
0.182149
0.165178
0.178789
0.174479
0.177199
0.189374
0.200480
0.192658
0.181823
0.177382
0.169167
0.166102
0.158844
0.167128
0.186289
0.176590
0.188364
0.181133
0.169573
0.190421
0.165055
0.198177
0.157879
0.196560
0.181998
0.167311
0.179210
0.186894
0.171858
0.169833
0.179737
0.176069
0.176730
0.175220
0.165943
0.152476
0.194643
0.184876
0.181312
0.189815
0.216706
0.177842
0.165556
0.159636
0.174905
0.199804
0.200002
0.210935
0.207622
0.191860
0.159912
0.183058
0.181299
0.199197
0.191659
0.177972
0.165891
0.179832
0.170586
0.180865
0.206995
0.188645
0.185205
0.187447
0.186177
0.179088
0.182137
0.174486
0.194538
0.184011
0.157297
0.211060
0.176919
0.188883
0.178539
0.164295
0.179406
0.176449
0.176363
0.182702
0.173708
0.200944
0.176572
0.159603
0.185328
0.175092
0.204228
0.194698
0.176868
0.152654
0.230054
0.168396
0.179736
0.167548
0.158961
0.183173
0.172826
0.208348
0.190670
0.181806
0.193199
0.185619
0.173121
0.169768
0.171255
0.184378
0.170685
0.187584
0.186669
0.178878
0.179571
0.201313
0.178607
0.189954
0.195476
0.179733
0.159836
0.183168
0.177542
0.197085
0.186788
0.191281
0.184731
0.170291
0.182690
0.161416
0.162085
0.171605
0.192245
0.197643
0.192650
0.172341
0.200946
0.184741
0.176648
0.182278
0.211773
0.189595
0.183947
0.164758
0.168442
0.177306
0.194316
0.167397
0.180935
0.192786
0.190908
0.168995
0.165551
0.170301
0.194100
0.163368
0.155616
0.178947
0.181693
0.171795
0.176797
0.179759
0.197692
0.185860
0.172323
0.166903
0.194130
0.170330
0.163818
0.156367
0.160060
0.178864
0.184747
0.187998
0.163898
0.169283
0.177943
0.172356
0.164301
0.203930
0.169430
0.161788
0.156595
0.172799
0.194312
0.188620
0.182375
0.184674
0.186774
0.174906
0.168714
0.158043
0.166196
0.173381
0.179168
0.185298
0.179203
0.175381
0.175508
0.179612
0.172662
0.183903
0.187793
0.190519
0.176108
0.190071
0.164673
0.179826
0.182678
0.177872
0.188060
0.159686
0.165814
0.176712
0.189261
0.176451
0.158400
0.178433
0.160183
0.164118
0.174691
0.179312
0.174457
0.187322
0.165657
0.170907
0.184934
0.170326
0.183500
0.188635
0.154806
0.176026
0.178635
0.172968
0.200334
0.213619
0.189008
0.187371
0.203142
0.183223
0.175319
0.181505
0.178286
0.172957
0.175410
0.164783
0.172285
0.159250
0.200632
0.171834
0.196784
0.205278
0.170245
0.176256
0.169675
0.208787
0.177282
0.192398
0.183488
0.192137
0.165714
0.161914
0.171766
0.166765
0.186821
0.179575
0.177355
0.197968
0.172380
0.170233
0.190735
0.171890
0.190428
0.194403
0.182604
0.184175
0.182316
0.165657
0.193887
0.187793
0.207894
0.174834
0.163600
0.209266
0.185981
0.172165
0.180315
0.161147
0.174898
0.181269
0.181684
0.189451
0.195568
0.190260
0.179879
0.176726
0.190081
0.177691
0.187469
0.192604
0.173924
0.182343
0.189271
0.178380
0.171047
0.176425
0.162659
0.168726
0.191468
0.175845
0.180355
0.199463
0.183165
0.173991
0.175092
0.188680
0.179899
0.204735
0.163440
0.164323
0.162600
0.166286
0.169177
0.190984
0.197237
0.185373
0.171898
0.204343
0.185800
0.192249
0.186941
0.181622
0.188727
0.185467
0.199105
0.166799
0.173879
0.161678
0.186896
0.178891
0.178930
0.156241
0.200443
0.174869
0.191836
0.169263
0.168782
0.183422
0.162487
0.216399
0.168439
0.191558
0.177719
0.165629
0.183900
0.182878
0.177539
0.161260
0.155407
0.166613
0.191339
0.171323
0.167108
0.175729
0.172189
0.185889
0.180303
0.191823
0.185748
0.181191
0.180970
0.179173
0.180767
0.187589
0.168440
0.163371
0.158598
0.156140
0.173177
0.174868
0.187466
0.190294
0.169383
0.177308
0.175979
0.195024
0.167309
0.261942
0.174912
0.182429
0.168839
0.181550
0.150467
0.163925
0.193571
0.180193
0.175838
0.168006
0.185542
0.170696
0.185367
0.173351
0.163600
0.179583
0.224090
0.179491
0.169807
0.163624
0.174662
0.215179
0.223601
0.189314
0.193767
0.206525
0.175273
0.186775
0.184220
0.182177
0.171658
0.162824
0.167658
0.186976
0.172216
0.200948
0.167089
0.200727
0.188590
0.169966
0.163188
0.168533
0.164591
0.174736
0.171544
0.185749
0.156633
0.174673
0.161168
0.197473
0.151409
0.154363
0.162257
0.171773
0.195148
0.178231
0.177879
0.172999
0.167724
0.175030
0.181176
0.189269
0.178941
0.192593
0.174907
0.186888
0.168040
0.186910
0.154546
0.216060
0.188504
0.173872
0.173080
0.174501
0.191952
0.203986
0.205975
0.200885
0.189991
0.179941
0.173500
0.174452
0.205010
0.185476
0.167686
0.172707
0.196702
0.181873
0.202528
0.175589
0.196733
0.174162
0.193557
0.161824
0.175489
0.179009
0.189307
0.180100
0.186034
0.173596
0.180732
0.187321
0.184945
0.163595
0.162946
0.167210
0.177287
0.174592
0.196097
0.190288
0.173599
0.174802
0.179816
0.169633
0.171925
0.196318
0.207444
0.175449
0.171653
0.203585
0.182493
0.199233
0.184396
0.184084
0.167051
0.170703
0.201221
0.179362
0.177042
0.195835
0.185390
0.175305
0.173255
0.161538
0.218350
0.191775
0.187796
0.164706
0.162179
0.191891
0.210359
0.183100
0.170600
0.167962
0.166008
0.164978
0.198430
0.181785
0.177877
0.184533
0.178916
0.179159
0.211367
0.181590
0.231761
0.203421
0.184461
0.183515
0.176875
0.174656
0.180618
0.160426
0.178356
0.213524
0.174077
0.171412
0.179791
0.216408
0.163403
0.187907
0.182717
0.190796
0.205842
0.192320
0.186238
0.193383
0.208935
0.160436
0.170994
0.166955
0.170927
0.158232
0.165689
0.167754
0.158335
0.175373
0.187298
0.172622
0.199979
0.207982
0.170420
0.164491
0.162153
0.155883
0.197529
0.203544
0.201307
0.197464
0.180623
0.173494
0.162217
0.155942
0.185748
0.173921
0.193121
0.175889
0.168046
0.189421
0.192941
0.182059
0.181957
0.181265
0.187844
0.194129
0.172043
0.165552
0.166599
0.204659
0.192699
0.192634
0.158185
0.173678
0.189286
0.173573
0.193361
0.204152
0.158991
0.179687
0.174128
0.172991
0.190430
0.196671
0.181689
0.187249
0.165872
0.184612
0.166833
0.168493
0.149035
0.180059
0.169010
0.180170
0.187980
0.215334
0.182596
0.180991
0.181716
0.210193
0.154501
0.168313
0.173519
0.197057
0.204681
0.179887
0.185074
0.178258
0.178691
0.186988
0.169371
0.175611
0.190814
0.179312
0.158485
0.199498
0.177620
0.163252
0.161201
0.173174
0.183320
0.176127
0.168368
0.194428
0.168966
0.178365
0.209288
0.193851
0.172065
0.185784
0.184591
0.185078
0.164525
0.186838
0.156856
0.166715
0.190696
0.169761
0.192244
0.188215
0.186260
0.177902
0.161748
0.165775
0.195176
0.199566
0.172081
0.175439
0.171585
0.164986
0.160980
0.182245
0.198040
0.189021
0.178956
0.185625
0.188127
0.177032
0.175080
0.150962
0.182862
0.182077
0.180083
0.192003
0.183720
0.184474
0.169354
0.157402
0.158339
0.162884
0.171122
0.164837
0.170628
0.168563
0.178315
0.172048
0.179544
0.151903
0.199499
0.187296
0.208149
0.187214
0.174718
0.178759
0.188607
0.196390
0.177292
0.171127
0.177408
0.181481
0.178005
0.167376
0.175401
0.166700
0.204354
0.182683
0.169119
0.157984
0.218935
0.165304
0.175664
0.159260
0.170427
0.159511
0.194162
0.194944
0.195807
0.158706
0.172385
0.193301
0.182478
0.162892
0.160601
0.196039
0.181391
0.173353
0.166924
0.185526
0.170089
0.169940
0.210557
0.204838
0.168716
0.168776
0.166257
0.173961
0.177978
0.166197
0.173437
0.196545
0.170705
0.186155
0.180218
0.165680
0.162763
0.174769
0.177416
0.203344
0.175124
0.171105
0.191843
0.204329
0.187358
0.168508
0.184173
0.175806
0.189634
0.192828
0.196610
0.201000
0.171170
0.181391
0.171245
0.170092
0.192144
0.169237
0.204404
0.193529
0.186474
0.196035
0.171285
0.184369
0.159081
0.172515
0.179654
0.204831
0.203127
0.209792
0.180481
0.170819
0.173420
0.166881
0.184697
0.159043
0.159258
0.198771
0.186366
0.192144
0.185496
0.162836
0.169602
0.179160
0.187474
0.191770
0.170273
0.163759
0.202744
0.196601
0.188263
0.177642
0.180955
0.196888
0.189197
0.178241
0.179962
0.188206
0.185594
0.192053
0.209687
0.199878
0.195374
0.197976
0.209084
0.186094
0.197646
0.202725
0.211134
0.174014
0.181162
0.201491
0.193110
0.195523
0.198120
0.204831
0.177090
0.183795
0.210129
0.202921
0.192266
0.216400
0.185167
0.189507
0.197924
0.206629
0.224164
0.209508
0.197723
0.204848
0.187366
0.207782
0.207809
0.196645
0.205318
0.213555
0.216614
0.205858
0.199152
0.171302
0.183921
0.178488
0.196902
0.190741
0.185672
0.179594
0.196691
0.189306
0.177005
0.215461
0.193739
0.183803
0.186991
0.215299
0.180420
0.169114
0.190887
0.223776
0.180390
0.180707
0.194669
0.191997
0.176873
0.173863
0.155508
0.174758
0.174582
0.208235
0.181579
0.199891
0.173373
0.185964
0.178955
0.172948
0.179980
0.172465
0.188975
0.178271
0.172095
0.192405
0.179001
0.183739
0.179050
0.186848
0.184328
0.189583
0.206866
0.173638
0.197483
0.186470
0.167756
0.171482
0.195527
0.180425
0.219345
0.179230
0.160645
0.155903
0.166402
0.173749
0.167718
0.175585
0.169525
0.217262
0.183646
0.210128
0.192383
0.200858
0.188515
0.197616
0.177138
0.187295
0.181769
0.163462
0.166951
0.192382
0.185206
0.182648
0.196514
0.193825
0.172239
0.181867
0.177159
0.174585
0.172390
0.187755
0.169683
0.198205
0.171269
0.168854
0.204728
0.193471
0.200422
0.184742
0.190599
0.186471
0.199899
0.191377
0.155698
0.182253
0.176248
0.185383
0.182027
0.192887
0.190307
0.187995
0.185779
0.200367
0.177152
0.178156
0.177535
0.184511
0.184832
0.186831
0.172367
0.176872
0.170232
0.163756
0.169131
0.170154
0.189962
0.186562
0.186432
0.187612
0.173784
0.169879
0.172058
0.165686
0.170661
0.179481
0.177377
