76	260	565	329
99	268	501	335
114	208	480	365
112	263	481	365
113	206	480	362
112	259	479	361
114	202	484	370
109	249	488	374
108	192	488	368
108	249	486	364
111	190	481	361
110	245	480	360
112	188	483	375
99	240	504	367
101	181	495	366
100	228	493	378
94	179	504	368
86	221	502	370
91	160	496	375
88	198	496	384
90	156	501	368
96	190	491	389
104	148	499	374
110	188	491	392
112	144	507	383
142	186	479	399
140	211	513	356
144	241	508	371
141	196	517	384
144	260	510	377
137	251	513	333
152	288	489	351
147	240	493	353
127	294	516	347
112	254	516	337
103	274	572	368
118	244	534	348
102	262	576	361
124	239	555	370
122	275	590	349
158	274	561	356
146	247	570	373
167	258	530	364
161	236	535	390
155	234	537	369
138	236	544	373
148	219	522	397
151	213	519	421
149	208	526	406
151	211	522	406
157	209	514	398
156	202	513	389
151	186	515	387
164	194	500	365
211	192	425	326
299	192	363	299
285	179	330	344
296	201	377	321
336	209	404	330
380	201	417	330
362	204	413	322
392	199	362	323
359	189	359	333
385	136	306	391
386	109	306	392
386	86	311	407
392	70	337	367
409	60	320	435
423	52	398	308
471	54	350	355
453	65	295	387
462	36	399	304
442	39	400	336
449	55	310	394
452	36	339	366
460	56	353	375
472	61	346	400
486	41	413	326
522	45	372	364
500	59	360	353
530	55	384	313
532	57	374	305
538	57	386	298
536	52	345	299
549	51	380	289
516	34	365	304
551	38	353	292
510	22	362	299
542	26	367	287
500	0	365	308
539	21	342	277
500	0	342	292
521	35	295	250
493	0	236	338
500	22	297	227
482	23	256	280
484	56	305	160
462	103	304	165
461	146	196	180
517	104	224	151
474	108	142	156
462	118	185	114
509	96	152	119
513	69	161	119
449	86	179	111
410	88	210	110
402	81	247	120
431	73	176	159
404	92	209	127
393	94	216	121
390	92	193	133
379	103	237	108
384	116	170	118
398	80	202	118
389	32	140	175
384	11	184	156
421	47	148	144
401	47	231	96
392	62	184	103
387	46	236	100
417	30	118	175
386	55	157	163
400	76	157	162
372	93	248	126
382	84	255	138
407	73	214	160
428	75	199	161
394	82	211	156
404	85	136	194
390	113	188	160
385	116	272	146
375	132	186	184
383	137	261	158
424	12	263	192
400	15	262	212
417	30	261	215
411	38	295	257
413	48	276	266
417	45	280	306
405	61	312	284
423	65	287	281
433	66	289	286
438	87	288	257
422	132	256	235
441	210	231	137
475	137	226	205
473	131	207	247
461	186	228	217
511	158	283	217
468	76	253	311
480	89	288	353
476	112	369	338
407	130	438	485
262	165	614	503
296	177	569	496
297	193	526	460
282	203	599	398
242	194	464	459
316	224	651	351
315	228	468	394
348	269	597	347
377	314	674	320
359	328	672	343
413	347	702	345
367	341	738	371
351	362	753	345
333	384	737	296
312	418	657	248
331	452	578	231
222	400	723	270
118	130	846	537
27	87	993	624
298	113	781	593
323	110	725	594
496	130	596	571
295	132	706	539
584	139	444	547
321	94	620	557
348	105	647	567
626	155	417	507
496	229	560	463
469	180	555	522
329	140	687	543
254	150	778	537
73	64	820	641
181	37	811	662
0	44	934	651
132	87	855	621
0	19	1015	685
135	159	841	557
0	78	1044	618
142	173	848	544
55	116	1014	553
7	80	1049	630
175	255	641	460
97	81	936	613
317	174	777	545
341	162	720	542
337	164	726	544
371	203	699	513
320	272	723	435
416	298	584	364
350	293	628	398
367	247	619	445
413	268	620	435
455	350	613	359
464	362	485	322
449	432	460	265
389	415	479	273
377	427	534	274
515	416	472	287
203	398	591	281
524	432	452	270
319	400	436	295
538	481	397	228
340	395	284	266
565	477	366	235
429	371	428	294
505	437	476	246
402	396	500	306
516	410	458	276
469	420	137	242
498	516	147	158
484	530	136	146
458	579	143	123
470	587	117	119
461	535	136	151
468	526	123	159
462	568	127	142
467	571	116	129
472	563	107	130
482	531	128	148
492	496	136	168
501	481	161	202
505	463	156	197
510	468	181	217
519	452	168	210
525	443	162	219
530	442	161	231
534	430	159	212
545	419	197	248
553	411	187	232
559	454	213	223
571	420	188	242
573	443	190	249
571	417	190	246
569	447	224	247
569	413	213	260
568	428	230	262
572	409	216	259
558	429	264	269
509	401	293	280
517	404	262	268
489	395	272	262
512	390	239	257
507	408	256	243
488	385	278	270
491	384	259	258
468	376	268	254
489	367	233	253
471	370	250	237
483	351	232	251
482	363	229	224
485	380	279	232
462	329	289	278
487	338	246	255
481	370	262	234
498	323	228	272
468	357	257	260
486	315	228	284
491	354	221	262
490	326	226	268
488	343	239	262
486	325	229	258
489	343	219	220
479	323	275	283
482	325	288	288
471	338	297	273
488	340	268	269
467	349	279	244
484	361	253	232
464	335	267	250
485	388	261	210
486	330	296	263
464	343	291	246
464	344	270	242
484	348	259	235
451	349	276	227
481	315	274	262
460	339	290	241
464	337	258	237
482	348	236	220
455	337	320	253
461	318	281	268
481	343	304	271
468	315	290	287
478	348	299	243
465	336	285	250
489	351	259	234
473	330	282	244
478	336	265	231
482	350	239	213
480	342	278	250
491	310	245	271
499	331	252	246
495	320	244	243
508	329	251	244
506	314	243	246
517	324	228	228
512	336	246	224
526	310	225	240
506	321	250	223
526	305	247	247
503	305	253	230
526	298	226	235
536	332	219	196
526	315	268	205
516	304	267	222
523	307	241	214
532	296	265	225
503	302	267	213
533	329	259	184
510	319	200	248
521	299	301	237
506	279	283	253
532	266	278	257
521	282	285	228
524	296	295	215
518	280	325	232
537	277	317	237
517	278	302	236
523	271	301	239
518	278	321	228
519	275	323	233
512	277	301	233
511	268	275	240
503	277	263	222
529	273	268	223
507	278	265	213
518	288	229	232
508	289	235	253
519	250	287	271
500	268	289	237
495	279	272	221
520	280	283	216
500	277	268	218
494	286	262	210
506	300	270	203
483	274	212	281
487	248	322	272
463	263	312	247
496	269	251	238
500	259	279	235
473	262	293	230
491	269	256	227
492	267	286	231
502	276	294	236
477	260	325	247
482	264	323	244
489	261	318	250
476	262	229	313
479	255	231	320
478	259	232	280
476	269	179	301
480	268	184	317
472	296	201	301
466	284	198	337
463	286	212	339
461	294	217	344
464	306	216	346
468	307	219	356
462	326	225	304
460	354	218	293
460	365	216	311
454	347	225	223
466	357	193	311
463	377	205	263
457	374	207	251
461	388	202	302
476	401	192	285
462	411	202	270
464	414	199	254
447	413	210	251
475	417	209	253
457	430	206	261
464	428	192	242
480	421	373	233
458	415	249	254
476	429	215	278
481	432	167	283
488	425	189	283
486	432	188	274
484	435	191	271
484	429	196	281
483	454	188	263
497	428	178	291
489	421	192	298
484	423	205	291
483	422	206	290
483	439	205	280
484	428	201	291
482	422	204	297
480	444	203	274
482	426	199	290
482	425	205	294
487	439	202	280
487	414	203	279
488	440	202	273
490	458	199	258
493	440	193	253
495	464	187	243
498	449	179	263
494	441	184	273
489	427	187	287
480	452	187	267
477	449	185	270
474	473	182	246
475	469	182	250
474	485	181	234
477	488	177	231
481	464	311	235
453	463	473	229
463	437	388	268
458	436	519	257
495	415	483	282
485	403	475	293
520	421	471	273
522	409	410	298
532	409	456	289
520	400	418	305
493	412	482	284
488	406	436	294
487	425	490	273
500	412	482	289
482	405	447	295
490	427	475	270
491	420	499	280
477	399	486	296
470	411	538	293
466	415	531	292
466	413	484	300
500	419	477	284
467	414	499	285
478	423	502	269
480	414	495	283
468	425	459	268
493	442	447	259
528	435	431	262
490	420	481	278
471	431	497	264
500	426	476	267
479	414	468	282
477	431	477	260
483	429	483	263
488	423	487	263
468	428	505	270
502	413	479	285
477	413	446	284
504	424	445	266
547	413	416	274
459	432	459	260
478	434	458	269
481	435	474	259
515	425	454	266
536	417	425	274
486	428	458	260
497	430	458	264
507	430	452	266
506	413	451	283
505	414	447	283
495	422	444	273
485	432	458	263
510	428	439	270
495	429	467	266
526	427	409	266
504	448	407	245
485	438	442	258
475	441	464	254
488	437	449	258
493	439	446	252
479	441	414	244
464	439	444	254
467	436	459	260
465	431	463	255
462	432	429	261
485	436	429	261
472	432	451	255
467	436	449	245
480	433	448	261
474	429	465	259
465	427	455	258
474	426	449	262
479	432	455	258
471	427	444	260
491	428	440	255
477	428	444	258
477	434	458	255
479	432	456	263
469	427	453	267
483	424	451	272
467	425	481	267
471	426	491	265
468	427	504	268
485	419	494	272
469	415	494	281
468	429	516	261
479	429	479	267
473	429	491	258
471	426	500	260
468	432	466	264
501	440	449	257
494	432	446	274
525	429	433	267
499	444	392	260
525	444	397	254
519	445	417	249
510	443	417	258
507	441	417	258
497	442	429	256
529	439	397	260
480	461	400	242
485	459	418	247
515	450	413	247
490	450	401	251
490	459	421	240
486	462	429	231
508	457	410	245
489	455	426	242
483	460	424	238
490	451	406	240
483	464	402	228
476	463	425	239
476	460	435	242
468	459	403	232
466	467	425	235
457	460	423	234
452	461	414	229
449	471	429	230
454	467	456	235
452	456	425	238
463	461	427	242
456	460	449	246
457	461	453	243
458	450	456	261
451	448	440	256
455	456	453	250
461	449	453	255
452	453	430	244
453	448	446	252
461	444	444	261
461	443	448	257
464	441	448	260
456	441	439	257
459	454	436	249
458	445	448	258
464	443	455	255
471	439	446	255
470	441	440	247
482	448	417	246
476	451	433	244
481	444	430	245
476	451	390	245
463	453	430	239
468	447	439	250
463	452	443	241
462	455	448	240
455	453	439	241
470	454	438	248
454	449	437	244
452	451	452	241
456	449	450	246
453	443	445	247
457	445	436	249
448	444	430	249
446	457	427	235
443	455	472	227
446	447	419	242
447	455	437	234
443	455	439	234
440	451	461	231
442	448	390	243
445	458	464	222
449	451	450	227
449	454	442	233
443	449	422	235
449	456	454	232
447	448	448	237
452	448	431	241
449	443	463	247
451	441	473	252
456	431	476	268
447	435	495	255
451	431	496	261
453	440	501	239
474	437	475	243
483	452	465	237
450	440	502	261
484	434	476	261
486	428	485	264
494	424	413	274
507	427	432	258
486	459	426	233
475	443	451	245
502	439	431	262
516	430	441	271
483	427	469	260
480	449	468	238
493	432	460	255
505	433	446	259
488	427	448	265
515	435	440	256
477	440	477	243
489	436	460	251
506	435	452	253
494	435	455	255
495	434	462	256
483	431	475	263
496	432	476	258
502	421	445	268
483	442	461	251
469	449	492	241
480	441	481	252
494	434	476	256
517	430	440	262
486	434	459	254
496	442	461	246
489	440	468	254
501	427	467	261
484	445	439	252
496	438	452	249
491	439	468	252
542	431	421	261
483	467	417	228
478	454	453	248
480	441	467	249
510	428	445	274
479	425	488	267
493	443	421	263
532	441	408	249
460	457	438	242
491	449	429	256
528	439	414	259
473	442	440	255
497	442	436	245
468	447	475	242
532	429	417	255
486	458	395	236
488	450	422	244
522	441	409	250
465	458	413	241
458	452	446	242
458	454	451	242
459	454	429	242
458	462	442	237
447	465	391	228
437	466	459	223
440	472	442	232
438	479	434	217
442	479	406	213
442	476	460	213
451	461	483	229
458	449	472	241
460	437	466	239
453	428	413	279
440	464	527	233
493	447	462	254
453	441	518	255
454	440	507	240
452	439	460	250
455	440	462	239
452	442	430	263
441	445	485	243
464	461	482	211
414	470	389	238
430	465	518	204
456	444	452	248
456	445	460	251
449	443	404	244
446	461	418	250
443	459	528	228
457	452	495	242
454	449	474	236
452	440	429	253
444	455	366	264
416	466	528	215
441	444	360	268
420	468	465	230
433	458	496	236
441	442	452	252
440	454	408	256
425	472	473	222
442	467	479	217
446	463	296	256
422	475	318	244
443	476	340	227
424	474	476	233
438	456	466	233
441	444	311	275
435	463	347	256
406	473	525	213
432	445	415	265
417	458	552	236
438	452	480	222
457	444	309	275
420	465	489	223
435	444	481	259
430	442	392	262
410	466	470	239
424	458	532	219
448	462	294	257
424	470	361	241
410	469	407	231
420	463	346	256
442	456	513	212
448	441	299	278
423	470	343	249
449	469	427	218
451	462	315	257
420	470	520	214
447	450	362	268
415	463	475	228
425	464	552	222
454	455	341	256
419	467	489	223
431	463	505	222
448	444	435	246
445	456	322	263
419	467	403	242
420	468	354	240
437	466	293	245
439	471	262	235
458	477	226	242
458	466	247	233
443	477	245	240
462	459	212	243
468	481	249	238
431	485	267	222
461	471	209	231
471	478	227	232
437	472	246	230
462	467	211	233
475	469	207	234
472	464	208	242
475	457	201	242
474	466	207	228
480	454	208	244
474	458	220	237
468	446	221	250
476	445	217	260
477	453	234	264
459	454	243	251
479	465	237	254
436	453	268	263
458	439	237	275
446	407	458	220
398	403	314	315
411	423	280	280
374	419	325	261
407	387	382	268
376	387	506	271
370	367	400	313
340	371	385	343
328	344	476	297
307	335	549	308
292	317	456	330
260	334	521	321
240	322	331	350
264	331	250	336
262	329	245	366
254	320	245	373
246	318	249	365
239	315	254	368
233	319	255	356
231	322	261	378
227	293	257	400
219	300	249	358
217	286	274	354
220	294	285	340
229	293	241	358
225	288	258	374
227	283	284	377
246	305	347	366
276	311	261	346
294	319	390	306
347	313	552	288
359	288	524	341
364	290	550	346
403	285	525	346
411	296	548	343
432	302	538	347
441	308	556	353
458	312	571	352
471	325	585	346
451	310	581	383
521	297	556	382
468	302	545	387
470	309	555	387
464	316	556	365
494	325	565	353
479	331	286	388
481	379	227	340
480	354	177	316
472	379	260	296
485	383	206	284
488	371	159	263
481	387	229	256
479	380	162	259
474	369	252	231
481	374	170	278
474	391	182	235
477	413	235	246
481	384	180	264
480	408	197	252
484	401	154	239
482	422	197	224
490	394	169	235
491	424	175	231
492	397	156	230
488	405	178	234
484	387	203	249
484	373	159	245
479	408	213	207
482	392	180	222
482	403	317	200
467	386	170	230
474	392	252	268
483	391	171	253
479	415	211	234
487	404	178	229
488	403	194	221
482	388	191	225
484	397	186	216
484	383	200	239
490	399	179	226
494	385	182	216
499	380	167	220
496	373	172	210
493	374	195	238
498	385	179	213
501	395	183	228
502	367	172	234
497	378	177	228
499	377	172	211
501	382	180	230
502	371	174	219
504	386	172	226
504	377	175	221
506	386	170	235
507	396	174	218
509	370	164	235
506	356	167	261
501	356	179	250
501	357	182	240
503	366	190	239
507	344	184	249
507	373	196	235
514	344	184	246
515	346	193	246
519	356	188	236
525	340	182	244
527	346	182	245
528	326	185	248
535	347	188	245
538	323	187	247
543	335	192	250
551	332	185	238
557	333	193	252
561	313	189	253
564	341	194	246
568	310	201	250
574	328	195	263
576	298	197	263
578	329	203	260
582	297	197	264
583	322	196	264
589	306	191	255
590	316	189	270
588	291	192	262
587	307	194	265
596	315	187	248
600	290	184	260
608	301	179	266
605	280	187	266
610	331	196	237
619	333	182	211
627	313	178	238
627	328	178	239
629	337	178	214
634	320	176	216
635	309	177	251
632	297	167	236
629	321	172	221
631	281	168	188
601	285	182	241
600	298	174	209
606	327	166	239
604	352	164	228
601	348	170	222
604	370	182	253
604	397	167	219
605	426	175	261
601	421	182	286
594	434	185	257
593	419	172	278
585	421	183	242
584	445	175	240
552	450	227	235
551	433	213	241
545	444	382	239
322	265	802	439
152	162	634	527
126	193	597	484
180	210	482	466
96	152	1083	531
271	287	354	308
214	207	824	499
58	193	552	421
238	182	978	450
78	101	676	618
21	171	956	548
18	144	1091	564
158	255	570	437
91	261	1064	449
181	228	726	478
94	241	960	471
319	266	613	438
252	233	872	469
67	114	1023	579
279	192	782	511
244	67	910	647
116	59	973	660
252	90	926	629
276	117	868	602
366	138	713	581
323	161	761	555
368	240	771	479
327	232	626	487
394	368	687	343
373	333	677	341
365	372	611	324
366	338	619	353
349	344	633	345
335	361	631	339
322	339	632	354
311	372	641	307
315	412	389	282
313	426	274	269
305	444	246	275
302	447	251	253
292	468	249	251
302	480	225	226
290	464	279	226
290	468	284	251
292	469	404	205
292	459	245	260
298	481	226	223
297	491	217	202
273	480	237	207
302	490	210	205
292	478	219	212
345	487	196	224
324	480	203	215
326	478	232	206
344	487	202	232
331	469	210	230
335	488	203	231
326	465	232	236
320	482	214	227
329	475	210	221
324	466	210	246
322	453	221	246
323	461	210	242
326	466	201	244
329	456	197	244
327	479	196	240
329	462	191	232
311	475	199	230
315	449	196	243
295	482	214	227
277	448	232	246
297	468	201	248
289	454	216	242
307	472	199	240
299	471	205	229
330	475	207	239
331	445	205	249
332	461	201	258
330	444	203	251
305	430	225	264
320	454	203	252
320	433	206	248
313	424	210	247
316	438	204	254
324	422	204	249
301	414	222	268
315	434	204	249
323	432	206	243
326	415	201	257
314	425	214	254
323	430	202	245
313	415	210	259
326	426	195	251
323	420	203	242
324	417	204	249
301	407	227	265
313	419	207	252
329	430	188	257
321	407	202	249
313	406	219	249
322	413	202	256
329	421	201	247
328	404	200	245
311	402	215	254
321	408	202	263
321	416	202	251
317	400	204	260
320	413	199	246
320	411	201	250
311	395	206	274
312	415	205	243
295	388	220	261
306	404	208	247
299	385	212	260
305	403	207	247
307	408	207	239
305	396	207	257
311	413	199	250
315	408	203	247
323	423	197	242
322	425	219	248
336	430	207	245
305	420	238	279
327	450	211	249
320	468	241	220
316	484	329	213
322	481	523	224
332	470	480	228
327	502	665	188
329	377	688	315
351	331	702	377
340	308	655	411
303	268	782	435
304	239	721	477
291	183	762	525
355	159	765	552
254	51	843	664
317	98	803	611
212	130	778	589
19	115	973	600
171	132	932	587
80	127	548	592
36	143	1149	544
102	117	821	595
145	119	862	600
39	75	905	641
140	74	1003	645
160	118	1041	601
87	66	1008	653
193	88	945	631
69	47	1020	667
202	121	941	598
115	57	1040	662
70	77	922	639
163	137	915	568
49	51	947	651
175	150	795	569
54	47	754	668
85	50	870	660
151	141	506	578
60	46	955	627
190	163	893	540
106	63	952	631
182	174	926	537
128	96	961	561
36	27	1003	678
170	147	534	566
40	39	950	651
159	158	847	561
98	56	965	651
201	191	769	517
147	107	896	612
226	131	881	582
161	104	854	611
246	134	863	575
174	129	932	577
342	195	801	511
440	290	564	429
204	185	893	532
215	157	864	549
117	128	995	579
229	130	899	589
113	84	1014	625
251	170	908	549
161	116	851	564
85	78	860	623
162	106	720	613
140	167	654	542
47	112	572	567
0	105	740	537
0	89	762	569
0	95	533	563
40	103	550	515
0	59	426	518
21	104	1052	559
158	123	653	569
0	74	464	594
13	118	626	510
0	67	941	646
135	82	725	632
59	221	358	465
181	230	814	435
78	85	846	634
168	173	451	546
0	76	901	593
112	98	771	621
82	145	441	564
29	68	962	599
175	151	547	554
0	68	1038	619
175	148	896	571
72	114	1007	595
208	262	889	455
643	307	533	409
405	191	754	516
267	106	883	572
133	205	818	506
14	67	990	633
113	143	857	576
132	146	887	548
256	125	812	588
177	269	835	446
497	457	533	262
359	351	642	334
506	372	492	327
466	434	475	261
431	473	463	193
400	483	455	187
337	507	541	169
313	498	511	176
289	492	504	180
322	499	514	158
302	504	465	172
282	508	441	162
315	492	476	168
308	499	457	173
350	475	473	184
380	465	455	221
408	467	626	193
421	465	560	226
424	441	578	218
396	422	617	281
445	447	629	219
322	397	757	294
545	298	554	373
523	321	540	368
485	324	583	363
486	363	590	329
293	277	747	401
523	294	634	373
541	322	531	367
358	356	645	336
692	273	392	367
419	385	604	268
439	402	577	268
428	371	600	288
434	360	402	359
414	396	380	317
457	365	298	340
440	367	305	316
454	376	275	304
451	392	287	315
464	359	266	327
433	382	290	303
452	362	319	319
423	373	325	312
457	377	267	324
454	369	270	311
438	373	289	301
450	359	272	312
450	355	268	321
448	370	280	320
457	348	270	319
455	363	267	312
426	365	287	299
448	349	324	315
435	356	311	318
454	357	271	312
447	371	263	296
455	357	260	318
452	344	251	313
453	335	260	338
451	322	260	343
451	325	258	360
451	329	261	329
438	317	268	341
448	311	253	362
453	315	260	364
462	312	264	365
466	310	275	351
477	298	258	368
479	316	259	357
479	311	260	341
478	306	260	326
482	284	242	346
478	294	258	356
483	305	272	361
483	316	265	341
484	321	252	342
475	322	255	351
471	316	241	369
463	291	239	386
453	273	258	382
450	261	263	396
445	282	276	385
449	273	292	371
455	274	281	387
456	272	285	388
458	271	297	396
464	289	291	392
467	258	355	389
492	307	308	368
501	262	287	391
501	288	284	372
505	262	281	380
506	273	278	373
507	275	278	384
508	268	288	387
510	258	287	402
506	240	295	391
504	265	297	376
508	225	291	420
506	223	298	417
508	232	298	371
515	215	283	363
520	223	274	324
514	257	268	299
505	243	264	295
518	271	218	378
512	274	289	348
520	237	329	358
497	255	334	323
519	240	286	324
499	261	294	280
512	234	286	335
520	250	282	301
502	263	290	303
518	238	260	306
523	246	259	326
510	257	267	282
514	226	241	410
513	231	315	378
515	221	335	361
526	242	345	314
531	240	314	307
517	239	304	295
521	242	275	295
492	225	284	318
471	224	296	312
504	237	328	317
505	238	301	314
505	236	283	332
509	252	268	340
493	226	276	369
469	210	299	352
461	217	300	323
472	203	279	318
478	199	324	375
432	217	356	351
492	234	331	332
475	219	323	351
439	199	342	349
491	217	312	339
478	223	308	324
458	210	343	384
517	241	291	342
480	216	327	316
450	204	333	356
438	212	338	338
385	181	425	385
435	193	352	367
398	212	365	338
356	221	507	398
385	225	449	403
367	257	434	376
405	281	366	341
386	302	373	359
423	323	315	338
397	324	329	313
430	352	360	345
429	332	333	344
435	366	348	305
437	393	349	282
459	390	320	290
469	401	317	269
485	405	314	265
461	391	249	271
477	394	239	251
486	393	218	232
478	401	281	239
494	394	336	292
500	395	326	279
507	377	424	285
437	365	521	311
553	368	375	332
568	381	374	301
474	388	434	290
507	397	352	290
539	397	372	259
452	398	494	272
530	389	489	306
543	389	431	314
560	391	363	311
526	394	347	313
528	391	347	301
485	390	395	302
435	372	447	333
515	386	311	318
504	406	319	276
498	398	307	283
424	409	469	261
502	391	321	301
408	403	425	278
524	395	254	294
594	389	318	258
535	396	372	278
518	396	284	281
568	392	365	199
551	386	362	251
518	383	384	285
532	381	321	295
523	365	351	341
542	380	320	315
535	370	327	312
497	373	323	341
550	384	350	277
506	384	335	328
539	387	321	266
487	382	330	323
554	354	334	246
489	366	339	307
493	362	314	312
490	361	319	317
494	355	300	307
459	353	328	324
512	354	314	303
470	351	325	345
498	368	290	324
467	349	309	330
493	353	312	303
454	345	328	334
497	358	282	339
470	355	302	324
487	356	278	326
440	331	321	341
471	355	309	313
470	343	291	318
423	319	325	322
460	345	332	313
453	332	311	334
493	345	261	326
448	338	300	328
491	328	259	313
426	315	321	319
447	332	312	294
439	331	308	338
482	331	275	312
424	317	327	327
449	331	301	298
432	334	299	315
486	325	299	312
427	329	333	314
463	337	275	290
416	298	335	341
449	350	291	286
455	309	267	310
460	343	325	324
444	333	318	322
478	331	263	307
438	329	298	329
479	323	305	287
440	334	312	335
495	332	261	307
434	325	314	323
463	330	268	297
457	320	304	300
441	320	299	327
479	333	265	293
428	329	308	335
471	338	300	286
430	331	316	331
474	328	311	262
430	329	320	332
474	333	332	233
442	335	319	313
466	331	300	274
462	331	291	330
485	340	346	247
452	335	329	324
470	330	294	305
462	333	288	308
468	324	301	322
453	334	299	297
477	323	316	308
453	327	316	327
498	323	313	263
459	330	319	320
489	314	291	295
467	324	293	335
483	319	341	316
478	325	319	302
465	326	305	302
492	314	304	281
471	313	306	322
491	317	270	300
463	317	293	316
482	327	292	284
478	305	318	315
474	308	299	298
464	315	293	328
491	314	279	296
459	323	300	320
499	309	257	307
462	320	313	328
486	330	273	292
463	304	300	343
477	320	275	308
475	312	270	308
518	326	266	328
466	326	313	304
493	324	263	308
490	318	268	324
462	321	289	320
468	315	280	301
495	322	285	322
473	321	294	309
466	323	285	333
484	326	295	291
445	323	310	320
479	311	267	302
470	325	288	315
486	310	262	305
462	324	289	315
491	304	302	308
453	311	317	313
474	317	273	307
475	326	279	287
456	309	303	305
470	326	272	290
469	318	306	291
427	316	321	324
476	323	306	282
435	315	318	312
479	315	278	317
444	323	303	307
479	329	269	288
448	320	288	346
484	317	353	249
452	323	335	319
468	317	296	306
453	334	293	335
495	323	308	261
449	330	321	319
465	318	284	307
483	317	312	297
435	319	331	338
468	309	341	265
449	339	323	312
468	320	319	279
443	317	324	339
459	317	303	304
473	321	341	289
442	308	335	307
473	315	338	313
444	318	338	304
467	322	289	303
459	318	342	294
442	315	331	299
470	321	359	281
439	308	346	294
464	315	372	281
426	301	362	306
465	326	353	291
451	311	327	302
473	315	306	295
442	319	316	301
467	312	333	290
438	315	330	301
466	311	293	293
442	314	309	316
460	309	280	300
473	321	321	288
437	303	327	304
464	306	355	285
435	298	340	309
465	305	309	304
443	299	309	303
466	307	302	299
458	309	290	292
465	320	288	282
464	300	329	297
454	295	309	308
469	309	280	305
464	299	281	288
460	314	291	305
478	306	294	293
460	310	295	319
471	308	271	305
440	295	334	298
470	311	275	297
449	304	302	307
471	312	295	309
432	307	317	290
466	305	298	292
459	319	285	338
493	305	326	295
455	311	327	293
452	299	299	305
474	300	266	287
461	321	290	324
499	315	310	330
487	324	306	295
475	315	294	304
465	307	287	296
454	322	305	293
508	301	234	300
445	327	305	306
475	309	260	303
482	304	281	296
470	323	281	330
472	310	289	297
468	312	278	349
496	302	282	296
480	313	284	336
452	323	303	300
484	301	309	270
470	308	290	330
458	317	290	312
479	312	269	280
449	318	287	331
483	313	309	293
455	293	320	329
472	307	283	303
466	308	280	326
471	305	331	247
442	309	309	323
461	290	346	277
480	309	375	252
455	304	364	263
479	311	375	258
451	310	379	264
472	309	390	268
455	309	364	273
481	314	372	267
459	296	379	285
477	320	345	259
479	315	381	263
450	301	363	284
460	306	341	282
457	304	342	293
449	305	319	298
473	311	276	310
454	302	284	309
466	304	252	352
465	311	319	276
447	314	307	338
465	301	326	271
464	306	294	341
474	308	346	234
449	301	326	321
474	305	277	328
462	308	281	303
476	304	256	340
471	315	264	288
447	308	280	361
468	296	299	292
481	307	264	346
482	313	273	286
474	313	267	306
466	309	271	301
476	303	252	321
477	304	254	321
478	306	252	305
468	312	277	360
474	316	274	306
476	319	258	331
476	304	261	301
480	305	247	342
478	305	251	302
482	310	242	345
476	305	254	306
472	309	261	337
474	315	257	291
471	308	269	361
473	322	269	300
448	319	281	302
465	298	268	311
472	296	254	311
474	309	252	319
474	299	253	314
480	312	253	355
480	306	266	308
466	317	268	327
474	312	256	308
479	304	248	349
479	306	290	280
460	316	285	333
477	302	261	313
465	314	265	328
469	320	258	295
476	309	251	311
470	313	261	309
469	310	258	334
475	311	272	289
475	308	258	348
476	328	286	291
477	312	283	326
472	316	288	318
450	318	360	290
425	302	356	309
454	320	331	281
435	324	346	270
415	322	331	278
437	346	278	252
398	297	294	313
425	308	329	354
460	353	284	293
476	369	331	286
463	337	325	313
482	342	321	306
457	304	323	329
443	284	411	390
421	285	409	288
397	232	445	393
443	266	416	362
413	248	418	359
385	241	411	358
425	265	405	316
376	218	409	366
442	300	399	327
389	242	425	360
442	288	432	291
407	250	398	347
405	266	425	345
386	246	400	360
434	277	376	335
396	226	499	298
426	273	418	269
400	248	385	317
432	313	406	299
443	274	380	282
414	246	361	327
414	290	393	311
409	264	405	371
391	251	388	366
423	262	328	334
401	262	348	327
406	270	332	307
408	247	394	335
426	279	355	293
388	240	361	335
421	291	394	286
426	268	391	363
408	274	297	340
428	282	274	302
412	272	357	323
420	267	389	329
420	291	357	298
412	281	365	327
404	266	375	349
424	287	339	319
430	271	359	355
407	270	396	374
425	281	336	341
403	252	346	349
432	292	297	288
387	255	335	326
430	308	276	261
415	261	280	307
422	282	287	296
412	276	328	321
398	287	322	295
414	273	348	370
438	278	388	380
406	278	418	370
448	350	376	292
406	287	353	354
434	280	338	348
408	307	420	303
409	317	403	309
412	316	399	318
418	317	370	320
426	309	418	318
400	304	397	324
416	303	353	335
412	306	384	346
396	304	363	342
416	299	357	332
361	305	382	327
409	291	366	334
405	308	344	385
412	279	324	379
417	303	320	332
401	303	336	356
418	294	321	349
399	284	362	340
401	287	342	335
404	280	360	330
381	273	422	340
417	287	340	342
376	292	365	348
406	298	404	328
359	302	403	348
404	299	329	352
412	297	386	340
357	305	404	332
406	306	407	335
366	310	394	352
400	312	326	341
351	277	362	355
382	301	401	335
339	307	399	358
365	299	351	364
333	273	381	376
369	293	332	347
323	269	369	369
366	289	347	340
337	282	349	343
349	278	327	350
342	268	338	363
342	272	337	352
341	269	334	346
352	280	329	352
328	267	344	358
352	286	350	360
289	244	398	384
344	272	386	379
330	269	365	359
325	254	351	356
344	270	357	359
300	256	375	369
337	277	360	361
296	247	390	382
345	277	363	358
306	297	385	338
316	299	416	382
334	306	364	359
319	343	375	322
343	360	344	310
335	368	383	294
328	370	407	331
368	370	414	326
368	372	459	334
422	367	414	352
377	372	348	336
370	354	349	336
386	365	310	320
367	350	348	331
383	356	323	330
386	359	312	322
375	346	335	343
421	368	333	335
412	356	351	343
408	356	377	357
443	387	394	332
428	374	375	330
444	372	374	343
457	375	334	321
447	363	373	347
463	368	337	324
437	336	388	367
463	353	369	343
452	343	348	340
452	338	361	353
459	339	342	338
439	317	376	366
456	327	365	356
463	333	362	347
468	336	343	324
454	309	393	381
454	320	373	342
451	313	354	342
480	339	352	339
448	314	368	345
456	310	369	351
475	323	325	320
468	309	321	321
475	301	358	355
489	315	371	334
485	313	392	339
464	292	369	340
477	299	336	321
461	282	380	350
459	292	377	334
458	287	354	326
481	298	326	309
464	278	331	330
462	287	364	322
429	262	354	343
446	275	377	337
439	278	351	322
438	273	372	331
448	279	339	316
416	264	388	344
444	272	340	322
408	259	387	352
450	272	326	322
405	267	370	330
450	271	300	314
412	257	377	334
420	263	369	328
432	272	361	330
400	262	328	326
399	243	333	335
384	223	370	364
431	238	349	353
412	246	358	331
412	243	384	357
432	257	343	326
394	224	378	356
460	245	335	360
414	256	345	337
426	249	335	335
389	215	406	378
429	237	387	360
423	248	367	335
418	249	357	336
421	242	363	343
438	259	354	334
444	264	331	315
431	255	355	326
417	241	374	341
419	248	377	344
445	263	331	315
406	235	373	343
501	264	325	340
447	273	286	310
421	235	353	361
468	256	306	317
419	234	357	338
494	261	335	335
488	276	325	303
480	265	323	318
458	271	333	318
441	269	341	305
430	247	372	321
429	237	399	359
443	247	386	327
443	253	344	320
455	257	358	317
428	241	391	340
465	251	341	318
413	241	366	329
439	235	371	333
438	220	404	362
435	231	387	333
446	234	353	330
437	215	361	356
417	217	371	337
405	205	406	384
454	223	412	350
441	231	298	333
402	197	414	401
454	217	336	347
431	210	392	370
454	223	410	361
454	234	380	328
446	230	374	340
435	212	383	362
447	221	424	365
457	228	408	344
454	231	391	346
429	227	402	342
467	222	358	347
431	222	388	348
417	209	400	356
467	219	372	363
426	230	392	334
433	218	372	348
440	210	365	350
420	198	399	372
447	211	360	347
439	202	362	355
446	212	391	370
450	226	377	342
455	222	351	338
442	219	406	374
473	237	355	341
428	249	380	328
489	254	367	336
449	250	385	342
458	259	368	339
464	267	359	336
464	260	340	333
448	247	400	384
471	269	375	340
478	272	349	348
449	264	389	355
463	273	359	339
456	274	355	337
465	281	387	347
463	281	388	347
471	288	359	332
496	305	373	341
474	305	381	347
498	318	375	365
498	330	382	347
481	332	385	353
493	348	385	349
501	356	393	359
503	367	368	338
496	370	377	344
507	379	363	335
505	379	346	334
496	379	305	326
481	367	351	325
482	342	305	331
483	379	284	271
464	370	340	234
468	372	315	301
515	367	290	266
474	383	319	317
494	369	278	310
481	385	301	267
466	373	379	219
494	395	314	314
485	374	348	343
506	382	331	331
525	392	303	308
495	369	324	321
499	376	315	317
514	382	315	317
507	385	311	312
513	391	335	321
490	362	365	357
518	369	350	329
509	370	388	349
491	365	312	320
486	365	367	354
514	352	373	316
475	354	413	365
494	353	372	304
481	358	348	326
488	359	380	249
471	352	335	308
489	343	379	214
495	351	380	246
469	344	335	285
457	339	325	346
476	344	378	227
460	341	350	311
480	340	354	261
447	343	348	331
474	331	383	234
464	342	382	266
449	337	343	299
479	343	328	263
447	330	366	278
482	327	306	294
451	335	363	313
479	327	365	267
442	324	353	305
474	323	312	324
453	324	338	318
468	325	340	269
431	320	364	355
463	333	369	288
439	316	350	336
466	317	349	326
473	315	318	332
458	321	342	339
467	326	327	328
467	322	346	292
445	318	355	316
474	329	340	354
479	323	354	363
474	313	381	377
463	309	432	382
476	320	337	357
447	299	362	364
470	314	351	355
438	302	368	355
468	314	351	351
461	306	367	364
457	299	389	381
481	315	411	393
460	320	397	305
435	309	413	364
476	307	404	390
472	311	455	341
478	315	429	398
493	329	377	268
457	318	384	350
483	305	421	407
463	318	379	283
439	310	373	326
473	310	355	338
470	311	346	336
458	309	338	327
445	312	329	313
468	320	339	336
458	311	334	337
477	325	383	353
473	321	369	364
472	313	353	358
458	301	380	379
478	313	396	378
469	320	350	339
475	320	359	366
469	320	344	345
449	312	371	357
478	325	363	359
466	332	354	347
463	317	359	360
468	326	360	349
470	321	380	375
475	340	356	334
475	325	357	361
487	334	330	339
483	334	380	365
490	355	293	318
461	321	351	363
468	326	348	346
443	305	378	368
475	326	411	383
487	342	334	340
459	322	368	360
471	334	357	344
457	328	355	344
482	338	332	333
471	337	348	340
482	344	354	335
440	319	380	364
470	329	344	344
481	334	357	353
462	333	345	342
455	315	350	352
478	329	353	347
476	336	359	349
471	327	336	338
471	316	378	379
464	329	363	339
468	314	408	396
481	332	378	318
453	318	327	338
470	323	355	360
471	323	362	353
463	321	356	345
474	323	361	364
470	328	357	345
477	330	344	343
474	330	350	352
472	324	365	357
453	320	362	351
465	311	353	360
469	292	353	374
472	284	387	398
479	311	375	365
455	316	344	355
464	309	339	353
462	291	342	360
470	310	364	349
479	299	364	378
450	295	387	380
480	308	415	392
464	318	372	282
440	319	410	359
466	323	359	330
467	308	382	378
426	298	384	289
470	308	304	336
465	309	355	283
437	308	346	319
466	306	305	303
468	303	347	288
429	302	356	327
464	303	355	261
426	300	341	336
454	296	322	319
465	303	349	315
441	300	356	304
441	305	361	326
455	306	314	318
464	307	339	301
433	307	337	304
464	309	358	310
436	295	350	313
467	303	301	320
458	303	344	313
449	303	326	315
462	306	323	296
459	303	324	303
449	306	322	303
467	312	324	301
433	294	358	305
468	299	301	319
455	303	367	326
464	267	361	305
453	308	348	306
468	300	329	297
452	302	343	297
436	286	359	326
463	291	311	313
450	282	354	317
441	258	364	345
427	257	361	349
454	270	339	341
421	260	399	284
410	263	370	352
428	263	351	345
404	245	363	358
427	254	372	343
389	252	440	346
403	248	413	360
398	254	398	376
402	253	375	365
404	256	426	352
389	252	413	363
413	256	421	367
393	254	402	366
405	263	390	392
415	258	398	372
392	255	389	403
425	256	373	382
408	245	369	414
428	264	342	386
418	230	347	413
428	256	338	383
427	240	324	404
403	235	345	434
414	252	330	376
402	227	330	387
417	248	321	374
415	240	329	384
405	225	331	379
393	242	331	387
406	222	344	387
408	240	325	378
418	223	310	367
395	231	335	400
410	236	339	369
401	230	329	386
396	240	327	361
398	229	333	364
412	238	308	378
416	224	316	370
395	231	333	389
408	239	349	375
400	221	335	381
410	236	320	358
401	220	343	375
416	237	328	381
403	210	331	385
414	229	322	340
396	208	346	383
409	228	326	351
402	212	321	362
414	224	336	395
420	203	317	378
394	220	330	333
416	214	348	401
401	218	348	368
405	221	326	361
421	180	380	414
388	211	394	384
416	217	338	362
373	201	375	415
402	219	405	344
401	216	388	352
371	205	389	351
415	215	377	330
379	202	381	346
413	216	321	332
407	211	314	351
397	196	312	343
412	225	363	393
377	208	386	379
406	221	438	418
358	200	463	452
407	216	392	422
344	206	436	402
394	219	376	393
349	232	433	402
393	236	351	396
374	257	360	382
377	249	352	398
316	238	398	386
351	254	337	376
365	261	344	398
368	274	325	349
310	229	370	385
341	258	428	394
369	265	352	363
341	259	357	343
365	263	303	400
356	235	375	401
348	246	367	366
360	254	337	352
323	207	356	379
344	213	318	346
357	217	312	392
331	205	339	368
346	225	389	403
338	229	379	370
311	193	382	385
342	216	370	408
340	223	360	369
325	222	363	369
332	224	357	366
319	206	370	375
342	219	366	388
293	198	422	392
335	209	374	394
331	219	413	397
315	209	436	401
363	213	378	397
284	190	447	400
334	195	384	392
344	207	400	397
307	174	420	418
344	187	392	399
352	195	377	374
358	199	405	380
351	191	407	391
385	194	394	400
383	194	393	393
409	197	380	394
414	196	392	394
426	181	381	406
428	175	372	392
436	195	352	361
408	173	369	371
437	190	360	392
457	198	326	352
414	169	373	363
447	192	409	398
420	176	419	394
464	186	395	378
405	173	466	409
462	185	394	390
426	172	421	385
461	178	401	375
414	149	421	386
457	168	414	393
411	163	435	381
464	185	417	383
423	182	446	381
470	189	422	381
414	183	459	385
470	183	429	387
452	178	416	380
484	187	413	367
432	180	440	365
484	178	421	360
472	179	428	352
443	174	440	350
494	180	402	342
469	177	447	335
498	179	439	332
478	181	432	332
467	173	427	341
509	198	364	323
474	176	423	397
513	186	354	365
509	198	349	330
510	218	381	337
480	170	392	384
523	182	368	353
501	201	391	329
525	197	360	332
508	187	388	339
538	206	380	316
513	195	377	323
516	193	380	321
519	196	377	328
527	205	362	325
504	201	373	353
511	209	421	408
474	195	430	387
523	186	420	412
486	194	436	384
534	207	382	360
484	199	411	358
527	219	377	355
468	162	451	434
512	209	376	364
483	217	406	364
517	223	347	352
469	180	383	381
507	210	369	361
509	218	377	365
500	215	419	402
521	225	388	366
523	214	419	401
506	219	418	373
512	212	383	366
495	215	376	348
514	238	370	349
472	202	399	381
511	226	386	370
500	216	395	377
523	238	403	379
519	229	381	360
490	232	417	366
531	243	364	355
483	236	407	359
521	257	368	344
493	241	394	362
530	268	359	319
510	261	387	339
510	257	367	346
529	270	412	380
513	264	409	338
502	241	427	394
519	252	384	369
521	252	399	382
521	245	375	365
512	243	383	364
516	240	364	351
519	240	353	338
498	224	392	367
532	234	362	362
493	228	382	279
455	217	382	340
492	224	322	330
446	221	352	327
480	227	425	382
498	236	376	313
450	202	415	369
490	223	357	341
441	193	378	352
465	222	331	312
439	217	335	305
467	225	402	368
463	218	391	368
481	231	426	376
510	243	393	366
520	255	388	352
522	265	356	325
476	240	386	343
518	246	364	343
516	252	374	357
527	266	355	342
507	260	370	348
534	277	357	340
515	271	363	332
497	261	398	357
485	255	384	330
437	241	383	343
476	253	314	321
429	248	347	318
449	251	300	302
398	257	343	290
442	258	403	365
443	263	368	339
415	254	378	352
421	251	338	337
431	251	308	316
433	254	327	314
424	262	326	298
409	263	321	288
437	266	376	349
452	265	346	350
449	266	334	337
407	270	352	316
450	279	328	323
409	262	347	325
438	279	301	299
390	270	460	370
466	274	352	360
440	284	426	373
476	298	366	356
468	309	374	353
480	317	385	340
460	301	354	353
452	298	388	364
472	313	359	347
462	307	377	354
460	308	364	358
462	318	368	341
455	308	368	353
441	302	377	355
463	310	391	351
465	302	378	368
474	314	380	343
473	311	354	344
464	304	395	361
447	287	408	384
470	307	362	354
454	300	369	366
469	312	360	346
439	286	399	370
475	304	383	361
446	296	391	362
467	308	385	369
439	294	384	355
465	291	394	384
468	301	365	357
437	283	422	397
459	300	392	354
434	291	368	365
420	283	368	359
398	288	378	349
427	294	341	348
391	289	374	348
392	268	339	354
384	271	407	370
412	279	357	364
394	280	357	346
376	273	384	353
407	283	329	332
399	272	384	356
414	282	343	346
373	253	469	414
438	272	412	387
404	280	397	372
420	290	351	350
394	257	404	392
424	265	368	382
423	276	353	351
424	276	403	373
427	285	377	363
426	254	370	386
424	260	366	372
421	265	392	375
427	271	349	351
402	227	424	411
441	252	360	371
426	266	352	338
396	232	465	411
473	253	364	398
443	273	383	360
437	258	352	358
404	231	368	363
448	268	392	362
419	258	370	358
416	251	349	346
395	246	406	364
439	265	327	332
389	244	391	352
422	256	379	351
425	251	344	340
409	252	411	361
415	253	361	352
419	254	359	346
401	237	377	357
427	264	381	344
418	243	358	357
404	241	404	366
419	258	368	349
410	247	364	348
415	256	362	336
418	253	361	341
404	247	376	348
429	257	374	353
395	250	379	346
435	272	357	334
395	254	366	336
425	253	452	402
413	266	400	372
393	232	370	387
439	272	391	356
423	268	362	346
392	234	378	368
427	262	381	355
386	263	386	339
438	275	441	379
452	281	386	363
424	272	388	356
408	254	364	361
421	257	398	379
424	269	348	347
376	220	397	389
448	267	433	386
458	278	394	362
438	279	415	371
450	274	371	365
398	266	393	354
434	257	336	355
387	232	431	387
438	245	344	361
416	259	349	325
414	254	357	337
420	257	440	389
463	271	398	371
444	279	393	356
445	278	373	356
419	253	357	363
412	249	351	347
415	255	387	354
412	253	366	351
425	250	356	351
406	251	391	356
417	248	353	350
421	250	422	386
445	268	363	357
435	261	339	344
431	248	338	344
430	255	337	325
418	234	454	400
442	251	427	385
452	265	389	364
435	264	383	364
405	238	374	373
425	250	336	341
402	223	445	402
459	255	375	375
396	252	406	374
424	240	336	366
401	237	369	353
424	255	358	337
395	238	367	341
428	260	373	347
397	227	367	364
435	258	400	362
407	249	380	361
416	244	341	345
434	256	372	354
397	259	370	338
398	233	381	371
418	248	334	333
406	239	401	369
421	251	356	347
407	237	360	349
431	250	377	358
408	251	362	345
414	238	365	358
406	245	367	341
423	257	388	351
404	241	364	356
421	250	363	348
412	253	351	332
410	241	402	373
399	255	369	349
409	236	341	353
456	287	420	364
469	288	361	351
423	237	396	397
430	260	356	355
413	252	350	344
413	253	408	366
440	267	352	353
403	250	359	349
413	255	373	353
386	243	384	359
429	265	376	348
413	264	352	341
395	235	365	363
432	264	363	345
395	241	375	353
429	262	359	340
402	245	366	348
403	251	351	330
417	253	342	328
400	229	365	354
431	252	342	324
417	253	397	348
433	254	337	334
403	245	360	329
432	255	313	306
417	250	325	317
431	256	314	305
439	262	297	286
445	268	347	321
399	267	363	314
429	250	346	328
419	252	419	359
404	249	379	353
432	257	324	326
436	251	391	355
404	256	373	338
413	253	437	386
432	258	395	371
400	248	387	361
432	258	333	337
409	241	454	402
459	254	375	374
435	262	373	349
403	255	382	348
424	245	369	362
405	253	368	344
437	253	407	376
427	263	392	361
417	249	358	359
422	247	406	379
407	256	408	368
440	267	333	343
418	228	403	399
433	249	372	366
426	259	342	340
397	227	410	394
431	246	355	360
407	245	369	348
426	249	376	356
409	252	361	341
401	235	389	368
425	252	344	338
384	229	441	387
443	243	345	365
399	256	379	337
418	251	377	361
412	252	360	351
411	244	370	357
418	257	347	330
455	281	414	362
444	283	384	351
398	254	408	373
430	267	338	346
390	237	367	358
433	266	357	338
391	253	367	336
410	257	363	342
397	246	351	336
416	256	355	334
421	267	352	326
387	249	394	353
408	250	353	348
394	244	367	346
419	263	364	343
368	240	377	347
412	260	343	331
397	247	428	383
396	258	386	368
420	258	337	355
385	241	368	357
421	270	362	338
374	245	377	351
408	256	343	341
398	252	434	383
400	258	404	372
416	260	354	356
377	255	373	344
403	256	365	351
389	230	361	365
407	251	389	358
404	247	348	345
410	245	364	351
389	248	358	330
396	240	380	360
421	252	329	331
385	238	428	377
424	248	356	346
409	249	355	318
407	247	370	322
435	253	352	264
401	247	407	362
435	247	364	319
417	249	364	317
426	251	369	319
400	251	371	310
422	246	355	312
417	239	358	307
406	240	385	306
402	238	412	306
421	234	354	311
415	241	378	292
406	237	394	298
419	244	387	295
403	243	400	295
408	240	385	300
403	233	375	305
425	235	351	299
387	231	366	297
411	234	372	329
433	251	359	298
386	247	400	299
429	244	354	312
405	251	361	296
424	246	363	302
390	240	364	300
414	237	369	311
388	222	364	321
426	243	387	339
382	244	396	329
422	247	347	321
398	239	367	318
417	241	373	332
398	232	373	337
417	241	376	336
404	235	368	339
431	241	353	329
423	256	351	309
414	243	372	332
435	256	340	309
402	255	374	305
436	246	373	319
424	256	360	306
438	257	352	295
408	237	373	308
441	253	360	296
405	252	379	290
451	255	361	290
406	252	371	288
449	251	369	292
406	246	383	295
443	240	342	300
407	240	386	298
428	233	357	303
397	233	376	299
428	233	392	339
416	241	366	322
428	244	321	308
440	241	336	286
406	230	355	298
434	237	351	318
420	238	333	305
428	235	357	306
404	241	344	299
424	234	327	314
416	235	338	321
403	227	377	352
418	242	342	329
416	242	338	325
401	239	424	364
416	249	375	350
412	243	353	348
410	244	332	329
390	230	474	408
424	242	389	381
430	261	360	344
422	268	341	325
400	237	380	368
423	256	343	349
419	250	350	352
412	256	334	325
398	254	439	377
426	265	379	361
408	269	374	346
409	264	339	339
403	259	359	343
422	276	319	314
407	259	369	346
403	263	360	343
395	260	344	329
402	265	393	365
429	280	340	353
424	295	335	334
409	269	326	339
384	258	399	367
413	265	338	352
408	273	329	323
407	283	356	330
404	281	328	319
408	284	362	339
417	297	323	326
407	264	320	339
392	270	418	383
403	281	361	359
401	270	338	348
405	283	324	317
388	267	416	373
412	283	352	356
402	287	335	332
406	290	321	317
391	287	343	324
395	275	381	361
405	288	339	334
399	285	334	325
379	277	409	366
389	287	361	354
408	290	319	331
400	290	365	341
417	293	321	326
401	292	360	331
393	285	339	325
403	286	354	342
405	292	325	323
375	277	362	337
382	280	356	341
391	287	396	353
406	294	343	337
399	296	329	319
409	288	371	351
419	295	332	332
393	275	409	368
414	289	357	356
411	295	338	333
409	288	395	361
407	299	360	347
402	291	348	343
396	293	355	335
379	285	443	380
400	296	394	376
380	297	387	361
390	293	357	357
379	268	391	381
390	288	373	355
380	293	364	339
368	279	365	345
387	287	392	372
388	295	360	348
373	276	358	355
390	292	387	368
376	291	370	354
371	278	358	351
365	267	461	411
391	285	431	390
370	296	408	370
366	303	376	356
364	287	360	359
354	294	361	335
360	293	431	376
360	297	392	367
376	302	358	356
