0.038759
0.196635
0.220594
0.176331
0.178104
0.224280
0.177453
0.169512
0.194966
0.176881
0.202420
0.158529
0.164942
0.175126
0.194737
0.166554
0.213992
0.194892
0.197069
0.181995
0.195457
0.188671
0.173110
0.166755
0.180567
0.183744
0.176188
0.184368
0.178033
0.198954
0.182555
0.174369
0.161469
0.181873
0.176812
0.203545
0.193340
0.189821
0.204189
0.191997
0.189838
0.169617
0.195963
0.197525
0.196877
0.177182
0.198181
0.198758
0.189238
0.195391
0.182983
0.213264
0.190431
0.191747
0.183368
0.184829
0.193390
0.192593
0.186858
0.187310
0.174234
0.176141
0.181667
0.171310
0.206131
0.168120
0.218448
0.234429
0.186498
0.179891
0.193049
0.195049
0.192368
0.178419
0.178242
0.207281
0.204135
0.174527
0.183245
0.190578
0.198227
0.178399
0.197312
0.200593
0.173171
0.215158
0.184668
0.172873
0.169900
0.198252
0.184778
0.186870
0.187166
0.186511
0.180779
0.173566
0.194084
0.171812
0.154087
0.204190
0.177265
0.176755
0.195237
0.183994
0.184045
0.175632
0.202910
0.186333
0.204477
0.169463
0.198669
0.182419
0.194806
0.166091
0.195224
0.184539
0.212084
0.195192
0.200109
0.174197
0.185272
0.176130
0.193269
0.179171
0.181747
0.184198
0.193562
0.182614
0.206116
0.183421
0.168284
0.200157
0.187632
0.198212
0.180666
0.195942
0.185789
0.198092
0.198596
0.209986
0.184013
0.195077
0.185221
0.170388
0.211046
0.180828
0.170873
0.173658
0.184597
0.223244
0.186223
0.177931
0.195662
0.183411
0.180046
0.198367
0.198625
0.186736
0.170542
0.196055
0.186858
0.191832
0.189643
0.193979
0.200519
0.171770
0.197479
0.187444
0.202736
0.182872
0.199514
0.199335
0.190186
0.178629
0.187686
0.190071
0.187272
0.183551
0.173206
0.188132
0.178921
0.173147
0.182202
0.198446
0.162551
0.164208
0.180371
0.168158
0.183724
0.179600
0.181724
0.175933
0.200515
0.183325
0.201223
0.184010
0.177825
0.204451
0.191564
0.189152
0.172316
0.193570
0.192164
0.191023
0.203884
0.175266
0.200275
0.185220
0.190884
0.212068
0.169562
0.163619
0.193757
0.188824
0.180633
0.187910
0.171410
0.181258
0.192118
0.179897
0.196650
0.189361
0.177924
0.192760
0.168685
0.176931
0.192604
0.180810
0.174213
0.191801
0.213877
0.217265
0.180358
0.209176
0.214163
0.185375
0.205436
0.191002
0.190408
0.190847
0.191907
0.189006
0.195581
0.221690
0.197397
0.204256
0.206220
0.177016
0.180672
0.169699
0.195580
0.240518
0.183125
0.206588
0.180287
0.213172
0.206438
0.203605
0.197114
0.209415
0.182084
0.211172
0.176419
0.178021
0.213852
0.195870
0.187845
0.207300
0.174625
0.185052
0.198166
0.211624
0.213585
0.216405
0.193356
0.188576
0.201152
0.209438
0.194476
0.175692
0.184069
0.225222
0.194500
0.189801
0.213356
0.181319
0.186502
0.187541
0.169678
0.178170
0.190411
0.194937
0.207842
0.190851
0.219137
0.197405
0.195065
0.224161
0.190608
0.194236
0.187615
0.184806
0.194548
0.197498
0.196479
0.176714
0.178413
0.215059
0.207346
0.198737
0.178177
0.198957
0.188594
0.170724
0.185606
0.194794
0.177491
0.197070
0.176034
0.207063
0.208738
0.193440
0.182399
0.187121
0.188478
0.192609
0.200045
0.196158
0.175221
0.197124
0.181448
0.184580
0.185415
0.166375
0.177353
0.228653
0.183822
0.194316
0.170803
0.169153
0.180876
0.176872
0.172778
0.204559
0.218499
0.185781
0.182703
0.218843
0.209247
0.186444
0.201284
0.185290
0.212724
0.198632
0.219136
0.196291
0.191811
0.198541
0.214626
0.203828
0.214943
0.179747
0.195136
0.166625
0.213670
0.207111
0.193246
0.234979
0.204448
0.169023
0.198883
0.205070
0.197768
0.195796
0.191284
0.185635
0.209820
0.206606
0.207095
0.182610
0.227538
0.216113
0.188863
0.199721
0.174033
0.177880
0.210088
0.221641
0.203032
0.204669
0.189614
0.182920
0.188943
0.206254
0.213943
0.201602
0.206854
0.192835
0.205678
0.205580
0.193552
0.185075
0.187762
0.172964
0.186425
0.182014
0.202767
0.176225
0.229243
0.194124
0.182013
0.185850
0.175512
0.186136
0.181038
0.181278
0.215921
0.191779
0.188500
0.174870
0.188125
0.192215
0.193199
0.189744
0.189872
0.190762
0.184938
0.237388
0.201131
0.206803
0.208523
0.190741
0.208155
0.177574
0.196457
0.176043
0.214479
0.192853
0.194264
0.203279
0.175765
0.208480
0.187837
0.223325
0.189878
0.219827
0.189826
0.198094
0.198762
0.185316
0.215101
0.214336
0.195951
0.204781
0.182733
0.202162
0.192963
0.192204
0.183492
0.245225
0.208762
0.185187
0.189300
0.167761
0.235245
0.225280
0.207301
0.198687
0.184212
0.206399
0.192673
0.210910
0.189094
0.195479
0.173449
0.201426
0.190833
0.207615
0.177648
0.190984
0.214194
0.182778
0.194435
0.224954
0.186459
0.200962
0.200290
0.194700
0.201063
0.190918
0.215765
0.211241
0.201479
0.217634
0.204068
0.189600
0.175725
0.188804
0.223478
0.178990
0.190589
0.214890
0.185757
0.209412
0.197802
0.176954
0.192386
0.192727
0.186673
0.183587
0.217690
0.216717
0.196989
0.163080
0.190047
0.208405
0.182878
0.190844
0.179032
0.181815
0.189732
0.196678
0.205201
0.198833
0.190723
0.168969
0.203237
0.195929
0.179124
0.192740
0.214400
0.211284
0.194052
0.188689
0.202757
0.190564
0.202481
0.209787
0.199046
0.200191
0.210126
0.188708
0.204178
0.205558
0.200933
0.205309
0.198126
0.190746
0.175980
0.256275
0.199433
0.199305
0.216034
0.207091
0.200511
0.189322
0.194412
0.192986
0.209608
0.200804
0.197189
0.199714
0.187914
0.185580
0.185955
0.210590
0.187030
0.186749
0.192812
0.202728
0.197840
0.179625
0.165703
0.193169
0.215331
0.197773
0.182610
0.183339
0.208955
0.190849
0.200940
0.188216
0.196671
0.183931
0.186844
0.195157
0.208447
0.186571
0.190913
0.217686
0.220625
0.202803
0.200538
0.197801
0.242709
0.193900
0.182339
0.224068
0.195473
0.214582
0.219500
0.180014
0.248454
0.203420
0.181157
0.184027
0.172526
0.203614
0.187917
0.218638
0.206673
0.195221
0.199331
0.196771
0.196621
0.202546
0.163006
0.172669
0.197062
0.187999
0.181877
0.230523
0.217634
0.180552
0.190847
0.208990
0.206146
0.220664
0.189312
0.177482
0.180390
0.193339
0.191125
0.178813
0.193486
0.186870
0.183308
0.182157
0.173856
0.189222
0.179045
0.172904
0.185449
0.170609
0.175496
0.169035
0.198418
0.180110
0.171137
0.173737
0.204007
0.201253
0.175812
0.183684
0.218510
0.221379
0.191662
0.192909
0.198132
0.194074
0.180071
0.190958
0.171316
0.184642
0.180149
0.194025
0.192309
0.200638
0.192910
0.231015
0.201200
0.181171
0.198579
0.203051
0.190835
0.185542
0.192285
0.218815
0.182342
0.207279
0.217197
0.203422
0.183175
0.187347
0.171743
0.221930
0.160651
0.188414
0.177423
0.183183
0.176685
0.203129
0.191807
0.205451
0.206847
0.171950
0.177285
0.175153
0.203803
0.189527
0.191393
0.178710
0.200623
0.190525
0.188700
0.194427
0.214535
0.207496
0.185910
0.195644
0.204580
0.193179
0.194632
0.198480
0.195484
0.212636
0.189033
0.197614
0.222030
0.180009
0.191389
0.189811
0.182341
0.208840
0.187469
0.171704
0.184674
0.179444
0.195386
0.183884
0.211276
0.197505
0.175930
0.212393
0.173162
0.179270
0.176923
0.225550
0.203466
0.224735
0.175323
0.213634
0.221712
0.233046
0.200738
0.200882
0.190412
0.197775
0.170424
0.173164
0.176012
0.194359
0.186580
0.195095
0.188493
0.193257
0.183052
0.178975
0.189996
0.198647
0.183487
0.170097
0.173046
0.182263
0.211376
0.208228
0.203329
0.226664
0.172463
0.182132
0.214767
0.185834
0.189039
0.168368
0.188017
0.194673
0.187427
0.173279
0.185996
0.214777
0.204934
0.203815
0.194987
0.195138
0.182904
0.219444
0.236045
0.213241
0.209059
0.211016
0.191263
0.190724
0.199770
0.183957
0.193191
0.163135
0.202523
0.200318
0.204799
0.189765
0.205266
0.186944
0.188038
0.181625
0.221956
0.201607
0.236184
0.213310
0.166338
0.232400
0.181177
0.192981
0.191605
0.201127
0.187146
0.190877
0.170981
0.191833
0.191737
0.171435
0.178368
0.204651
0.188632
0.204839
0.207390
0.197179
0.170124
0.197980
0.182854
0.188634
0.202030
0.181862
0.173630
0.174739
0.179471
0.152230
0.164324
0.189887
0.168080
0.203979
0.167136
0.207333
0.194916
0.195557
0.206174
0.204854
0.191542
0.185545
0.202084
0.185246
0.224884
0.186264
0.215422
0.183503
0.175271
0.206285
0.198909
0.194849
0.175258
0.181824
0.193768
0.179536
0.235546
0.175350
0.225491
0.192660
0.211365
0.179856
0.194447
0.184893
0.184759
0.163807
0.179770
0.180337
0.174167
0.234213
0.215602
0.199149
0.183328
0.191636
0.180724
0.200605
0.174422
0.196267
0.172005
0.213402
0.187303
0.171596
0.191873
0.177276
0.165148
0.189649
0.185025
0.200555
0.193431
0.176729
0.172610
0.184000
0.197738
0.181036
0.181206
0.193654
0.187803
0.209692
0.192841
0.207809
0.197273
0.213495
0.217873
0.214680
0.196945
0.184053
0.207788
0.192532
0.203756
0.186651
0.170105
0.191725
0.203811
0.185002
0.183791
0.191646
0.200585
0.204025
0.187780
0.197136
0.213104
0.194659
0.201721
0.201303
0.207822
0.220576
0.204933
0.222576
0.188868
0.206847
0.218300
0.194323
0.184051
0.189101
0.191776
0.195721
0.224464
0.200542
0.195594
0.187765
0.182551
0.179598
0.203463
0.192559
0.209977
0.181596
0.197213
0.192812
0.192081
0.178876
0.173621
0.189830
0.171974
0.194710
0.196676
0.181492
0.182711
0.195219
0.202903
0.201196
0.191295
0.224563
0.237750
0.188498
0.177674
0.196942
0.194310
0.172799
0.226347
0.179263
0.192857
0.197322
0.176892
0.181315
0.199991
0.205545
0.199560
0.202665
0.182017
0.203920
0.169047
0.217109
0.191569
0.197596
0.187011
0.167468
0.180579
0.188499
0.213970
0.193962
0.243551
0.215676
0.202641
0.217697
0.182856
0.181024
0.166440
0.183025
0.196961
0.200126
0.193661
0.201650
0.227895
0.186852
0.187438
0.199706
0.175043
0.193046
0.232723
0.214792
0.221042
0.196845
0.173279
0.209404
0.194261
0.187175
0.173677
0.173767
0.184363
0.218720
0.177596
0.176480
0.189706
0.203682
0.216695
0.194179
0.173366
0.201056
0.222930
0.183693
0.184515
0.218619
0.225910
0.203292
0.228265
0.207247
0.207125
0.202220
0.205748
0.176768
0.180255
0.182441
0.178689
0.205355
0.191096
0.172813
0.176603
0.174825
0.185143
0.238793
0.181066
0.190947
0.188195
0.171137
0.166844
0.186198
0.190792
0.195377
0.224093
0.210891
0.188186
0.187958
0.196179
0.206573
0.194335
0.180240
0.199146
0.181192
0.181943
0.194645
0.212941
0.224200
0.175104
0.177916
0.196785
0.183938
0.180550
0.185462
0.183474
0.186067
0.180131
0.183374
0.200507
0.159780
0.180402
0.200202
0.174387
0.188559
0.186666
0.189541
0.203439
0.191046
0.189232
0.176412
0.197938
0.180622
0.243010
0.196651
0.175699
0.188754
0.192511
0.189613
0.176955
0.209950
0.179618
0.184977
0.195066
0.201279
0.216717
0.187630
0.187361
0.245246
0.190873
0.201128
0.188132
0.205696
0.171291
0.228133
0.182366
0.173709
0.202270
0.210499
0.195683
0.205662
0.201697
0.184131
0.204844
0.203607
0.194131
0.204271
0.228058
0.197140
0.218676
0.198244
0.176244
0.210627
0.216497
0.214231
0.211212
0.182258
0.183396
0.191323
0.181726
0.170523
0.161226
0.199185
0.178067
0.222141
0.187109
0.158935
0.164255
0.211260
0.195937
0.194619
0.195059
0.236902
0.200483
0.177058
0.204807
0.190853
0.182136
0.201101
0.207167
0.222489
0.245288
0.203207
0.225290
0.211545
0.186863
0.199226
0.194028
0.176533
0.169912
0.174872
0.171768
0.205287
0.184832
0.189321
0.185268
0.177533
0.177888
0.179169
0.152183
0.176952
0.187055
0.154708
0.187042
0.204842
0.181823
0.190612
0.190396
0.197679
0.208870
0.210788
0.201813
0.202119
0.209823
0.181380
0.188554
0.178004
0.176509
0.197335
0.198454
0.179669
0.182520
0.200844
0.206578
0.212956
0.218877
0.195823
0.201087
0.208596
0.196335
0.188948
0.196308
0.196632
0.193294
0.186710
0.178055
0.207699
0.176848
0.204567
0.196966
0.217975
0.205451
0.186509
0.197341
0.190215
0.234393
0.172406
0.165754
0.189259
0.196295
0.198969
0.205199
0.191356
0.171710
0.197420
0.190386
0.181336
0.176700
0.195189
0.200231
0.228586
0.201240
0.174299
0.177842
0.186181
0.190454
0.191032
0.218106
0.190921
0.201277
0.228246
0.199881
0.199461
0.190608
0.178875
0.200640
0.212466
0.171592
0.199320
0.178005
0.206529
0.187096
0.209162
0.223338
0.208375
0.193724
0.191594
0.200616
0.208874
0.201287
0.228376
0.191405
0.229530
0.206110
0.179496
0.163134
0.187193
0.189887
0.168318
0.181887
0.171285
0.181943
0.186979
0.186851
0.191736
0.192997
0.196853
0.187167
0.193528
0.182828
0.194340
0.204091
0.188831
0.211363
0.203235
0.190243
0.172674
0.194594
0.181135
0.175459
0.181160
0.181789
0.176950
0.153015
0.180422
0.178630
0.159398
0.185462
0.197957
0.185290
0.188776
0.192486
0.183040
0.191477
0.192315
0.183935
0.160071
0.162867
0.159975
0.176167
0.167570
0.220897
0.204438
0.185443
0.209810
0.185878
0.192628
0.184357
0.187139
0.195247
0.186064
0.179120
0.212548
0.200983
0.195811
0.189722
0.180226
0.181913
0.171572
0.173268
0.202123
0.189074
0.193572
0.201072
0.194424
0.188337
0.190774
0.165390
0.186265
0.173386
0.183296
0.175798
0.205002
0.172716
0.181860
0.186611
0.153811
0.201123
0.201967
0.172215
0.198921
0.203989
0.210129
0.186355
0.169102
0.196627
0.178411
0.171786
0.200423
0.189979
0.208473
0.187424
0.177789
0.178515
0.185597
0.190619
0.209574
0.177642
0.183950
0.209241
0.208549
0.180664
0.200861
0.222288
0.189695
0.201502
0.194750
0.172585
0.164845
0.189487
0.195153
0.177181
0.172435
0.196355
0.197640
0.187569
0.187462
0.174294
0.189814
0.176456
0.203687
0.183769
0.173266
0.198469
0.189553
0.209004
0.211364
0.276371
0.184365
0.198976
0.190319
0.194716
0.176955
0.187724
0.173614
0.197444
0.177824
0.188737
0.177201
0.196947
0.178920
0.194561
0.188814
0.191365
0.193490
0.176612
0.205542
0.185092
0.202758
0.189855
0.187188
0.232938
0.199606
0.214166
0.205245
0.187765
0.196809
0.195699
0.194869
0.190316
0.208978
0.206032
0.185974
0.200194
0.207199
0.199512
0.164811
0.181894
0.173408
0.166160
0.162637
0.209722
0.194232
0.174407
0.202606
0.204925
0.190091
0.199660
0.204614
0.199140
0.186243
0.197834
0.190491
0.190709
0.192166
0.199677
0.222797
0.196259
0.223800
0.193459
0.200655
0.180495
0.174763
0.188394
0.174414
0.200902
0.207039
0.185985
0.197251
0.213405
0.202754
0.179490
0.183557
0.188186
0.201843
0.201218
0.188106
0.178618
0.187218
0.216107
0.215633
0.187035
0.192485
0.205396
0.206009
0.174982
0.181441
0.167675
0.185876
0.182259
0.200267
0.185238
0.190501
0.185259
0.180432
0.175741
0.182249
0.167614
0.167859
0.225642
0.188518
0.183019
0.182340
0.191183
0.207059
0.179023
0.187131
0.208332
0.193676
0.189018
0.188694
0.205619
0.222468
0.190504
0.180593
0.189203
0.197723
0.174131
0.185669
0.186912
0.186314
0.192363
0.200616
0.205132
0.216989
0.208714
0.201679
0.187512
0.188642
0.196764
0.194184
0.194673
0.195704
0.183018
0.185663
0.193624
0.190878
0.212748
0.201443
0.176796
0.175251
0.176022
0.214126
0.195745
0.187818
0.195905
0.216888
0.191477
0.198577
0.206585
0.214921
0.231849
0.219117
0.181112
0.212116
0.220178
0.206065
0.265486
0.181004
0.247737
0.234282
0.204550
0.181625
0.182073
0.200343
0.186562
0.184273
0.196893
0.194656
0.181024
0.193842
0.181286
0.178337
0.199911
0.236742
0.207971
0.204721
0.202856
0.192734
0.189044
0.177002
0.177679
0.230194
0.211701
0.200689
0.170529
0.171230
0.195626
0.196934
0.221982
0.183406
0.255321
0.198428
0.190142
0.209255
0.196354
0.188175
0.190261
0.198774
0.197026
0.192220
0.180473
0.193205
0.183554
0.195750
0.185206
0.189436
0.168662
0.172945
0.198025
0.193298
0.211029
0.186872
0.192549
0.188700
0.186459
0.197724
0.186641
0.179265
0.177138
0.202723
0.192184
0.190887
0.195174
0.164025
0.210829
0.195480
0.182778
0.203262
0.173881
0.213361
0.209390
0.216580
0.219007
0.191458
0.203575
0.193906
0.220135
0.193327
0.189857
0.218005
0.204575
0.195198
0.225637
0.197356
0.186162
0.181457
0.204027
0.203561
0.214784
0.200446
0.232129
0.209238
0.194606
0.206768
0.193170
0.191160
0.193496
0.182812
0.187008
0.175555
0.193835
0.201658
0.200154
0.196230
0.232167
0.189132
0.178896
0.183570
0.196771
0.216927
0.186662
0.212592
0.195839
0.193929
0.191348
0.206573
0.185489
0.177251
0.186270
0.206665
0.199139
0.192720
0.207178
0.201688
0.233319
0.208467
0.242905
0.199148
0.241416
0.238200
0.178446
0.180070
0.182228
0.192968
0.188538
0.215898
0.222335
0.225887
0.222023
0.206254
0.199139
0.212754
0.220347
0.204852
0.199330
0.196348
0.185131
0.191767
0.198105
0.191144
0.224858
0.198776
0.222766
0.212132
0.214856
0.187363
0.195063
0.197873
0.192347
0.202422
0.198543
0.210602
0.215910
0.231571
0.203809
0.192105
0.195675
0.207988
0.199710
0.188140
0.247912
0.206045
0.205033
0.187046
0.195668
0.188516
0.217885
0.223677
0.223392
0.215792
0.218737
0.209543
0.210365
0.209474
0.216857
0.227333
0.202473
0.205139
0.263006
0.202853
0.192278
0.229878
0.209636
0.202265
0.213889
0.213616
0.205168
0.228503
0.197333
0.214178
0.182550
0.198680
0.191350
0.198878
0.233279
0.210144
0.233052
0.206434
0.181845
0.178548
0.236267
0.219187
0.161951
0.222013
0.184855
0.209269
0.180940
0.182359
0.192149
0.219965
0.208197
0.203154
0.181076
0.186105
0.196080
0.199027
0.204896
0.193629
0.213078
0.200248
0.183451
0.173039
0.211267
0.185919
0.207753
0.195517
0.205038
0.211931
0.196333
0.195377
0.204959
0.199153
0.206545
0.182741
0.199972
0.228291
0.214138
0.208683
0.188664
0.189549
0.192448
0.212308
0.189868
0.245790
0.208235
0.219930
0.210854
0.201120
0.207396
0.200928
0.181378
0.194463
0.189609
0.179690
0.207703
0.209376
0.193646
0.193229
0.197621
0.218840
0.202890
0.188445
0.204412
0.192171
0.215249
0.199036
0.203729
0.202373
0.204319
0.191664
0.188708
0.206729
0.213884
0.196527
0.179516
0.168943
0.198971
0.215960
0.212303
0.183758
0.167812
0.234043
0.208318
0.203418
0.198715
0.217124
0.205798
0.172531
0.220514
0.185472
0.203974
0.163587
0.197829
0.188111
0.208086
0.167606
0.179079
0.175420
0.164427
0.170725
0.217184
0.198858
0.187757
0.176157
0.185011
0.193257
0.195909
0.176048
0.189728
0.217345
0.247068
0.201958
0.202782
0.185856
0.207254
0.207369
0.201955
0.233564
0.192548
0.183942
0.226938
0.214764
0.211037
0.219553
0.225571
0.197182
0.190264
0.170457
0.206561
0.177168
0.189625
0.180796
0.177763
0.223486
0.232194
0.197674
0.207711
0.191683
0.192721
0.192410
0.214979
0.238795
0.205320
0.201475
0.200200
0.252128
0.191004
0.188211
0.203961
0.212402
0.193721
0.203714
0.188716
0.170720
0.191684
0.198122
0.180561
0.196158
0.172526
0.208233
0.210065
0.210806
0.214832
0.205529
0.210782
0.192671
0.184252
0.201197
0.190558
0.207431
0.188781
0.183610
0.187935
0.178868
0.196851
0.183091
0.206626
0.205738
0.190521
0.189149
0.187755
0.197644
0.205167
0.202282
0.202432
0.202035
0.214548
0.191716
0.198307
0.204209
0.211548
0.193160
0.182924
0.220578
0.184779
0.224440
0.190904
0.192036
0.200055
0.187010
0.199636
0.192059
0.193092
0.199769
0.185452
0.191409
0.174522
0.195410
0.197771
0.196030
0.179329
0.197904
0.179482
0.214458
0.215328
0.203503
0.206670
0.188785
0.219579
0.202434
0.187048
0.210854
0.209873
0.223341
0.207650
0.217208
0.197369
0.208533
0.181628
0.177715
0.195773
0.214448
0.179986
0.198548
0.200741
0.180219
0.197608
0.190099
0.202869
0.186723
0.194378
0.189827
0.217827
0.188259
0.184097
0.173590
0.210711
0.194387
0.186863
0.222453
0.208860
0.191723
0.190952
0.164634
0.201646
0.198493
0.202458
0.188542
0.198159
0.196404
0.205296
0.217800
0.174105
0.167083
0.190876
0.189425
0.189495
0.198020
0.188195
0.252714
0.207089
0.199072
0.195462
0.201025
0.229232
0.186574
0.184107
0.207308
0.201930
0.170809
0.194024
0.188525
0.177886
0.189524
0.200429
0.203503
0.181518
0.178215
0.178171
0.208949
0.171503
0.193418
0.186270
0.196514
0.202175
0.189879
0.182149
0.202733
0.209731
0.191354
0.199709
0.211642
0.183020
0.225542
0.193998
0.191533
0.186890
0.181770
0.194222
0.179930
0.206494
0.210353
0.191799
0.212937
0.224270
0.199717
0.191736
0.216581
0.205385
0.180752
0.203031
0.212604
0.189064
0.209913
0.179459
0.199604
0.193682
0.186807
0.186024
0.181497
0.190999
0.209596
0.219301
0.198232
0.178858
0.185002
0.208411
0.187346
0.201776
0.199868
0.182075
0.190372
0.184809
0.191117
0.172701
0.183213
0.177026
0.223307
0.181044
0.178998
0.210092
0.196100
0.208951
0.200337
0.193514
0.186454
0.210330
0.204138
0.185598
0.212955
0.184088
0.186306
0.192259
0.188584
0.204893
0.214896
0.197042
0.220081
0.182386
0.183753
0.190787
0.174882
0.165576
0.197303
0.188969
0.202036
0.196176
0.210083
0.203781
0.173260
0.186798
0.218396
0.175327
0.202682
0.171262
0.242231
0.183824
0.186157
0.189159
0.173787
0.179082
0.182728
0.184627
0.181494
0.190837
0.211547
0.209147
0.187034
0.190479
0.179152
0.184657
0.207002
0.176326
0.215866
0.187627
0.219803
0.208606
0.203742
0.198833
0.197084
0.190748
0.205262
0.188970
0.191223
0.192758
0.212857
0.163458
0.193333
0.164494
0.200691
0.203933
0.163238
0.207889
0.200668
0.231738
0.201844
0.219471
0.197919
0.184537
0.192422
0.225950
0.193947
0.219808
0.206717
0.171264
0.181089
0.193897
0.209049
0.202277
0.191580
0.206931
0.244949
0.205268
0.186177
0.194803
0.177373
0.195201
0.188932
0.195498
0.195491
0.201825
0.159782
0.163180
0.159715
0.224470
0.177688
0.190711
0.203725
0.203364
0.204755
0.192137
0.201776
0.181514
0.177563
0.178091
0.183475
0.217075
0.201828
0.198215
0.198151
0.176545
0.181653
0.196305
0.194265
0.200596
0.180527
0.208698
0.198995
0.205186
0.279705
0.188449
0.203266
0.171584
0.197241
0.192662
0.203573
0.199202
0.188051
0.198525
0.204226
0.183584
0.187869
0.171673
0.186913
0.169688
0.171816
0.205821
0.184395
0.187226
0.181075
0.212818
0.209480
0.204956
0.234264
0.195296
0.210542
0.219266
0.203932
0.164252
0.177942
0.202016
0.215587
0.223038
0.192720
0.216917
0.198999
0.185653
0.187217
0.173113
0.174436
0.170170
0.195189
0.194521
0.190143
0.193452
0.227154
0.185182
0.179554
0.181740
0.194870
0.200732
0.204278
0.198545
0.180831
0.178900
0.180935
0.185873
0.198158
0.190806
0.204104
0.187492
0.193428
0.179975
0.197055
0.200879
0.176083
0.185837
0.215951
0.207859
0.183332
0.190418
0.213380
0.186479
0.196410
0.191289
0.166762
0.167818
0.183089
0.201300
0.182732
0.188983
0.190434
0.198817
0.180276
0.169867
0.192472
0.244983
0.227187
0.195336
0.166846
0.208885
0.205121
0.183332
0.184452
0.179533
0.190441
0.206615
0.197143
0.201712
0.207383
0.189496
0.192892
0.175469
0.192735
0.181731
0.193637
0.193061
0.197237
0.204474
0.192257
0.174106
0.198935
0.199288
0.188462
0.205813
0.174642
0.189235
0.205582
0.209708
0.188845
0.174217
0.190003
0.196245
0.194609
0.184748
0.213376
0.217685
0.184840
0.192964
0.196075
0.206679
0.175964
0.172142
0.184240
0.184037
0.189561
0.191099
0.176440
0.177372
0.186513
0.203421
0.202628
0.209649
0.198889
0.225754
0.210410
0.206681
0.190104
0.201337
0.181722
0.200921
0.209120
0.215312
0.224323
0.215455
0.235345
0.234492
0.201669
0.185815
0.250933
0.206209
0.218567
0.221596
0.228727
0.195427
0.238522
0.232512
0.223403
0.195205
0.189612
0.185648
0.187186
0.199991
0.189330
0.177978
0.162314
0.269547
0.211090
0.204409
0.187791
0.175444
0.201721
0.198872
0.217456
0.183885
0.168528
0.167513
0.187516
0.217489
0.177862
0.169489
0.214368
0.200197
0.178770
0.181852
0.201248
0.190007
0.184797
0.197684
0.198564
0.180145
0.188844
0.191055
0.241155
0.211966
0.202985
0.203269
0.194904
0.185435
0.258998
0.190838
0.198344
0.174695
0.206415
0.182457
0.227551
0.199230
0.186472
0.192081
0.258924
0.222881
0.195163
0.247995
0.199929
0.182929
0.191680
0.194475
0.196065
0.192897
0.208101
0.204162
0.199317
0.190514
0.206176
0.183801
0.171229
0.173982
0.172585
0.177340
0.200626
0.194614
0.205498
0.195730
0.202570
0.204779
0.189467
0.177606
0.179528
0.180361
0.209184
0.171668
0.197943
0.189518
0.181074
0.176538
0.195602
0.179642
0.229459
0.178312
0.186605
0.174923
0.188079
0.172926
0.180294
0.157058
0.185316
0.183388
0.193949
0.174217
0.224849
0.193533
0.192808
0.170874
0.205315
0.209337
0.177089
0.164304
0.189790
0.186723
0.177627
0.180058
0.196585
0.190875
0.165899
0.174137
0.159802
0.189126
0.217524
0.188281
0.183140
0.174428
0.183685
0.199194
0.204302
0.176748
0.180027
0.184715
0.185114
0.181995
0.210045
0.199032
0.186023
0.172647
0.176118
0.170305
0.173383
0.200732
0.193609
0.192291
0.210717
0.204160
0.182112
0.184331
0.194772
0.176321
0.166244
0.181721
0.184918
0.207250
0.180529
0.221996
0.183009
0.199813
0.205971
0.214006
0.186816
0.185190
0.174584
0.208838
0.195693
0.204011
0.188478
0.170676
0.179020
0.198265
0.178073
0.175941
0.181793
0.180382
0.185057
0.180172
0.198961
0.207097
0.212227
0.214380
0.189824
0.169778
0.180538
0.170582
0.200679
0.216843
0.182519
0.185336
0.173680
0.205296
0.186860
0.214076
0.199115
0.183196
0.182854
0.192148
0.164548
0.188892
0.190296
0.211919
0.199372
0.173716
0.195384
0.178218
0.181624
0.206158
0.231279
0.189659
0.180035
0.174867
0.168606
0.176193
0.163917
0.190560
0.160735
0.186182
0.178036
0.203965
0.194012
0.177594
0.196289
0.175923
0.162405
0.166801
0.185242
0.192224
0.196127
0.182034
0.176475
0.187638
0.183458
0.196534
0.180350
0.194170
0.181142
0.179691
0.195647
0.193381
0.195095
0.175323
0.165502
0.161734
0.179400
0.187207
0.193766
0.226265
0.180728
0.175669
0.193554
0.165593
0.196383
0.189341
0.171886
0.218008
0.221020
0.208190
0.200571
0.191447
0.194675
0.205161
0.201567
0.171082
0.165402
0.198548
0.171356
0.183989
0.183101
0.185882
0.188566
0.203805
0.229115
0.193467
0.187250
0.203245
0.169437
0.181096
0.199188
0.191944
0.201045
0.187587
0.175077
0.210922
0.207320
0.198256
0.182675
0.198442
0.169544
0.194334
0.197487
0.176646
0.191170
0.184594
0.178427
0.180994
0.188043
0.203443
0.187800
0.194221
0.199254
0.205642
0.206217
0.188724
0.177203
0.181611
0.190700
0.169285
0.190093
0.174519
0.164845
0.175817
0.183867
0.172549
0.178425
0.182045
0.250156
0.203772
0.196813
0.184005
0.219137
0.205975
0.191401
0.199063
0.197322
0.211840
0.185824
0.187528
0.180520
0.183448
0.171554
0.170730
0.180521
0.188724
0.201679
0.195868
0.173012
0.190268
0.215784
0.169841
0.215067
0.181272
0.185589
0.176095
0.176005
0.204807
0.198967
0.192737
0.188235
0.198334
0.205665
0.203864
0.203636
0.193151
0.203595
0.218853
0.212298
0.186523
0.184806
0.198421
0.187557
0.216227
0.219936
0.206255
0.196201
0.207355
0.195841
0.219641
0.224630
0.200361
0.200861
0.205244
0.197212
0.177578
0.189197
0.198682
0.198387
0.196722
0.196970
0.223077
0.191471
0.202069
0.185302
0.186929
0.185601
0.182647
0.205339
0.218339
0.210407
0.192083
0.210494
0.211052
0.199503
0.176659
0.201656
0.230665
0.201479
0.186265
0.209410
0.187617
0.223572
0.182618
0.229858
0.190845
0.185061
0.205986
0.182688
0.187081
0.215508
0.232347
0.193521
0.198598
0.193376
0.209666
0.195193
0.221895
0.208443
0.211971
0.220213
0.203074
0.219627
0.185022
0.173656
0.202866
0.209386
0.188633
0.199188
0.196965
0.172646
0.168916
0.228627
0.171879
0.181363
0.181348
0.199999
0.193082
0.211599
0.210483
0.200457
0.186553
0.193042
0.202592
0.197865
0.189999
0.203525
0.206481
0.183115
0.227382
0.215099
0.216221
0.198972
0.199363
0.188285
0.212168
0.207651
0.174827
0.203765
0.206881
0.208931
0.184313
0.186176
0.219322
0.180316
0.174089
0.186828
0.170815
0.200237
0.185669
0.212595
0.203199
0.192154
0.198435
0.190573
0.199055
0.195128
0.197439
0.203853
0.179900
0.218333
0.197397
0.170899
0.203946
0.199154
0.230311
0.201171
0.172818
0.207110
0.194871
0.203948
0.193705
0.220727
0.185393
0.205643
0.173940
0.187093
0.223951
0.176331
0.184023
0.179406
0.185908
0.199212
0.190506
0.189027
0.181972
0.197785
0.216619
0.242944
0.184502
0.186797
0.186501
0.179890
0.204400
0.181677
0.203257
0.186707
0.196968
0.199101
0.191104
0.187313
0.204367
0.209527
0.194066
0.192971
0.216602
0.209119
0.214986
0.177494
0.172352
0.198145
0.208166
0.189424
0.184210
0.210979
0.185028
