0.019673
0.222477
0.175529
0.155143
0.160888
0.186033
0.190088
0.185259
0.175646
0.173974
0.169205
0.193356
0.194680
0.188470
0.200308
0.213541
0.175772
0.196025
0.182687
0.209612
0.201946
0.181108
0.177763
0.188152
0.174411
0.160945
0.162540
0.186506
0.180617
0.192983
0.185002
0.156715
0.180313
0.214535
0.190770
0.190588
0.186458
0.169058
0.192627
0.180525
0.180158
0.210595
0.192203
0.162349
0.188473
0.172571
0.199464
0.184907
0.183201
0.183265
0.201110
0.176466
0.185199
0.188970
0.182619
0.187509
0.183424
0.169600
0.193168
0.181231
0.190737
0.203016
0.183916
0.210772
0.179347
0.175650
0.199953
0.191265
0.186856
0.163203
0.174431
0.179312
0.176199
0.185366
0.178527
0.197805
0.197192
0.201169
0.182965
0.189095
0.167141
0.186574
0.176843
0.180365
0.168984
0.187116
0.188673
0.196050
0.202578
0.199466
0.195462
0.181878
0.229641
0.196176
0.182746
0.208155
0.177177
0.201344
0.180638
0.180435
0.184570
0.194385
0.179327
0.187261
0.190790
0.206695
0.184183
0.193981
0.161784
0.192892
0.194634
0.199641
0.189344
0.174751
0.181590
0.179677
0.182280
0.180758
0.174176
0.164702
0.200456
0.186994
0.183589
0.205580
0.184537
0.179398
0.185968
0.169941
0.182931
0.176080
0.176143
0.173942
0.177274
0.185956
0.175301
0.213611
0.179989
0.178980
0.182502
0.190720
0.176721
0.179595
0.196343
0.190248
0.169014
0.170879
0.188800
0.192089
0.195048
0.190137
0.198886
0.174220
0.202368
0.195255
0.207373
0.183623
0.182312
0.168698
0.221310
0.183923
0.173472
0.187201
0.189075
0.182532
0.180744
0.169120
0.200187
0.191415
0.182059
0.169349
0.182510
0.182488
0.169566
0.178664
0.175328
0.189282
0.201317
0.171529
0.169069
0.188384
0.172410
0.184722
0.187562
0.204922
0.202802
0.181651
0.172613
0.161869
0.185510
0.198495
0.208870
0.196643
0.203693
0.157018
0.190916
0.174426
0.157988
0.187042
0.176355
0.185917
0.194021
0.168503
0.190734
0.204211
0.172539
0.207982
0.207201
0.185478
0.201812
0.214507
0.184514
0.185787
0.187264
0.175015
0.184273
0.161745
0.166934
0.210437
0.199510
0.195809
0.205870
0.208966
0.176710
0.191117
0.175140
0.194163
0.206932
0.206662
0.190373
0.195963
0.181686
0.176137
0.196703
0.206037
0.198454
0.201570
0.223254
0.182509
0.185364
0.178134
0.183024
0.198689
0.177620
0.216219
0.177933
0.179212
0.175141
0.172611
0.192864
0.177731
0.173292
0.178289
0.185225
0.180449
0.189438
0.175725
0.163553
0.191380
0.196143
0.186015
0.181280
0.184434
0.192864
0.158681
0.192338
0.186598
0.182407
0.189878
0.185823
0.166059
0.194649
0.173427
0.211640
0.187210
0.167245
0.175023
0.201527
0.171332
0.184773
0.168317
0.192905
0.202868
0.165168
0.212995
0.180539
0.195343
0.181679
0.182184
0.186034
0.190488
0.177367
0.188757
0.169843
0.201077
0.198229
0.196151
0.187595
0.208553
0.211695
0.181101
0.190174
0.156996
0.194101
0.176053
0.173062
0.175312
0.187261
0.185793
0.182806
0.165833
0.178657
0.178233
0.169714
0.188017
0.181521
0.198996
0.192016
0.200435
0.157706
0.170011
0.188694
0.193269
0.189723
0.174629
0.201133
0.172754
0.194980
0.181755
0.196489
0.193102
0.188474
0.164798
0.172945
0.180988
0.193371
0.161435
0.183246
0.175425
0.207144
0.192800
0.191605
0.191619
0.187312
0.186241
0.208766
0.197165
0.199086
0.184165
0.178808
0.179648
0.162369
0.176292
0.180976
0.182459
0.185101
0.198754
0.181809
0.176353
0.241079
0.198035
0.183288
0.193555
0.190173
0.176924
0.193369
0.184646
0.164289
0.158676
0.156260
0.185826
0.163940
0.158934
0.164041
0.210946
0.176048
0.170988
0.192342
0.211238
0.182676
0.178873
0.180142
0.180586
0.184132
0.199293
0.194961
0.172226
0.187181
0.179960
0.166666
0.182118
0.204813
0.186754
0.177831
0.207013
0.186727
0.161356
0.185473
0.185256
0.176593
0.183547
0.196768
0.174027
0.180547
0.175306
0.182027
0.203011
0.191056
0.188944
0.194467
0.206764
0.179932
0.178219
0.153393
0.159457
0.194867
0.179786
0.169763
0.180181
0.178232
0.186606
0.196685
0.203855
0.191005
0.169594
0.185018
0.211136
0.180262
0.162233
0.162541
0.178442
0.203555
0.183581
0.165751
0.169000
0.178593
0.194911
0.192270
0.192872
0.182393
0.182168
0.188591
0.213314
0.192712
0.165927
0.180409
0.215276
0.189435
0.183572
0.197165
0.186446
0.177942
0.164676
0.224069
0.168619
0.149959
0.166723
0.163674
0.179914
0.180251
0.170868
0.203630
0.187809
0.212378
0.176908
0.233740
0.165263
0.148071
0.155190
0.179117
0.190187
0.221808
0.192992
0.181737
0.192671
0.176417
0.182510
0.199565
0.181850
0.185462
0.170559
0.204804
0.168667
0.166952
0.205086
0.201770
0.180936
0.176020
0.184054
0.195673
0.186519
0.185635
0.178454
0.185052
0.189754
0.187904
0.173743
0.189654
0.174012
0.185207
0.174531
0.186986
0.176233
0.178406
0.194485
0.179597
0.161844
0.180048
0.204257
0.188066
0.193168
0.186427
0.196761
0.172478
0.167683
0.214704
0.169333
0.208309
0.193168
0.187538
0.202180
0.184876
0.165964
0.179149
0.166882
0.215836
0.180878
0.204608
0.183120
0.225628
0.170419
0.164952
0.193409
0.208962
0.179264
0.198042
0.195008
0.174334
0.188609
0.184511
0.204744
0.189510
0.171185
0.162191
0.176859
0.175768
0.158857
0.178745
0.192022
0.166686
0.185913
0.186499
0.173545
0.199637
0.188184
0.172292
0.168823
0.181039
0.203711
0.180714
0.190244
0.208656
0.185799
0.186293
0.184521
0.172974
0.163990
0.166344
0.175474
0.192160
0.174256
0.202122
0.207627
0.179585
0.199376
0.201686
0.181327
0.167585
0.224627
0.167630
0.192004
0.205908
0.179351
0.205041
0.188172
0.179757
0.183676
0.174410
0.177921
0.173027
0.186525
0.217659
0.185476
0.196907
0.196191
0.177135
0.174431
0.179208
0.178419
0.177100
0.183180
0.177991
0.185238
0.201800
0.179994
0.178492
0.175312
0.178275
0.204654
0.206152
0.185714
0.196634
0.170230
0.175805
0.192773
0.179067
0.191216
0.181711
0.198479
0.201210
0.174870
0.196186
0.245894
0.187545
0.172661
0.206740
0.170183
0.184509
0.176963
0.196683
0.197345
0.176959
0.187836
0.167350
0.179718
0.186247
0.181250
0.176312
0.182690
0.176115
0.189306
0.210385
0.185952
0.174180
0.181118
0.191758
0.178671
0.171391
0.202510
0.193250
0.184377
0.161154
0.179585
0.180623
0.168683
0.174018
0.179818
0.205003
0.179097
0.166939
0.191431
0.176699
0.176368
0.157369
0.199151
0.180511
0.181064
0.177984
0.173012
0.223940
0.189056
0.179753
0.194137
0.205226
0.178823
0.184920
0.171394
0.200565
0.195213
0.191713
0.183834
0.177405
0.166813
0.174479
0.176686
0.182981
0.175512
0.171110
0.167519
0.168559
0.167518
0.180593
0.171525
0.173077
0.167982
0.195481
0.196986
0.195073
0.178946
0.189563
0.201481
0.187310
0.196030
0.184695
0.168750
0.169439
0.213291
0.205210
0.186291
0.198002
0.184575
0.188172
0.182534
0.170291
0.160673
0.163421
0.195302
0.188756
0.188803
0.165607
0.233366
0.212067
0.163807
0.173399
0.194213
0.191594
0.181790
0.200862
0.184855
0.167659
0.193154
0.180497
0.179981
0.182920
0.166764
0.192083
0.170740
0.173432
0.192991
0.174945
0.208765
0.189585
0.185840
0.169240
0.160385
0.176643
0.175462
0.183509
0.171759
0.165260
0.173336
0.185346
0.180231
0.187159
0.186947
0.182785
0.184859
0.179829
0.224463
0.171747
0.181848
0.183313
0.188025
0.204085
0.191934
0.191957
0.213671
0.166692
0.199409
0.164800
0.172247
0.167002
0.173862
0.174096
0.172544
0.188660
0.178063
0.183247
0.184044
0.214581
0.183099
0.178413
0.158587
0.198175
0.187161
0.172867
0.175962
0.179705
0.177223
0.171429
0.182265
0.173314
0.185879
0.192423
0.153059
0.188204
0.200305
0.174616
0.190486
0.179109
0.193638
0.182717
0.169715
0.178308
0.165276
0.189314
0.192191
0.205632
0.197336
0.171268
0.183400
0.166081
0.199178
0.175963
0.197636
0.173574
0.181112
0.195720
0.189458
0.148045
0.196959
0.185712
0.201019
0.188344
0.159774
0.187408
0.165303
0.162888
0.190782
0.162359
0.162923
0.174737
0.181171
0.175106
0.179422
0.215901
0.192772
0.186190
0.180534
0.213388
0.159313
0.173732
0.172569
0.161915
0.191092
0.174820
0.165230
0.162402
0.172265
0.191052
0.163404
0.166281
0.163380
0.196666
0.201496
0.188669
0.200547
0.175950
0.177983
0.183352
0.183917
0.189066
0.195694
0.194420
0.183308
0.186716
0.180171
0.191565
0.197890
0.186393
0.189180
0.203036
0.178666
0.192356
0.184199
0.175005
0.213791
0.220981
0.183620
0.206442
0.187753
0.189141
0.227549
0.197663
0.192099
0.184126
0.197767
0.181925
0.183940
0.201131
0.198437
0.182211
0.246929
0.174435
0.193064
0.176898
0.182153
0.198095
0.176833
0.189574
0.187361
0.175380
0.217460
0.186545
0.184951
0.184659
0.174955
0.195508
0.180258
0.186327
0.175408
0.177041
0.179420
0.194450
0.185781
0.170281
0.179847
0.185168
0.214792
0.196053
0.180285
0.163009
0.179209
0.189690
0.169065
0.170063
0.185908
0.182403
0.205629
0.209283
0.173658
0.190480
0.206981
0.175673
0.197110
0.196570
0.191990
0.171914
0.167732
0.188014
0.207787
0.174447
0.185982
0.165802
0.172396
0.186396
0.181945
0.179386
0.181807
0.185034
0.192356
0.179560
0.180387
0.162553
0.185876
0.209182
0.192712
0.209483
0.200003
0.165047
0.171530
0.169935
0.174766
0.186176
0.190028
0.189198
0.165774
0.203070
0.202098
0.185883
0.187557
0.169683
0.186867
0.176850
0.194103
0.186811
0.174295
0.211407
0.186969
0.169318
0.179059
0.185249
0.208734
0.197811
0.215174
0.223024
0.208397
0.199881
0.184006
0.193220
0.192759
0.175456
0.198074
0.184702
0.192801
0.197757
0.161746
0.196025
0.174136
0.195901
0.182204
0.221259
0.213747
0.185980
0.180358
0.170014
0.190927
0.173422
0.192865
0.173878
0.203998
0.187007
0.189314
0.197002
0.182704
0.171386
0.185601
0.175371
0.185515
0.195536
0.206452
0.183600
0.173625
0.196227
0.206148
0.185230
0.195766
0.206874
0.191577
0.167322
0.169926
0.158277
0.181577
0.189818
0.198231
0.181879
0.178013
0.189172
0.190106
0.211968
0.191404
