82	99	32	46
63	150	40	10
80	115	16	37
75	124	21	29
75	109	22	39
72	132	27	21
75	115	23	36
71	128	25	35
79	104	20	51
74	105	24	59
60	158	40	10
78	120	19	23
78	117	18	33
74	127	22	29
75	110	22	41
74	102	28	43
68	131	34	22
72	108	28	34
71	112	30	33
73	102	30	44
65	143	33	22
77	106	20	35
74	115	22	35
73	104	24	41
65	143	33	10
77	113	15	38
74	115	21	39
72	106	26	36
70	120	29	28
73	106	27	36
68	131	32	18
74	110	22	37
68	139	29	15
76	113	18	34
74	110	21	41
72	109	27	38
75	106	25	50
71	108	32	45
63	146	40	13
76	114	20	36
73	110	22	41
74	104	25	45
71	107	26	53
71	124	31	32
73	105	23	64
69	127	30	40
77	102	22	63
69	117	28	53
70	124	30	37
64	148	33	12
77	111	17	38
73	120	22	33
72	110	24	38
71	111	27	45
69	124	30	32
72	104	26	59
66	122	35	37
66	136	36	21
72	109	25	45
69	120	32	36
74	104	26	55
60	156	37	16
75	111	21	35
72	116	23	39
69	130	27	29
75	106	20	46
72	106	28	41
71	103	31	45
66	121	32	46
75	94	25	67
60	144	35	33
71	106	22	77
64	130	34	40
64	148	32	30
72	114	23	53
60	151	39	12
74	124	18	37
76	98	20	46
72	109	23	50
60	155	38	10
75	124	15	44
70	124	22	41
64	151	27	26
71	109	23	36
63	154	28	10
75	126	15	43
69	138	26	22
74	108	22	41
67	135	31	15
66	156	23	15
75	126	13	46
72	111	22	42
69	120	24	46
59	156	33	19
72	111	22	34
65	147	27	10
74	118	14	41
68	132	23	25
75	108	21	40
71	115	24	39
62	151	32	10
75	118	15	38
71	114	21	40
71	105	26	43
65	130	31	31
64	143	30	17
73	116	20	34
66	146	25	16
75	117	15	42
71	114	20	45
62	148	32	11
71	135	17	26
72	117	18	45
64	142	28	23
73	114	21	36
71	108	22	49
67	109	30	46
56	157	39	10
73	123	14	57
53	105	40	47
52	159	40	27
66	126	32	24
69	110	23	43
69	113	22	51
68	118	26	45
59	146	36	18
69	114	26	30
64	140	25	21
73	115	19	35
68	127	22	35
68	109	22	60
58	149	37	15
72	111	21	31
70	119	20	38
70	107	24	42
68	104	28	53
55	155	43	10
71	116	20	27
77	91	17	50
72	98	22	43
70	98	26	44
69	97	30	44
68	94	29	47
67	92	32	49
66	89	32	53
65	87	34	55
68	85	32	57
65	84	32	58
70	85	30	58
67	86	31	53
66	89	32	57
65	87	34	56
65	85	35	57
64	85	34	56
67	86	33	57
65	87	36	56
64	84	36	58
66	82	36	60
65	82	37	59
65	81	37	62
65	79	36	62
67	83	35	59
66	80	34	60
68	80	34	60
67	79	37	61
67	78	34	60
66	76	37	61
67	76	38	62
66	74	36	61
68	73	36	61
67	73	33	58
68	73	35	58
67	71	36	57
71	70	34	58
69	69	35	58
69	67	34	58
68	66	37	59
70	62	36	62
69	61	35	60
71	61	35	62
72	61	36	61
71	59	33	59
72	62	34	62
70	61	33	58
75	61	33	57
74	59	35	57
73	57	37	61
72	55	35	61
77	56	33	61
74	57	34	57
73	55	37	61
74	53	36	62
73	51	38	63
74	53	36	60
72	51	36	61
75	51	35	62
75	51	35	66
75	51	34	61
74	52	35	67
74	51	35	62
76	51	36	62
75	49	37	62
75	49	35	60
74	50	38	59
75	49	37	60
75	48	37	61
74	49	38	59
77	49	35	60
75	50	33	56
74	54	33	60
75	53	34	57
73	51	37	58
73	48	34	59
75	49	34	58
75	49	37	59
73	47	35	59
74	46	36	62
73	45	37	62
73	44	37	65
77	48	31	58
75	50	34	62
74	50	35	58
73	48	36	59
74	47	36	60
73	45	38	62
75	45	34	61
76	48	35	63
75	47	36	61
76	47	36	61
77	46	36	60
76	48	38	62
76	48	35	60
76	47	37	62
76	48	35	59
75	49	38	62
74	48	36	60
77	48	35	61
75	47	39	61
74	48	42	60
74	44	45	64
74	46	40	62
74	44	45	63
74	48	44	61
74	47	42	62
74	48	46	61
74	46	39	62
73	46	44	63
73	45	46	64
74	46	45	63
73	44	48	66
74	45	41	64
73	46	46	63
74	44	47	65
74	44	43	65
75	45	46	64
74	40	43	69
74	44	47	65
76	44	41	64
75	44	45	64
75	46	41	61
75	46	44	62
74	44	44	64
74	45	47	62
75	50	39	58
75	46	41	62
75	43	41	65
74	45	42	65
76	46	43	62
75	49	38	58
75	51	40	58
75	51	38	58
75	51	40	57
75	51	38	58
76	51	38	58
75	53	37	56
75	57	38	52
75	52	36	58
77	50	36	59
76	51	39	58
76	49	34	58
86	48	31	56
84	47	29	53
83	48	31	49
88	52	33	42
88	49	33	44
88	53	34	39
88	56	38	35
83	57	44	32
85	57	42	32
83	57	44	32
85	57	41	33
83	58	43	32
87	54	39	34
83	55	43	32
81	47	28	35
27	68	13	22
23	71	16	15
25	72	13	18
23	72	13	15
24	73	11	15
22	73	11	17
22	75	11	16
17	74	14	18
17	77	13	16
13	78	12	16
13	77	15	15
10	80	14	16
10	82	13	13
7	84	11	14
3	88	14	12
0	91	12	13
0	92	10	13
0	91	12	17
0	90	16	24
2	86	20	35
3	85	29	45
10	77	73	17
90	29	24	46
99	18	44	38
87	20	51	46
77	22	56	50
68	23	62	50
63	24	68	56
54	26	70	68
59	20	62	72
45	27	74	76
50	31	65	72
52	34	61	68
52	35	61	68
52	36	59	68
43	39	66	73
47	40	62	67
45	45	61	73
44	50	60	64
45	46	58	72
44	46	58	71
43	45	59	74
31	54	70	73
35	55	62	69
37	58	59	69
37	64	57	64
32	68	59	62
35	72	56	59
36	76	56	58
37	73	56	62
30	77	61	66
34	79	64	62
37	81	59	70
38	85	58	68
39	81	59	69
40	87	57	71
40	81	57	70
36	88	61	71
36	88	62	74
38	91	60	70
39	94	59	67
34	94	62	67
34	99	59	70
35	96	60	72
34	97	60	73
34	100	59	73
36	96	60	72
36	103	59	74
36	104	59	68
36	105	61	68
35	107	61	66
37	104	61	70
35	105	61	71
36	106	61	69
38	108	59	66
31	110	65	66
35	108	65	64
25	112	70	68
31	105	69	72
34	109	62	71
32	114	64	67
35	107	60	75
35	113	59	70
36	108	57	71
36	110	57	69
35	115	61	65
37	114	58	68
27	116	66	68
32	113	64	70
33	112	60	72
34	112	63	71
32	115	64	70
34	106	60	79
34	115	62	69
35	110	60	76
32	113	63	73
29	118	63	70
32	109	60	79
32	115	63	71
33	109	58	79
33	114	59	74
33	111	58	73
33	113	57	71
33	115	57	70
34	108	56	77
32	116	59	69
33	112	58	73
32	114	59	71
32	117	58	69
33	114	57	73
33	118	60	68
35	114	56	74
33	120	58	68
35	111	57	77
33	115	59	73
35	113	57	75
34	120	58	67
37	112	54	74
34	116	60	69
37	111	56	73
37	116	56	72
36	116	57	72
35	117	58	71
36	121	56	73
36	128	45	60
29	136	44	45
31	139	45	45
31	141	45	42
27	143	46	40
31	145	45	35
30	146	48	36
30	147	49	39
31	148	50	39
30	148	50	36
31	148	49	39
31	150	50	38
30	150	51	37
32	149	49	38
36	149	47	39
39	146	51	37
38	146	52	38
40	146	49	40
40	146	50	38
45	141	51	40
49	141	48	40
51	139	51	39
56	137	50	39
60	134	49	42
63	131	48	42
62	132	51	41
64	132	49	39
66	131	50	43
69	126	49	39
70	127	51	42
68	127	54	40
72	127	49	42
72	124	50	41
72	125	52	43
74	125	52	41
75	123	51	41
76	124	51	40
77	123	50	41
76	123	52	40
76	122	52	39
77	122	51	41
76	122	52	40
78	122	51	42
77	122	52	41
77	122	52	39
77	121	52	41
81	121	48	36
80	121	49	41
80	121	49	36
81	121	49	39
80	121	49	37
81	121	49	41
82	121	48	36
82	121	49	40
81	121	50	34
82	120	49	40
80	120	51	37
84	120	48	42
82	118	50	38
82	119	50	42
82	119	51	38
83	119	50	41
84	119	49	37
82	119	52	41
84	116	49	39
83	117	51	41
81	117	54	39
84	116	50	39
82	117	53	43
82	117	53	39
83	117	51	39
84	117	51	41
81	117	53	39
85	117	49	40
82	117	52	40
84	117	51	43
83	118	52	38
84	118	51	42
84	118	50	37
85	118	50	42
84	118	51	38
84	118	50	38
85	118	49	40
85	116	48	39
83	116	51	42
84	116	49	37
85	115	49	42
85	116	49	39
85	116	49	39
84	116	50	40
83	115	50	39
84	115	50	39
84	115	50	38
85	114	49	41
84	114	51	41
84	114	51	41
84	113	51	38
85	113	50	42
87	112	48	38
87	113	49	42
86	110	49	39
89	110	47	43
88	112	50	39
85	111	52	39
90	111	48	42
87	111	50	39
88	111	49	42
88	110	49	38
88	110	50	42
89	110	48	37
88	110	50	42
90	109	47	37
86	108	51	42
89	104	48	39
89	106	49	43
88	105	51	36
90	105	49	42
88	105	51	36
91	105	49	41
91	104	49	39
90	103	51	40
91	101	50	39
94	100	49	40
94	97	48	38
96	98	49	41
94	99	52	41
96	93	49	41
96	94	51	44
98	91	49	40
98	91	51	41
99	90	49	37
99	90	49	43
98	88	51	38
99	89	50	43
99	87	50	38
99	87	50	43
100	87	50	38
100	87	51	42
102	85	50	37
104	85	47	43
101	85	51	38
102	85	50	42
103	84	49	40
103	85	50	41
105	79	48	40
105	81	50	43
103	78	50	42
104	79	50	44
103	75	51	42
105	76	51	44
107	71	48	43
105	74	52	42
105	73	51	39
104	73	52	43
107	71	50	37
107	71	50	43
105	72	51	39
107	71	50	42
104	71	52	37
108	70	49	43
105	69	52	39
109	69	48	44
107	69	51	38
107	69	50	43
107	69	51	37
108	69	50	43
109	70	49	40
109	71	50	40
109	71	50	43
110	69	49	39
108	70	52	43
109	70	51	40
109	71	51	41
108	71	52	39
108	71	51	41
108	70	51	40
109	70	51	43
110	71	50	39
109	69	50	40
109	69	51	45
108	69	52	39
110	69	50	44
111	66	50	40
110	67	51	44
110	68	52	39
110	68	51	44
110	68	52	38
110	68	51	41
111	68	50	37
112	67	50	42
110	66	51	37
111	65	51	42
110	64	52	38
112	64	51	41
111	64	52	40
111	63	51	36
112	62	51	42
113	60	50	38
112	56	51	44
114	53	50	41
111	52	52	39
113	50	50	40
112	49	54	43
112	49	53	40
115	41	50	41
114	42	51	45
115	34	52	45
115	34	52	39
118	24	49	42
118	24	52	44
116	24	54	40
121	14	49	44
123	13	49	43
127	2	49	44
126	0	52	43
132	0	53	36
128	0	54	36
127	0	58	36
133	0	55	29
128	0	57	19
130	0	37	10
144	0	41	12
142	0	34	29
124	0	54	49
101	0	85	80
44	0	146	125
8	0	180	209
0	0	202	322
0	16	202	343
0	29	202	330
0	38	202	321
0	45	202	314
0	48	202	311
0	54	202	305
0	59	202	300
0	66	202	293
0	71	202	288
0	78	202	281
0	80	202	279
0	74	202	285
0	71	202	288
0	67	202	292
0	75	202	284
0	86	202	273
0	75	202	284
0	64	202	295
0	69	202	290
0	77	202	282
0	81	202	278
0	91	202	268
0	98	202	261
0	105	202	254
0	112	202	247
0	114	202	245
0	114	202	245
0	105	202	254
0	99	202	260
0	99	202	260
0	101	202	258
0	103	202	256
0	107	202	252
0	97	202	262
0	96	202	263
0	95	202	264
0	89	202	270
0	85	202	274
0	86	202	273
0	85	202	274
0	95	202	264
0	99	202	260
0	110	202	249
0	113	202	246
0	116	202	243
0	113	202	246
0	114	202	245
0	102	202	257
0	103	202	256
0	97	202	262
0	97	202	262
0	99	202	260
0	94	202	265
0	89	202	270
0	90	202	269
0	88	202	271
0	87	202	272
0	96	202	263
0	93	202	266
0	89	202	270
0	91	202	268
0	96	202	263
0	99	202	260
0	103	202	256
0	106	202	253
0	106	202	253
0	102	202	257
0	104	202	255
0	109	202	250
0	97	202	262
0	93	202	266
0	88	202	271
0	85	202	274
0	98	202	261
0	100	202	259
0	104	202	255
0	101	202	258
0	103	202	256
0	99	202	260
0	106	202	253
0	118	202	241
0	113	202	246
0	110	202	249
0	108	202	251
0	111	202	248
0	105	202	254
0	103	202	256
0	107	202	252
0	110	202	249
0	112	202	247
0	109	202	250
0	102	202	257
0	89	202	270
0	84	202	275
0	91	202	268
0	93	202	266
0	86	202	273
0	84	202	275
0	77	202	282
0	75	202	284
0	86	202	273
0	86	202	273
0	85	202	274
0	73	202	286
0	64	202	295
0	62	202	297
0	70	202	289
0	78	202	281
0	75	202	284
0	83	202	276
0	82	202	277
0	88	202	271
0	90	202	269
0	87	202	272
0	79	202	280
0	80	202	279
0	101	202	258
0	104	202	255
0	98	202	261
0	97	202	262
0	99	202	260
0	106	202	253
0	100	202	259
0	104	202	255
0	104	202	255
0	102	202	257
0	95	202	264
0	86	202	273
0	82	202	277
0	86	202	273
0	92	202	267
0	97	202	262
0	101	202	258
0	99	202	260
0	98	202	261
0	105	202	254
0	107	202	252
0	99	202	260
0	90	202	269
0	92	202	267
0	88	202	271
0	99	202	260
0	101	202	258
0	96	202	263
0	93	202	266
0	92	202	267
0	93	202	266
0	101	202	258
0	103	202	256
0	97	202	262
0	93	202	266
0	89	202	270
0	83	202	276
0	92	202	267
0	91	202	268
0	96	202	263
0	92	202	267
0	97	202	262
0	101	202	258
0	102	202	257
0	105	202	254
0	88	202	271
0	79	202	280
0	70	202	289
0	65	202	294
0	64	202	295
0	61	202	298
0	60	202	299
0	65	202	294
0	68	202	291
0	62	202	297
0	60	202	299
0	64	202	295
0	59	202	300
0	61	202	298
0	53	202	306
0	57	202	302
0	55	202	304
0	54	202	305
0	53	202	306
0	55	202	304
0	54	202	305
0	56	202	303
0	52	202	307
0	54	202	305
0	60	202	299
0	61	202	298
0	65	202	294
0	68	202	291
0	60	202	299
0	57	202	302
0	65	202	294
0	65	202	294
0	63	202	296
0	64	202	295
0	59	202	300
0	56	202	303
0	52	202	307
0	47	202	312
0	51	202	308
0	51	202	308
0	56	202	303
0	56	202	303
0	49	202	310
0	12	202	347
0	0	202	360
0	4	202	355
0	11	202	348
0	9	202	350
0	21	202	338
0	17	202	342
0	21	202	338
0	28	202	331
0	29	202	330
0	35	202	324
0	43	202	316
0	51	150	218
0	33	90	63
7	55	50	49
11	67	56	34
9	66	56	37
16	66	52	39
23	70	53	37
29	72	49	39
34	73	48	41
36	76	49	42
39	78	49	42
38	80	52	45
38	82	53	44
39	83	54	44
43	84	51	46
45	87	53	45
45	88	54	42
48	88	51	43
48	89	52	41
49	88	52	40
48	88	54	41
50	88	51	41
52	85	52	40
55	85	50	42
57	86	50	42
57	86	52	41
59	86	50	40
54	86	56	40
60	85	49	41
64	84	49	42
66	85	49	42
62	83	53	41
66	83	51	41
69	80	49	42
67	81	53	43
66	81	55	40
69	81	52	45
68	81	55	41
70	81	52	41
70	79	53	40
70	79	53	43
69	79	54	41
67	79	56	41
68	79	54	41
67	79	54	41
66	79	55	42
67	79	55	41
67	80	54	43
67	81	54	41
68	81	53	42
66	82	54	40
68	82	53	43
67	82	55	42
70	83	52	41
70	83	53	42
70	84	53	41
72	84	51	42
67	85	56	42
71	85	52	43
70	85	53	43
68	86	55	40
67	85	56	41
69	85	53	42
70	85	53	40
67	85	55	42
68	85	54	41
69	85	53	42
69	85	52	39
69	85	53	43
68	86	54	41
67	85	54	41
67	85	54	42
67	85	54	41
67	85	53	41
68	85	51	39
67	85	54	43
69	86	51	43
70	86	52	42
65	87	57	41
67	86	54	42
69	86	52	41
69	87	52	41
67	86	54	41
70	86	51	40
69	86	54	43
67	86	55	41
71	85	51	40
66	85	55	39
69	85	51	40
70	85	52	42
69	85	53	40
71	82	51	43
65	84	57	40
69	83	52	41
68	83	53	41
69	83	52	41
67	83	54	39
69	83	51	40
66	83	55	41
69	82	51	40
67	82	54	41
69	82	52	41
68	83	53	41
67	83	53	41
67	82	53	41
67	82	53	41
67	83	53	41
64	83	55	40
68	82	52	42
67	82	53	40
67	82	52	41
65	83	54	39
68	82	51	41
65	82	54	39
68	82	51	40
65	82	54	41
67	82	52	41
68	82	51	40
68	82	52	41
69	82	51	40
66	82	55	40
70	82	50	41
67	82	55	42
71	83	50	41
69	83	53	39
72	82	51	44
70	83	54	39
72	82	51	40
71	83	54	43
74	84	51	41
74	84	52	44
71	86	55	38
75	85	50	45
73	88	53	41
77	88	49	44
71	90	56	38
73	89	53	45
72	91	54	42
74	92	52	46
73	94	53	41
74	95	52	42
75	96	51	39
73	97	54	44
73	97	53	40
76	97	51	43
73	99	55	41
75	99	53	43
76	100	52	41
77	101	52	44
75	102	54	39
78	101	51	44
78	102	51	39
77	103	52	45
75	104	54	41
76	104	54	45
76	105	54	43
76	105	54	41
77	106	52	43
76	106	54	41
77	107	52	43
75	106	53	40
75	107	54	44
75	107	54	41
77	107	51	41
76	107	52	41
75	107	53	45
76	106	52	39
77	106	51	44
75	107	53	40
77	107	51	45
74	107	55	42
75	107	54	41
78	107	52	44
75	108	55	40
76	107	53	41
74	107	55	40
77	107	52	42
78	108	51	41
77	109	52	41
74	109	55	42
77	109	52	40
74	109	55	43
77	109	53	41
73	109	55	40
77	109	51	44
77	110	52	40
73	110	56	42
77	110	52	41
73	111	55	42
75	110	53	42
74	111	54	42
76	111	52	41
73	111	55	41
76	111	51	42
75	113	53	41
73	113	55	39
74	113	52	43
73	114	53	39
74	113	52	43
73	114	53	40
74	114	51	39
74	114	52	42
73	115	53	39
73	114	52	43
73	115	51	38
72	114	53	43
75	115	51	41
71	115	54	39
74	114	51	43
74	115	52	42
74	115	52	40
75	115	50	40
74	115	52	40
77	114	48	40
74	115	53	42
74	115	52	40
77	114	50	42
72	115	55	39
77	114	49	40
75	115	51	41
76	115	50	41
72	116	54	39
75	115	49	37
73	115	52	41
75	115	51	40
71	115	54	40
74	115	50	41
76	115	48	38
75	116	51	40
71	116	54	39
75	115	50	43
72	114	53	39
76	114	51	43
73	114	54	39
76	114	51	43
76	115	51	39
73	115	54	39
76	114	50	40
75	115	52	42
73	115	53	40
75	115	51	41
74	115	53	38
77	115	49	41
74	116	53	39
74	115	52	39
73	115	53	41
76	115	50	40
76	115	50	40
75	116	51	39
76	115	50	39
74	116	51	37
75	115	50	40
76	115	49	38
74	116	52	39
76	115	49	40
75	114	51	39
75	114	51	40
75	114	51	40
75	115	51	40
76	115	51	41
74	114	53	40
76	114	51	40
76	115	51	40
75	115	51	39
76	115	50	40
74	115	52	39
77	115	50	40
75	115	52	40
75	115	52	40
76	115	50	38
76	115	51	42
75	115	53	39
76	115	51	41
76	115	51	40
77	115	51	40
74	115	54	38
78	115	49	40
75	115	53	40
76	115	51	38
75	115	51	39
74	115	53	39
77	115	50	39
76	115	51	39
75	116	52	40
76	115	50	40
75	115	52	39
78	115	50	41
75	116	53	40
74	116	53	39
77	116	51	41
76	116	52	39
73	116	54	40
77	116	50	43
76	117	52	38
75	117	52	39
77	117	50	38
74	117	53	40
78	117	49	38
75	117	53	38
79	117	48	38
76	118	52	39
76	118	52	38
74	118	53	39
77	117	51	41
77	118	51	40
75	118	53	38
77	117	50	40
76	118	52	42
77	118	51	39
75	118	53	39
78	117	49	39
75	117	53	40
78	117	50	40
77	117	50	38
77	117	51	42
77	118	51	38
76	117	52	43
76	116	51	39
78	116	50	43
77	117	52	40
80	117	48	39
75	117	53	40
80	116	48	38
79	117	50	42
81	117	48	39
79	117	51	41
78	117	52	40
79	117	50	39
79	117	51	42
75	118	55	38
79	117	49	40
76	118	53	40
76	118	51	38
79	118	48	43
73	119	55	37
79	118	48	39
75	119	53	41
77	119	50	37
76	119	51	42
78	119	49	37
74	119	54	41
77	119	50	38
76	119	51	40
77	119	49	37
77	119	50	40
76	119	51	37
78	119	49	42
77	119	50	36
77	119	51	40
78	119	51	42
76	119	52	37
75	118	51	37
76	118	50	41
76	119	50	39
76	119	51	38
75	119	51	38
76	119	50	38
74	119	53	40
77	119	49	38
77	119	51	41
76	119	50	36
75	119	51	40
75	119	51	36
77	119	49	41
76	119	50	37
75	119	52	40
76	119	49	35
77	118	49	41
76	119	49	36
77	118	50	39
77	119	50	38
76	119	51	39
76	119	50	37
75	118	52	41
77	119	50	36
76	119	50	41
76	119	50	40
76	119	50	38
78	118	49	41
73	119	55	38
78	117	48	39
75	118	52	39
75	117	52	39
77	117	50	40
79	117	48	40
76	117	52	38
79	116	50	42
76	117	51	36
