0.001794
0.178993
0.166144
0.152440
0.134815
0.155068
0.154589
0.136238
0.134304
0.157611
0.135863
0.132293
0.152024
0.112122
0.170140
0.142724
0.160085
0.148995
0.138649
0.157363
0.144345
0.167140
0.134034
0.183268
0.152486
0.134742
0.144756
0.139535
0.135979
0.135297
0.134608
0.135688
0.148044
0.109787
0.149392
0.133348
0.109609
0.134583
0.128041
0.138866
0.152487
0.181348
0.159324
0.130015
0.139132
0.167911
0.142028
0.141989
0.157977
0.130714
0.129570
0.155345
0.159376
0.134965
0.143262
0.156696
0.133238
0.138266
0.133445
0.117087
0.106520
0.103601
0.104170
0.105335
0.109773
0.109032
0.148555
0.148300
0.133231
0.131990
0.152580
0.102503
0.128255
0.106607
0.102401
0.101547
0.155819
0.132840
0.129289
0.134419
0.169749
0.109522
0.114074
0.157023
0.150604
0.162023
0.135746
0.136938
0.131526
0.106356
0.107882
0.100832
0.130968
0.101055
0.099750
0.121137
0.131865
0.132808
0.158411
0.103405
0.108383
0.100282
0.166247
0.108889
0.141441
0.106564
0.189661
0.146571
0.154077
0.132022
0.180164
0.160493
0.136126
0.124295
0.106067
0.178551
0.161617
0.161402
0.148272
0.134953
0.129952
0.155115
0.138463
0.171300
0.137235
0.156201
0.139192
0.151957
0.151701
0.137674
0.149371
0.136985
0.133505
0.165988
0.132882
0.130594
0.131930
0.126031
0.107884
0.105031
0.124108
0.127864
0.127170
0.130104
0.154261
0.146727
0.134884
0.136919
0.130777
0.130915
0.111276
0.109567
0.118784
0.161196
0.142165
0.130329
0.134086
0.132870
0.133559
0.152023
0.152339
0.134088
0.173486
0.130107
0.130811
0.103004
0.102801
0.104484
0.104770
0.103297
0.101294
0.099369
0.098596
0.099186
0.099360
0.174265
0.106083
0.102726
0.104757
0.104511
0.102744
0.100738
0.101503
0.102094
0.102147
0.103631
0.111254
0.105489
0.154687
0.134817
0.156378
0.140383
0.146393
0.142360
0.131779
0.129853
0.113477
0.104681
0.105378
0.156141
0.118494
0.175325
0.131409
0.134826
0.132641
0.118399
0.102456
0.102309
0.105913
0.102811
0.104635
0.099211
0.099917
0.099236
0.099498
0.105200
0.103956
0.100509
0.110572
0.103085
0.162463
0.134867
0.105159
0.103546
0.106112
0.108391
0.134384
0.134899
0.150080
0.106703
0.152737
0.151893
0.143929
0.115233
0.116394
0.112355
0.139077
0.138732
0.139389
0.122920
0.132211
0.129552
0.147252
0.144196
0.172887
0.153454
0.137676
0.135420
0.136576
0.136786
0.103729
0.104920
0.103979
0.107582
0.170501
0.161227
0.151203
0.153029
0.153219
0.142662
0.158097
0.156209
0.159757
0.147974
0.134082
0.162193
0.153445
0.135113
0.164477
0.158960
0.156773
0.147448
0.137554
0.159312
0.136826
0.128793
0.106112
0.105144
0.104487
0.110730
0.106857
0.106526
0.105780
0.108940
0.111559
0.190473
0.104584
0.155712
0.111412
0.115016
0.132178
0.127380
0.104909
0.107368
0.106228
0.107231
0.108493
0.108417
0.131676
0.132964
0.174783
0.131692
0.156175
0.170784
0.141442
0.152023
0.140280
0.148631
0.132360
0.163599
0.155406
0.141564
0.133446
0.171659
0.118339
0.103744
0.142170
0.132877
0.131598
0.142684
0.142350
0.151906
0.153692
0.162557
0.145963
0.168591
0.133487
0.153704
0.135030
0.154551
0.160567
0.154996
0.157118
0.133505
0.158645
0.158045
0.154809
0.149381
0.132330
0.133583
0.132991
0.133893
0.136552
0.128895
0.152356
0.137324
0.146828
0.134716
0.133410
0.128062
0.127435
0.109501
0.103346
0.146762
0.148256
0.148987
0.134234
0.101498
0.108069
0.111960
0.172027
0.132264
0.132708
0.132856
0.133963
0.145861
0.151215
0.167983
0.155785
0.141397
0.156974
0.150053
0.127837
0.132071
0.134436
0.132757
0.106910
0.104917
0.108022
0.107349
0.138445
0.129215
0.152410
0.152732
0.177929
0.149369
0.149334
0.134974
0.145346
0.133208
0.132553
0.172366
0.159700
0.130517
0.135007
0.123038
0.110008
0.134423
0.149970
0.134845
0.159990
0.137916
0.153960
0.106439
0.153815
0.108076
0.165557
0.117747
0.103398
0.103713
0.150769
0.136260
0.174097
0.161324
0.157768
0.160458
0.128224
0.125036
0.134498
0.138269
0.152176
0.149033
0.129642
0.129153
0.134858
0.134473
0.155138
0.156069
0.133325
0.100422
0.155256
0.135859
0.183325
0.166694
0.137979
0.157685
0.138587
0.135128
0.149999
0.157451
0.139901
0.138973
0.134468
0.162135
0.144244
0.134439
0.157993
0.134347
0.134921
0.122101
0.104073
0.110165
0.105949
0.165290
0.157898
0.176672
0.137283
0.122402
0.158998
0.165941
0.159137
0.139858
0.182256
0.165720
0.132369
0.136020
0.139903
0.124914
0.113525
0.108424
0.101919
0.105720
0.108243
0.152157
0.145226
0.167637
0.188857
0.142840
0.141796
0.160736
0.139749
0.146293
0.119554
0.122297
0.106089
0.119506
0.116962
0.135015
0.133353
0.133004
0.169497
0.133344
0.131547
0.135673
0.132037
0.124978
0.150700
0.157244
0.147738
0.207389
0.180584
0.148813
0.141232
0.135314
0.153385
0.135218
0.146736
0.157269
0.141900
0.164964
0.160113
0.139401
0.134333
0.136960
0.131668
0.101808
0.104792
0.102349
0.154526
0.130047
0.158598
0.167900
0.105701
0.106680
0.153618
0.136783
0.156287
0.174554
0.135920
0.136835
0.151748
0.132684
0.131139
0.175488
0.104161
0.106166
0.156903
0.135781
0.159782
0.107861
0.108161
0.166032
0.168147
0.152964
0.158214
0.181731
0.133586
0.153567
0.147022
0.138789
0.107937
0.166041
0.114003
0.160783
0.144606
0.174447
0.164784
0.175069
0.160249
0.172982
0.159905
0.164112
0.162993
0.147866
0.146600
0.152281
0.129253
0.126986
0.132859
0.164514
0.161838
0.160214
0.132930
0.108003
0.184983
0.103004
0.106771
0.102643
0.104948
0.102582
0.101571
0.099579
0.162750
0.099093
0.153890
0.143680
0.102592
0.102323
0.103784
0.102066
0.104494
0.106301
0.101631
0.102849
0.104171
0.103044
0.102940
0.102615
0.149829
0.104144
0.109364
0.160861
0.158371
0.166463
0.157714
0.151765
0.141031
0.132643
0.129496
0.149242
0.133472
0.134499
0.128573
0.127173
0.126893
0.103761
0.148064
0.132066
0.147937
0.160566
0.142467
0.125376
0.101728
0.099584
0.099206
0.107301
0.110518
0.104720
0.100764
0.173291
0.130089
0.130791
0.152704
0.132587
0.130699
0.130734
0.132524
0.154680
0.130709
0.141937
0.131728
0.131804
0.131669
0.132197
0.127739
0.098194
0.179300
0.126750
0.103076
0.103374
0.101673
0.107294
0.104544
0.104327
0.161350
0.143401
0.105628
0.100958
0.146825
0.096475
0.102573
0.152672
0.132298
0.147689
0.130901
0.165732
0.152208
0.152970
0.164707
0.134942
0.147479
0.138130
0.126580
0.133079
0.131950
0.130464
0.168222
0.144644
0.133074
0.175230
0.155298
0.131221
0.174998
0.134272
0.139850
0.168839
0.130130
0.153733
0.142223
0.131985
0.166984
0.132688
0.129928
0.131071
0.139883
0.131755
0.129900
0.124376
0.153404
0.103205
0.120427
0.104022
0.103082
0.147106
0.133039
0.099141
0.099967
0.101844
0.110453
0.107367
0.104524
0.108647
0.108147
0.105425
0.103420
0.103750
0.104995
0.118390
0.112746
0.101212
0.104119
0.105215
0.103539
0.161318
0.165756
0.150857
0.141449
0.135877
0.104932
0.104216
0.103775
0.143231
0.129513
0.130471
0.105767
0.104817
0.106633
0.102754
0.104344
0.103967
0.108801
0.124323
0.144197
0.143939
0.144353
0.136156
0.154225
0.187464
0.175424
0.151726
0.172004
0.136250
0.139687
0.101498
0.106678
0.107099
0.110093
0.122589
0.126197
0.113713
0.143752
0.123602
0.106225
0.116149
0.115643
0.115385
0.112216
0.111290
0.105326
0.113396
0.105891
0.105420
0.104512
0.104031
0.105051
0.152698
0.122512
0.106540
0.160520
0.135100
0.145062
0.135858
0.152898
0.160264
0.136544
0.139699
0.104285
0.104209
0.109863
0.105113
0.107573
0.105018
0.102192
0.101483
0.106533
0.102308
0.105818
0.105654
0.107667
0.110357
0.156613
0.181860
0.161833
0.159257
0.142283
0.144931
0.162579
0.173582
0.184842
0.165699
0.151122
0.107121
0.173284
0.132703
0.158921
0.184125
0.159922
0.108965
0.152257
0.165849
0.144980
0.131477
0.165220
0.163179
0.128918
0.151145
0.149317
0.158507
0.136212
0.127895
0.149484
0.161258
0.133194
0.139018
0.173870
0.160707
0.133241
0.152592
0.138657
0.183379
0.149200
0.152294
0.148543
0.142249
0.131445
0.132467
0.131989
0.138314
0.128481
0.125313
0.100211
0.097106
0.096570
0.101608
0.101296
0.101655
0.098891
0.121842
0.168641
0.134860
0.131858
0.104821
0.103070
0.099459
0.107319
0.143751
0.130393
0.128791
0.169700
0.140769
0.147468
0.132186
0.153587
0.148426
0.158105
0.150202
0.131435
0.131636
0.129381
0.138895
0.142496
0.132104
0.127937
0.156653
0.158184
0.131871
0.132708
0.113258
0.129246
0.102256
0.099835
0.148886
0.136503
0.106131
0.102190
0.101827
0.102265
0.150276
0.178095
0.154214
0.147561
0.152025
0.149804
0.128602
0.131233
0.144541
0.128228
0.151190
0.129169
0.126771
0.146400
0.148934
0.148208
0.150629
0.175506
0.157570
0.157510
0.140692
0.140213
0.130401
0.131780
0.132916
0.103392
0.139867
0.105446
0.103865
0.109834
0.134857
0.155333
0.102977
0.101183
0.104858
0.108429
0.103350
0.153086
0.157628
0.119269
0.162891
0.141893
0.150561
0.129057
0.129172
0.132640
0.139785
0.128480
0.160238
0.150139
0.144547
0.131682
0.160978
0.172758
0.153167
0.142424
0.129850
0.155894
0.132791
0.126651
0.152801
0.130113
0.128592
0.108946
0.103148
0.102424
0.155807
0.158291
0.154238
0.151502
0.164126
0.160841
0.126082
0.127211
0.132407
0.165510
0.127151
0.101909
0.100596
0.097805
0.137493
0.136435
0.157906
0.120967
0.100292
0.149922
0.151125
0.153712
0.100516
0.137967
0.130331
0.151462
0.140379
0.155056
0.167797
0.154728
0.132798
0.136458
0.129985
0.136235
0.116100
0.128248
0.127797
0.130549
0.103360
0.112099
0.105573
0.105669
0.108883
0.152889
0.111320
0.156885
0.132130
0.101065
0.157851
0.132944
0.159522
0.132729
0.151371
0.133179
0.166221
0.152586
0.135082
0.167199
0.132240
0.100593
0.102247
0.162990
0.100531
0.099267
0.101508
0.144583
0.153667
0.108518
0.158641
0.100342
0.107113
0.149201
0.155106
0.130389
0.157893
0.139157
0.153123
0.147429
0.150026
0.131198
0.130959
0.146471
0.135309
0.129986
0.131654
0.131383
0.127097
0.103331
0.168685
0.097896
0.099535
0.098547
0.100601
0.173307
0.155885
0.132214
0.157674
0.158363
0.101655
0.102581
0.123019
0.112815
0.107074
0.099742
0.105110
0.104952
0.103384
0.105092
0.104159
0.104423
0.099704
0.176159
0.157417
0.160422
0.101606
0.105929
0.154623
0.104966
0.144912
0.102551
0.166492
0.142222
0.127476
0.170512
0.160717
0.138168
0.129728
0.145542
0.144188
0.162760
0.156653
0.140929
0.151306
0.131849
0.135416
0.123257
0.102464
0.100805
0.102419
0.179633
0.104970
0.143502
0.128535
0.150644
0.129551
0.183680
0.136236
0.152607
0.157066
0.158248
0.130093
0.152477
0.156569
0.139845
0.129771
0.147501
0.126555
0.130013
0.151540
0.142451
0.129165
0.125848
0.135170
0.141681
0.132364
0.131499
0.131093
0.122486
0.174655
0.146254
0.146276
0.146306
0.144416
0.149893
0.152722
0.184893
0.149367
0.138747
0.173827
0.144444
0.153745
0.140956
0.132803
0.121151
0.102821
0.101664
0.150298
0.150139
0.145408
0.166118
0.161977
0.144129
0.110837
0.151035
0.132491
0.150870
0.149387
0.129733
0.129061
0.170111
0.149920
0.132829
0.105660
0.104253
0.103199
0.102784
0.102540
0.153157
0.117262
0.104664
0.100654
0.098850
0.100607
0.135468
0.160517
0.156831
0.153912
0.101514
0.102742
0.104258
0.102585
0.101727
0.100852
0.105794
0.102955
0.104758
0.101137
0.153258
0.100310
0.099038
0.099463
0.100012
0.101603
0.153103
0.127559
0.101613
0.127564
0.126778
0.102813
0.100446
0.103561
0.142156
0.155036
0.135743
0.132983
0.141855
0.152169
0.152487
0.150691
0.154455
0.151686
0.134268
0.173371
0.148423
0.125411
0.141428
0.135165
0.137764
0.140205
0.154594
0.151124
0.152590
0.165549
0.134544
0.136524
0.133890
0.135162
0.133666
0.105024
0.160713
0.134130
0.135931
0.130645
0.106420
0.139813
0.156716
0.107943
0.112030
0.111330
0.111835
0.125701
0.113669
0.113230
0.115720
0.119580
0.118624
0.125939
0.201900
0.166662
0.141918
0.142779
0.187727
0.148203
0.122325
0.128564
0.119068
0.106104
0.102110
0.103926
0.140954
0.137359
0.130547
0.131957
0.110257
0.103092
0.104308
0.105354
0.106078
0.103478
0.104238
0.103671
0.106622
0.107510
0.108518
0.103241
0.154611
0.163679
0.107649
0.103855
0.105053
0.105430
0.103100
0.103717
0.104086
0.103333
0.106528
0.105695
0.105277
0.102455
0.155945
0.147325
0.153069
0.130134
0.122242
0.103938
0.140283
0.132112
0.133307
0.163314
0.154834
0.111691
0.106381
0.104789
0.103616
0.105440
0.101511
0.099717
0.144070
0.137906
0.167114
0.153706
0.142785
0.152047
0.109689
0.103047
0.104437
0.103244
0.102060
0.103852
0.105168
0.181885
0.109837
0.103580
0.103043
0.120434
0.161510
0.153832
0.105143
0.102569
0.100688
0.104100
0.101209
0.138003
0.153394
0.101264
0.147603
0.134079
0.127287
0.156363
0.143584
0.161291
0.151565
0.127927
0.155577
0.152941
0.134972
0.136298
0.129798
0.129921
0.144561
0.144097
0.133892
0.133325
0.180180
0.141527
0.173142
0.167096
0.155453
0.142606
0.154465
0.142758
0.165329
0.131828
0.155158
0.143977
0.159690
0.131633
0.151228
0.132041
0.153994
0.151977
0.151451
0.132743
0.117635
0.105063
0.106202
0.109993
0.101313
0.104420
0.154410
0.135863
0.152902
0.134282
0.134106
0.156457
0.160909
0.147627
0.137598
0.136323
0.135056
0.136528
0.106616
0.104638
0.161543
0.115780
0.154860
0.180772
0.104331
0.155986
0.136435
0.171396
0.139732
0.170067
0.155163
0.161275
0.132445
0.133414
0.133574
0.132055
0.157395
0.130745
0.160167
0.153912
0.128325
0.141091
0.129407
0.157653
0.152048
0.132534
0.156345
0.154346
0.146433
0.161109
0.136840
0.168194
0.174095
0.154326
0.152692
0.134503
0.132160
0.132113
0.155866
0.161032
0.179099
0.158249
0.150216
0.157933
0.158318
0.148269
0.102731
0.100754
0.098839
0.104583
0.103018
0.136323
0.133983
0.168203
0.149570
0.132481
0.101087
0.104711
0.104304
0.104669
0.103330
0.105511
0.098639
0.101619
0.100322
0.157616
0.140443
0.161353
0.175382
0.142456
0.156642
0.147375
0.161843
0.147511
0.128672
0.131515
0.133729
0.110104
0.180134
0.151148
0.100854
0.152355
0.106350
0.105025
