0.001046
0.144499
0.136880
0.152125
0.148366
0.145072
0.132292
0.151430
0.150616
0.154798
0.132408
0.132001
0.130467
0.123511
0.106336
0.106186
0.105254
0.139326
0.132775
0.128836
0.129329
0.107863
0.103104
0.106852
0.153980
0.174504
0.187951
0.101407
0.101765
0.101858
0.150973
0.205210
0.158005
0.188799
0.154849
0.137552
0.154000
0.115217
0.115957
0.112060
0.145238
0.142199
0.156612
0.180624
0.155750
0.145673
0.140640
0.179011
0.165708
0.151527
0.131705
0.158727
0.131568
0.153905
0.149861
0.150374
0.153762
0.153550
0.141646
0.138040
0.158436
0.127481
0.124799
0.125985
0.177439
0.154432
0.155782
0.152014
0.130303
0.133785
0.123886
0.104835
0.107851
0.108234
0.101768
0.103303
0.105220
0.103560
0.172062
0.149192
0.155747
0.156239
0.147674
0.149256
0.134153
0.130646
0.170939
0.155496
0.135212
0.116203
0.149815
0.142443
0.160447
0.150342
0.135144
0.135387
0.178593
0.178288
0.155720
0.145827
0.131625
0.163766
0.139494
0.131290
0.133409
0.191886
0.161555
0.178756
0.135925
0.154711
0.189923
0.159249
0.148466
0.141013
0.135808
0.133148
0.117842
0.105952
0.105943
0.105661
0.105984
0.106491
0.104195
0.105443
0.104949
0.105894
0.105846
0.110125
0.107249
0.108642
0.100495
0.157897
0.157367
0.124503
0.124722
0.153170
0.152486
0.153949
0.146633
0.129118
0.128767
0.147269
0.136788
0.111531
0.104218
0.146332
0.154204
0.154553
0.126180
0.153617
0.132121
0.181261
0.159969
0.190275
0.156793
0.158508
0.152701
0.131187
0.130521
0.179771
0.139831
0.132987
0.132251
0.131025
0.111070
0.104853
0.129282
0.124597
0.161006
0.139411
0.153430
0.123060
0.103132
0.156612
0.149835
0.129292
0.128551
0.129399
0.149037
0.150867
0.134942
0.127007
0.156083
0.145877
0.126286
0.129843
0.101991
0.095343
0.097148
0.147701
0.153276
0.104218
0.149747
0.159161
0.136686
0.159631
0.150010
0.153280
0.150651
0.154330
0.134825
0.130502
0.099453
0.099506
0.098830
0.100708
0.099221
0.134286
0.131737
0.161690
0.130012
0.161457
0.179445
0.156569
0.156688
0.155546
0.158884
0.132915
0.123374
0.126017
0.123943
0.121143
0.120028
0.120128
0.124226
0.122476
0.120669
0.118071
0.119633
0.125871
0.125180
0.149912
0.131254
0.130206
0.147619
0.146427
0.187031
0.167638
0.141464
0.134072
0.125173
0.148832
0.132492
0.137026
0.104165
0.147100
0.149319
0.131945
0.154472
0.166992
0.124900
0.124247
0.153473
0.153316
0.145731
0.163610
0.144784
0.153523
0.137328
0.151627
0.136033
0.146658
0.125782
0.145104
0.178148
0.152750
0.126909
0.155292
0.157108
0.150137
0.131613
0.115454
0.113596
0.132892
0.144570
0.149624
0.156068
0.139687
0.144761
0.131562
0.141943
0.146355
0.133594
0.104663
0.103223
0.109550
0.106704
0.105517
0.103959
0.162720
0.144348
0.161312
0.135707
0.104543
0.157775
0.106797
0.169212
0.154021
0.101358
0.103512
0.112778
0.113695
0.111493
0.149568
0.148232
0.140062
0.157135
0.121890
0.154079
0.160401
0.154350
0.130435
0.133079
0.152858
0.146666
0.131187
0.131142
0.117160
0.102388
0.102098
0.100841
0.142881
0.106964
0.149409
0.147032
0.155105
0.116036
0.099442
0.102586
0.106951
0.107534
0.152078
0.154315
0.151052
0.150677
0.140066
0.136438
0.138072
0.163596
0.160155
0.148381
0.133237
0.159928
0.141001
0.135893
0.130519
0.129833
0.125366
0.105847
0.103010
0.104896
0.154426
0.129038
0.141761
0.136062
0.123717
0.126799
0.105198
0.102212
0.101562
0.105008
0.104687
0.176850
0.103281
0.102605
0.102132
0.103161
0.122637
0.103584
0.149627
0.154699
0.168819
0.131381
0.099459
0.100293
0.097392
0.130646
0.136185
0.105037
0.102165
0.104808
0.105248
0.106575
0.158145
0.139396
0.153059
0.119303
0.134622
0.151641
0.102412
0.097770
0.142778
0.170657
0.170701
0.135754
0.148750
0.144853
0.130494
0.129272
0.131617
0.149710
0.135386
0.136226
0.129533
0.129238
0.119210
0.165637
0.103801
0.097278
0.097410
0.102234
0.102256
0.189142
0.155549
0.156534
0.158549
0.156658
0.106523
0.106882
0.109617
0.111091
0.106688
0.104011
0.156040
0.131140
0.149864
0.119720
0.152706
0.122878
0.103135
0.151952
0.144987
0.157484
0.196844
0.159346
0.151485
0.162195
0.103765
0.106565
0.104455
0.137051
0.139688
0.144248
0.162202
0.188772
0.149757
0.131684
0.133529
0.166123
0.137275
0.125422
0.128435
0.147595
0.171723
0.146168
0.165095
0.160978
0.161546
0.160592
0.168381
0.150656
0.159875
0.159662
0.107847
0.107921
0.139778
0.154222
0.123441
0.104501
0.102119
0.106926
0.119604
0.153448
0.134672
0.171045
0.150040
0.132324
0.170246
0.132980
0.128455
0.140023
0.135849
0.135581
0.130578
0.161698
0.149093
0.161777
0.146653
0.134398
0.139717
0.134074
0.126780
0.112950
0.105935
0.152563
0.129086
0.127277
0.153592
0.106234
0.132384
0.105223
0.105282
0.109944
0.102310
0.152592
0.137420
0.149337
0.135272
0.159626
0.148401
0.148282
0.149447
0.132488
0.134525
0.135777
0.173779
0.164106
0.145403
0.171333
0.137583
0.142326
0.114874
0.105621
0.175129
0.108427
0.104544
0.103853
0.102749
0.147847
0.105121
0.154614
0.165178
0.151223
0.127073
0.127455
0.130013
0.129545
0.136907
0.100121
0.139887
0.102794
0.100740
0.102434
0.102735
0.109259
0.168041
0.128661
0.134887
0.140285
0.161371
0.170975
0.158688
0.146427
0.105552
0.161371
0.159867
0.127143
0.117888
0.098685
0.117035
0.155710
0.131257
0.173889
0.158644
0.149876
0.133280
0.130679
0.129138
0.141715
0.156716
0.156803
0.145922
0.144328
0.135897
0.134006
0.155666
0.134762
0.138058
0.127610
0.108304
0.155413
0.156557
0.160002
0.155712
0.160904
0.137302
0.135657
0.161253
0.132969
0.134122
0.133927
0.136749
0.115412
0.111874
0.111138
0.140445
0.134195
0.133034
0.110045
0.168986
0.105770
0.106512
0.155459
0.158444
0.138311
0.104738
0.110109
0.110726
0.118105
0.108014
0.102946
0.146821
0.160074
0.158636
0.133214
0.133996
0.133593
0.138680
0.174278
0.136847
0.130404
0.173696
0.133368
0.164630
0.152657
0.160591
0.148365
0.162791
0.104865
0.138733
0.137403
0.140010
0.135740
0.140877
0.149308
0.150060
0.112057
0.153861
0.134135
0.116073
0.116304
0.177840
0.165444
0.132628
0.106236
0.176456
0.118259
0.109241
0.107224
0.106484
0.158337
0.107827
0.109327
0.190474
0.161566
0.173101
0.158975
0.136149
0.153121
0.153090
0.160996
0.155784
0.153565
0.139172
0.131426
0.148818
0.145753
0.129938
0.133505
0.135589
0.109230
0.106909
0.165178
0.160882
0.156778
0.161450
0.178224
0.153851
0.137531
0.157725
0.139002
0.152689
0.135241
0.138518
0.130495
0.107505
0.105638
0.104596
0.107007
0.108767
0.108935
0.107753
0.105879
0.105884
0.142427
0.165159
0.142347
0.099323
0.098448
0.103438
0.146491
0.151910
0.130891
0.147000
0.165691
0.130483
0.138597
0.140958
0.104990
0.153741
0.144957
0.103832
0.168644
0.147216
0.149603
0.150437
0.130699
0.151772
0.126773
0.169175
0.136420
0.136195
0.128096
0.165792
0.103454
0.101016
0.100904
0.102862
0.100345
0.102167
0.104781
0.107166
0.104889
0.103313
0.103682
0.103453
0.105030
0.108044
0.107159
0.111483
0.100618
0.102751
0.104467
0.136652
0.159205
0.156126
0.153959
0.140031
0.132830
0.128663
0.130585
0.144114
0.128956
0.143528
0.170518
0.129465
0.156250
0.127934
0.125582
0.129941
0.124691
0.155219
0.121243
0.108356
0.185301
0.153460
0.154615
0.152861
0.161841
0.142572
0.110157
0.163472
0.171962
0.147099
0.154203
0.132837
0.136751
0.123501
0.108991
0.101912
0.151236
0.147912
0.151922
0.129246
0.148511
0.133252
0.129541
0.102363
0.102973
0.103004
0.108067
0.156734
0.153139
0.151256
0.131897
0.172374
0.159731
0.131657
0.124125
0.111319
0.170987
0.105058
0.105164
0.121725
0.146605
0.105152
0.102290
0.142077
0.103318
0.160985
0.151240
0.129308
0.107315
0.106689
0.163591
0.102022
0.100655
0.102186
0.098927
0.148642
0.101284
0.100697
0.099288
0.102399
0.143995
0.106703
0.149454
0.131716
0.131655
0.131300
0.133821
0.117849
0.110503
0.132608
0.169971
0.112331
0.109660
0.133292
0.104874
0.105097
0.132570
0.151961
0.102787
0.104485
0.101657
0.099544
0.144609
0.177241
0.129195
0.119572
0.176576
0.153271
0.129896
0.128855
0.128754
0.129353
0.133585
0.162755
0.131059
0.133383
0.128335
0.147513
0.132007
0.131693
0.134712
0.131866
0.131619
0.132980
0.108863
0.106152
0.105324
0.104351
0.134036
0.129241
0.131145
0.146826
0.132991
0.131739
0.129318
0.168607
0.148336
0.143637
0.130550
0.172243
0.157424
0.165621
0.161838
0.142794
0.134550
0.127797
0.151303
0.131522
0.131557
0.181354
0.131732
0.132559
0.154446
0.152416
0.130178
0.129875
0.129140
0.120505
0.116145
0.151643
0.106349
0.152882
0.131210
0.142508
0.153221
0.136576
0.127753
0.133827
0.154853
0.153781
0.165895
0.153482
0.100119
0.102669
0.132740
0.153251
0.135878
0.204690
0.178252
0.142787
0.157414
0.148410
0.136003
0.163275
0.150403
0.153489
0.152398
0.170686
0.170210
0.149457
0.139507
0.161397
0.180609
0.155542
0.162126
0.139950
0.153589
0.136746
0.141360
0.123179
0.127743
0.104255
0.103180
0.112510
0.102967
0.101474
0.101491
0.105463
0.101122
0.105895
0.107231
0.111815
0.111356
0.098653
0.102325
0.105791
0.149147
0.139302
0.123882
0.124631
0.128897
0.103425
0.109552
0.105300
0.107833
0.105459
0.148586
0.103279
0.103141
0.155927
0.158106
0.136136
0.150209
0.137717
0.172625
0.162864
0.157636
0.157625
0.147970
0.134790
0.131976
0.129674
0.133249
0.105682
0.103874
0.103404
0.104356
0.104002
0.102307
0.103914
0.105954
0.101295
0.100944
0.100571
0.102096
0.163400
0.122169
0.120795
0.122822
0.122881
0.119524
0.132842
0.102864
0.105304
0.099808
0.149824
0.127146
0.097381
0.095837
0.098146
0.099742
0.152933
0.109771
0.107577
0.112717
0.114438
0.109628
0.145478
0.120906
0.141080
0.141851
0.151281
0.113631
0.115352
0.136770
0.136037
0.161097
0.146514
0.159871
0.136517
0.115165
0.129847
0.136632
0.133909
0.132451
0.115523
0.102095
0.102413
0.099750
0.153356
0.129881
0.129487
0.128873
0.146369
0.135081
0.131294
0.181773
0.160990
0.158398
0.140249
0.129013
0.132681
0.133714
0.108812
0.107912
0.104208
0.104188
0.110142
0.137149
0.103827
0.102853
0.105433
0.104317
0.105700
0.105362
0.106185
0.107479
0.141401
0.150376
0.136295
0.137383
0.130265
0.148175
0.106727
0.111676
0.128296
0.137460
0.147137
0.134106
0.102543
0.104569
0.150919
0.109252
0.101322
0.103803
0.104923
0.103310
0.101991
0.104602
0.107668
0.104011
0.101931
0.107934
0.106634
0.113894
0.108823
0.113210
0.156489
0.133657
0.133377
0.140692
0.165638
0.148233
0.158377
0.173779
0.136257
0.133756
0.138827
0.156202
0.151286
0.101885
0.100886
0.104424
0.103010
0.104647
0.111649
0.105679
0.154700
0.130609
0.101028
0.100775
0.099783
0.102018
0.104384
0.108174
0.100989
0.151643
0.137354
0.143968
0.179746
0.136204
0.145017
0.129665
0.131395
0.103747
0.103195
0.104352
0.100078
0.160557
0.153453
0.154025
0.136276
0.156392
0.153807
0.102838
0.100208
0.105583
0.104338
0.105035
0.103986
0.144130
0.104964
0.143739
0.109426
0.106859
0.105901
0.106278
0.171759
0.159406
0.166220
0.132213
0.133932
0.136056
0.115500
0.104764
0.127168
0.103887
0.127878
0.150301
0.123955
0.160846
0.128814
0.139447
0.134271
0.145164
0.160078
0.135478
0.145647
0.149923
0.135778
0.152305
0.151541
0.136525
0.133426
0.115598
0.107182
0.108363
0.104958
0.104850
0.106375
0.105278
0.104368
0.100069
0.102217
0.151389
0.117373
0.158281
0.101026
0.099196
0.098896
0.100541
0.104580
0.142459
0.095502
0.151879
0.100452
0.100126
0.097593
0.097350
0.146779
0.096857
0.153648
0.107646
0.103448
0.103226
0.105619
0.141182
0.101019
0.154260
0.104364
0.110701
0.107054
0.154152
0.159723
0.131716
0.132703
0.133620
0.109429
0.144303
0.108634
0.140043
0.102336
0.103649
0.103670
0.103488
0.105474
0.105542
0.102254
0.109968
0.108547
0.172811
0.160568
0.156729
0.115015
0.107399
0.149723
0.129706
0.152440
0.134596
0.133951
0.156929
0.138833
0.163946
0.133381
0.135166
0.137117
0.131431
0.104428
0.107520
0.103326
0.101425
0.101835
0.155477
0.104731
0.132847
0.105057
0.104495
0.103709
0.105353
0.104280
0.100745
0.104732
0.102617
0.098156
0.106583
0.156275
0.146281
0.158500
0.114522
0.139987
0.128869
0.154545
0.136429
0.150111
0.126621
0.185677
0.136590
0.108247
0.142803
0.120082
0.154890
0.105561
0.148140
0.148407
0.148589
0.134874
0.134555
0.164206
0.137276
0.135959
0.142264
0.145405
0.164293
0.171139
0.100661
0.114219
0.131239
0.152796
0.132653
0.115744
0.175210
0.154949
0.155650
0.101002
0.106630
0.097524
0.144311
0.099190
0.128061
0.150007
0.140197
0.129625
0.130692
0.129893
0.128418
0.142617
0.141142
0.131984
0.131253
0.137687
0.130806
0.137508
0.129735
0.149168
0.133545
0.152355
0.185302
0.131027
0.151523
0.111629
0.149894
0.143870
0.150277
0.150856
0.170445
0.155338
0.151143
0.149015
0.151468
0.130398
0.166890
0.135041
0.128641
0.104901
0.095635
0.096681
0.151929
0.122363
0.148482
0.104285
0.154329
0.141788
0.132143
0.134599
0.132887
0.109431
0.101251
0.102210
0.104038
0.104671
0.104807
0.103748
0.105302
0.103427
0.098611
0.174915
0.135203
0.131042
0.096915
0.096914
0.099532
0.100737
0.096756
0.148738
0.098905
0.103920
0.103802
0.102081
0.128286
0.136827
0.146011
0.101948
0.173432
0.144043
0.138115
0.110675
0.140649
0.163202
0.143752
0.152178
0.128151
0.182637
0.170186
0.168309
0.147519
0.171657
0.131904
0.129364
0.127461
0.127616
0.100043
0.100068
0.099915
0.102305
0.104230
0.102729
0.103224
0.099518
0.096102
0.111157
0.103759
0.095653
0.153520
0.153569
0.140117
0.101346
0.099681
0.144321
0.161630
0.148237
0.130829
0.152330
0.111268
0.147640
0.135754
0.101480
0.102678
0.151541
0.099361
0.099801
0.101978
0.106523
0.135821
0.152497
0.153634
0.151329
0.130079
0.130065
0.133325
0.133756
0.141150
0.130556
0.153355
0.129748
0.131761
0.129761
0.130912
0.145596
0.120958
0.129953
0.130904
0.117367
0.154405
0.162154
0.159843
0.141965
0.124779
0.119989
0.119761
0.123966
0.125955
0.121974
0.151885
0.113194
0.104976
0.100472
0.120051
0.105924
0.104321
0.102742
0.103163
0.104095
0.103237
0.105835
0.110205
0.106324
0.133628
0.103690
0.121878
0.103262
0.101482
0.149837
0.127100
0.155281
0.109124
0.146007
0.128149
0.102840
0.103179
0.104508
0.104029
0.099577
0.102686
0.105217
0.101896
0.104934
0.165841
0.159630
0.129682
0.139097
0.152415
0.140674
0.181247
0.165981
0.137431
0.141187
0.137911
0.135135
0.154852
0.131608
0.131665
0.119773
0.101809
0.104853
0.105724
0.152991
0.130018
0.128099
0.130649
0.126017
0.100913
0.108221
0.146723
0.132019
0.132462
0.131776
0.135359
0.147748
0.160558
0.132478
0.130879
0.132911
0.139597
0.166923
0.141401
0.167981
0.158718
0.132205
0.168807
0.133574
0.120872
0.104803
0.107989
0.105535
0.104283
0.136586
0.108668
0.104044
0.150142
0.133221
0.115338
0.108778
0.106153
0.104620
0.109351
0.151519
0.127093
0.118831
0.151925
0.134113
0.162936
0.152147
0.150710
0.130825
0.143634
0.141766
0.129230
0.138444
0.130919
0.189307
0.147157
0.129086
0.130038
0.129802
0.128762
0.141766
0.124281
0.144975
0.169319
0.137533
0.130677
0.100574
0.106371
0.105992
0.103192
0.103667
0.102151
0.104643
0.106073
0.101335
0.101831
0.100415
0.103978
0.109409
0.109609
0.105486
0.105879
0.102575
0.171491
0.157513
0.100020
0.116837
0.104593
0.108849
0.109674
0.158406
0.109525
0.116791
0.114233
0.112069
0.111987
0.119505
0.156517
0.116773
0.106040
0.108964
0.108814
0.106988
0.105965
0.167222
0.181479
0.142713
0.155138
0.183376
0.158996
0.154970
0.133235
0.156293
0.142852
0.134681
0.162671
0.151407
0.148473
0.151851
0.158897
0.151207
0.130353
0.172830
0.133926
0.189614
0.137520
0.150314
0.167426
0.134666
0.108041
0.103787
0.131117
0.135054
0.156481
0.106232
0.107292
0.122508
0.105296
0.146591
0.107561
0.156986
0.134664
0.151119
0.132997
0.156370
0.128601
0.153014
0.173274
0.156284
0.137342
0.138042
0.194572
0.152048
0.135225
0.165532
0.112468
0.109624
0.158732
0.115985
0.189043
0.194713
0.164154
0.163989
0.148078
0.154982
0.141340
0.137827
0.161104
0.132828
0.157130
0.131066
0.107740
0.106628
0.103970
0.114054
0.161530
0.174161
0.193341
0.112122
0.173222
0.155849
0.150945
0.148510
0.137136
0.158653
0.154632
0.170971
0.163203
0.165344
0.160894
0.130938
0.130067
0.129104
0.140957
0.136450
0.132278
0.118592
0.134974
0.133992
0.155449
0.129543
0.138254
0.130597
0.171574
0.169837
0.149014
0.176249
0.140764
0.157950
0.170034
0.158300
0.155645
0.140474
0.151359
0.151393
0.151097
0.135050
0.153849
0.132937
0.148660
0.131454
0.130998
0.135615
0.101014
0.101570
0.173326
0.132499
0.132139
0.150346
0.131680
0.147891
0.150388
0.126778
0.155996
0.150161
0.132697
0.125479
0.157200
0.100876
0.102285
0.100602
0.103787
0.103754
0.145826
0.155913
0.141033
0.153526
0.140931
0.155337
0.132006
0.152189
0.144874
0.145018
0.151798
0.130643
0.147857
0.132606
0.132783
0.153999
0.131727
0.134353
0.146248
0.129567
0.180438
0.148810
0.155047
0.149948
0.132317
0.137547
0.130836
0.159613
0.140878
0.154210
0.146474
0.158522
0.121807
0.108775
0.135933
0.116629
0.111875
0.153878
0.139702
0.130900
0.104122
0.103462
0.103534
0.172597
0.103165
0.104855
0.152922
0.150704
0.153078
0.147111
0.152233
0.133701
0.156430
0.145793
0.129387
0.153149
0.132764
0.127698
0.151306
0.124187
0.136527
0.133653
0.144216
0.137260
0.152157
0.130312
0.104928
0.099628
0.104470
0.150972
0.152351
0.162545
0.145170
0.158635
0.159508
0.155782
0.145047
0.104495
0.105126
0.101614
0.103592
0.105744
0.102480
0.101398
0.103314
0.101436
0.102925
0.101359
0.099830
0.101697
0.137929
0.155664
0.146794
0.105049
0.169903
0.142575
0.105735
0.180206
0.154408
0.104874
0.105287
0.105806
0.103289
0.101434
0.101857
0.102005
0.106022
0.104521
0.112752
0.113153
0.156195
0.145404
0.105311
0.143225
0.107074
0.102237
0.102319
0.152131
0.103849
0.103132
0.102924
0.104643
0.173405
0.159820
0.158688
0.115810
0.110146
0.112815
0.105845
0.107915
0.104461
0.100641
0.109811
0.152579
0.169453
0.132123
0.152606
0.168758
0.139052
0.151449
0.139187
0.132979
0.132013
0.133348
0.111127
0.104478
0.104231
0.102376
0.180268
0.158592
0.158980
0.151561
0.109176
0.144422
0.145087
0.102905
0.140978
0.133512
0.133916
0.114648
0.105413
0.130567
0.137341
0.129579
0.132944
0.119122
0.104768
0.159427
0.155905
0.132646
0.143366
0.127972
0.132698
0.130872
0.153953
0.125737
0.145280
0.145077
0.130899
0.148372
0.130902
0.130352
0.150524
0.137361
0.132683
0.132445
0.132645
0.104861
0.102217
0.100151
0.098472
0.103133
0.113445
0.134368
0.162009
0.155324
0.157608
0.146504
0.123161
0.126089
0.150659
0.171848
0.129542
0.124826
0.102420
0.103456
0.106415
0.104493
0.102160
0.109618
0.106106
0.100786
0.105081
0.098968
0.100480
0.101622
0.099010
0.103410
0.177803
0.146800
0.127181
0.127220
0.130681
0.132453
0.125909
0.129703
0.153739
0.159713
0.125120
0.120179
0.108598
0.105533
0.102113
0.125621
0.114316
0.109915
0.133732
0.105084
0.108965
0.140136
0.151678
0.152666
0.152527
0.133120
0.121986
0.154520
0.130436
0.128619
0.123827
0.104419
0.103279
0.150764
0.162958
0.149754
0.140970
0.163162
0.132341
0.130875
0.153630
0.152199
0.159056
0.143733
0.151371
0.128534
0.158123
0.139785
0.142382
0.147873
0.150003
0.127719
0.155260
0.151993
0.152555
0.129593
0.130270
0.137991
0.150795
0.156655
0.134487
0.173380
0.141027
0.130397
0.135879
0.130647
0.134427
0.117006
0.103730
0.159091
0.143084
0.125692
0.131565
0.150506
0.133495
0.128778
0.127594
0.181673
0.168539
0.140912
0.109521
0.133199
0.129834
0.179832
0.131809
0.152729
0.148779
0.143749
0.128836
0.128954
0.156387
0.134439
0.129157
0.151344
0.146675
0.171249
0.157304
0.129560
0.145293
0.152689
0.164252
0.146376
0.132022
0.150884
0.130765
0.187461
0.166502
0.134324
0.136747
0.130006
0.133684
0.162975
0.153128
0.117846
0.155502
0.130610
0.102347
0.099471
0.153629
0.129753
0.131670
0.155264
0.149948
0.126696
0.131078
0.120670
0.098793
0.104215
0.097514
0.177558
0.133396
0.147491
0.154785
0.151835
0.133894
0.121435
0.158470
0.101136
0.131196
0.146346
0.144379
0.150255
0.153602
0.141161
0.130968
0.133083
0.129962
0.110544
0.106478
0.145724
0.135590
0.155396
0.178593
0.133405
0.134793
0.143042
0.129304
0.127485
0.126971
0.123267
0.104881
0.105810
0.105667
0.103485
0.103039
0.115506
0.138256
0.129859
0.142246
0.158697
0.160304
0.193988
0.143433
0.162745
0.158724
0.157826
0.153793
0.154863
0.183824
0.183578
0.153209
0.153548
0.168417
0.129416
0.147267
0.126494
0.146679
0.126861
0.164810
0.180363
0.142370
0.130005
0.131771
0.129498
0.130553
0.129952
0.165172
0.146570
0.166488
0.187873
0.131083
0.154113
0.130698
0.153834
0.152699
0.141458
0.161847
0.146980
0.133226
0.127742
0.156043
0.131808
0.126574
0.127237
0.126842
0.148607
0.139602
0.150836
0.125424
0.096866
0.141459
0.139663
0.142181
0.131208
0.133975
0.125558
0.125381
0.146808
0.142148
0.145587
0.128761
0.188884
0.132166
0.154613
0.154664
0.171868
0.131025
0.129417
0.129462
0.133579
0.140354
0.128041
0.146234
0.146257
0.150292
0.125819
0.131822
0.156212
0.132995
0.160070
0.156448
0.178528
0.174583
0.174238
0.142410
0.149431
0.149505
0.146075
0.149631
0.144210
