0.003789
0.102865
0.113304
0.121742
0.155659
0.135361
0.153004
0.128178
0.126706
0.138146
0.125629
0.144851
0.127851
0.127304
0.131123
0.168048
0.127619
0.144524
0.128546
0.149618
0.128195
0.125336
0.124072
0.143723
0.145610
0.128390
0.148634
0.126558
0.149449
0.128318
0.128960
0.129815
0.127338
0.100144
0.101936
0.102214
0.101956
0.100884
0.104768
0.107214
0.108770
0.103684
0.132924
0.155580
0.169813
0.165245
0.141141
0.152049
0.147581
0.102977
0.098526
0.104259
0.100801
0.097461
0.099875
0.099335
0.096882
0.098670
0.102440
0.102761
0.100154
0.100378
0.174458
0.169878
0.144867
0.132714
0.132817
0.135317
0.112358
0.098892
0.099550
0.097795
0.099233
0.099625
0.097880
0.144903
0.137359
0.126526
0.127594
0.141492
0.127476
0.099157
0.100176
0.096649
0.103307
0.101138
0.102686
0.103150
0.106741
0.102418
0.097637
0.095551
0.099100
0.102442
0.099704
0.096969
0.095440
0.144769
0.134038
0.132832
0.129389
0.127798
0.117650
0.099860
0.112819
0.100518
0.095626
0.100217
0.099358
0.155049
0.132872
0.129228
0.131435
0.130623
0.129012
0.122119
0.100926
0.150088
0.149058
0.127323
0.149064
0.144351
0.129322
0.131249
0.128744
0.155715
0.129724
0.123828
0.176435
0.155907
0.159661
0.153677
0.143129
0.119180
0.121205
0.116444
0.117377
0.133636
0.152283
0.148402
0.130058
0.131470
0.134198
0.112033
0.104481
0.103343
0.102162
0.147852
0.129363
0.125676
0.129867
0.128476
0.126249
0.129254
0.098847
0.096236
0.096031
0.097289
0.096153
0.098960
0.097347
0.159214
0.128017
0.127944
0.128656
0.127439
0.136134
0.106780
0.099347
0.104073
0.099904
0.102460
0.103706
0.101424
0.099427
0.099289
0.136063
0.099886
0.101854
0.134840
0.175797
0.132617
0.129910
0.106727
0.176107
0.155569
0.170010
0.152379
0.127668
0.126945
0.101420
0.097936
0.099085
0.101202
0.100506
0.097867
0.148973
0.126520
0.126924
0.128700
0.123982
0.144348
0.143010
0.122154
0.100395
0.104110
0.139840
0.127289
0.132582
0.102340
0.140591
0.128876
0.128112
0.131119
0.129251
0.137995
0.138155
0.160288
0.115341
0.132482
0.129174
0.168252
0.155301
0.162838
0.148828
0.127977
0.129966
0.128860
0.127265
0.140560
0.099549
0.097754
0.102563
0.101734
0.099358
0.098280
0.098724
0.100240
0.101084
0.100546
0.100641
0.096294
0.166276
0.153975
0.142168
0.099584
0.101471
0.099778
0.101175
0.095846
0.098510
0.097291
0.099484
0.093521
0.100422
0.096784
0.096319
0.098580
0.097128
0.185688
0.128469
0.128459
0.100869
0.100276
0.098475
0.101335
0.101576
0.100368
0.105291
0.184251
0.160569
0.152509
0.154990
0.151889
0.129272
0.127182
0.129542
0.149493
0.138310
0.129203
0.129869
0.135123
0.128847
0.127973
0.124390
0.102926
0.097158
0.105122
0.096949
0.095017
0.096740
0.096818
0.095591
0.098178
0.095260
0.095900
0.099544
0.106810
0.104158
0.166218
0.134299
0.134760
0.131467
0.130945
0.151634
0.126000
0.126716
0.105883
0.101633
0.101260
0.101249
0.102006
0.100682
0.102066
0.152449
0.132832
0.128693
0.130504
0.127311
0.128328
0.133098
0.099838
0.096979
0.099575
0.148273
0.126231
0.135103
0.130601
0.130580
0.129635
0.120861
0.098454
0.097026
0.098269
0.101338
0.102429
0.101800
0.107170
0.102361
0.101446
0.099564
0.101097
0.098797
0.098282
0.097995
0.117078
0.099425
0.096941
0.100974
0.101243
0.095968
0.095057
0.097480
0.099426
0.097988
0.096316
0.100233
0.096922
0.101304
0.099033
0.100574
0.097761
0.098213
0.099945
0.100888
0.099750
0.103536
0.094512
0.099997
0.099739
0.131112
0.184910
0.156735
0.150131
0.181135
0.158857
0.157428
0.154842
0.120136
0.121720
0.126424
0.150921
0.147295
0.128101
0.128563
0.151138
0.127755
0.151425
0.140395
0.129488
0.127040
0.097032
0.099601
0.097917
0.099155
0.103578
0.104524
0.105955
0.099344
0.097512
0.141665
0.130833
0.131319
0.099010
0.103857
0.099646
0.099107
0.100302
0.153266
0.129767
0.131569
0.134964
0.140280
0.137961
0.132307
0.114262
0.113174
0.134806
0.132994
0.127409
0.106706
0.110163
0.120453
0.123343
0.119674
0.118425
0.118882
0.118839
0.115224
0.116317
0.119649
0.118061
0.120677
0.120348
0.119865
0.150779
0.130471
0.128222
0.124983
0.127132
0.150769
0.153340
0.132540
0.133661
0.104283
0.100899
0.154833
0.131456
0.134317
0.115470
0.110879
0.109875
0.163853
0.149690
0.128838
0.130680
0.126615
0.154724
0.118528
0.119091
0.118762
0.150662
0.147731
0.127362
0.129067
0.124950
0.125742
0.126378
0.098240
0.097589
0.096004
0.100432
0.101888
0.099054
0.102086
0.100634
0.097425
0.098896
0.099283
0.097614
0.099996
0.095511
0.095479
0.095725
0.098100
0.117623
0.099791
0.098612
0.096862
0.096728
0.096848
0.149114
0.129160
0.134414
0.130061
0.128771
0.131310
0.147312
0.129201
0.126963
0.119372
0.098410
0.098997
0.098661
0.095269
0.097439
0.149831
0.130535
0.127883
0.128458
0.126052
0.106548
0.099946
0.148037
0.126475
0.125982
0.128424
0.129224
0.128332
0.099346
0.097368
0.097658
0.148707
0.128765
0.128400
0.130261
0.144397
0.151152
0.160124
0.158713
0.147390
0.104619
0.102468
0.144877
0.131042
0.127535
0.101465
0.099213
0.096623
0.107090
0.101087
0.094883
0.146903
0.124960
0.150840
0.127231
0.126583
0.147825
0.125994
0.125849
0.131043
0.125498
0.106980
0.150746
0.134208
0.145785
0.130428
0.130644
0.119486
0.150801
0.131324
0.127904
0.180568
0.149061
0.150086
0.127822
0.124817
0.122147
0.123881
0.126051
0.128096
0.121833
0.118568
0.120206
0.148529
0.116371
0.122977
0.120036
0.116027
0.117064
0.119599
0.116365
0.117698
0.118052
0.120133
0.117746
0.142530
0.125618
0.111878
0.153147
0.129466
0.128724
0.129754
0.128010
0.149264
0.131482
0.140994
0.131777
0.130700
0.104111
0.133927
0.104330
0.102826
0.100464
0.102497
0.100250
0.103152
0.100810
0.103823
0.101449
0.098741
0.096699
0.096410
0.095234
0.096077
0.094700
0.095559
0.094902
0.097637
0.104007
0.171628
0.143685
0.125381
0.127064
0.119864
0.097459
0.101860
0.098289
0.104161
0.100963
0.101604
0.150439
0.128708
0.126261
0.128539
0.128962
0.130002
0.096912
0.100539
0.102410
0.148833
0.128376
0.103539
0.103074
0.096624
0.096922
0.099544
0.098372
0.099792
0.097656
0.107120
0.105232
0.102170
0.099992
0.100286
0.105065
0.100957
0.148526
0.130611
0.120820
0.104534
0.101268
0.101241
0.098524
0.095515
0.096411
0.151950
0.150415
0.131225
0.138478
0.133696
0.130702
0.122157
0.098367
0.094971
0.146225
0.130358
0.121733
0.097417
0.096569
0.101212
0.149375
0.129659
0.130336
0.132247
0.117018
0.132125
0.129756
0.132022
0.131635
0.126172
0.160237
0.149791
0.129890
0.126348
0.127249
0.126634
0.114218
0.100307
0.102709
0.176651
0.152040
0.127151
0.117863
0.119577
0.150364
0.126542
0.147605
0.128996
0.128948
0.172673
0.128689
0.131832
0.139120
0.138515
0.137367
0.131643
0.149897
0.131425
0.129741
0.133000
0.129803
0.135627
0.129890
0.128138
0.130196
0.106976
0.098083
0.186936
0.149948
0.126209
0.148397
0.145756
0.126485
0.127322
0.127148
0.122347
0.097585
0.098083
0.099262
0.097961
0.097042
0.098757
0.101439
0.156478
0.130405
0.143522
0.128371
0.165695
0.161044
0.153538
0.154039
0.134104
0.141815
0.170103
0.147962
0.136328
0.140903
0.146161
0.128990
0.146048
0.150393
0.127198
0.150315
0.149952
0.127704
0.129577
0.149743
0.125306
0.130390
0.143860
0.128248
0.125736
0.127946
0.128189
0.118261
0.139134
0.182294
0.131444
0.145378
0.100722
0.101156
0.100199
0.101507
0.097532
0.100230
0.098817
0.101242
0.099579
0.098982
0.096447
0.097213
0.098596
0.156861
0.142265
0.129472
0.131629
0.127777
0.105215
0.099463
0.100284
0.100311
0.099238
0.097151
0.097119
0.095719
0.149413
0.150494
0.127288
0.126549
0.128742
0.128704
0.130414
0.144465
0.126876
0.127066
0.098184
0.098515
0.102382
0.099272
0.098469
0.098581
0.095731
0.103950
0.101426
0.094790
0.093009
0.099298
0.095038
0.098526
0.102254
0.096066
0.094089
0.097762
0.094976
0.095650
0.098988
0.101146
0.102315
0.150037
0.132947
0.127447
0.125485
0.127127
0.123656
0.126778
0.142922
0.131500
0.126594
0.127566
0.114370
0.097502
0.097778
0.097754
0.098937
0.095454
0.099451
0.098134
0.097017
0.098291
0.131923
0.129642
0.127827
0.125988
0.127377
0.106953
0.099476
0.098830
0.097122
0.096637
0.094823
0.149278
0.128556
0.125324
0.127719
0.123539
0.099519
0.095851
0.096977
0.099118
0.098978
0.096063
0.105592
0.099471
0.095623
0.150897
0.128838
0.130268
0.107995
0.098307
0.146973
0.116576
0.104782
0.098042
0.165876
0.140780
0.150424
0.131995
0.149596
0.130939
0.133408
0.130279
0.133792
0.125742
0.127352
0.128077
0.121575
0.097987
0.097850
0.098451
0.094984
0.099726
0.100073
0.101816
0.097815
0.098391
0.096076
0.100654
0.097072
0.098187
0.095327
0.094805
0.095493
0.095172
0.102502
0.097051
0.096543
0.101938
0.096978
0.096260
0.099295
0.097554
0.096500
0.098108
0.100348
0.101289
0.156722
0.129808
0.127545
0.151418
0.127910
0.126719
0.102308
0.097435
0.097978
0.099154
0.097254
0.098072
0.098798
0.098310
0.151392
0.127837
0.127256
0.117285
0.097885
0.101067
0.104199
0.097678
0.149086
0.127676
0.131102
0.127690
0.123100
0.124138
0.120876
0.101857
0.099457
0.139534
0.129711
0.128655
0.127278
0.129465
0.131026
0.145986
0.129082
0.135933
0.125408
0.097118
0.099076
0.097096
0.100158
0.097271
0.097149
0.097247
0.100622
0.151153
0.129666
0.126344
0.123295
0.097921
0.097980
0.101861
0.176699
0.154209
0.144042
0.121443
0.150420
0.151531
0.129483
0.128507
0.130057
0.125609
0.128506
0.105353
0.162375
0.134507
0.123804
0.149396
0.126557
0.124761
0.130007
0.170407
0.146209
0.134013
0.135544
0.134684
0.118001
0.151823
0.180039
0.157094
0.185691
0.127123
0.125622
0.145154
0.132480
0.135281
0.110021
0.146860
0.150692
0.133233
0.128095
0.124480
0.126806
0.104755
0.102771
0.109798
0.097957
0.153509
0.152717
0.142911
0.121284
0.129880
0.127823
0.122249
0.118719
0.129440
0.130734
0.128686
0.123352
0.122217
0.125299
0.133003
0.127882
0.143228
0.130671
0.128539
0.130731
0.133743
0.131170
0.116323
0.184454
0.164036
0.162200
0.161259
0.159796
0.162395
0.115482
0.117618
0.154947
0.128190
0.136495
0.119903
0.099864
0.099558
0.100538
0.099634
0.100257
0.103217
0.104838
0.144172
0.174497
0.157095
0.157849
0.150688
0.114506
0.117955
0.116074
0.115703
0.132610
0.121137
0.115671
0.117562
0.115725
0.115762
0.119307
0.117811
0.117618
0.117023
0.149761
0.126652
0.126192
0.149956
0.152325
0.128262
0.166746
0.128950
0.127085
0.129579
0.131026
0.108518
0.104388
0.105838
0.100688
0.096316
0.094356
0.097665
0.096636
0.153294
0.127640
0.126649
0.126818
0.129881
0.122464
0.096074
0.097392
0.103227
0.097054
0.097826
0.098446
0.094654
0.098567
0.160189
0.170233
0.130974
0.156058
0.131231
0.130902
0.110926
0.100610
0.096284
0.102148
0.101190
0.183905
0.171090
0.130529
0.132970
0.172886
0.128983
0.128484
0.132615
0.134811
0.130166
0.105469
0.095553
0.097168
0.096010
0.096601
0.098968
0.096750
0.096729
0.102008
0.146734
0.126830
0.126565
0.146548
0.131767
0.125980
0.127144
0.127308
0.107776
0.102917
0.099830
0.100135
0.097962
0.096641
0.097677
0.096110
0.095363
0.096070
0.096553
0.097195
0.101132
0.154148
0.099229
0.142264
0.129101
0.130046
0.130376
0.104279
0.101436
0.104968
0.167918
0.127641
0.118628
0.099352
0.099123
0.094994
0.097082
0.152804
0.170020
0.137248
0.131530
0.129339
0.145599
0.149795
0.174815
0.152529
0.143347
0.131613
0.131578
0.129810
0.150944
0.130912
0.129900
0.130102
0.125724
0.098960
0.102965
0.104901
0.176044
0.155015
0.153194
0.155331
0.153903
0.153108
0.151477
0.152911
0.129745
0.173545
0.151346
0.127782
0.123499
0.149996
0.151331
0.124002
0.118265
0.096555
0.100331
0.137935
0.128773
0.127845
0.128923
0.127606
0.130032
0.130658
0.097850
0.098937
0.094876
0.098294
0.097212
0.100412
0.098625
0.100412
0.165920
0.150002
0.149853
0.134284
0.116705
0.151448
0.132259
0.130494
0.131021
0.117640
0.103435
0.105319
0.108241
0.109616
0.156571
0.128849
0.135819
0.125381
0.124224
0.190770
0.154071
0.150952
0.152457
0.142630
0.116326
0.119431
0.196030
0.132836
0.130734
0.130952
0.127660
0.127668
0.149451
0.128667
0.143632
0.153759
0.125284
0.147189
0.183823
0.153216
0.154955
0.161496
0.157516
0.133621
0.128099
0.104597
0.102042
0.104800
0.096635
0.099504
0.096943
0.097257
0.101108
0.097583
0.097153
0.098480
0.102204
0.098449
0.097303
0.151005
0.126539
0.132227
0.177939
0.155790
0.154576
0.154095
0.121530
0.121261
0.118107
0.147956
0.126024
0.127301
0.129680
0.129038
0.130824
0.101572
0.103656
0.101793
0.101349
0.098252
0.099669
0.152617
0.130162
0.129529
0.152175
0.130663
0.130621
0.129449
0.130995
0.127134
0.135187
0.128626
0.126994
0.126890
0.122626
0.098447
0.094241
0.096690
0.098925
0.095611
0.100296
0.101030
0.094310
0.099047
0.103718
0.100066
0.094398
0.097800
0.151973
0.130781
0.196243
0.163010
0.161337
0.136954
0.131906
0.148514
0.110388
0.107651
0.113009
0.163633
0.152529
0.127615
0.141703
0.170833
0.140104
0.134547
0.136427
0.132698
0.128953
0.173490
0.131773
0.129702
0.127934
0.129093
0.144543
0.127263
0.127436
0.128815
0.129041
0.099849
0.102354
0.097476
0.097097
0.098552
0.100046
0.093915
0.094646
0.098917
0.100294
0.102985
0.104893
0.101161
0.158577
0.145188
0.099987
0.100063
0.101866
0.100744
0.124432
0.166829
0.100795
0.098834
0.100054
0.098874
0.102134
0.095718
0.099141
0.100589
0.097537
0.097714
0.098856
0.100175
0.101312
0.096681
0.107984
0.095246
0.100158
0.098272
0.096497
0.099983
0.096150
0.146298
0.121719
0.097936
0.093244
0.098019
0.104939
0.153511
0.145306
0.130318
0.125979
0.126686
0.116707
0.101850
0.103148
0.152134
0.128922
0.134437
0.124473
0.100605
0.102569
0.108747
0.108404
0.098015
0.148418
0.127957
0.131275
0.128884
0.128617
0.115618
0.100160
0.099983
0.099114
0.101923
0.144268
0.130230
0.128246
0.129283
0.129090
0.129664
0.126931
0.128467
0.156637
0.126087
0.124200
0.129021
0.128555
0.097654
0.102732
0.122712
0.170358
0.119929
0.151689
0.129079
0.129630
0.127261
0.130309
0.111446
0.098953
0.100923
0.152479
0.171468
0.128347
0.176410
0.153049
0.153115
0.155675
0.144940
0.122387
0.148723
0.127979
0.127563
0.134317
0.144339
0.179559
0.156958
0.156142
0.156172
0.155912
0.153200
0.130523
0.125005
0.126758
0.120262
0.120206
0.123885
0.118077
0.120587
0.117423
0.149841
0.150948
0.125989
0.125461
0.126439
0.136289
0.128061
0.126939
0.126480
0.121653
0.097027
0.107431
0.098064
0.100935
0.101514
0.102110
0.097900
0.098711
0.093585
0.096437
0.098618
0.097202
0.095580
0.104271
0.100473
0.099518
0.099815
0.102207
0.103149
0.102594
0.103003
0.103470
0.100934
0.098413
0.100118
0.097011
0.097981
0.099910
0.098496
0.138252
0.128980
0.149205
0.151207
0.130519
0.144576
0.126811
0.127634
0.152654
0.129392
0.127162
0.124540
0.132301
0.113853
0.102085
0.146915
0.129247
0.129590
0.132993
0.110030
0.101459
0.103106
0.110286
0.108726
0.109882
0.146467
0.116566
0.125665
0.122903
0.151795
0.132957
0.134301
0.129654
0.128448
0.105440
0.102406
0.101802
0.104206
0.094847
0.099268
0.096027
0.177696
0.152333
0.128805
0.128540
0.128323
0.129611
0.127129
0.126933
0.125352
0.101125
0.148740
0.126289
0.127035
0.170064
0.124949
0.149534
0.127807
0.127435
0.130406
0.132163
0.127541
0.099619
0.102375
0.101731
0.102787
0.101463
0.148009
0.156280
0.134814
0.150086
0.131103
0.127519
0.103505
0.110842
0.101189
0.101452
0.101459
0.100363
0.101246
0.103275
0.099890
0.105766
0.101428
0.103218
0.102315
0.100162
0.098582
0.096107
0.098666
0.096477
0.099644
0.094528
0.096654
0.099071
0.159729
0.136678
0.128298
0.126330
0.131233
0.154938
0.131571
0.128993
0.130127
0.130679
0.111392
0.164892
0.138162
0.105889
0.102860
0.102758
0.101140
0.102953
0.098321
0.106404
0.150158
0.127067
0.125733
0.101526
0.101799
0.101588
0.097740
0.097883
0.099314
0.103484
0.102503
0.103771
0.100101
0.096364
0.097097
0.095507
0.096066
0.094662
0.096783
0.102931
0.099311
0.099601
0.096509
0.153369
0.129332
0.127182
0.123905
0.136725
0.130432
0.099211
0.098321
0.100658
0.106027
0.102916
0.102045
0.100672
0.149574
0.151090
0.127172
0.128659
0.132697
0.151654
0.130201
0.129109
0.122929
0.097580
0.098201
0.099401
0.097691
0.099054
0.101201
0.102348
0.104107
0.107040
0.178809
0.155761
0.156892
0.150324
0.128544
0.132387
0.132444
0.130608
0.109128
0.097935
0.101093
0.102523
0.149069
0.141736
0.130166
0.129387
0.123529
0.102310
0.154469
0.135046
0.121851
0.120260
0.119288
0.115672
0.116996
0.118599
0.120321
0.122118
0.120914
0.167857
0.144316
0.149436
0.127107
0.127411
0.100726
0.100828
0.106646
0.096851
0.102636
0.100139
0.097265
0.099313
0.101936
0.096706
0.098240
0.101031
0.106354
0.101948
0.104170
0.103334
0.102551
0.100881
0.100684
0.102100
0.175260
0.155357
0.152418
0.154464
0.151020
0.130205
0.123894
0.134688
0.125833
0.127781
0.102074
0.100435
0.111905
0.151574
0.129659
0.127987
0.131404
0.131326
0.129391
0.100680
0.098123
0.101320
0.099066
0.101384
0.100559
0.095899
0.096935
0.096610
0.097026
0.099201
0.107582
0.113103
0.131791
0.130950
0.130428
0.155555
0.133800
0.133679
0.141294
0.133993
0.174021
0.154448
0.152242
0.119338
0.118769
0.117807
0.118148
0.119976
0.117408
0.119146
0.118031
0.117051
0.120018
0.115448
0.114789
0.122921
0.121163
0.120953
0.098052
0.099374
0.156669
0.136928
0.167439
0.100084
0.101986
0.095484
0.098852
0.098181
0.150406
0.129367
0.150876
0.151289
0.128866
0.128663
0.150930
0.128220
0.125692
0.099552
0.101934
0.115663
0.163191
0.152982
0.146517
0.129965
0.126659
0.133598
0.131931
0.106270
0.154351
0.099461
0.099378
0.099072
0.101815
0.097254
0.100126
0.102357
0.099431
0.148413
0.130246
0.130249
0.127936
0.125255
0.122395
0.105481
0.101552
0.100299
0.105902
0.128616
0.150282
0.128015
0.119169
0.147108
0.133025
0.130496
0.130206
0.128850
0.123053
0.111767
0.108118
0.100116
0.141699
0.133956
0.130720
0.142741
0.131842
0.116989
0.122600
0.120164
0.119333
0.114623
0.117139
0.116169
0.118742
0.120256
0.125845
0.120529
0.122683
0.124706
0.148755
0.128270
0.131102
0.155143
0.126613
0.125643
0.125200
0.125798
0.115785
0.135476
0.130829
0.129314
0.129390
0.107593
0.100578
0.097238
0.099258
0.096033
0.102338
0.102075
0.103954
0.096137
0.100823
0.100562
0.100542
0.100263
0.098059
0.099088
0.100309
0.100250
0.101335
0.099711
0.103923
0.096831
0.097280
0.097590
0.097043
0.096639
0.096619
0.155311
0.128374
0.135075
0.129365
0.173592
0.157388
0.153226
0.150075
0.167647
0.162127
0.109421
0.108878
0.129071
0.117108
0.115971
0.114243
0.133109
0.109009
0.188582
0.173783
0.150967
0.130415
0.126997
0.129534
0.128602
0.128705
0.109932
0.151627
0.136686
0.133669
0.128548
0.117687
0.098737
0.100156
0.098415
0.097253
0.101405
0.103038
0.100267
0.098093
0.100200
0.100154
0.099604
0.100864
0.151483
0.129712
0.132655
0.101357
0.100398
0.098519
0.099985
0.099418
0.152983
0.132134
0.129523
0.131317
0.131389
0.109727
0.101180
0.102663
0.097564
0.100741
0.098872
0.147898
0.151272
0.126137
0.125320
0.130754
0.126908
0.121923
0.105684
0.100174
0.101971
0.101172
0.109350
0.098575
0.101808
0.101297
0.102342
0.101501
0.104756
0.178172
0.156852
0.156231
0.163681
0.161672
0.136756
0.140146
0.119797
0.147171
0.133846
0.128520
0.174110
0.134856
0.166198
0.156013
0.131476
0.129300
0.111410
0.099689
0.108769
0.100794
0.098912
0.098103
0.101043
0.099689
0.103369
0.101340
0.098073
0.099646
0.096623
0.097348
0.096397
0.095362
0.093803
0.098566
0.100354
0.094714
0.097065
0.099624
0.098871
0.097366
0.100266
0.096917
0.099870
0.095448
0.098740
0.100118
0.100550
0.101216
0.150638
0.127481
0.129615
0.131556
0.157386
0.153159
0.135180
0.134957
0.118427
0.108862
0.113760
0.151630
0.128668
0.127855
0.128944
0.124939
0.190824
0.152716
0.123568
0.114550
0.095467
0.094918
0.096447
0.145348
0.128325
0.127059
0.129382
0.130173
0.128710
0.120573
0.098812
0.100999
0.097724
0.105216
0.099139
0.102901
0.101441
0.151278
0.128190
0.134081
0.131083
0.150787
0.129586
0.128902
0.102505
0.102386
0.105028
0.100553
0.101678
0.096961
0.097902
0.096307
0.098441
0.100365
0.098173
0.100226
0.098066
0.098482
0.102959
0.098668
0.099679
0.097291
0.145644
0.127525
0.127164
0.126532
0.127877
0.124198
0.096825
0.098494
0.101190
0.148932
0.129997
0.130353
0.126092
0.100239
0.098741
0.108064
0.098566
0.105352
0.107534
0.127798
0.154928
0.130369
0.130447
0.159739
0.136169
0.133493
0.169505
0.161273
0.153797
0.158431
0.125945
0.120402
0.119388
0.116037
0.116148
0.146052
0.127162
0.124678
0.126729
0.096073
0.162067
0.118086
0.121835
0.117460
0.150307
0.130898
0.129991
0.130544
0.129075
0.124233
0.098807
0.101569
0.103251
0.097939
0.102922
0.104410
0.100452
0.112776
0.100226
0.095262
0.099305
0.147616
0.125365
0.123672
0.101087
0.104362
0.143039
0.128912
0.149649
0.126622
0.130764
0.132480
0.127899
0.156738
0.132124
0.130553
0.124618
0.099241
0.096311
0.095286
0.095584
0.100565
0.098922
0.099571
0.102228
0.103783
0.149136
0.129064
0.129161
0.132579
0.127521
0.124551
0.113720
0.099479
0.101716
0.106059
0.099509
0.099447
0.100302
0.099723
0.097779
0.099018
0.094014
0.096659
0.095096
0.097000
0.095852
0.100229
0.097714
0.097192
0.098098
0.096963
0.147473
0.126211
0.125751
0.097702
0.099321
0.102633
0.100812
0.096097
0.179705
0.154644
0.156778
0.127118
0.121863
0.121511
0.128325
0.123928
0.154071
0.165498
0.127076
0.128475
0.136450
0.148010
0.132445
0.133526
0.130813
0.132124
0.130926
0.130717
0.118752
0.105898
0.099339
0.149240
0.127942
0.123779
0.154533
0.153643
0.126272
0.116788
0.162066
0.150784
0.147696
0.122017
0.096679
0.100139
0.146169
0.175787
0.154461
0.154312
0.153485
0.122345
0.119328
0.115851
0.114783
0.114656
0.120427
0.121797
0.119650
0.130836
0.120600
0.141449
0.126888
0.154124
0.129927
0.129645
0.130027
0.128335
0.153303
0.129864
0.128801
0.129067
0.151017
0.129091
0.126460
0.125845
0.125239
0.104766
0.098044
0.104565
0.102777
0.100810
0.167480
0.155630
0.151906
0.120505
0.122212
0.127052
0.126035
0.153224
0.111194
0.107848
0.108569
0.108713
0.107602
0.108623
0.103762
0.106028
0.113955
0.112026
0.124208
0.158211
0.176059
0.161405
0.155427
0.152199
0.151386
0.156636
0.119110
0.123908
0.124101
0.119568
0.117740
0.117368
0.117061
0.119463
0.125272
0.120024
0.117985
0.124577
0.151614
0.132149
0.128458
0.128416
0.149276
0.159092
0.132706
0.151546
0.151039
0.128367
0.152704
0.149176
0.128715
0.122440
0.100424
0.146984
0.128784
0.125774
0.098640
0.100801
0.103014
0.104604
0.101633
0.172855
0.164931
0.155529
0.156383
0.154557
0.130241
0.128899
0.130079
0.103112
0.107386
0.102849
0.100620
0.178426
0.154714
0.151965
0.119120
0.145443
0.096717
0.146473
0.127666
0.130172
0.130690
0.129236
0.098064
0.149110
0.152773
0.137519
0.132577
0.108484
0.102032
0.101976
0.098663
0.097971
0.149515
0.129016
0.128680
0.154859
0.129254
0.129770
0.190356
0.151455
0.148776
0.129362
0.128915
0.129141
0.130128
0.145241
0.132075
0.120311
0.101771
0.103818
0.149207
0.151775
0.130753
0.125913
0.097077
0.096773
0.102676
0.100295
0.132144
0.130795
0.151749
0.151891
0.164801
0.154057
0.156674
0.153563
0.147343
0.120800
0.120508
0.121295
0.124633
0.125629
0.120147
0.119451
0.118411
0.118545
0.117651
0.114219
0.122091
0.120014
0.116741
0.114880
0.120611
0.117429
0.120710
0.120208
0.115558
0.147284
0.097430
0.095129
0.097664
0.097783
0.099194
0.099484
0.154455
0.128925
0.150816
0.129990
0.157877
0.129152
0.129331
0.129560
0.131510
0.132101
0.127076
0.151099
0.128147
0.130422
0.104362
0.103985
0.099679
0.100665
0.100189
0.096151
0.096872
0.097872
0.095503
0.095673
0.097660
0.096493
0.100875
0.098326
0.098775
0.096311
0.098999
0.098435
0.097463
0.098374
0.096964
0.097970
0.099055
0.097962
0.101329
0.097767
0.098866
0.150619
0.128259
0.127369
0.153403
0.152201
0.133217
0.122613
0.116112
0.117351
0.117334
0.126521
0.117537
0.120564
0.118145
0.123150
0.150341
0.126942
0.126842
0.102071
0.100773
0.102829
0.100616
0.097288
0.098635
0.096888
0.100640
0.101599
0.100703
0.096640
0.095869
0.097388
0.096088
0.096556
0.094314
0.175237
0.153819
0.156410
0.158330
0.152939
0.122040
0.124557
0.122001
0.123766
0.122003
0.127100
0.127599
0.144755
0.130604
0.127659
0.158984
0.146964
0.129195
0.126411
0.155245
0.157576
0.128145
0.116369
0.120922
0.117902
0.120036
0.116354
0.124949
0.120128
0.118220
0.117970
0.118498
0.114000
0.148391
0.123405
0.126620
0.125968
0.123248
0.106992
0.097655
0.093849
0.095889
0.094931
0.096471
0.094259
0.098345
0.093347
0.098412
0.099767
0.096298
0.100358
0.101266
0.095499
0.099241
0.095853
0.094172
0.100400
0.100244
0.100688
0.100589
0.100930
0.106583
0.104568
0.100766
0.123511
0.149356
0.127432
0.145379
0.156773
0.128975
0.127347
0.114828
0.099064
0.097438
0.099934
0.097392
0.099530
0.099043
0.094930
0.148690
0.127327
0.128702
0.120866
0.098068
0.097652
0.146269
0.098239
0.099966
0.096537
0.101848
0.098157
0.157569
0.130783
0.128605
0.129801
0.128866
0.155907
0.121666
0.101274
0.101870
0.098097
0.162695
0.152236
0.125805
0.131191
0.128456
0.126906
0.149365
0.126137
0.125251
0.147479
0.130303
0.124830
0.120232
0.150108
0.148501
0.129848
0.126305
0.129534
0.131572
0.115024
0.099246
0.103000
0.101744
0.101966
0.147040
0.128144
0.136967
0.129242
0.132492
0.103925
0.099074
0.100907
0.098544
0.150912
0.129149
0.128564
0.126703
0.127454
0.117929
0.099742
0.097312
0.098176
0.096899
0.100106
0.093969
0.095201
0.094701
0.096967
0.099676
0.097275
0.148689
0.145488
0.128510
0.126441
0.127357
0.102585
0.100162
0.102440
0.101576
0.097681
0.100811
0.099334
0.098140
0.097519
0.097578
0.103776
0.105082
0.101655
0.110928
0.109414
0.112519
0.114661
0.109727
0.111468
0.129870
0.113025
0.142398
0.109904
0.106482
0.149116
0.129434
0.100504
0.099067
0.101204
0.098596
0.096427
0.096333
0.096906
0.096991
0.094062
0.096308
0.100795
0.100623
0.101039
0.097363
0.094252
0.093377
0.093684
0.098440
0.096340
0.099172
0.098400
0.099550
0.148232
0.127944
0.126311
0.126666
0.149730
0.125737
0.124465
0.107865
0.101078
0.144779
0.180529
0.155175
0.155004
0.151246
0.152876
0.131817
0.147840
0.133229
0.129651
0.121164
0.105043
0.097145
0.103943
0.096038
0.098137
0.100753
0.148297
0.128269
0.127976
0.108823
0.100467
0.098857
0.149453
0.180633
0.160350
0.154774
0.154597
0.154337
0.154367
0.157554
0.120124
0.119206
0.119569
0.121557
0.155161
0.129829
0.131396
0.107925
0.102963
0.104213
0.101935
0.103552
0.103002
0.103157
0.107790
0.105557
0.101205
0.096815
0.148682
0.143729
0.098659
0.095365
0.147112
0.128462
0.151142
0.129637
0.131987
0.117451
0.100278
0.101640
0.096958
0.097546
0.094907
0.093873
0.097140
0.102489
0.099633
0.097431
0.100266
0.097757
0.102125
0.151155
0.131756
0.128775
0.129757
0.130891
0.123085
0.106365
0.103988
0.101487
0.100118
0.099664
0.099640
0.096624
0.098240
0.136234
0.124808
0.128566
0.128271
0.109628
0.099592
0.096074
0.189717
0.157106
0.160682
0.153695
0.119780
0.138948
0.149583
0.128786
0.128785
0.130464
0.130536
0.130093
0.112788
0.100888
0.101083
0.104729
0.102944
0.102421
0.103068
0.104750
0.145388
0.127934
0.128495
0.105395
0.098748
0.095607
0.096904
0.095531
0.095765
0.093904
0.095262
0.095574
0.097953
0.099819
0.099046
0.100135
0.097129
0.096822
0.094972
0.097883
0.095182
0.093280
0.097834
0.096739
0.097545
0.096494
0.099555
0.100437
0.095844
0.095672
0.099637
0.096326
0.173798
0.147537
0.131400
0.129763
0.132238
0.126871
0.131679
0.151032
0.129183
0.129017
0.126338
0.123185
0.099406
0.103238
0.170386
0.133513
0.133613
0.163739
0.131045
0.137876
0.157302
0.105470
0.106004
0.112432
0.096463
0.097664
0.100229
0.100444
0.098850
0.101712
0.101429
0.101817
0.101419
0.157811
0.123232
0.119098
0.123206
0.124208
0.135675
0.131766
0.131128
0.129495
0.136202
0.132028
0.136276
0.127539
0.148657
0.129016
0.148824
0.131920
0.129072
0.124776
0.098897
0.099063
0.151380
0.151918
0.128276
0.130503
0.122648
0.128321
0.118294
0.099665
0.103535
0.105493
0.099437
0.101508
0.100891
0.098024
0.098368
0.101661
0.132421
0.130824
0.130324
0.109521
0.153641
0.133934
0.128088
0.148209
0.123324
0.148169
0.129648
0.150766
0.129182
0.160830
0.179323
0.148706
0.124117
0.127753
0.130425
0.126831
0.149791
0.126539
0.128027
0.127267
0.127487
0.124416
0.101362
0.100615
0.099615
0.096841
0.100879
0.098974
0.095764
0.098997
0.096706
0.094109
0.094260
0.097977
0.100639
0.147565
0.149236
0.135814
0.136290
0.136707
0.128780
0.151857
0.140064
0.151806
0.130958
0.128286
0.133017
0.142829
0.128389
0.130280
0.144657
0.125757
0.125687
0.143147
0.128871
0.154533
0.134138
0.131519
0.129306
0.126871
0.127566
0.129543
0.101963
0.101689
0.100934
0.138993
0.133567
0.127831
0.127826
0.124177
0.101048
0.100740
0.100821
0.097929
0.150108
0.122927
0.100910
0.100033
0.139217
0.149489
0.151584
0.129765
0.128699
0.130053
0.161244
0.156318
0.158630
0.156233
0.123223
0.122491
0.121858
0.141360
0.129683
0.129583
0.129700
0.131144
0.129366
0.151994
0.130808
0.102023
0.143183
0.148468
0.103945
0.103004
0.101775
0.100834
0.150898
0.158819
0.143824
0.101006
0.096681
0.100046
0.097205
0.100029
0.097106
0.095866
0.095383
0.097683
0.102322
0.102195
0.099349
0.102391
0.154650
0.133269
0.128424
0.129538
0.125811
0.128638
0.162119
0.130512
0.119123
0.101278
0.148056
0.126724
0.138073
0.128535
0.102669
0.100972
0.099234
0.094599
0.150997
0.156384
0.130223
0.130013
0.150094
0.130972
0.116363
0.096943
0.094911
0.095305
0.095037
0.095371
0.095786
0.098883
0.099841
0.096936
0.098254
0.098816
0.096663
0.097434
0.096352
0.151395
0.117246
0.105351
0.105687
0.105480
0.106866
0.107888
0.106235
0.102751
0.106653
0.100703
0.153143
0.126224
0.124895
0.124673
0.132391
0.130535
0.114100
0.096475
0.097454
0.101107
0.095414
0.098512
0.098022
0.148215
0.127246
0.126128
0.153055
0.127889
0.130915
0.132100
0.128774
0.115188
0.167704
0.148183
0.128264
0.147579
0.143995
0.127296
0.125759
0.119563
