0.004662
0.102375
0.106272
0.099941
0.098479
0.097338
0.098886
0.097840
0.100481
0.139159
0.190627
0.151591
0.154398
0.137960
0.153219
0.139724
0.129422
0.103440
0.100796
0.103489
0.104074
0.096241
0.097491
0.104029
0.148575
0.151174
0.147357
0.133960
0.144058
0.135451
0.146640
0.146128
0.115668
0.104889
0.122260
0.150426
0.127923
0.142193
0.151809
0.158685
0.153877
0.121816
0.123097
0.124612
0.160216
0.155030
0.133156
0.153713
0.112735
0.110920
0.105109
0.098030
0.146022
0.132227
0.127126
0.130073
0.120219
0.100374
0.098894
0.099374
0.100451
0.104900
0.099442
0.099961
0.095165
0.096128
0.103643
0.100203
0.099052
0.101263
0.100066
0.099666
0.149736
0.127050
0.126971
0.128198
0.122441
0.100874
0.100473
0.098710
0.100054
0.107022
0.128763
0.127443
0.150026
0.130560
0.129935
0.131975
0.129868
0.128379
0.126966
0.111022
0.095538
0.148907
0.116519
0.151733
0.127355
0.126396
0.107519
0.106490
0.100182
0.097493
0.101967
0.102384
0.099316
0.101146
0.102919
0.148867
0.130294
0.109333
0.101922
0.099277
0.098317
0.205328
0.177113
0.136148
0.141881
0.129051
0.126113
0.112044
0.098612
0.097088
0.098283
0.149275
0.128070
0.134654
0.136259
0.126560
0.104713
0.153367
0.131532
0.106566
0.154339
0.132351
0.132895
0.152744
0.128646
0.126032
0.128092
0.097281
0.100670
0.100214
0.099375
0.103538
0.099544
0.099208
0.099638
0.102758
0.101656
0.100221
0.098681
0.098859
0.102031
0.129989
0.128720
0.128668
0.122241
0.101041
0.102612
0.102398
0.099532
0.102095
0.099471
0.101696
0.101550
0.101201
0.107229
0.099475
0.104073
0.132234
0.130589
0.130702
0.127064
0.100739
0.100759
0.098704
0.099881
0.102053
0.151710
0.127048
0.129977
0.103164
0.103346
0.101298
0.100965
0.150223
0.138614
0.131807
0.150768
0.131893
0.152739
0.133608
0.130808
0.130810
0.129471
0.103711
0.098159
0.100498
0.107153
0.106579
0.144297
0.140930
0.129698
0.129740
0.100935
0.102482
0.135345
0.135289
0.133591
0.130651
0.110596
0.101773
0.099047
0.105953
0.099628
0.096675
0.104765
0.103230
0.103695
0.100717
0.100115
0.097494
0.099836
0.146982
0.131009
0.160376
0.177112
0.125889
0.153475
0.135325
0.131459
0.130942
0.102001
0.100167
0.100462
0.156421
0.148696
0.134693
0.131140
0.131804
0.121339
0.102070
0.100205
0.099956
0.103258
0.102484
0.100718
0.101133
0.099949
0.098545
0.098440
0.100193
0.100973
0.101672
0.107219
0.104097
0.103416
0.103554
0.101383
0.101690
0.099247
0.102366
0.099958
0.099240
0.152619
0.132022
0.132317
0.100900
0.101648
0.103011
0.102029
0.098871
0.101886
0.106359
0.099657
0.102561
0.096572
0.096352
0.095987
0.097561
0.097592
0.102192
0.106683
0.101820
0.106319
0.102204
0.103736
0.102491
0.103189
0.105396
0.101228
0.102139
0.102029
0.109309
0.100514
0.110318
0.103966
0.097692
0.100762
0.098997
0.099479
0.103115
0.102276
0.101465
0.102003
0.101248
0.101771
0.112770
0.113081
0.149521
0.108819
0.137616
0.133452
0.133114
0.111438
0.101394
0.098524
0.097291
0.102149
0.096733
0.104275
0.101089
0.096476
0.098878
0.104418
0.105458
0.103583
0.100291
0.102047
0.152714
0.131943
0.130805
0.131164
0.132402
0.144424
0.129396
0.128580
0.131074
0.109293
0.100697
0.103532
0.105485
0.108401
0.109876
0.134836
0.143980
0.133914
0.153882
0.154411
0.149663
0.134608
0.132921
0.151918
0.131990
0.120293
0.104683
0.109730
0.105241
0.152703
0.135196
0.130165
0.108490
0.106259
0.101309
0.104261
0.104487
0.102566
0.101858
0.105361
0.106790
0.099135
0.098220
0.101498
0.097993
0.100249
0.099905
0.097686
0.097456
0.098496
0.108543
0.134075
0.130969
0.104177
0.104097
0.103271
0.102785
0.101094
0.099994
0.099447
0.106238
0.105228
0.101676
0.099920
0.097067
0.102429
0.099906
0.102300
0.101257
0.100538
0.103529
0.106982
0.107249
0.104438
0.107654
0.153981
0.130152
0.131251
0.130656
0.133982
0.108100
0.103384
0.105115
0.102310
0.104651
0.107137
0.104934
0.104579
0.103552
0.103365
0.107554
0.102723
0.098521
0.102289
0.100799
0.100809
0.140974
0.131964
0.133023
0.135436
0.126213
0.103906
0.103474
0.106394
0.101866
0.129601
0.131487
0.130157
0.143967
0.130503
0.131771
0.130025
0.132714
0.115140
0.103494
0.100867
0.101530
0.101281
0.103818
0.101596
0.099238
0.101281
0.100543
0.101798
0.100855
0.097501
0.098164
0.098370
0.096527
0.098840
0.097053
0.097625
0.098794
0.101917
0.097180
0.101508
0.103587
0.102035
0.100599
0.102978
0.121716
0.102839
0.109093
0.114922
0.105113
0.105860
0.177951
0.158163
0.168096
0.155794
0.125513
0.121558
0.122610
0.118983
0.121345
0.127859
0.124998
0.168491
0.129800
0.129160
0.129476
0.128936
0.101613
0.104645
0.102312
0.098305
0.100684
0.099767
0.096794
0.098257
0.100809
0.098143
0.172942
0.159687
0.156052
0.158252
0.128481
0.154051
0.128431
0.133017
0.136936
0.145650
0.133354
0.137925
0.135138
0.129779
0.109259
0.105928
0.104075
0.147916
0.128084
0.124953
0.129180
0.129655
0.128382
0.129691
0.107160
0.099398
0.103377
0.155090
0.132307
0.127914
0.127212
0.129423
0.144986
0.131873
0.133081
0.144011
0.136147
0.127800
0.145282
0.132231
0.144049
0.151851
0.155893
0.134163
0.148680
0.133138
0.130471
0.130285
0.130744
0.119388
0.154697
0.132209
0.130990
0.113011
0.100453
0.102345
0.103079
0.102931
0.100119
0.100255
0.100559
0.097346
0.099466
0.099639
0.096154
0.150362
0.128468
0.135791
0.131369
0.130414
0.119529
0.101552
0.102051
0.099285
0.098673
0.101704
0.101266
0.099319
0.108225
0.098729
0.198858
0.157751
0.152562
0.157681
0.137429
0.149960
0.138321
0.121416
0.123504
0.123993
0.170479
0.134780
0.121744
0.126698
0.127698
0.122871
0.144913
0.140933
0.128585
0.129052
0.130035
0.130692
0.109814
0.099308
0.102792
0.103224
0.100110
0.100710
0.104107
0.101713
0.104348
0.146094
0.136381
0.137937
0.130855
0.136942
0.143545
0.165334
0.159167
0.132388
0.140944
0.132490
0.106515
0.109203
0.103072
0.103583
0.099372
0.153811
0.133729
0.139917
0.133617
0.132780
0.103249
0.100896
0.099204
0.105868
0.109881
0.109233
0.114430
0.100619
0.100937
0.100446
0.102152
0.099766
0.098434
0.112317
0.104299
0.103230
0.101636
0.100220
0.099516
0.099383
0.104789
0.099430
0.105819
0.104205
0.105276
0.102039
0.102066
0.098938
0.102790
0.101892
0.100749
0.101978
0.103900
0.102740
0.100838
0.104000
0.103852
0.101203
0.101170
0.103370
0.101566
0.101430
0.099524
0.103262
0.098635
0.098515
0.111992
0.106857
0.104490
0.106344
0.107648
0.102695
0.104429
0.132572
0.172645
0.162392
0.152554
0.123000
0.117625
0.118582
0.130318
0.121512
0.125882
0.129625
0.156991
0.136469
0.148940
0.132541
0.129402
0.132037
0.109212
0.102354
0.107299
0.105077
0.101193
0.099732
0.102242
0.102068
0.105628
0.097232
0.099305
0.100411
0.103549
0.108336
0.098920
0.102869
0.100910
0.180595
0.151274
0.134668
0.130967
0.150805
0.131907
0.130547
0.130613
0.131141
0.127321
0.108005
0.151989
0.130254
0.149793
0.136976
0.135758
0.164412
0.143805
0.133881
0.106942
0.139076
0.166162
0.146098
0.133616
0.133520
0.103616
0.103445
0.106962
0.106548
0.110785
0.159467
0.135915
0.136488
0.134981
0.128554
0.105133
0.124333
0.104193
0.100168
0.145143
0.143903
0.167653
0.158827
0.156588
0.158903
0.151436
0.130646
0.136460
0.132393
0.120363
0.104151
0.105672
0.100802
0.149433
0.129187
0.130545
0.132976
0.134574
0.102148
0.101665
0.107883
0.101576
0.103522
0.100499
0.102041
0.100626
0.099111
0.096614
0.099554
0.100293
0.099512
0.098387
0.100636
0.105284
0.103381
0.099284
0.101524
0.101295
0.100228
0.100731
0.099294
0.100778
0.102211
0.107672
0.106678
0.102247
0.104408
0.102756
0.099133
0.105098
0.148031
0.148306
0.160973
0.136902
0.137658
0.135708
0.108452
0.153923
0.146548
0.106560
0.106881
0.106648
0.105472
0.097547
0.105530
0.105029
0.102129
0.107061
0.104777
0.105686
0.104417
0.153749
0.136562
0.131347
0.136096
0.132974
0.107581
0.103207
0.103231
0.103973
0.100478
0.101974
0.100742
0.098302
0.102385
0.153564
0.132298
0.130656
0.160750
0.152219
0.155980
0.133343
0.133757
0.131599
0.113923
0.103378
0.108860
0.110409
0.105732
0.131197
0.128347
0.154763
0.165911
0.155792
0.131912
0.132471
0.126490
0.102073
0.102151
0.102134
0.101346
0.103266
0.104008
0.176707
0.165952
0.151014
0.133003
0.118469
0.101533
0.103232
0.101820
0.101346
0.097397
0.098596
0.105741
0.103769
0.103597
0.108871
0.102423
0.101478
0.102537
0.099108
0.103781
0.102999
0.105772
0.103761
0.104484
0.103988
0.103467
0.109412
0.146921
0.132629
0.177277
0.152675
0.141238
0.155318
0.180265
0.207093
0.180149
0.135482
0.136864
0.135433
0.127389
0.099910
0.108798
0.105719
0.102253
0.150246
0.129437
0.134194
0.110640
0.101959
0.102404
0.100269
0.099617
0.101454
0.100215
0.100525
0.102960
0.104278
0.105081
0.101823
0.103408
0.103296
0.104929
0.103594
0.102585
0.150807
0.131901
0.129868
0.131941
0.131988
0.103428
0.099206
0.099712
0.101978
0.103174
0.102756
0.106714
0.102340
0.098540
0.099387
0.098027
0.136472
0.137536
0.135755
0.140714
0.123135
0.113357
0.109432
0.111459
0.176742
0.133079
0.134525
0.151909
0.133979
0.132708
0.134227
0.111131
0.105645
0.159031
0.132241
0.120720
0.122278
0.126531
0.123821
0.129488
0.122800
0.119096
0.155963
0.133366
0.132361
0.135093
0.137033
0.108582
0.104282
0.102801
0.106872
0.105124
0.104658
0.102260
0.110628
0.150069
0.132447
0.111609
0.108150
0.108418
0.102674
0.100858
0.102031
0.098117
0.103922
0.106424
0.104810
0.105173
0.107274
0.105607
0.104485
0.107158
0.105413
0.108248
0.106698
0.107539
0.102934
0.150016
0.143128
0.151877
0.138894
0.137091
0.134447
0.139667
0.136782
0.167528
0.167066
0.142653
0.132323
0.107880
0.120764
0.103008
0.106240
0.108429
0.105547
0.104914
0.101226
0.101529
0.106811
0.100582
0.101746
0.098987
0.098396
0.100986
0.100265
0.102752
0.103096
0.103927
0.100574
0.109952
0.104626
0.124152
0.109138
0.181826
0.143322
0.156216
0.133788
0.134150
0.139602
0.136532
0.104260
0.108558
0.102225
0.107379
0.102040
0.160182
0.186728
0.161313
0.160384
0.158653
0.143666
0.129050
0.130100
0.127280
0.131742
0.121897
0.138477
0.133669
0.120413
0.123124
0.120028
0.119012
0.125904
0.127179
0.123457
0.124046
0.123019
0.126448
0.148869
0.169420
0.131886
0.136606
0.112233
0.103299
0.101413
0.103583
0.101533
0.102906
0.102623
0.103878
0.151927
0.147734
0.101985
0.100687
0.102463
0.100119
0.109143
0.102717
0.109921
0.107463
0.102019
0.102115
0.151655
0.131428
0.140315
0.134574
0.131340
0.127208
0.110478
0.111205
0.101516
0.102450
