0.008595
0.148561
0.152931
0.145473
0.129837
0.150396
0.130395
0.152900
0.128721
0.151188
0.104113
0.100301
0.100496
0.147616
0.100423
0.154768
0.153818
0.137673
0.101470
0.098010
0.145786
0.145921
0.130704
0.101573
0.104403
0.105431
0.105030
0.105926
0.102865
0.101511
0.103501
0.133778
0.104424
0.102792
0.104830
0.132479
0.138518
0.131387
0.104182
0.104108
0.129821
0.111718
0.103442
0.101714
0.102841
0.102103
0.100816
0.102510
0.100615
0.098718
0.099275
0.099175
0.114064
0.102002
0.102087
0.100847
0.102766
0.103404
0.103188
0.099277
0.103342
0.101894
0.106472
0.106718
0.129318
0.130328
0.130772
0.132480
0.104187
0.102565
0.102008
0.104947
0.160401
0.102384
0.102568
0.099898
0.101881
0.101337
0.099912
0.098992
0.106442
0.113091
0.101583
0.102318
0.100940
0.100220
0.104172
0.104163
0.100219
0.098917
0.100332
0.100293
0.103211
0.109055
0.104039
0.109379
0.125645
0.106586
0.102735
0.154394
0.133848
0.135810
0.135906
0.118066
0.103136
0.103276
0.131003
0.153232
0.150705
0.151157
0.131247
0.163123
0.141426
0.131310
0.127637
0.135110
0.122586
0.099783
0.099342
0.098644
0.096369
0.099081
0.097016
0.152236
0.150431
0.127669
0.123147
0.101268
0.103533
0.107012
0.098506
0.153842
0.153248
0.105102
0.131664
0.102161
0.174984
0.109003
0.154282
0.099267
0.147383
0.144016
0.129265
0.155833
0.154205
0.131152
0.129901
0.123471
0.185499
0.130129
0.130341
0.130589
0.128305
0.152786
0.154077
0.150056
0.134501
0.099041
0.103196
0.099646
0.100610
0.098539
0.107191
0.145463
0.136979
0.099510
0.102979
0.149527
0.101983
0.103023
0.101304
0.108851
0.103592
0.097475
0.101758
0.099943
0.152827
0.124884
0.098413
0.100558
0.106174
0.101009
0.104583
0.147308
0.130152
0.152018
0.122854
0.103437
0.102596
0.155157
0.124681
0.102857
0.098819
0.145553
0.142416
0.134412
0.155831
0.144133
0.130972
0.124299
0.138989
0.152825
0.102527
0.099513
0.102406
0.099903
0.098942
0.099443
0.146222
0.097506
0.100219
0.168761
0.099113
0.101210
0.144192
0.130088
0.104087
0.126372
0.102062
0.131385
0.141865
0.128326
0.128259
0.128331
0.117492
0.102318
0.102504
0.146085
0.100326
0.097177
0.097677
0.100892
0.098137
0.145061
0.103582
0.103163
0.101740
0.098311
0.096889
0.099414
0.154583
0.104274
0.100138
0.100171
0.102463
0.105167
0.102948
0.131336
0.134244
0.119146
0.148904
0.098207
0.100140
0.108559
0.140167
0.128746
0.151196
0.098095
0.103311
0.100821
0.122489
0.100240
0.101800
0.101549
0.103392
0.100455
0.100478
0.100876
0.099191
0.099108
0.150324
0.099637
0.098764
0.098809
0.098953
0.104210
0.131245
0.100788
0.097391
0.100734
0.099161
0.154932
0.124782
0.128955
0.106159
0.106382
0.099818
0.102351
0.124616
0.099541
0.110431
0.152782
0.134039
0.153848
0.102548
0.104887
0.098332
0.100338
0.098073
0.097958
0.100666
0.097821
0.096864
0.099918
0.151790
0.117655
0.096188
0.099230
0.102524
0.101749
0.102395
0.102648
0.101154
0.094739
0.156295
0.131368
0.128662
0.129165
0.126184
0.136256
0.129495
0.145165
0.134074
0.133126
0.138500
0.155213
0.154455
0.147022
0.130772
0.149049
0.133864
0.158350
0.153378
0.157066
0.133570
0.101136
0.099028
0.101925
0.153474
0.101625
0.153927
0.135520
0.104012
0.169720
0.155159
0.131082
0.103580
0.150134
0.112855
0.116332
0.104587
0.113700
0.130061
0.132373
0.114335
0.104735
0.103825
0.156526
0.129487
0.141394
0.150800
0.127840
0.148387
0.146399
0.130259
0.127488
0.130270
0.130030
0.105817
0.099570
0.097568
0.136798
0.105106
0.102931
0.149225
0.152480
0.103418
0.153695
0.103480
0.151461
0.150043
0.144502
0.141098
0.174917
0.132741
0.150774
0.160628
0.131899
0.170525
0.130975
0.131023
0.109300
0.100046
0.099809
0.114182
0.101209
0.101176
0.104026
0.103589
0.141430
0.135704
0.101221
0.100885
0.104239
0.103437
0.104168
0.098234
0.102810
0.149344
0.101736
0.131246
0.132456
0.132322
0.127075
0.132103
0.132050
0.137455
0.170762
0.132684
0.156433
0.160873
0.128135
0.123827
0.135220
0.155137
0.145701
0.130602
0.130213
0.146802
0.156892
0.166810
0.153633
0.136844
0.110616
0.135987
0.112779
0.154447
0.134975
0.135100
0.159649
0.139354
0.156922
0.137173
0.129293
0.141535
0.130294
0.139810
0.151489
0.152906
0.109590
0.152526
0.133298
0.145787
0.130963
0.167538
0.126269
0.129004
0.127825
0.130138
0.107816
0.100564
0.095603
0.096950
0.097752
0.130989
0.099150
0.143429
0.124640
0.124576
0.150535
0.143714
0.150610
0.131594
0.153320
0.128319
0.128194
0.109814
0.101552
0.100619
0.128735
0.131955
0.140524
0.100431
0.127751
0.100398
0.102686
0.103320
0.101506
0.100251
0.103666
0.105604
0.100514
0.153664
0.103576
0.101367
0.101383
0.097257
0.102494
0.152713
0.141249
0.106437
0.099922
0.105225
0.100182
0.105461
0.104445
0.099703
0.105428
0.106756
0.108622
0.155203
0.129826
0.133224
0.137711
0.129354
0.128020
0.145301
0.155769
0.129261
0.148724
0.129748
0.148884
0.152742
0.155802
0.150333
0.146451
0.100133
0.135853
0.126951
0.135034
0.132049
0.117876
0.102471
0.099818
0.097175
0.153218
0.099220
0.152411
0.100012
0.125504
0.098892
0.103763
0.104023
0.109094
0.106053
0.108231
0.107313
0.105480
0.101918
0.145328
0.160816
0.102106
0.104325
0.102588
0.100275
0.151176
0.154279
0.134397
0.141039
0.152297
0.153278
0.123166
0.099613
0.099235
0.096960
0.098477
0.113804
0.099716
0.096894
0.100758
0.101560
0.102460
0.096604
0.149147
0.131237
0.129091
0.132019
0.112612
0.104974
0.131050
0.143140
0.130605
0.133065
0.114182
0.108207
0.130960
0.164554
0.116663
0.133567
0.130908
0.134156
0.133350
0.100300
0.129744
0.143883
0.152574
0.128466
0.105541
0.098002
0.099704
0.103700
0.150712
0.147231
0.129307
0.134096
0.130448
0.128782
0.126012
0.150373
0.126509
0.130152
0.128509
0.136923
0.155246
0.159887
0.108728
0.098081
0.101227
0.099727
0.098499
0.100475
0.100286
0.101871
0.099764
0.105967
0.164321
0.128806
0.130265
0.145555
0.131123
0.131473
0.127022
0.113977
0.148350
0.133152
0.131816
0.151569
0.180111
0.153079
0.130370
0.131032
0.105989
0.098055
0.097650
0.095972
0.097853
0.097623
0.097498
0.097625
0.101861
0.108041
0.101126
0.102840
0.100711
0.098993
0.100520
0.102053
0.102473
0.100577
0.100404
0.134472
0.132521
0.133053
0.130623
0.106025
0.101267
0.102572
0.099574
0.100809
0.103675
0.101209
0.096193
0.095237
0.098717
0.118970
0.142720
0.098848
0.116514
0.095941
0.101418
0.104830
0.097086
0.094815
0.095634
0.100456
0.097348
0.099189
0.094342
0.150171
0.129103
0.103887
0.097880
0.099663
0.141395
0.128775
0.116575
0.131059
0.146337
0.152069
0.130229
0.129747
0.133572
0.141801
0.131797
0.132481
0.128481
0.107792
0.134694
0.100665
0.096855
0.153268
0.137868
0.128959
0.100527
0.150665
0.128327
0.127901
0.125478
0.124221
0.102628
0.152637
0.100481
0.111324
0.102800
0.101833
0.101996
0.101646
0.100781
0.100741
0.153183
0.131954
0.129830
0.129179
0.132595
0.124872
0.121498
0.137922
0.131347
0.130111
0.130216
0.149859
0.136897
0.151456
0.141951
0.100574
0.096355
0.146415
0.154098
0.129856
0.118472
0.101924
0.111038
0.127564
0.156012
0.152615
0.132375
0.152532
0.132295
0.151199
0.161672
0.127247
0.141572
0.138624
0.129690
0.129272
0.151029
0.143672
0.130925
0.153066
0.151540
0.160008
0.128665
0.127291
0.099626
0.103070
0.103412
0.098001
0.099621
0.102501
0.103305
0.155797
0.103221
0.148432
0.101216
0.152426
0.152472
0.119529
0.168107
0.101043
0.149822
0.098786
0.136181
0.105739
0.102589
0.102468
0.151760
0.115010
0.100102
0.100637
0.100644
0.116181
0.100406
0.105109
0.153225
0.140738
0.133136
0.133101
0.102438
0.114748
0.152003
0.150951
0.147927
0.152203
0.147188
0.133700
0.130872
0.104291
0.100371
0.097801
0.101983
0.099956
0.097866
0.149854
0.104136
0.097400
0.098473
0.100338
0.151407
0.125078
0.151911
0.152932
0.156345
0.152371
0.100076
0.099239
0.098327
0.102683
0.102244
0.101714
0.098896
0.094838
0.154026
0.146153
0.098919
0.097636
0.096920
0.098820
0.100817
0.098613
0.097688
0.101891
0.106472
0.150334
0.103088
0.098927
0.097894
0.099985
0.100521
0.109010
0.099607
0.098268
0.097984
0.097853
0.100482
0.149202
0.098375
0.096115
0.099012
0.098743
0.101877
0.097119
0.172221
0.151226
0.126266
0.124617
0.136523
0.129451
0.125558
0.097032
0.144486
0.147498
0.101188
0.101193
0.103115
0.136178
0.134146
0.135252
0.106380
0.102167
0.155699
0.153980
0.141220
0.125192
0.127955
0.152044
0.127077
0.101620
0.151421
0.140122
0.151866
0.132262
0.100909
0.167228
0.120566
0.100628
0.098768
0.100183
0.099088
0.098525
0.097982
0.097808
0.101402
0.100054
0.099588
0.125825
0.102616
0.103432
0.100844
0.098617
0.101845
0.102146
0.118162
0.145641
0.130767
0.128785
0.132135
0.158941
0.155193
0.130917
0.150248
0.144220
0.133656
0.130911
0.149873
0.144123
0.135940
0.156633
0.127212
0.132477
0.129412
0.102542
0.151796
0.139878
0.099878
0.100223
0.097553
0.097948
0.097994
0.144074
0.135786
0.165141
0.130022
0.130790
0.150610
0.154994
0.133820
0.152407
0.127916
0.146062
0.145522
0.151248
0.131559
0.150851
0.128101
0.126391
0.124405
0.112418
0.099061
0.095831
0.161590
0.127462
0.126236
0.152468
0.144352
0.123838
0.144863
0.142528
0.128549
0.127894
0.129113
0.129083
0.149137
0.131843
0.125306
0.148109
0.149201
0.152053
0.104695
0.104531
0.101996
0.098480
0.106745
0.146795
0.127254
0.140226
0.099253
0.097767
0.102585
0.102385
0.134413
0.099022
0.098387
0.096509
0.096506
0.098291
0.097881
0.098191
0.098073
0.101686
0.152730
0.100189
0.146982
0.129588
0.151618
0.130259
0.150799
0.133015
0.107730
0.101447
0.104779
0.102733
0.105427
0.115987
0.104486
0.106768
0.154459
0.116883
0.152241
0.129633
0.160082
0.106848
0.100540
0.100078
0.149433
0.130378
0.149396
0.150808
0.133902
0.136484
0.130554
0.148278
0.152626
0.163559
0.129782
0.129726
0.129553
0.114649
0.148738
0.133254
0.150551
0.151035
0.101949
0.100925
0.100922
0.104693
0.098429
0.100038
0.099868
0.097229
0.098051
0.096779
0.151754
0.131510
0.128546
0.126819
0.149544
0.128932
0.126483
0.152814
0.129689
0.130636
0.129299
0.142630
0.135589
0.192365
0.138651
0.129658
0.146909
0.130136
0.128795
0.127542
0.129704
0.154071
0.144118
0.151246
0.153084
0.133266
0.131050
0.138841
0.101789
0.143903
0.101918
0.142577
0.100690
0.099537
0.102255
