546	250	92	77
508	241	117	87
504	241	121	87
502	237	120	84
503	226	126	93
504	213	125	101
502	214	129	97
515	210	125	91
529	205	118	98
529	207	121	102
529	212	121	111
513	218	132	107
499	229	147	111
498	235	146	101
498	244	147	95
490	248	147	93
495	242	139	99
492	239	141	96
483	237	146	97
506	241	125	94
521	245	107	89
532	248	106	86
535	251	111	85
531	252	120	86
518	251	140	87
506	253	155	89
501	248	162	93
509	245	157	98
548	245	122	99
542	249	131	93
558	250	124	92
570	243	120	87
583	238	116	107
589	238	119	103
595	231	123	118
599	229	128	129
572	241	165	126
592	250	149	119
575	259	169	121
584	268	154	113
579	270	137	113
578	257	138	108
583	249	128	133
621	231	100	148
656	193	67	183
726	95	10	276
655	267	60	57
634	268	60	86
535	257	150	83
511	245	167	95
582	136	93	201
551	189	114	165
560	127	102	213
572	69	83	269
556	31	105	320
532	7	203	211
522	5	199	202
514	2	193	207
523	0	182	206
528	3	180	236
494	0	211	207
457	0	232	203
458	3	208	239
458	4	201	233
457	1	195	243
446	0	201	253
437	5	206	242
438	12	199	254
430	0	206	256
433	15	199	223
431	0	191	224
439	1	202	234
446	16	187	221
416	0	205	222
409	12	198	231
411	0	189	221
443	0	200	213
455	17	177	186
458	0	164	201
447	24	176	211
471	104	192	155
444	6	149	202
450	0	202	254
459	10	206	232
477	15	195	226
551	193	181	156
542	210	181	135
546	218	195	136
558	224	168	130
593	238	148	114
596	237	127	113
630	256	100	98
634	262	94	95
633	268	90	85
630	269	93	84
610	266	105	90
618	269	92	85
619	271	85	86
624	277	78	75
627	280	71	75
622	278	85	80
627	280	73	73
626	278	81	78
631	282	74	70
634	283	76	77
637	286	79	68
634	287	90	68
636	287	91	68
591	263	139	91
557	232	170	123
511	0	235	347
510	65	526	350
500	47	546	329
510	33	546	356
548	24	506	358
504	30	529	350
551	26	520	360
513	53	489	336
507	36	537	356
516	31	537	367
533	44	508	357
552	45	522	356
508	38	470	339
530	55	498	325
493	38	512	332
536	26	507	354
490	29	511	337
476	20	553	353
510	13	553	371
489	17	422	342
470	26	492	331
474	25	544	340
471	12	550	366
529	41	525	345
487	43	427	343
492	60	470	319
482	52	526	333
483	39	455	356
521	67	458	322
485	57	320	333
505	82	351	310
512	74	215	306
515	183	212	226
536	257	178	153
557	282	135	122
569	303	125	100
584	306	105	96
593	307	90	93
600	312	90	84
618	314	80	81
559	222	124	167
526	0	159	405
521	42	206	272
518	62	208	287
518	76	223	273
517	43	226	277
521	97	214	260
519	72	210	262
517	45	210	273
507	36	230	290
505	36	242	263
502	29	206	270
512	33	229	292
507	32	199	231
515	48	259	297
511	8	332	300
475	21	252	269
497	33	218	237
500	37	357	342
518	37	368	277
496	27	532	358
520	15	547	374
509	0	481	341
501	0	538	349
507	0	572	361
507	0	591	372
488	0	452	332
537	15	525	339
499	4	584	360
483	0	463	322
540	22	508	321
534	14	547	347
510	7	594	366
475	0	311	275
502	15	570	437
502	20	480	316
501	19	533	349
493	6	581	372
471	0	544	384
550	35	517	353
503	34	483	331
512	28	516	343
483	17	585	363
494	9	600	386
482	2	507	378
539	29	509	349
497	24	578	360
496	14	583	383
480	3	616	400
517	1	531	398
477	2	619	393
490	0	539	400
528	19	558	379
486	10	465	340
542	28	518	335
500	18	582	358
470	1	594	376
528	11	573	382
490	1	576	391
516	0	590	398
491	0	519	389
520	3	551	384
522	5	597	390
473	0	456	328
527	0	471	340
488	2	559	369
543	8	548	373
508	0	625	388
479	0	469	349
532	1	573	386
488	0	518	349
537	22	528	339
516	8	586	366
517	0	620	391
527	0	640	405
497	0	435	332
545	2	267	290
545	29	469	362
554	30	589	359
513	10	435	308
552	8	419	351
559	19	548	355
522	4	495	333
554	10	508	343
515	1	582	389
516	0	592	390
504	0	590	382
520	0	611	395
511	0	519	358
501	0	486	327
542	0	266	311
549	20	472	374
535	26	592	358
536	10	623	395
516	0	617	396
501	0	366	312
544	7	555	389
516	3	632	400
505	0	437	325
558	1	250	293
531	40	544	393
527	35	444	313
530	20	485	327
570	20	502	352
522	8	507	337
569	13	494	340
528	4	569	368
521	0	617	386
499	0	575	375
513	0	571	374
490	0	568	362
500	0	417	314
553	7	551	388
515	0	642	404
499	0	531	353
539	0	458	343
548	3	543	380
505	0	610	384
498	0	650	399
475	0	444	331
533	0	551	410
486	0	353	284
497	7	569	421
494	7	387	298
531	4	559	389
497	0	424	318
549	0	536	384
507	0	627	391
478	0	522	348
524	0	373	298
546	4	294	318
553	17	599	446
509	13	331	263
546	5	501	399
511	9	585	382
480	0	557	363
536	0	492	344
472	18	622	366
486	0	522	355
525	0	342	325
531	7	550	379
492	0	525	356
531	0	429	330
545	0	263	286
541	14	474	427
466	22	361	267
501	4	394	351
539	9	552	394
498	1	621	399
476	0	680	413
486	0	410	310
536	0	475	356
531	0	427	337
546	4	274	287
519	0	550	445
473	6	346	279
462	16	635	430
446	1	405	293
532	8	555	411
497	6	631	408
466	0	342	289
541	6	271	292
536	4	454	390
538	15	417	301
522	5	559	393
483	0	620	391
477	0	630	390
468	0	583	371
451	0	390	291
532	2	325	322
503	1	475	363
493	3	318	308
521	1	278	296
506	8	518	434
505	18	323	256
461	11	625	464
507	6	353	307
543	0	515	413
501	4	619	400
469	0	429	318
529	0	395	324
539	2	256	261
551	6	432	417
491	26	357	254
539	15	352	321
559	28	220	250
562	26	388	391
518	27	288	251
545	31	243	246
506	34	357	333
537	36	205	221
561	62	219	257
535	41	492	463
536	35	373	260
568	41	200	257
552	50	466	443
492	35	335	270
536	45	377	316
536	50	237	287
563	75	251	254
541	62	393	347
554	50	241	246
562	61	217	224
561	97	351	334
557	37	228	273
563	83	232	244
575	91	227	273
576	104	188	203
610	192	154	202
629	233	132	151
636	278	114	123
638	228	104	186
653	301	90	111
666	326	72	85
669	334	61	81
667	340	63	82
658	330	75	94
614	294	102	108
637	293	86	158
622	272	104	183
591	80	123	373
546	46	436	511
514	26	315	326
536	49	437	333
525	51	298	252
562	53	234	252
586	283	180	259
613	313	150	192
618	305	138	179
626	293	118	205
623	298	125	202
617	308	120	185
614	304	139	203
613	317	144	187
613	324	160	213
605	356	180	202
596	350	199	238
599	353	225	243
605	337	266	247
621	308	292	287
629	287	304	330
662	327	317	307
684	327	335	344
636	308	371	380
597	319	427	368
567	339	479	363
533	367	461	324
508	378	425	317
463	309	566	410
398	306	601	413
329	276	711	443
122	50	958	669
151	47	1026	672
151	51	1069	668
230	81	1004	638
333	108	945	611
500	86	779	564
550	0	641	478
469	0	778	477
401	0	719	495
352	0	663	468
203	0	736	460
182	0	669	455
312	0	578	459
340	23	630	512
108	29	1080	655
115	31	1108	688
253	151	902	568
300	29	923	690
219	77	935	639
318	70	901	649
254	4	997	715
202	35	937	684
220	57	1008	662
173	30	994	689
130	0	1048	720
68	0	1049	720
128	35	1028	684
90	21	1040	698
48	3	1073	716
20	0	1020	720
60	0	1060	719
51	0	1001	720
62	6	1014	713
127	0	1023	720
89	0	1108	720
222	0	1014	720
182	0	994	720
268	30	952	689
87	9	1060	710
355	1	864	718
111	0	1084	710
45	0	1071	664
104	0	874	651
135	11	731	613
187	33	783	580
179	34	856	668
186	31	781	656
242	40	818	633
334	0	815	676
394	2	699	696
315	2	905	672
435	0	844	677
479	7	702	665
54	61	1099	607
56	23	1129	690
69	9	1146	710
82	18	1180	701
74	71	1205	648
62	44	828	667
44	44	587	578
71	0	431	534
82	0	411	475
106	30	371	498
91	0	385	587
88	19	715	508
53	13	481	688
731	84	548	364
609	86	563	375
595	139	499	333
789	185	15	313
880	192	47	116
900	250	141	62
1036	368	108	88
1105	290	140	139
953	458	264	131
985	411	289	138
1024	428	246	283
581	249	173	392
253	277	541	317
197	180	672	445
251	139	661	517
312	133	664	536
375	134	628	530
406	118	603	535
405	132	664	509
465	113	642	535
371	123	744	525
423	146	760	505
527	143	703	509
569	126	710	526
599	175	680	459
444	177	800	476
509	178	678	495
524	211	511	467
396	219	569	500
465	207	451	484
345	221	586	452
429	200	604	470
306	202	857	466
335	210	918	485
377	154	888	518
499	151	780	521
265	155	958	521
362	216	872	470
83	159	1079	492
76	128	1051	578
97	122	1059	580
140	158	1033	557
97	159	1049	542
125	146	1018	568
38	124	1126	584
157	180	1015	520
45	135	1083	506
65	181	1031	515
71	157	923	531
133	159	932	549
108	146	985	547
317	166	804	526
106	134	1009	506
158	167	951	515
238	146	876	542
104	137	967	547
132	156	967	541
36	119	1079	566
108	129	1017	578
288	187	834	502
399	49	679	614
425	173	595	485
268	98	765	535
379	113	629	541
415	120	571	516
226	101	735	514
313	92	635	551
352	19	569	615
374	63	578	566
350	25	586	600
383	28	562	648
399	3	631	637
395	30	593	615
438	0	659	628
434	8	629	607
471	0	696	616
522	0	674	622
555	12	670	630
588	32	689	626
576	16	624	612
573	5	523	529
631	0	431	496
676	0	375	448
603	10	553	460
617	6	622	454
567	5	648	467
619	3	660	475
710	4	499	472
704	18	575	428
446	4	784	444
434	0	824	477
401	0	701	447
426	0	834	431
435	0	503	460
489	0	418	428
513	0	488	364
541	0	509	355
514	0	544	344
404	0	687	345
421	0	674	335
467	0	631	335
355	4	742	333
333	0	797	324
313	0	838	322
346	0	873	305
410	0	754	326
405	0	801	310
450	0	735	320
446	0	828	329
520	0	715	323
221	30	965	311
176	24	490	387
208	41	509	358
181	58	539	341
262	53	481	327
270	71	518	311
363	64	478	303
238	81	624	268
342	52	507	304
240	47	631	313
306	16	567	308
317	13	561	332
331	8	553	306
336	0	519	326
246	1	589	332
239	4	560	334
231	0	589	336
242	9	573	335
222	17	535	338
297	31	529	334
170	47	572	324
223	49	1028	346
163	0	562	405
217	30	514	371
183	57	539	338
211	50	618	308
297	27	411	356
373	21	824	397
114	0	859	410
537	0	742	366
851	0	428	386
808	13	430	357
824	12	367	347
792	10	369	323
792	16	348	304
781	19	388	292
689	0	469	308
672	0	521	317
748	0	455	331
841	0	371	328
652	0	512	309
796	0	395	322
517	0	605	312
720	0	512	330
682	0	547	314
642	0	596	325
682	0	562	336
755	0	494	348
802	0	401	322
836	0	388	323
784	0	414	324
804	0	428	316
817	0	396	335
800	0	414	338
766	0	451	355
811	0	413	336
723	0	495	335
852	0	406	353
866	0	411	359
833	0	411	345
832	0	437	337
857	0	382	343
831	0	405	314
898	0	340	319
855	0	356	283
852	0	341	287
827	0	384	266
745	2	439	312
874	0	357	313
867	0	395	259
868	0	386	278
812	0	68	306
541	7	117	137
557	7	97	127
588	0	87	123
588	5	89	125
591	0	88	121
595	7	88	116
598	2	90	122
601	11	90	115
605	0	87	126
605	5	91	123
608	4	93	126
610	11	98	118
615	6	91	118
617	11	91	115
620	13	89	112
622	14	88	114
623	17	87	114
624	17	88	112
626	19	88	113
627	19	88	108
629	23	86	108
629	20	86	114
628	19	89	112
628	25	88	107
630	24	87	109
630	29	87	107
629	24	89	108
630	32	89	103
627	36	92	100
627	39	90	98
628	44	88	94
627	47	91	90
624	50	95	91
628	54	90	89
621	58	94	94
624	60	88	88
623	63	92	94
619	66	93	90
621	61	89	96
619	67	90	87
614	64	93	93
618	59	88	94
620	60	88	89
617	55	89	95
619	49	88	97
621	42	92	97
618	42	95	97
622	31	90	107
622	30	92	99
623	29	92	107
624	20	91	110
626	16	89	113
627	9	91	112
629	5	89	119
630	0	91	117
632	0	92	115
636	1	94	112
639	10	96	96
647	15	94	90
654	17	93	84
660	8	85	90
664	13	81	85
668	11	92	84
667	13	87	82
669	13	83	81
670	10	89	82
667	12	87	80
670	11	88	81
667	12	88	81
671	10	85	83
669	13	86	80
669	12	86	81
669	14	84	81
670	15	84	80
665	18	86	76
671	13	87	80
661	13	92	79
668	17	80	80
662	16	90	79
664	19	82	76
659	18	94	76
661	20	86	75
660	23	89	75
663	23	88	76
662	17	88	81
665	22	82	75
660	23	90	72
665	23	88	73
658	18	90	79
665	21	80	77
663	25	82	72
657	26	90	77
665	27	83	77
660	28	86	82
671	21	92	86
699	18	86	90
720	7	92	96
738	0	97	92
749	4	105	89
760	5	105	86
770	7	95	86
768	10	93	84
771	13	98	99
773	3	91	122
774	1	94	132
774	3	96	125
776	8	104	132
781	6	105	126
801	7	110	127
808	6	114	138
827	0	115	136
833	0	113	136
841	0	122	136
848	0	114	134
855	1	122	140
862	0	117	135
874	3	127	136
883	6	118	130
892	0	126	128
902	1	111	133
907	0	114	132
913	0	115	130
919	0	116	131
927	0	114	131
932	5	112	130
937	0	114	140
940	0	112	134
944	1	114	135
948	6	111	132
952	0	112	129
956	0	108	126
958	8	107	121
961	0	113	127
958	6	112	116
962	9	110	119
964	0	107	126
959	0	112	128
961	0	108	127
963	0	109	140
962	0	110	130
958	5	114	142
960	0	111	142
960	0	110	134
959	0	109	129
952	5	117	136
950	0	115	136
938	9	123	123
919	10	132	119
897	6	129	133
871	10	122	130
857	16	108	170
840	5	88	268
818	0	131	144
792	8	123	124
799	0	101	131
790	0	98	142
768	0	104	127
747	0	111	104
733	4	110	97
728	5	102	92
717	7	94	92
711	12	93	89
700	7	94	100
684	8	83	96
674	6	84	106
653	0	78	115
640	0	79	116
630	0	77	123
619	0	72	116
609	0	73	121
589	0	74	127
573	2	76	127
554	0	74	136
532	3	79	135
516	5	78	132
500	5	85	128
489	5	82	119
477	7	87	122
471	4	81	116
466	2	80	116
453	5	90	124
443	6	83	109
435	9	70	79
437	4	60	55
432	7	59	49
433	4	52	50
425	2	56	48
413	14	36	102
399	54	59	66
395	71	46	57
401	5	37	100
381	73	48	51
390	51	38	71
391	67	41	48
389	58	43	57
387	62	51	54
389	55	53	60
380	49	62	62
378	47	64	57
377	40	72	74
372	26	86	90
356	23	116	122
412	192	147	114
251	258	170	106
292	157	120	222
137	214	260	156
103	144	300	210
66	143	308	222
38	155	289	247
81	112	300	274
42	126	328	239
80	121	325	234
54	120	309	239
72	126	331	229
99	106	310	209
68	140	387	179
53	137	391	210
49	128	345	236
38	127	310	246
68	131	423	190
58	129	311	229
36	161	347	196
46	154	301	218
57	151	333	208
50	147	451	192
63	125	295	240
48	137	417	188
55	132	336	231
43	145	401	200
47	141	340	215
47	155	330	209
45	153	338	215
52	155	301	219
44	154	343	221
39	157	305	227
47	156	373	213
39	144	331	235
47	142	306	237
39	148	333	229
41	144	326	237
49	143	328	231
68	142	272	243
40	154	339	225
48	148	288	238
42	156	341	229
67	153	277	242
34	159	349	226
53	146	309	239
49	151	313	235
51	148	366	216
48	147	313	254
49	155	322	247
50	158	303	253
44	158	336	249
63	159	279	256
60	164	319	249
61	155	286	261
42	160	330	253
48	169	295	256
53	162	329	267
62	162	284	263
45	169	299	256
55	151	301	275
35	157	295	262
29	159	320	259
47	145	303	284
46	132	306	284
38	124	293	282
45	131	297	268
52	121	298	276
41	104	294	282
42	109	318	270
56	91	283	284
54	85	321	286
57	77	302	292
65	96	350	291
88	70	302	309
100	95	283	271
96	79	333	292
112	63	298	301
111	63	287	289
123	74	336	292
136	59	335	299
121	69	347	285
149	72	363	280
121	61	397	291
122	62	433	289
118	54	470	299
146	50	468	307
128	39	498	318
178	37	463	316
159	39	432	312
150	43	479	302
143	33	507	310
163	22	497	295
144	10	491	315
140	6	501	307
141	1	521	317
158	0	531	316
382	65	333	249
493	137	250	175
588	156	163	155
611	161	148	151
621	157	145	154
631	162	165	130
630	180	179	115
651	168	174	135
661	168	180	148
663	171	195	129
686	182	186	123
710	163	179	125
742	153	164	134
767	145	149	138
791	155	140	137
808	159	150	125
806	165	172	117
814	165	179	119
813	169	194	118
839	180	188	111
856	182	193	107
881	170	173	112
907	164	159	111
922	167	157	110
927	165	166	113
930	166	179	114
945	171	182	111
950	175	197	105
964	175	195	110
964	175	193	110
970	170	188	112
983	181	178	102
994	178	171	110
1002	179	170	108
991	186	181	102
989	183	179	110
982	192	179	100
992	185	162	108
994	191	146	102
992	179	132	111
988	189	119	101
965	185	119	105
941	185	115	101
916	180	118	106
912	183	111	102
899	201	114	103
879	223	114	101
848	249	114	106
819	274	174	134
753	14	419	462
740	0	528	489
694	24	529	473
708	56	525	488
656	83	597	474
667	92	549	498
622	101	586	508
647	129	537	487
646	156	500	472
642	177	490	440
558	104	564	522
565	125	533	499
550	160	540	498
569	110	616	535
618	177	558	460
728	235	458	393
893	246	251	369
894	257	267	371
892	232	266	400
895	229	291	368
903	238	284	380
903	221	275	415
902	222	298	376
916	254	292	358
916	273	288	346
917	264	320	340
771	130	453	501
563	0	648	620
626	149	605	455
577	0	702	603
648	147	624	468
638	40	606	565
692	75	516	491
728	66	543	520
671	36	555	544
717	61	562	556
727	43	511	527
762	43	468	472
795	115	409	349
835	117	416	329
854	108	363	327
867	123	340	288
891	121	311	258
924	127	283	230
930	142	289	209
946	134	297	214
973	134	294	208
989	131	261	216
1001	137	274	212
1008	144	200	260
1014	151	237	190
1033	179	81	374
1017	323	89	212
1010	378	108	152
1011	386	107	144
1051	286	67	237
1012	386	113	143
1014	392	115	173
1021	391	118	208
1051	357	111	247
1044	399	134	196
1038	433	142	179
1048	436	132	192
1060	473	139	156
1061	484	133	162
1062	478	132	156
1059	477	133	156
1061	465	137	159
1055	444	140	166
1058	422	136	170
1055	404	139	168
1052	376	145	178
1041	353	150	176
1026	316	152	191
1042	265	99	214
969	296	136	190
981	234	97	249
947	271	111	207
983	154	84	285
971	124	277	143
964	70	270	206
921	69	304	318
844	82	414	486
733	71	511	551
732	71	504	542
697	93	535	502
727	84	498	508
670	94	536	484
718	68	557	527
640	68	598	503
693	72	586	495
632	61	590	501
640	71	600	478
610	66	598	484
635	53	599	501
586	36	599	512
618	32	582	493
595	44	576	487
580	56	628	523
597	69	611	510
599	86	603	491
565	89	648	488
576	71	635	506
596	73	619	498
575	88	623	490
606	92	599	485
567	90	619	480
596	61	617	491
557	46	634	472
591	14	614	483
567	41	670	443
580	34	662	432
566	88	689	373
620	68	630	379
591	69	655	365
586	67	658	348
593	62	658	343
597	60	664	335
610	121	656	287
613	104	629	331
618	103	633	339
637	122	628	351
635	161	644	335
651	136	628	387
654	166	625	370
638	178	641	367
640	141	639	377
632	112	647	398
635	88	644	387
647	74	632	391
644	67	635	354
630	55	649	364
616	58	663	320
368	51	902	356
607	30	639	343
612	42	648	337
603	40	666	323
611	52	656	312
284	16	974	336
683	51	596	296
170	16	1100	338
636	58	643	246
453	56	807	321
644	60	626	329
294	46	980	330
588	39	691	329
593	106	681	304
203	58	1016	342
625	90	654	294
166	56	862	353
546	83	733	358
554	90	724	328
568	142	690	297
583	176	664	275
75	31	1059	381
524	120	735	324
547	129	697	298
569	173	643	258
305	75	466	288
703	176	516	333
481	138	212	178
591	130	149	162
577	121	169	147
582	106	168	152
588	94	170	143
596	77	173	144
604	70	171	151
602	71	181	149
599	76	187	151
596	84	166	149
586	83	158	153
573	85	166	154
561	85	170	156
556	76	185	171
570	76	183	163
564	64	168	163
565	74	177	150
567	50	181	172
588	39	171	167
573	41	188	164
565	26	176	181
549	37	171	171
536	29	160	187
490	48	160	168
475	40	149	180
456	41	189	183
450	61	187	162
444	53	206	145
450	64	207	157
451	44	210	154
460	53	221	164
466	31	213	159
471	47	210	166
466	30	207	160
465	35	202	176
450	27	196	184
436	26	220	199
427	48	228	163
424	51	224	184
416	36	237	165
420	61	230	170
421	33	228	170
380	58	236	171
381	30	232	173
328	55	244	171
304	35	248	174
259	61	248	175
248	60	261	195
215	63	262	199
187	69	283	195
171	72	276	175
155	84	272	195
155	73	268	175
144	91	269	192
128	74	277	183
105	98	276	189
81	82	281	182
60	104	280	193
60	75	270	193
35	105	253	195
34	76	255	190
27	103	255	192
17	80	258	185
21	105	240	191
18	79	243	185
18	108	233	187
15	82	236	186
14	113	235	182
13	85	232	183
12	96	223	194
9	78	231	179
10	99	197	183
3	85	203	188
0	74	199	208
0	74	178	204
0	82	170	199
0	85	161	194
0	85	156	190
0	87	157	187
0	85	155	185
0	85	164	186
0	84	172	191
0	82	172	199
0	81	184	199
0	77	183	205
0	76	189	203
0	71	191	207
0	69	191	209
0	70	190	208
0	77	190	205
0	75	197	187
2	74	198	196
9	105	188	168
0	109	185	135
4	117	173	144
33	106	152	136
39	78	148	174
2	90	167	157
85	76	57	161
0	68	63	167
0	0	105	79
0	0	86	78
0	2	54	71
0	0	36	47
0	0	70	78
0	0	117	103
0	0	167	148
0	0	248	228
498	189	67	126
533	212	96	28
582	218	53	60
635	224	64	65
705	228	82	75
782	234	92	84
870	219	114	100
974	225	116	40
1112	235	47	78
1076	211	84	85
938	74	197	196
690	59	168	154
790	101	143	99
843	105	142	94
879	61	153	110
956	12	129	142
951	14	167	142
973	17	175	129
981	17	194	127
1005	16	181	128
990	25	209	146
1022	21	197	166
1070	20	179	165
1091	42	184	145
1109	67	145	119
1158	88	115	102
1023	129	205	92
838	83	363	155
812	0	271	197
452	154	87	188
402	185	141	155
407	158	141	180
256	44	291	414
202	23	373	462
165	34	414	466
200	20	391	481
220	13	392	484
237	5	390	473
255	24	378	468
264	0	399	458
282	0	375	492
291	0	391	456
313	0	376	462
294	0	404	442
265	11	432	429
156	40	592	384
20	33	737	398
12	38	754	417
4	24	751	428
0	32	766	415
0	64	769	372
7	89	750	357
13	92	727	354
10	100	714	344
11	89	687	360
0	91	699	356
31	69	663	378
36	66	614	347
128	46	544	358
171	39	503	360
171	39	448	344
151	61	483	327
153	63	483	328
136	69	488	320
138	64	497	326
135	63	494	333
149	72	486	324
152	77	467	326
161	96	475	310
168	95	482	318
190	85	460	335
218	57	439	369
232	47	410	394
258	34	399	418
260	59	386	416
277	77	401	381
297	35	376	432
298	37	366	452
303	63	364	416
322	57	395	399
343	14	351	459
331	27	364	451
326	69	403	391
353	62	403	379
389	18	346	447
405	52	336	429
414	26	362	431
437	46	337	428
447	30	345	463
457	68	355	417
483	52	387	422
512	50	348	455
523	45	370	443
563	38	377	475
597	43	387	480
692	2	390	492
727	14	413	515
801	60	455	474
632	83	605	446
495	37	784	515
409	25	491	365
39	162	475	434
101	188	486	368
253	190	384	321
298	196	424	298
354	183	410	264
397	174	404	262
456	153	363	214
506	124	307	242
539	124	321	218
548	120	253	231
469	123	357	219
406	114	294	221
429	115	181	225
457	131	145	195
451	117	154	220
449	137	163	215
454	146	165	220
458	140	269	201
478	142	232	213
496	143	202	204
501	145	194	183
511	141	219	184
490	138	219	212
425	101	280	238
282	77	339	243
303	76	328	243
309	68	405	247
329	71	405	230
303	75	313	220
298	68	307	220
324	72	247	189
328	113	267	159
320	144	278	129
314	132	276	132
314	130	278	145
306	107	282	161
305	104	292	168
291	89	326	169
275	73	344	187
268	79	337	172
264	71	333	178
257	69	356	183
245	69	349	185
254	63	320	193
253	60	339	199
244	62	329	199
239	47	330	216
241	51	291	207
245	54	269	190
242	50	269	191
239	39	277	202
244	56	279	180
248	29	274	204
246	34	290	194
250	27	292	218
247	25	294	229
248	45	292	222
249	10	292	282
247	40	266	266
230	23	311	274
225	38	287	253
221	22	302	275
208	46	298	238
196	25	311	252
186	33	291	230
143	30	342	221
105	22	373	236
66	15	357	273
66	13	326	273
37	20	329	264
5	28	327	284
4	30	314	309
14	29	306	307
39	45	279	291
45	43	231	293
38	33	223	301
30	20	230	311
22	26	225	305
10	9	222	322
1	10	233	323
0	21	244	309
0	10	231	315
0	10	225	308
0	30	239	290
5	52	258	280
15	46	253	298
24	31	244	316
27	49	238	297
34	33	244	311
42	42	232	303
49	27	235	317
53	42	234	300
53	24	236	320
48	26	243	316
44	33	238	312
32	63	281	283
63	72	252	286
130	43	200	319
73	39	237	310
66	26	271	330
65	15	267	348
72	14	273	345
84	19	265	348
110	23	243	340
126	39	235	321
126	10	242	347
135	16	262	327
150	30	282	312
150	27	307	329
178	46	308	327
194	65	313	327
159	128	337	279
247	60	286	330
143	167	395	224
162	227	274	171
146	265	331	103
257	223	361	94
283	198	451	61
302	202	422	76
282	206	510	84
200	196	495	225
172	158	706	266
202	147	769	260
206	127	760	287
186	134	820	316
258	114	567	316
360	70	519	336
324	84	352	326
289	88	627	299
278	101	502	305
217	61	844	325
170	36	750	346
326	91	598	295
426	49	558	336
300	20	730	376
207	0	687	416
237	0	792	405
330	0	661	414
289	52	671	339
348	75	628	289
376	43	581	310
330	39	574	337
320	65	585	329
342	63	498	306
343	64	458	286
296	52	468	303
277	61	435	297
299	66	406	285
248	64	436	293
209	59	486	307
175	53	534	326
205	40	479	355
261	48	422	347
219	67	482	338
280	55	464	356
264	55	481	357
164	119	535	331
176	106	555	350
207	93	585	376
179	85	591	396
130	104	651	387
105	114	607	399
164	116	636	407
117	111	649	415
71	99	660	435
112	100	564	427
58	127	616	378
40	117	642	368
31	128	606	351
39	121	609	348
23	117	559	356
40	111	602	348
43	96	605	362
27	96	607	364
52	84	581	379
45	91	554	380
50	87	672	390
31	118	625	383
26	141	685	381
82	216	599	334
3	165	749	406
135	140	635	454
148	140	692	454
120	101	800	499
116	64	878	535
403	45	593	553
498	33	545	517
639	65	535	464
606	117	392	470
395	4	587	531
170	25	595	340
403	0	446	521
506	39	406	440
564	31	356	375
579	47	442	359
525	40	486	356
483	28	486	365
445	28	501	355
409	24	532	349
356	18	706	360
271	0	514	399
180	35	673	422
64	21	531	358
700	147	316	373
881	189	315	304
861	170	337	297
850	188	300	250
864	200	192	229
822	169	194	239
790	135	255	250
734	100	295	281
664	63	320	322
609	121	350	259
607	119	322	251
589	109	336	245
618	105	296	224
649	106	249	214
706	107	198	205
723	110	191	200
741	91	181	223
749	96	189	214
758	92	190	219
740	113	210	202
698	123	245	203
717	149	225	197
724	154	220	205
732	163	215	206
748	181	205	174
754	197	193	173
734	210	172	176
746	220	154	162
758	218	134	174
767	223	127	174
787	224	111	164
802	227	96	162
780	233	106	149
792	230	89	148
774	214	95	156
775	206	83	160
763	199	95	172
747	209	102	157
732	214	107	153
719	218	111	147
707	220	120	141
700	223	111	141
698	223	102	144
691	224	102	140
684	223	116	135
671	217	109	144
685	219	108	127
675	219	110	128
686	219	104	123
683	215	114	121
708	211	99	120
714	206	101	123
728	207	98	114
735	204	99	117
742	208	96	114
750	206	100	119
742	206	120	122
747	200	122	124
737	210	130	122
731	201	139	127
724	198	140	136
716	194	142	129
712	183	164	125
713	166	172	127
709	152	176	137
697	170	186	116
679	157	196	129
669	173	198	113
680	175	179	102
679	174	183	109
683	182	188	108
696	182	182	106
700	179	184	109
702	190	191	103
729	187	169	102
741	185	162	104
736	186	175	108
744	187	174	118
747	186	170	115
742	190	175	116
745	196	172	106
750	200	167	105
757	193	136	134
755	189	148	119
751	192	146	123
753	190	148	130
746	190	145	119
743	190	140	133
739	193	136	137
750	193	147	127
763	193	132	125
757	192	141	117
757	193	150	117
751	191	142	126
761	183	148	135
758	189	151	139
762	179	302	255
726	196	271	161
792	194	459	211
721	195	486	232
726	192	471	240
725	187	493	245
725	195	500	248
727	191	508	225
740	198	424	219
737	189	454	233
733	189	486	232
737	188	495	249
735	170	482	256
728	186	460	231
730	185	320	190
747	181	263	152
750	180	501	223
759	184	385	216
749	188	345	187
747	192	220	128
765	186	240	172
745	200	518	217
753	203	371	179
754	222	283	124
835	184	409	226
737	205	289	157
737	195	541	231
748	200	317	168
745	206	260	126
753	178	451	224
747	197	401	207
742	208	366	172
745	209	214	124
752	195	185	157
750	200	264	179
734	199	424	217
730	211	249	148
735	223	442	175
749	217	198	136
747	214	181	149
748	210	195	152
747	201	228	170
734	202	287	182
727	219	233	146
753	210	194	163
743	197	213	171
733	203	210	162
735	206	229	159
720	193	232	179
716	200	424	211
714	206	283	145
713	192	515	230
714	186	336	176
706	200	294	166
693	189	315	179
680	193	327	155
678	191	378	198
669	180	315	155
667	189	529	210
651	172	344	188
642	182	366	181
640	176	381	184
637	167	549	222
637	154	343	207
616	174	601	233
617	155	595	262
616	159	595	267
616	152	644	285
618	137	612	270
620	140	560	284
605	136	646	294
599	126	631	281
589	121	625	296
581	125	617	295
556	126	636	308
510	99	660	347
476	91	654	364
446	116	631	348
427	111	624	360
403	116	630	350
386	138	634	330
377	150	632	323
374	143	615	326
362	153	615	318
354	178	607	294
356	172	597	296
354	179	593	280
360	166	577	297
353	156	586	296
348	159	586	291
348	150	584	291
347	139	580	292
346	137	581	292
346	130	580	298
342	135	584	292
343	132	581	298
339	128	588	308
329	130	593	303
323	113	597	321
305	105	611	319
280	106	610	319
262	95	616	333
241	82	613	345
208	78	622	352
181	81	638	343
163	80	639	344
148	99	642	324
145	87	642	342
127	82	657	349
116	84	660	338
106	87	669	339
98	72	676	354
86	50	691	353
81	47	697	330
88	38	685	326
103	25	684	322
105	30	679	321
106	22	675	312
108	19	689	309
125	10	682	319
133	0	685	334
138	0	697	317
158	0	701	318
167	0	690	312
164	0	691	303
165	0	700	282
154	0	723	265
137	0	740	259
151	0	731	265
142	0	736	259
155	0	733	263
142	0	742	258
178	0	725	269
179	0	683	267
219	0	696	266
160	0	717	266
341	0	571	270
211	0	687	259
400	4	501	254
508	18	390	239
474	11	428	250
547	23	352	239
577	22	291	239
394	22	484	229
284	0	591	272
193	0	697	274
258	0	683	301
183	0	739	311
213	0	710	332
287	35	637	313
224	22	694	343
231	52	689	339
236	36	681	354
244	39	679	350
235	23	690	369
328	19	613	355
352	0	607	359
315	0	653	337
381	0	590	327
396	5	583	315
543	40	435	271
234	30	743	281
360	12	641	300
286	5	687	298
234	0	714	313
391	20	548	300
287	29	655	291
230	27	692	307
257	31	653	311
277	24	634	325
224	19	693	332
233	30	673	321
243	47	661	312
211	28	697	335
237	48	672	326
230	41	668	331
235	32	667	344
240	44	664	333
253	40	649	334
258	45	646	332
254	48	652	331
255	45	655	331
257	44	650	333
255	50	654	326
253	38	657	342
262	52	650	327
281	42	633	337
280	42	642	333
263	33	661	346
253	27	673	357
278	41	654	339
257	41	668	342
254	34	669	356
252	42	674	346
257	56	661	327
256	60	647	321
254	63	643	326
246	57	648	331
242	63	651	331
237	74	649	319
238	71	639	322
236	51	644	341
230	60	653	332
235	53	643	334
247	44	640	352
248	44	647	348
253	41	649	353
251	35	662	363
255	44	662	351
277	47	646	352
273	44	645	347
265	38	643	349
334	30	567	340
358	48	527	298
470	35	405	302
489	39	406	314
528	67	369	287
525	75	394	281
540	69	373	311
555	63	365	357
578	54	365	395
615	68	360	401
622	105	379	377
652	185	443	314
668	231	527	288
695	245	543	282
714	211	520	358
671	197	516	307
656	138	329	277
637	65	318	311
653	87	562	470
820	207	441	361
698	104	452	400
549	88	315	282
1040	320	93	239
895	118	384	515
511	58	327	329
988	262	290	369
784	148	451	434
644	103	495	422
898	194	381	359
888	189	364	366
844	197	427	374
784	203	444	331
740	183	438	345
728	190	384	330
694	204	355	303
617	202	436	286
649	221	379	249
639	220	366	258
645	239	341	214
662	240	307	212
666	243	297	197
678	242	308	186
697	252	298	174
723	236	275	196
707	244	291	185
712	256	289	177
718	253	284	185
706	240	282	191
686	238	295	186
666	232	288	189
652	230	305	192
647	230	296	190
648	227	298	188
653	221	286	180
678	222	248	175
649	228	241	166
650	230	214	160
649	234	237	155
626	233	256	155
596	226	265	161
577	222	264	161
557	220	280	163
545	212	298	171
538	203	296	180
529	195	289	183
528	187	292	189
507	186	274	185
494	183	274	174
485	179	271	165
486	176	280	163
475	167	266	165
460	160	283	166
433	158	285	169
430	160	271	165
426	159	260	165
425	170	273	158
416	161	273	168
414	180	264	153
413	175	258	161
451	216	228	121
448	202	230	131
427	194	231	140
445	197	226	138
435	193	238	136
437	184	244	145
429	176	260	152
420	163	267	162
411	152	287	174
399	134	297	188
379	121	297	198
357	112	312	206
335	111	326	210
315	106	335	218
297	116	358	212
303	122	339	209
323	159	318	179
371	191	269	156
365	185	260	167
331	211	297	148
326	202	296	172
309	198	325	181
320	197	320	190
293	196	335	198
305	195	331	199
332	194	305	195
365	210	266	180
338	219	266	169
369	253	231	139
331	237	222	156
324	237	217	154
303	233	229	159
288	222	244	168
306	208	206	181
315	210	186	174
324	200	178	176
335	170	194	207
343	107	181	233
330	96	219	209
305	88	236	205
282	94	298	237
269	59	346	315
277	60	456	296
252	57	936	519
244	14	716	456
339	3	940	498
345	0	934	559
479	46	800	538
831	185	448	333
860	162	412	351
798	154	457	362
882	182	372	325
374	72	803	414
286	53	915	462
241	37	976	508
284	39	926	515
708	158	501	362
800	151	351	291
293	131	544	273
796	172	375	272
299	153	249	207
258	145	267	209
256	149	259	206
237	167	297	200
225	162	565	320
775	203	403	291
354	188	809	296
735	208	432	278
368	192	796	301
695	186	486	320
729	177	440	333
483	141	666	372
737	176	485	355
687	169	477	363
721	173	406	350
659	184	429	331
704	178	415	339
675	163	418	348
701	202	422	309
671	213	429	305
717	200	373	303
611	218	355	260
594	176	351	261
692	230	209	225
457	245	418	183
519	217	386	228
508	207	370	215
481	201	362	226
449	201	316	218
440	207	335	214
439	206	335	225
413	208	347	234
422	221	311	223
385	230	320	222
388	233	338	229
390	237	294	232
377	245	289	223
368	249	307	220
431	251	258	222
468	261	214	213
428	251	263	210
458	245	243	223
465	241	250	221
465	236	256	223
455	227	284	228
454	214	335	235
439	208	351	254
415	189	403	283
404	174	442	313
376	157	433	343
362	170	476	327
337	165	461	338
296	144	509	355
270	134	469	367
339	170	429	326
342	194	391	303
448	258	424	245
257	153	597	353
212	103	668	409
382	170	556	372
496	240	469	315
244	161	626	376
538	255	412	304
609	251	382	301
674	287	410	260
560	339	370	294
459	335	524	253
358	315	606	298
358	278	562	360
322	225	580	411
281	225	558	416
231	183	576	456
162	143	590	514
98	127	656	518
70	105	684	545
51	103	705	560
24	118	688	546
13	99	705	564
55	145	651	514
97	216	596	432
145	263	535	375
218	278	442	359
212	288	403	332
218	303	399	300
191	288	407	299
207	302	384	286
126	264	424	319
101	225	438	306
97	198	415	288
134	203	345	272
156	210	300	252
149	211	415	278
107	213	313	261
133	218	503	319
94	201	559	351
116	216	528	352
96	203	554	369
102	203	540	375
93	200	426	331
150	212	408	315
192	229	346	293
232	236	383	305
186	237	395	282
171	232	353	259
220	225	350	297
171	229	377	284
220	228	301	264
224	227	385	306
187	221	418	304
181	209	378	296
211	205	353	311
169	212	401	297
255	199	322	324
186	219	348	283
169	218	400	303
136	206	399	340
172	200	356	328
119	203	399	318
166	208	338	318
144	219	381	301
108	213	379	326
96	206	374	325
109	202	360	320
143	211	339	314
196	227	269	297
266	252	194	273
266	273	196	233
258	278	196	234
258	291	192	226
257	300	199	215
245	300	209	207
251	307	195	211
255	316	205	192
255	316	212	189
251	311	218	193
249	301	222	198
254	288	222	208
256	272	227	213
259	261	233	222
266	248	239	242
275	242	241	249
273	236	252	246
281	230	234	259
278	230	244	249
283	222	246	252
276	223	258	260
282	212	251	278
178	191	350	316
148	198	384	349
105	218	412	380
66	242	433	396
87	271	402	407
92	304	379	377
40	329	395	359
15	349	393	341
15	366	370	322
0	379	361	302
0	386	321	303
8	347	285	332
7	344	274	350
10	330	266	335
9	345	263	225
0	352	247	206
0	371	266	225
0	372	238	214
0	349	216	227
0	356	206	242
4	333	209	364
0	317	230	365
0	317	232	359
0	322	238	330
0	346	244	285
0	354	230	257
0	314	214	272
58	348	154	246
46	384	170	221
2	395	209	216
39	374	163	224
0	371	204	225
0	343	222	229
0	333	230	220
0	287	231	243
0	251	245	259
0	265	252	246
12	206	261	293
0	100	303	408
1	80	345	410
3	59	373	391
0	58	377	392
0	30	395	366
12	0	403	404
25	0	416	382
45	5	406	373
66	4	396	362
85	7	371	353
100	12	348	372
112	21	342	371
110	26	344	357
111	31	348	352
112	16	356	369
115	26	369	369
126	9	380	358
153	17	349	362
183	29	344	335
214	44	324	322
246	34	303	342
214	23	355	340
241	36	328	344
226	17	347	361
228	29	335	356
199	9	372	364
200	11	367	372
179	4	392	370
179	8	402	383
191	11	401	400
193	0	416	417
171	0	447	415
179	0	428	420
210	0	417	418
237	6	391	414
224	22	410	403
250	29	409	405
281	45	407	420
280	56	448	426
313	57	417	429
344	51	399	437
352	41	390	480
345	25	451	503
332	27	509	519
335	24	549	521
368	25	562	534
446	44	532	495
532	61	501	468
369	31	699	486
415	28	665	480
404	26	685	538
433	45	667	569
471	85	642	567
473	112	655	529
487	123	623	513
563	168	570	474
601	185	590	456
556	193	679	455
484	85	544	592
462	111	608	608
364	55	715	647
411	78	792	621
539	69	740	616
255	53	1015	559
198	19	520	489
305	65	369	436
345	104	425	345
368	108	359	307
392	99	315	283
606	371	400	250
670	461	231	195
723	112	157	54
838	102	110	81
771	117	166	198
814	113	170	209
862	98	358	403
230	79	606	237
1108	289	129	288
1077	63	190	368
614	63	213	291
188	164	150	427
180	45	554	369
409	30	870	464
34	19	616	436
151	108	1126	404
45	77	952	427
203	106	1076	449
421	33	815	513
681	81	589	441
622	77	600	430
666	49	599	426
609	38	573	402
561	28	549	375
523	12	592	358
497	0	519	331
460	0	478	295
379	0	522	283
346	0	496	275
236	0	525	278
123	0	527	286
76	9	942	303
506	21	696	345
781	98	284	277
732	59	266	236
709	59	223	247
619	48	276	264
594	65	252	207
555	63	277	232
509	63	283	213
489	57	283	240
476	49	253	213
455	61	260	223
442	55	270	204
444	60	301	223
460	81	306	215
484	82	285	201
500	91	280	216
519	98	267	178
530	116	260	198
534	138	261	204
535	162	286	188
546	184	272	181
555	207	277	176
557	225	266	173
524	246	294	166
542	267	267	158
521	284	279	144
536	290	279	142
517	295	276	143
517	304	270	141
498	300	277	145
494	308	266	140
467	299	284	160
465	304	287	164
466	298	274	172
461	294	285	177
436	298	296	175
425	298	291	175
418	286	305	170
429	279	304	165
419	270	325	167
411	258	351	189
440	247	342	211
446	241	359	216
396	235	431	227
457	224	407	231
464	214	416	250
469	207	434	260
478	199	442	271
486	197	443	271
526	206	404	251
588	220	339	206
664	214	251	189
690	214	224	183
658	182	232	202
642	185	234	198
607	144	235	218
607	152	221	208
565	125	231	206
570	130	212	198
527	94	239	224
515	98	239	212
518	102	220	201
491	98	239	196
407	76	303	229
253	66	449	246
203	48	504	287
189	32	561	326
245	29	568	348
277	32	564	352
296	27	577	372
350	31	562	382
437	70	526	348
511	68	490	342
445	57	514	337
440	46	490	326
419	37	476	310
397	27	505	304
397	14	516	323
377	9	530	338
362	5	511	349
387	28	522	332
394	36	515	335
371	60	536	323
401	46	483	346
389	46	496	343
366	46	510	342
385	49	503	342
391	49	486	339
415	52	487	335
436	51	433	330
407	65	487	309
440	57	451	323
411	64	466	316
432	66	464	317
459	78	442	311
541	78	357	310
510	97	379	279
515	104	391	272
593	104	321	274
584	115	304	254
640	123	282	239
654	130	240	230
639	143	248	225
659	143	250	215
677	149	212	210
505	148	346	216
626	137	286	234
610	142	302	224
528	140	388	226
530	125	365	246
496	119	408	249
616	108	285	257
543	120	368	238
514	117	384	250
540	116	364	260
513	121	401	258
505	117	406	271
496	111	402	283
501	108	402	285
481	107	428	288
525	105	379	294
533	112	384	281
521	119	377	274
509	118	369	273
524	121	371	270
507	128	378	268
509	130	376	274
499	131	353	282
504	125	317	302
465	91	356	339
454	95	322	331
436	87	312	334
443	100	286	327
439	81	294	313
432	64	298	315
433	68	276	321
439	44	268	350
444	10	262	384
452	4	259	403
449	7	265	393
450	17	270	405
422	36	294	407
375	50	311	410
367	55	302	402
370	77	300	432
356	75	304	482
325	70	315	494
302	89	322	489
287	95	332	487
297	60	333	523
302	50	343	524
300	40	363	521
305	20	367	554
309	29	358	520
310	16	359	418
333	45	331	347
334	43	326	317
332	39	375	512
309	32	404	573
297	36	519	548
288	42	573	573
245	7	652	634
225	2	688	554
275	40	650	542
275	0	696	567
286	43	746	572
334	39	705	508
343	107	786	449
275	123	831	396
309	24	779	474
272	66	767	472
186	94	819	391
261	115	679	360
196	96	699	389
128	130	720	354
169	141	612	312
166	127	632	313
100	155	685	295
152	156	607	327
234	152	515	293
217	158	542	258
347	113	452	290
360	108	421	287
369	116	428	260
391	117	405	239
442	103	405	272
444	97	402	248
446	103	381	260
477	74	343	250
527	94	304	221
565	78	279	240
567	78	282	253
554	101	291	231
542	117	291	213
515	133	301	200
483	138	311	202
451	151	261	202
477	155	274	199
471	157	249	197
489	175	210	176
486	185	212	159
494	204	191	138
470	199	193	146
447	202	193	142
425	218	200	133
415	233	184	129
413	227	159	148
395	222	173	153
380	222	189	148
378	195	175	169
393	187	183	169
403	183	184	171
413	180	161	177
411	196	166	168
421	219	187	141
426	240	182	126
440	252	178	117
453	243	179	130
479	245	172	126
500	243	171	124
522	244	168	122
534	233	174	129
550	241	175	118
555	231	204	131
558	226	192	130
570	233	185	129
577	226	160	119
601	230	155	114
622	224	151	119
641	222	148	119
656	219	131	119
660	213	128	122
658	215	125	111
672	230	128	99
675	224	131	117
689	245	124	109
698	246	108	112
702	264	102	94
697	267	105	116
686	274	110	111
690	282	99	103
693	277	90	113
689	282	94	104
684	283	95	103
677	281	98	110
667	277	103	117
658	277	106	113
647	271	111	115
636	267	110	114
627	265	111	118
620	261	111	115
618	255	107	116
607	246	117	123
612	228	121	138
614	208	119	139
610	186	128	145
612	165	125	152
613	150	159	165
608	142	243	193
598	138	534	254
608	93	653	286
615	64	626	315
587	51	655	335
580	30	668	344
574	44	674	324
578	51	663	312
583	25	647	345
571	27	658	344
566	25	672	357
556	39	672	329
562	24	667	351
556	33	682	319
568	21	667	334
573	33	666	325
579	20	662	343
575	22	669	332
580	30	666	335
580	22	668	344
580	30	667	330
581	47	666	313
589	29	652	320
587	21	656	342
585	41	664	304
597	32	640	330
590	31	656	319
595	42	650	310
600	27	642	328
595	40	647	322
596	43	647	308
604	35	638	312
600	31	642	332
597	32	652	315
602	36	644	325
598	30	643	319
601	25	642	334
593	39	645	318
595	29	644	323
595	36	646	332
591	48	650	314
594	33	645	309
599	43	636	323
594	40	646	318
595	37	645	326
592	34	650	318
596	33	645	320
597	39	646	314
598	50	644	310
601	43	639	304
603	30	633	321
598	44	640	313
603	31	635	325
597	31	648	328
593	30	656	327
592	37	659	325
598	42	653	304
520	24	724	338
590	19	648	312
594	60	642	300
544	39	705	318
576	24	665	323
584	39	661	320
590	32	655	310
579	39	660	328
594	29	651	317
602	56	642	307
601	50	640	311
604	48	637	299
567	56	671	307
593	36	642	316
593	61	646	313
590	51	653	297
600	32	641	325
601	35	650	338
594	52	660	303
571	49	674	315
589	47	654	304
598	23	641	340
596	56	653	317
534	44	717	316
612	17	625	319
604	55	641	308
606	41	638	313
584	42	659	330
598	35	648	320
605	35	643	331
600	75	655	298
545	44	696	336
640	43	603	294
634	56	609	309
590	65	653	308
568	51	671	322
585	50	661	317
600	69	648	312
578	63	670	321
591	64	658	333
591	75	664	300
350	52	879	335
595	40	684	289
547	84	697	274
573	94	670	292
592	90	659	282
522	81	703	289
607	81	672	284
611	102	643	226
602	90	677	284
604	86	638	256
631	94	626	272
641	112	602	228
581	86	698	285
597	69	652	274
615	87	613	271
622	83	621	269
625	76	619	283
625	99	619	254
644	98	612	252
622	72	624	266
631	69	608	291
584	83	662	275
486	66	774	293
603	63	632	282
613	83	618	281
618	93	605	244
623	90	643	274
636	87	608	257
603	94	625	273
618	93	618	287
624	82	608	273
627	75	621	289
628	70	612	290
629	72	605	294
651	77	584	294
642	92	596	268
647	96	585	274
618	104	608	247
642	102	582	264
649	105	590	259
638	117	600	245
650	112	587	252
641	115	597	253
646	113	591	246
652	115	596	255
648	116	589	247
631	122	600	244
634	122	591	256
640	127	594	253
640	136	587	256
639	138	579	248
638	142	577	244
640	136	576	243
639	114	579	264
639	99	592	272
636	84	585	268
635	80	577	277
628	72	587	280
628	72	587	282
630	69	583	285
627	73	584	289
627	69	591	292
627	70	592	289
625	71	595	289
627	60	597	304
610	60	620	307
601	59	629	315
589	48	643	320
577	58	651	324
571	77	652	312
569	64	649	338
559	68	663	327
561	67	653	335
556	62	655	338
548	66	660	343
542	70	653	343
536	84	651	331
542	91	656	333
548	92	653	324
558	93	641	333
561	87	646	335
559	96	645	316
569	93	631	325
582	92	621	327
580	96	625	320
585	100	602	309
589	105	601	310
590	107	596	315
590	111	605	303
593	109	604	312
590	109	614	306
597	104	605	314
595	107	612	315
595	112	616	295
601	127	606	298
605	118	603	293
607	123	600	291
608	124	595	289
608	127	593	287
608	140	590	277
612	131	583	277
614	144	578	264
616	137	574	276
617	143	576	276
616	124	580	288
611	126	586	285
610	127	585	280
610	130	582	290
607	119	586	292
602	120	594	294
598	117	599	292
595	109	602	304
587	101	613	308
582	100	620	307
579	108	624	299
579	96	620	308
577	108	625	306
575	107	624	297
575	95	618	318
567	113	632	294
575	101	621	309
569	102	629	306
568	98	629	306
562	99	635	314
556	111	635	303
548	116	640	289
516	111	662	303
523	116	670	288
490	126	688	284
498	134	690	269
458	130	715	279
463	137	733	258
410	150	798	250
398	146	788	251
393	146	810	244
367	152	839	243
354	144	859	246
349	135	863	246
355	113	852	266
429	93	796	305
550	79	634	329
476	84	713	311
366	118	804	288
361	96	815	295
490	81	724	305
598	48	589	342
643	56	569	332
377	142	851	242
371	123	876	243
370	112	866	257
382	100	753	273
424	134	756	253
443	107	284	326
459	138	319	257
473	136	247	263
491	136	570	211
528	140	345	286
565	134	343	282
586	135	295	334
578	133	321	356
621	116	345	407
667	74	400	446
664	111	407	448
656	119	453	491
683	113	526	460
757	107	390	433
782	228	327	377
877	310	367	301
871	395	346	243
908	431	302	178
891	275	270	346
877	320	333	296
822	59	421	549
792	66	447	366
754	48	437	304
746	23	384	324
715	29	372	305
685	25	360	302
648	26	358	294
607	38	362	279
570	27	358	286
541	38	349	270
526	29	355	276
497	33	348	269
470	17	354	282
435	32	350	268
397	25	344	274
357	23	342	273
312	26	337	269
256	42	341	250
194	33	348	259
134	34	354	258
69	26	371	266
23	22	367	271
49	21	293	272
9	28	252	302
6	0	227	322
0	27	218	318
225	46	372	224
345	17	452	442
933	277	339	275
986	285	260	258
985	301	292	223
963	301	310	214
935	296	313	207
913	290	325	203
916	287	319	201
896	282	306	202
873	275	310	196
865	268	294	190
845	257	280	188
835	252	272	179
814	247	267	178
786	242	265	176
765	236	261	171
735	228	269	177
726	222	263	173
711	217	253	168
687	210	254	167
663	204	256	175
644	201	246	177
622	197	254	175
605	193	257	175
588	188	258	179
568	183	270	180
551	176	265	180
537	173	285	184
532	167	285	185
548	165	278	181
548	162	282	182
557	163	284	186
560	161	274	186
553	161	257	183
532	161	264	184
508	160	266	186
488	155	286	192
470	149	282	196
455	137	278	189
442	120	271	186
444	106	262	190
442	96	273	199
432	87	264	201
419	81	261	206
397	83	262	200
379	76	264	202
367	74	278	200
360	69	277	202
359	70	269	201
349	73	265	198
359	79	251	193
349	84	252	193
355	83	248	193
342	79	249	196
340	77	247	196
337	78	239	194
328	73	244	196
324	69	232	196
315	55	230	190
310	40	226	195
305	28	221	194
303	16	214	193
296	9	214	193
298	5	207	191
280	5	216	188
273	3	211	189
277	0	198	187
279	0	188	182
277	0	183	177
293	7	173	158
306	8	166	150
295	8	168	148
317	10	169	145
333	8	155	145
348	8	155	146
366	5	162	143
382	0	153	150
390	0	154	151
387	0	161	163
385	0	169	171
383	0	167	175
383	0	170	173
386	0	165	175
386	0	168	171
383	0	174	173
388	0	178	171
396	5	169	168
399	0	168	171
400	4	170	163
404	3	168	158
414	5	165	153
417	12	156	140
424	9	156	139
430	8	157	138
440	6	157	138
443	6	164	146
439	4	176	153
433	0	178	177
434	0	179	187
423	0	191	195
421	0	197	201
423	9	187	213
434	23	179	200
443	30	175	201
454	27	180	210
468	35	174	201
478	33	172	209
478	37	172	208
482	41	171	204
485	42	173	206
487	41	172	207
483	41	176	210
488	34	182	206
496	17	185	210
499	6	188	211
499	2	193	210
490	0	197	203
476	0	201	198
464	0	202	200
472	2	186	201
460	1	192	205
468	0	194	205
473	0	195	201
490	0	209	196
512	0	208	196
523	0	214	201
524	0	217	199
519	0	227	197
526	0	220	193
519	0	229	190
515	0	223	189
500	0	229	188
492	0	229	186
495	0	230	185
481	0	226	184
475	0	236	184
466	0	239	184
462	0	234	189
449	0	238	191
449	0	241	210
432	0	242	212
436	0	248	223
424	0	263	227
436	0	267	233
433	10	274	233
453	18	280	225
447	25	303	226
474	37	296	222
457	38	323	223
477	36	315	228
460	37	322	229
477	34	331	234
466	32	359	238
479	34	361	242
475	38	368	243
472	45	381	242
475	50	384	243
482	59	389	240
480	68	403	238
479	75	414	236
477	75	416	235
469	95	424	229
471	107	420	219
464	109	425	217
463	99	427	229
469	98	425	220
469	74	420	238
475	51	426	248
477	31	440	267
494	38	437	264
531	52	392	255
524	41	414	270
518	39	409	269
522	36	411	275
511	32	417	280
532	44	407	271
552	45	396	276
539	49	386	278
541	44	402	282
530	31	377	299
553	29	382	311
587	32	328	321
623	53	309	314
630	53	301	308
649	75	329	279
668	45	352	303
673	30	377	305
643	29	442	300
624	14	467	325
614	41	479	303
584	5	489	352
536	18	485	346
501	41	533	340
466	49	551	345
441	72	529	328
515	132	441	275
529	138	398	254
559	160	348	214
604	181	310	193
608	190	275	187
543	189	360	200
523	181	362	230
473	186	445	245
446	192	488	231
445	197	485	231
489	170	392	256
483	167	386	266
479	146	353	290
463	166	343	265
427	158	398	272
371	179	462	264
279	163	513	307
216	145	511	316
153	117	524	335
77	115	530	357
44	132	568	327
27	109	499	299
55	111	385	277
230	182	444	289
236	175	412	288
49	130	627	334
42	109	614	374
19	111	662	386
346	178	379	318
388	194	343	286
432	190	518	232
440	206	525	253
389	190	572	303
375	237	600	281
279	213	685	314
162	84	859	428
614	200	424	320
306	217	685	287
329	198	634	299
387	220	583	294
550	161	415	371
545	177	395	392
560	209	497	444
362	12	716	656
215	57	722	459
383	97	809	508
142	67	1088	566
152	14	1020	621
469	82	673	384
65	0	533	346
256	0	835	579
440	0	748	426
60	88	677	550
0	43	660	465
178	55	707	310
278	110	853	247
110	42	294	296
301	55	286	308
489	4	268	335
633	53	287	327
756	6	323	378
870	39	369	369
1000	178	279	211
1105	244	174	155
838	0	293	122
849	0	425	123
571	89	128	195
631	76	131	126
711	78	112	94
751	75	131	89
831	65	125	94
888	40	148	110
974	49	145	110
1029	34	159	127
1087	44	164	126
1106	53	133	152
1144	102	131	108
953	43	255	141
817	20	452	188
511	164	652	45
936	25	221	163
1011	14	263	158
958	27	253	130
1072	37	187	131
1130	60	145	105
1088	16	191	117
1074	7	127	98
1090	16	93	84
1117	24	84	70
1137	31	81	59
1158	33	87	57
1177	25	89	62
1186	24	85	52
1188	26	83	49
1189	17	80	52
1189	13	80	54
1190	11	76	51
1191	12	76	48
1190	15	78	49
1192	20	79	47
1193	25	78	46
1186	29	63	45
1182	27	69	52
1178	35	68	50
1172	41	64	48
1170	49	60	46
1166	59	68	52
1164	67	67	47
1166	68	61	50
1173	74	60	47
1179	71	56	46
1181	67	60	51
1179	68	58	48
1177	67	58	50
1173	64	58	45
1170	51	60	52
1165	35	68	53
1166	31	63	49
1163	29	67	51
1165	32	63	47
1176	21	67	54
1219	22	60	51
1180	0	99	78
1094	0	179	83
1068	0	169	92
1014	0	212	119
779	157	114	104
667	135	216	104
548	96	349	157
555	3	362	267
69	13	215	233
91	0	363	189
486	0	275	257
225	40	690	191
704	0	234	194
706	7	240	179
707	2	221	180
694	2	246	172
682	0	280	176
722	0	259	181
719	1	286	186
769	11	258	197
527	0	530	213
130	0	891	244
467	0	579	270
369	0	424	290
436	0	628	285
435	0	681	298
439	0	512	343
197	0	642	384
31	0	816	381
46	12	1060	388
99	10	1080	346
28	67	1085	324
42	0	781	409
36	101	864	329
84	88	629	375
56	170	1118	299
41	115	1120	401
86	130	1072	424
65	87	1032	460
79	87	733	484
51	125	684	368
71	186	401	300
47	196	417	268
18	204	431	260
11	196	422	241
10	228	394	268
37	242	360	266
28	246	362	250
29	243	345	261
36	237	330	269
34	238	321	287
36	235	310	265
39	244	316	282
33	241	329	291
11	244	363	287
26	239	355	264
35	256	356	270
44	262	356	268
42	279	363	258
51	288	361	238
58	297	367	240
64	281	360	235
67	287	364	255
82	265	366	247
73	267	382	248
63	243	389	237
52	225	394	264
27	222	411	253
51	202	378	251
36	204	387	264
42	196	379	255
35	201	378	267
46	200	360	259
18	200	380	253
6	187	359	260
42	132	293	292
4	92	291	328
0	62	245	333
0	43	235	327
0	45	200	316
0	70	205	262
2	54	184	251
0	40	137	244
0	52	142	191
0	32	136	201
0	33	134	200
0	18	136	211
0	20	140	207
0	12	143	202
0	21	149	196
0	26	155	188
1	18	171	187
0	11	178	193
1	24	172	180
8	10	170	192
8	21	170	189
3	16	175	193
2	15	178	185
1	12	176	177
7	16	168	180
8	9	159	186
11	0	153	186
9	0	182	161
23	0	176	154
26	0	153	158
52	0	180	132
84	0	257	94
200	0	161	86
230	0	124	91
177	0	162	92
90	0	198	133
72	0	243	138
62	0	263	145
58	0	266	150
38	0	246	159
116	0	182	162
123	5	156	145
171	18	309	185
49	0	442	224
14	0	478	269
5	0	512	284
4	4	538	298
56	2	491	326
187	65	370	278
304	142	208	201
0	46	158	174
5	14	100	185
0	10	132	163
2	26	117	160
2	5	156	160
6	18	162	149
0	23	177	140
0	26	166	138
0	13	191	154
0	17	209	151
0	2	204	168
1	0	202	179
11	0	200	200
6	0	208	174
21	0	199	169
32	0	218	168
4	3	267	197
22	0	262	211
38	2	254	207
1	11	286	218
14	17	283	211
13	23	280	216
13	36	288	243
0	22	293	286
30	18	244	317
34	0	241	355
35	0	293	349
49	0	423	344
97	17	430	428
123	16	371	491
102	20	491	482
104	73	665	470
65	27	843	594
160	10	635	609
255	33	614	666
308	63	646	651
317	93	945	591
288	71	807	638
312	168	550	551
394	209	442	471
567	187	518	484
731	157	548	491
0	0	1141	634
749	174	494	512
926	164	315	369
936	121	294	331
823	168	396	434
666	143	510	446
592	101	533	479
498	91	471	467
439	73	479	454
482	56	385	441
491	43	340	402
471	37	345	359
461	36	335	331
470	35	324	308
472	47	338	280
494	52	300	270
475	47	324	265
511	57	319	250
520	60	327	241
539	57	322	237
542	60	311	228
535	56	324	231
565	64	282	223
569	56	293	222
577	70	283	222
561	73	285	211
550	96	258	192
545	116	257	176
523	122	231	183
501	111	222	203
481	121	213	190
449	112	225	192
430	111	232	196
408	110	240	194
384	101	239	199
365	87	241	192
358	79	240	192
352	74	230	185
339	62	243	192
330	51	242	183
334	55	236	183
336	61	234	170
336	47	231	212
335	59	241	182
340	60	238	202
352	77	226	161
356	64	230	200
360	68	236	177
360	47	236	226
358	78	249	180
360	56	242	224
349	60	260	219
346	46	265	223
352	44	218	217
363	37	196	229
375	45	174	210
372	34	168	216
368	39	168	203
359	45	165	206
325	43	180	209
308	38	185	229
255	14	184	259
240	19	183	275
182	1	201	266
154	13	191	259
135	0	190	242
133	0	184	218
143	0	177	233
171	0	201	220
187	0	200	217
214	3	203	209
227	11	194	227
233	10	191	236
238	21	197	219
258	20	209	239
268	29	193	216
280	13	178	218
267	18	170	212
248	14	163	191
242	8	150	171
244	0	143	162
251	2	131	144
256	0	143	162
240	0	185	187
217	0	238	193
217	0	271	211
220	1	297	209
258	0	283	208
296	0	272	204
331	2	266	185
371	2	268	183
405	0	264	184
425	0	222	185
450	0	190	200
427	6	232	236
377	6	295	243
390	0	326	258
425	3	314	267
271	8	490	247
281	5	368	353
279	26	372	312
189	42	553	290
78	40	616	318
245	57	432	280
72	39	596	298
65	20	604	317
304	47	313	283
0	45	505	270
11	15	492	290
0	14	495	293
70	0	345	255
0	25	281	210
0	0	107	221
0	39	73	122
0	85	22	78
0	92	41	62
0	82	59	80
0	75	76	89
0	71	187	197
0	41	249	268
0	3	459	509
891	59	235	415
714	0	470	405
573	0	594	435
518	0	582	418
956	112	323	532
616	0	640	538
468	0	811	626
314	10	954	666
322	0	888	688
201	0	862	612
158	0	923	577
197	0	766	550
246	0	702	496
227	0	844	413
310	0	701	457
325	0	557	221
376	0	387	93
420	0	341	102
413	0	399	124
509	0	412	64
628	0	335	143
718	0	272	179
776	0	266	186
854	0	269	211
759	0	412	207
652	0	526	221
184	26	105	265
115	0	194	248
32	9	332	265
0	16	405	261
0	11	419	289
0	12	400	314
0	20	423	312
0	15	399	334
0	27	406	328
0	25	384	337
34	0	327	387
39	0	311	434
34	14	319	444
18	0	351	457
24	8	392	494
34	24	381	523
42	0	388	557
36	0	408	581
42	0	454	556
48	9	442	572
59	0	447	563
47	0	463	531
65	1	436	511
80	33	410	520
51	48	436	444
65	88	491	398
60	71	447	412
129	42	440	424
115	72	419	433
49	89	483	392
17	84	580	390
56	67	577	416
55	50	539	436
91	74	562	404
54	88	552	434
111	2	544	519
30	24	579	509
95	37	509	521
63	35	519	533
101	1	570	537
138	8	505	565
168	0	550	538
207	16	482	570
226	10	520	550
210	35	509	555
216	5	489	593
162	26	531	633
177	1	514	663
184	55	523	663
200	0	561	673
214	54	539	659
231	2	543	669
230	60	536	659
190	87	651	596
113	102	753	576
94	105	824	574
77	128	848	556
142	111	759	578
100	115	800	563
107	112	765	566
65	144	773	533
63	146	802	537
58	124	752	569
60	126	780	559
20	132	794	555
0	152	842	537
0	109	842	595
78	173	764	533
24	209	813	488
35	181	753	529
32	137	771	572
14	151	774	554
39	149	769	553
101	187	730	512
60	268	809	432
44	357	740	356
52	315	639	391
21	350	620	364
8	251	628	443
24	235	691	456
29	196	757	489
44	207	762	486
6	211	801	487
2	171	811	528
47	190	801	508
9	204	815	489
64	191	783	500
34	193	825	489
18	199	831	480
75	178	776	491
31	240	795	434
21	229	762	436
36	245	639	444
5	210	587	482
63	346	441	338
121	402	396	278
123	388	364	296
156	387	342	289
118	381	344	292
147	383	357	280
130	380	339	286
148	382	338	276
111	366	340	297
126	353	331	299
103	336	323	311
103	326	304	313
115	323	276	299
117	322	265	305
103	321	275	294
102	330	272	293
105	293	258	320
105	300	251	318
103	297	257	308
103	294	256	295
104	258	222	320
101	241	228	326
102	240	231	313
107	233	232	314
115	230	231	332
114	229	263	352
120	235	296	305
133	228	232	339
127	239	265	328
122	247	306	297
122	243	272	322
134	262	248	307
132	259	176	309
145	258	173	307
140	253	181	309
130	249	210	303
119	245	203	320
86	217	175	357
66	216	186	270
28	236	215	234
22	206	208	177
1	213	203	163
0	221	177	154
16	227	151	144
0	233	179	136
21	232	164	149
35	241	137	136
82	283	215	215
513	11	75	209
532	41	115	96
525	37	123	96
526	45	130	103
528	52	117	93
516	51	124	94
506	58	128	95
499	63	144	103
490	40	134	127
470	40	146	128
446	39	270	244
372	43	490	457
261	0	518	553
197	0	551	517
95	0	571	537
0	0	607	527
60	0	487	510
0	0	438	562
0	127	292	502
561	0	296	279
531	0	534	313
374	0	541	253
393	0	447	270
200	0	582	266
175	0	509	215
88	2	508	251
182	12	385	245
125	41	312	208
90	24	299	190
13	0	541	245
857	98	104	198
777	96	235	200
678	77	273	212
589	68	264	217
489	101	266	179
415	81	276	204
373	29	268	264
317	32	264	301
257	13	280	339
202	56	296	330
178	0	277	410
92	20	305	409
6	61	337	387
20	0	308	409
9	0	310	412
0	0	277	415
0	2	270	376
0	34	251	327
1	0	244	327
2	0	257	315
10	25	289	261
27	15	250	241
32	29	274	186
87	34	289	170
186	21	269	188
273	22	250	186
354	11	259	210
444	22	252	200
531	34	254	210
600	45	243	222
684	18	254	290
768	29	261	311
849	8	267	343
933	10	276	358
969	36	310	325
1000	149	272	207
1062	170	217	185
1088	228	191	124
1115	249	164	108
1126	248	153	114
1131	255	148	112
1133	266	146	105
1115	244	146	114
1066	195	97	10
1144	136	28	60
1126	134	110	72
1129	254	149	82
1100	245	165	102
1076	171	189	171
1056	146	213	184
1028	126	246	200
994	159	265	169
971	121	269	206
945	90	309	234
913	13	304	304
879	6	319	292
837	17	330	302
820	10	318	299
794	14	316	298
790	14	295	296
742	32	318	290
745	14	286	303
725	22	288	314
689	37	304	298
694	17	275	331
681	19	277	339
677	33	272	325
683	11	258	368
687	2	263	375
703	22	311	360
728	16	330	365
774	51	353	342
845	52	352	368
943	72	334	336
985	227	270	228
1023	150	136	118
895	0	292	277
730	0	482	171
360	26	270	259
362	0	252	209
379	10	289	245
108	94	603	209
137	66	501	225
147	57	344	256
118	63	278	243
146	75	250	215
144	79	312	203
127	68	458	198
141	55	523	239
147	50	517	233
134	56	460	223
124	41	559	225
59	14	658	270
59	4	608	304
48	16	642	298
12	0	578	320
0	36	744	265
0	0	640	316
21	41	881	234
29	13	592	320
311	0	473	289
74	29	512	257
88	14	511	266
140	0	454	291
155	0	397	279
69	0	452	259
99	7	440	271
77	0	459	259
58	0	448	274
220	7	305	242
320	80	172	170
357	116	122	119
386	131	84	90
389	155	76	59
394	169	71	40
392	163	78	42
399	164	74	46
410	177	69	36
415	174	78	46
428	188	70	38
440	198	73	36
439	190	75	50
445	205	72	38
443	203	77	44
454	215	68	35
452	211	71	41
451	206	74	37
451	198	75	45
447	196	77	44
448	191	76	43
446	188	79	44
458	185	69	45
468	184	66	39
466	176	76	46
461	173	80	46
470	172	71	44
469	165	78	45
480	171	71	41
492	168	72	45
503	166	68	43
501	162	75	47
497	148	79	57
506	166	67	39
512	128	70	80
500	159	78	62
508	177	71	50
521	177	66	62
513	197	79	56
525	206	80	48
559	204	83	52
609	213	80	44
653	209	83	47
672	202	92	55
694	198	83	61
699	207	93	54
720	204	96	59
739	203	100	64
756	203	101	66
758	199	109	71
780	210	98	66
779	201	111	79
797	200	105	104
714	27	202	296
353	77	181	217
360	100	188	224
369	100	180	209
379	105	200	220
391	92	180	218
397	99	170	231
398	105	172	202
405	115	168	212
409	113	168	194
416	112	174	187
426	109	172	194
419	85	175	203
426	90	178	216
430	83	170	200
436	84	183	201
446	78	170	195
452	79	191	193
427	44	202	213
440	49	179	192
451	50	187	187
447	45	185	192
458	52	195	187
444	42	199	189
461	43	195	190
444	47	199	186
461	44	203	189
448	41	200	186
465	44	194	193
458	44	191	184
467	47	202	186
443	53	213	177
465	55	202	193
436	61	221	185
460	60	188	184
456	69	210	191
442	71	207	182
463	75	198	195
451	78	198	180
468	82	215	195
445	81	221	186
468	71	189	192
466	74	227	212
479	67	221	208
459	71	476	226
460	44	420	250
443	43	394	262
429	39	380	265
470	54	495	248
465	37	472	267
451	22	395	288
421	29	323	276
458	59	503	227
469	44	431	257
451	34	509	247
453	29	493	271
443	13	535	296
429	13	396	312
470	45	309	266
443	56	452	230
445	42	562	261
446	28	357	294
432	40	439	261
414	29	575	274
419	0	564	324
386	0	536	324
353	0	571	314
326	0	574	332
296	0	535	328
265	0	578	328
245	0	586	338
219	0	549	346
185	0	585	347
156	0	615	353
129	0	599	364
93	0	573	372
49	0	594	377
10	0	604	381
0	1	632	388
0	5	581	384
0	17	535	368
0	31	574	351
72	13	459	359
38	40	532	312
65	26	487	323
65	27	487	322
33	53	517	290
90	28	480	314
30	36	534	292
52	27	654	282
0	40	528	293
17	36	581	278
38	60	501	272
25	49	568	244
0	84	458	239
0	81	611	215
0	54	556	246
14	92	599	221
0	48	634	248
29	93	387	236
6	78	591	195
0	94	600	205
0	53	622	234
25	84	396	240
4	74	609	220
7	82	411	242
0	67	613	236
32	78	527	232
0	50	607	245
25	83	574	229
27	48	576	247
26	55	511	252
19	91	531	224
0	55	606	245
27	98	516	217
0	62	511	247
2	96	569	203
7	60	604	240
26	81	577	227
0	42	566	241
13	85	419	227
4	65	611	228
29	78	605	205
0	62	641	214
27	61	478	251
13	100	438	199
9	72	592	216
13	73	572	227
24	69	606	224
0	57	592	257
15	76	457	242
8	93	612	181
0	71	587	215
24	85	585	210
0	60	628	214
0	88	525	214
6	70	542	223
0	56	344	257
0	64	390	221
0	73	579	164
7	60	651	217
48	34	623	277
60	21	845	256
100	14	585	333
106	0	620	354
119	3	627	369
195	0	573	370
214	0	558	363
330	0	472	361
399	13	383	320
535	17	266	251
521	29	261	225
341	102	437	117
223	132	558	67
467	36	288	146
281	120	475	76
466	47	296	132
526	24	231	146
275	124	491	133
269	118	538	120
537	21	264	214
262	106	518	113
338	90	449	134
248	122	498	120
255	119	547	152
253	123	568	152
245	121	576	157
238	93	581	181
278	83	564	207
229	60	564	235
250	67	550	245
260	87	378	247
237	98	596	190
263	83	576	241
263	68	440	261
246	72	579	230
265	85	474	240
262	101	554	192
222	89	603	220
255	88	339	258
229	100	494	202
253	87	598	199
231	85	379	247
252	97	443	213
259	79	602	233
283	47	466	295
247	82	540	216
267	92	529	211
266	86	457	232
263	93	430	231
254	83	552	207
239	85	382	237
236	80	383	232
221	86	559	209
253	90	300	246
215	97	568	175
242	88	427	220
237	77	461	220
239	91	422	206
240	93	554	155
225	94	517	183
202	82	376	239
185	78	326	250
214	79	319	234
184	83	358	219
167	79	331	232
161	76	433	209
163	69	419	223
155	62	345	249
121	65	337	261
101	64	410	271
86	55	412	278
93	53	393	279
78	53	386	278
60	51	395	279
47	46	381	285
68	50	439	269
48	41	385	293
50	44	412	283
30	39	380	290
42	44	406	288
26	41	456	279
37	36	378	298
20	38	426	290
20	33	380	293
43	36	385	284
15	33	415	280
30	26	403	290
13	24	420	290
16	18	428	299
37	15	393	299
46	14	397	290
60	12	410	290
112	12	385	282
158	15	368	278
340	58	264	228
376	139	148	157
428	139	116	143
460	122	111	152
480	133	115	150
507	132	113	158
522	133	120	168
534	146	132	160
540	149	128	158
543	149	135	160
546	140	154	167
553	151	165	158
554	131	159	171
557	127	163	168
549	106	180	182
554	104	182	177
557	103	170	188
549	90	187	198
535	87	199	192
527	83	227	188
499	70	250	199
499	59	254	206
493	48	251	212
496	48	259	215
498	33	263	235
486	48	287	227
482	33	292	241
471	61	304	222
469	41	290	220
459	47	294	243
435	31	322	247
432	67	326	220
424	33	325	261
409	57	357	260
409	58	354	261
406	80	356	261
426	90	345	280
436	105	360	250
442	117	357	253
456	141	370	242
448	156	387	227
462	167	369	222
426	145	371	228
445	169	339	254
441	149	336	236
431	169	342	223
434	170	319	205
413	166	336	234
396	167	338	215
365	157	353	230
352	151	356	251
362	158	346	235
370	159	333	239
349	159	334	239
319	158	333	243
328	161	330	241
304	161	320	247
333	171	329	239
311	170	313	258
343	176	277	242
344	186	252	232
416	188	167	218
348	219	228	169
357	220	230	184
360	186	232	214
365	192	244	201
353	193	193	285
80	57	469	448
105	0	465	536
84	16	483	540
117	12	483	513
96	21	477	535
101	17	493	518
65	0	507	562
13	26	584	532
0	25	609	507
53	8	567	522
48	6	575	534
93	0	544	528
111	0	540	539
135	7	561	510
155	87	557	424
166	83	598	421
194	79	553	418
232	97	556	394
209	96	580	394
293	48	529	445
220	90	555	401
301	90	530	399
279	69	568	414
357	75	532	406
306	91	544	389
376	39	504	480
299	48	541	548
334	43	487	528
362	1	511	596
384	55	487	559
391	29	505	590
401	61	485	582
420	11	480	606
434	68	468	572
447	23	448	617
446	54	452	610
446	3	452	606
441	25	456	627
440	0	458	618
440	34	458	597
436	18	457	596
418	7	468	612
418	35	460	573
413	0	455	639
392	19	471	571
333	40	514	571
356	9	464	571
316	34	491	583
332	37	458	534
338	6	436	622
321	14	455	555
298	32	466	597
304	18	453	574
305	36	444	604
300	0	447	586
282	14	461	622
265	28	472	581
253	40	471	591
241	27	471	558
