0.006309
0.174355
0.153989
0.144244
0.127552
0.140726
0.132262
0.140618
0.124480
0.165711
0.132818
0.148355
0.128219
0.168038
0.134523
0.130493
0.134244
0.140372
0.136957
0.129570
0.135041
0.129152
0.124911
0.111401
0.149586
0.114449
0.137278
0.138247
0.180207
0.148253
0.140668
0.177491
0.160952
0.172050
0.139446
0.142455
0.134294
0.136771
0.138613
0.111825
0.131732
0.103230
0.150591
0.122254
0.133981
0.116246
0.155278
0.127697
0.136092
0.129241
0.134871
0.107137
0.142402
0.130510
0.171417
0.156583
0.165389
0.156694
0.137844
0.140599
0.129394
0.132688
0.131265
0.136434
0.125451
0.115433
0.156327
0.136660
0.133004
0.153053
0.131194
0.152085
0.170316
0.137106
0.134061
0.160492
0.128746
0.147064
0.124825
0.126327
0.156593
0.136576
0.148633
0.144863
0.142984
0.150476
0.175384
0.133492
0.129660
0.151859
0.132121
0.129994
0.159739
0.149430
0.146300
0.151718
0.149168
0.136214
0.149601
0.134761
0.126854
0.119730
0.109632
0.145722
0.135159
0.119003
0.105501
0.106156
0.108762
0.106966
0.119202
0.154442
0.133287
0.191745
0.157930
0.152447
0.165825
0.164283
0.148826
0.129943
0.155738
0.138544
0.157565
0.133034
0.144939
0.112626
0.126067
0.110671
0.121801
0.111059
0.160633
0.134934
0.153331
0.126405
0.154080
0.146988
0.135554
0.132087
0.138277
0.129071
0.132259
0.149970
0.141107
0.129524
0.134444
0.124434
0.181777
0.160057
0.124246
0.135350
0.128302
0.129503
0.111383
0.142093
0.148231
0.137504
0.131121
0.133164
0.142586
0.132311
0.130144
0.105582
0.114347
0.108251
0.132486
0.106562
0.106755
0.123994
0.100124
0.120641
0.170511
0.174499
0.156619
0.120177
0.107321
0.117899
0.106951
0.131174
0.105781
0.180411
0.165637
0.192021
0.163335
0.168339
0.160110
0.130131
0.134681
0.133442
0.145101
0.130907
0.157561
0.145027
0.136832
0.134406
0.135354
0.131994
0.123079
0.131889
0.133043
0.129590
0.119772
0.101976
0.135667
0.128768
0.110194
0.118493
0.102115
0.115388
0.160887
0.161868
0.138109
0.151537
0.149284
0.139778
0.125299
0.141634
0.169747
0.134465
0.155834
0.167071
0.136431
0.136745
0.131711
0.139982
0.126263
0.147696
0.138201
0.131140
0.131636
0.149931
0.137606
0.144099
0.152361
0.178960
0.132792
0.125250
0.142565
0.136213
0.147125
0.154996
0.133916
0.136330
0.129877
0.181038
0.136758
0.137027
0.116797
0.117589
0.110174
0.125526
0.105496
0.100534
0.121181
0.180547
0.150021
0.153089
0.146814
0.158369
0.124214
0.130692
0.150278
0.131039
0.127844
0.135646
0.126548
0.132449
0.115065
0.118364
0.118811
0.112944
0.106991
0.157085
0.130973
0.135675
0.125401
0.142577
0.127790
0.132833
0.126122
0.156722
0.127611
0.132921
0.130776
0.140350
0.154005
0.140657
0.134314
0.139125
0.151985
0.139950
0.130098
0.134870
0.126953
0.159532
0.126360
0.144338
0.169190
0.139208
0.137453
0.132935
0.130489
0.130283
0.122444
0.106104
0.104786
0.116243
0.109206
0.121622
0.114018
0.143677
0.103593
0.110791
0.106661
0.105772
0.109153
0.107122
0.153310
0.143006
0.160272
0.129849
0.143484
0.128850
0.130008
0.109312
0.178025
0.140472
0.118425
0.108510
0.116220
0.110158
0.186204
0.165890
0.167104
0.174469
0.152959
0.137681
0.125188
0.151559
0.135478
0.135597
0.137886
0.142036
0.126577
0.136028
0.115418
0.130919
0.106866
0.120091
0.103283
0.118992
0.112782
0.108371
0.143904
0.160538
0.127336
0.136248
0.128338
0.135559
0.116252
0.115964
0.103396
0.107967
0.129128
0.100999
0.157336
0.126902
0.136015
0.125343
0.173345
0.126816
0.149934
0.140230
0.171628
0.134905
0.156928
0.137151
0.139926
0.134216
0.160152
0.136504
0.126000
0.137560
0.124669
0.136992
0.125310
0.190391
0.162966
0.152628
0.138035
0.132564
0.142122
0.133797
0.127180
0.135530
0.133240
0.142887
0.146191
0.140688
0.131862
0.135010
0.127753
0.126122
0.132901
0.159937
0.133631
0.133254
0.128089
0.132980
0.172368
0.157867
0.180555
0.149037
0.131045
0.126189
0.135294
0.123208
0.147605
0.127703
0.134369
0.133389
0.141238
0.137324
0.133209
0.137334
0.124939
0.135706
0.147399
0.148623
0.129657
0.138285
0.133879
0.126854
0.101451
0.104314
0.110269
0.104774
0.116681
0.103144
0.170773
0.133364
0.160136
0.131103
0.182758
0.165437
0.182989
0.157734
0.166524
0.170299
0.158874
0.152133
0.136612
0.132864
0.139401
0.133148
0.162428
0.157088
0.148254
0.137494
0.110380
0.149786
0.127299
0.148806
0.132069
0.135993
0.129823
0.158226
0.172015
0.198070
0.178377
0.159085
0.160654
0.172002
0.139220
0.140012
0.126479
0.167078
0.164273
0.149724
0.127464
0.154783
0.127232
0.163583
0.149237
0.134370
0.207751
0.158013
0.165107
0.149101
0.137129
0.154086
0.124585
0.169878
0.128194
0.148879
0.133862
0.146722
0.109854
0.116966
0.159616
0.161738
0.140607
0.148840
0.112249
0.142823
0.127857
0.134708
0.123987
0.135130
0.127174
0.148517
0.124219
0.158869
0.137387
0.142204
0.130112
0.127749
0.110325
0.118395
0.151885
0.136981
0.125707
0.134801
0.127716
0.136310
0.107824
0.115745
0.108088
0.101894
0.120692
0.152686
0.154859
0.127202
0.175483
0.166369
0.159101
0.165789
0.157639
0.141593
0.138505
0.125937
0.128143
0.134275
0.130937
0.138705
0.149911
0.135352
0.142988
0.135525
0.147318
0.144235
0.153554
0.127896
0.133145
0.162545
0.147289
0.130721
0.151074
0.133416
0.129354
0.135951
0.127123
0.133718
0.106657
0.104043
0.112617
0.100986
0.112383
0.107446
0.179467
0.160328
0.161589
0.162984
0.143804
0.132112
0.136054
0.132265
0.155285
0.132280
0.152119
0.127354
0.149609
0.134977
0.143087
0.139787
0.127855
0.150501
0.132703
0.136306
0.127271
0.132107
0.131010
0.151078
0.135469
0.135367
0.150906
0.143508
0.155088
0.148220
0.135228
0.130314
0.130426
0.148480
0.146281
0.128053
0.134912
0.127033
0.133666
0.120842
0.132851
0.130537
0.133787
0.134195
0.146991
0.183155
0.170079
0.160619
0.127719
0.150971
0.127038
0.150032
0.107899
0.129562
0.109592
0.135506
0.131529
0.131223
0.136101
0.162402
0.132060
0.138208
0.191789
0.174877
0.153871
0.187474
0.134555
0.157279
0.132946
0.139806
0.137116
0.133132
0.134475
0.141636
0.126793
0.134610
0.134321
0.133830
0.124473
0.184641
0.159099
0.150346
0.181093
0.165187
0.161146
0.139247
0.129172
0.135978
0.124080
0.133071
0.127973
0.137087
0.148555
0.137921
0.130250
0.141947
0.124896
0.139057
0.125049
0.138079
0.126547
0.137098
0.105052
0.113394
0.105325
0.110401
0.115513
0.109615
0.115484
0.116394
0.151168
0.133358
0.133207
0.177969
0.174388
0.194861
0.144959
0.158393
0.140405
0.129213
0.137366
0.127415
0.135019
0.113331
0.108221
0.119378
0.108939
0.111283
0.118567
0.136971
0.160021
0.130113
0.144833
0.175947
0.135104
0.154204
0.136791
0.143205
0.133134
0.139918
0.134718
0.137317
0.104221
0.170245
0.128588
0.135479
0.140033
0.112910
0.105415
0.112628
0.112278
0.106781
0.132752
0.112365
0.119728
0.106919
0.172764
0.108242
0.183141
0.173126
0.161642
0.160085
0.127970
0.132840
0.133465
0.140677
0.130082
0.164150
0.145556
0.136756
0.139297
0.137551
0.138937
0.133379
0.126471
0.116191
0.109114
0.117763
0.103667
0.138484
0.159795
0.143670
0.130054
0.137691
0.108699
0.120783
0.104491
0.124902
0.106426
0.136308
0.129578
0.135396
0.130145
0.130530
0.126843
0.107485
0.110529
0.108987
0.125758
0.171396
0.143633
0.138129
0.134886
0.131638
0.138462
0.101191
0.120560
0.155288
0.177026
0.170946
0.152873
0.137860
0.156323
0.135549
0.131720
0.137004
0.153467
0.137041
0.131050
0.135285
0.168477
0.161860
0.164250
0.158737
0.149095
0.141871
0.126054
0.158199
0.135657
0.132979
0.133318
0.139314
0.151244
0.132812
0.125853
0.133832
0.131249
0.133818
0.149519
0.118695
0.111696
0.119458
0.117814
0.148460
0.128824
0.133074
0.125983
0.150679
0.126399
0.138919
0.119777
0.099766
0.135081
0.126669
0.133198
0.108873
0.109462
0.107066
0.104640
0.121885
0.103422
0.127001
0.101914
0.101944
0.126212
0.107481
0.114951
0.114443
0.109566
0.126235
0.105616
0.139624
0.110674
0.112541
0.130749
0.132524
0.138367
0.137118
0.132526
0.110904
0.113203
0.156454
0.148160
0.134348
0.125965
0.131131
0.129986
0.116901
0.144131
0.147663
0.126033
0.137856
0.138648
0.139013
0.177007
0.164990
0.156353
0.135975
0.137788
0.128226
0.137887
0.125829
0.135960
0.141698
0.138922
0.128238
0.119114
0.106234
0.127690
0.110384
0.128587
0.106171
0.106612
0.126184
0.105037
0.105932
0.118305
0.108626
0.114881
0.105578
0.106521
0.101508
0.107883
0.109659
0.102126
0.104571
0.106196
0.111410
0.104883
0.098117
0.147759
0.133105
0.133326
0.121285
0.146527
0.164359
0.155752
0.168581
0.158055
0.132961
0.141704
0.130509
0.128392
0.128659
0.133172
0.125851
0.132128
0.124934
0.127565
0.146171
0.132148
0.126887
0.127960
0.128707
0.116072
0.108675
0.101281
0.111275
0.108930
0.111584
0.110161
0.109671
0.107168
0.156862
0.123624
0.128973
0.122942
0.104273
0.111827
0.110053
0.203220
0.159747
0.168574
0.149729
0.179632
0.139182
0.132467
0.118269
0.107049
0.104274
0.108307
0.159178
0.131865
0.131903
0.151030
0.134773
0.128204
0.125877
0.122869
0.109139
0.173292
0.148643
0.132032
0.132865
0.193575
0.131537
0.130344
0.131552
0.111621
0.103689
0.113927
0.110168
0.131693
0.109308
0.105506
0.145368
0.148577
0.129946
0.135953
0.129633
0.136088
0.125800
0.100575
0.103426
0.103596
0.109674
0.165101
0.131268
0.132004
0.134711
0.132421
0.132932
0.142463
0.125638
0.122256
0.165562
0.161762
0.156508
0.146991
0.126126
0.137519
0.127239
0.138204
0.158402
0.146948
0.135247
0.144169
0.167618
0.126419
0.133068
0.133923
0.161487
0.124619
0.135959
0.136349
0.144930
0.135597
0.116152
0.107577
0.149553
0.126660
0.133427
0.155972
0.134605
0.129067
0.134560
0.107607
0.120254
0.107793
0.120452
0.175371
0.164115
0.158147
0.154905
0.130296
0.132355
0.131106
0.161759
0.132084
0.186046
0.172366
0.156886
0.135241
0.151789
0.174899
0.127125
0.155580
0.133559
0.137285
0.131130
0.135731
0.154996
0.141747
0.138845
0.126796
0.141230
0.127446
0.131443
0.106886
0.102673
0.128130
0.109365
0.114143
0.109391
0.105044
0.148331
0.143372
0.137421
0.116428
0.104998
0.102102
0.154858
0.131682
0.142586
0.108716
0.140344
0.134397
0.121292
0.109005
0.112135
0.134514
0.138682
0.131267
0.158887
0.123142
0.154563
0.129089
0.185817
0.160923
0.159267
0.180091
0.172656
0.140333
0.131714
0.150969
0.151168
0.153917
0.136488
0.127559
0.134283
0.127060
0.141068
0.107958
0.136848
0.148993
0.136335
0.123973
0.185050
0.158506
0.148940
0.108051
0.169528
0.168200
0.173068
0.166015
0.167588
0.158828
0.157198
0.129381
0.133080
0.128995
0.139029
0.129121
0.157521
0.129114
0.157311
0.133743
0.137979
0.129677
0.139956
0.128500
0.130557
0.131897
0.182607
0.151990
0.144439
0.152024
0.147867
0.135102
0.128897
0.140932
0.105904
0.119500
0.107430
0.166303
0.167578
0.150936
0.124772
0.130182
0.110391
0.117533
0.106137
0.117265
0.108089
0.102501
0.115406
0.107022
0.110891
0.147124
0.136174
0.134732
0.143528
0.159151
0.154930
0.176294
0.165620
0.167945
0.155799
0.156856
0.128891
0.133939
0.133609
0.136253
0.131853
0.137425
0.136153
0.127595
0.128598
0.135405
0.128270
0.132495
0.131638
0.170372
0.160110
0.127545
0.134791
0.132745
0.135187
0.132895
0.149216
0.126894
0.134332
0.146451
0.130956
0.125664
0.184827
0.162674
0.156689
0.165987
0.148069
0.159494
0.130856
0.136009
0.141762
0.174688
0.161304
0.133895
0.152344
0.129838
0.136080
0.103636
0.179170
0.180731
0.159934
0.156163
0.152887
0.147407
0.127785
0.137205
0.144758
0.136271
0.138359
0.130151
0.141270
0.131265
0.137981
0.139796
0.134898
0.134665
0.142221
0.126040
0.133773
0.130985
0.133829
0.107177
0.162253
0.128040
0.152408
0.128002
0.129177
0.123964
0.134369
0.132205
0.107521
0.100481
0.152257
0.125548
0.156832
0.134549
0.170440
0.139242
0.160814
0.135753
0.135835
0.153354
0.132244
0.132431
0.129920
0.157005
0.132613
0.137403
0.135440
0.124789
0.104370
0.105728
0.115397
0.105883
0.148140
0.132176
0.136215
0.130318
0.166727
0.156504
0.125935
0.149135
0.150715
0.135173
0.131277
0.147574
0.149875
0.135387
0.135427
0.141118
0.127188
0.147525
0.152771
0.168297
0.176636
0.157074
0.159241
0.154114
0.159237
0.161717
0.124539
0.123246
0.142787
0.132469
0.144049
0.134712
0.136626
0.130076
0.152681
0.129223
0.137166
0.131278
0.132809
0.129652
0.113120
0.107469
0.116867
0.115225
0.114978
0.099310
0.108865
0.117569
0.106003
0.117689
0.101059
0.116368
0.111212
0.133597
0.132326
0.127747
0.129937
0.145679
0.132053
0.135141
0.162637
0.174253
0.136158
0.168574
0.180150
0.176014
0.168837
0.127831
0.140168
0.131335
0.155149
0.122275
0.147982
0.136374
0.168674
0.127903
0.161267
0.129123
0.144670
0.162707
0.152921
0.133294
0.174476
0.135085
0.129279
0.135022
0.167842
0.156323
0.150474
0.148086
0.147131
0.132308
0.139709
0.123619
0.135756
0.126097
0.130179
0.164731
0.155558
0.127764
0.149205
0.171692
0.128323
0.144756
0.129749
0.136156
0.120402
0.107218
0.119706
0.103494
0.112338
0.117942
0.105168
0.119040
0.103094
0.115991
0.137701
0.130114
0.122495
0.136410
0.130919
0.135177
0.131541
0.123880
0.113405
0.107718
0.112747
0.106632
0.122232
0.110392
0.135677
0.105561
0.140594
0.104863
0.122833
0.100248
0.102764
0.112295
0.107619
0.116548
0.154400
0.140575
0.130430
0.143086
0.121923
0.133368
0.104150
0.148791
0.134847
0.127034
0.133049
0.124524
0.117899
0.101413
0.105574
0.102104
0.155120
0.152953
0.149762
0.129109
0.143385
0.129125
0.116192
0.109764
0.120041
0.134218
0.133392
0.131238
0.131189
0.121467
0.154055
0.140238
0.149289
0.149927
0.133935
0.124132
0.135571
0.129275
0.120009
0.109996
0.112105
0.143489
0.166598
0.130374
0.137063
0.130177
0.132167
0.108145
0.104711
0.134296
0.139337
0.111674
0.106640
0.115264
0.105026
0.162835
0.133300
0.138811
0.131764
0.151902
0.134434
0.148297
0.131617
0.136516
0.137897
0.141459
0.134371
0.120547
0.107028
0.115907
0.107139
0.112406
0.121282
0.114155
0.125781
0.110141
0.103713
0.152315
0.131617
0.123073
0.119632
0.118564
0.109461
0.126360
0.111192
0.112158
0.104842
0.102147
0.129008
0.101630
0.117220
0.108020
0.109212
0.114535
0.105932
0.147957
0.109077
0.112279
0.116285
0.108677
0.110823
0.099164
0.108585
0.118206
0.109053
0.119962
0.135262
0.118577
0.136260
0.154578
0.131170
0.139154
0.137457
0.134142
0.150587
0.144881
0.124547
0.152656
0.126159
0.120744
0.112588
0.117072
0.107787
0.108173
0.134416
0.126964
0.133369
0.128857
0.136183
0.115532
0.152598
0.128252
0.131078
0.122370
0.117479
0.106351
0.103080
0.139291
0.144735
0.149633
0.124833
0.146410
0.129291
0.155399
0.153127
0.131134
0.179651
0.148331
0.129436
0.131305
0.119670
0.104662
0.105868
0.113706
0.104144
0.118860
0.117785
0.148714
0.160771
0.142253
0.127763
0.128371
0.144535
0.131965
0.130481
0.139076
0.103200
0.116160
0.164227
0.146828
0.149524
0.134861
0.128526
0.152236
0.161097
0.163535
0.161897
0.136382
0.147551
0.188582
0.169438
0.156537
0.140008
0.160274
0.195762
0.156826
0.166286
0.160918
0.142509
0.136698
0.127165
0.159544
0.168976
0.147829
0.131124
0.157257
0.137178
0.170457
0.130418
0.134908
0.131018
0.134676
0.128376
0.122220
0.108521
0.144863
0.126687
0.128520
0.131455
0.136720
0.132255
0.137430
0.154424
0.178421
0.177042
0.138355
0.143917
0.125024
0.142769
0.141746
0.141365
0.149477
0.140793
0.173806
0.133257
0.134815
0.128666
0.118672
0.119478
0.113087
0.123214
0.110946
0.172876
0.139186
0.155167
0.133290
0.178175
0.163334
0.157416
0.135811
0.134716
0.136974
0.134495
0.135762
0.132662
0.149084
0.153172
0.135329
0.130511
0.142833
0.139818
0.136932
0.132795
0.133085
0.131203
0.110416
0.148095
0.134040
0.167770
0.166818
0.136641
0.131122
0.138896
0.130957
0.136769
0.134110
0.133085
0.107267
0.129043
0.099083
0.108482
0.105134
0.104766
0.116126
0.122157
0.140738
0.168451
0.163055
0.160099
0.159095
0.156025
0.133238
0.153666
0.136706
0.149975
0.118029
0.127110
0.195939
0.153239
0.157361
0.158692
0.155828
0.150515
0.142813
0.137189
0.132523
0.158870
0.128393
0.135134
0.153580
0.184156
0.135334
0.143680
0.149933
0.128999
0.119058
0.113075
0.129457
0.122263
0.155269
0.167316
0.150853
0.131454
0.132210
0.120185
0.101283
0.114507
0.104260
0.188666
0.188922
0.176387
0.172695
0.147641
0.139198
0.158022
0.135315
0.133904
0.146761
0.127798
0.129683
0.107700
0.120200
0.105167
0.117053
0.131013
0.130797
0.130300
0.132571
0.130220
0.105061
0.119934
0.146710
0.133834
0.125561
0.134177
0.151486
0.141843
0.137908
0.132365
0.153163
0.127443
0.156640
0.149627
0.133595
0.124458
0.128468
0.137710
0.109149
0.121049
0.129326
0.149478
0.108448
0.117706
0.102749
0.101396
0.130585
0.103652
0.138221
0.111251
0.159115
0.129500
0.151229
0.133896
0.106320
0.122084
0.112375
0.128931
0.107432
0.114004
0.123042
0.158850
0.128410
0.147558
0.195667
0.136564
0.133563
0.117738
0.109645
0.116198
0.107845
0.122973
0.101253
0.106194
0.113551
0.184060
0.154354
0.162150
0.125326
0.139133
0.126329
0.139147
0.129943
0.137121
0.150601
0.134625
0.176500
0.127234
0.135813
0.114054
0.107540
0.137840
0.195856
0.156255
0.163077
0.162797
0.151674
0.174391
0.149856
0.109991
0.115081
0.107886
0.106514
0.116029
0.119156
0.106067
0.117766
0.121538
0.124945
0.107530
0.122148
0.129644
0.137652
0.133182
0.152205
