0.009996
0.131633
0.149536
0.149112
0.132790
0.130323
0.136569
0.134473
0.107242
0.104246
0.151478
0.162463
0.126211
0.134097
0.114821
0.105253
0.112269
0.104988
0.107116
0.109233
0.144504
0.131750
0.131975
0.129622
0.148698
0.149677
0.125871
0.126203
0.123229
0.125094
0.120576
0.154914
0.133928
0.136559
0.130803
0.131095
0.121510
0.105036
0.143741
0.125221
0.160593
0.122922
0.126228
0.123887
0.126721
0.120096
0.126613
0.169204
0.128977
0.129306
0.111212
0.110430
0.153156
0.133288
0.175051
0.127540
0.155689
0.136467
0.150515
0.125787
0.131138
0.146988
0.124737
0.131382
0.128053
0.124572
0.126635
0.109102
0.149969
0.126202
0.132913
0.137549
0.141389
0.158799
0.140258
0.130161
0.127291
0.133665
0.117215
0.106334
0.102370
0.105335
0.103530
0.107549
0.105774
0.109997
0.113692
0.162284
0.132094
0.133631
0.141009
0.137008
0.137287
0.133963
0.108056
0.107618
0.111494
0.146525
0.130463
0.161034
0.151962
0.140412
0.151126
0.127572
0.131207
0.127173
0.109181
0.104805
0.108651
0.100224
0.156186
0.149254
0.133924
0.131638
0.128307
0.142102
0.131401
0.158273
0.130430
0.134800
0.130268
0.138052
0.122654
0.118734
0.152197
0.133012
0.128234
0.133913
0.140244
0.132318
0.133141
0.106907
0.120198
0.113259
0.104522
0.137952
0.162878
0.127278
0.156332
0.150027
0.129140
0.136294
0.151213
0.142471
0.101741
0.106146
0.115457
0.108217
0.114010
0.101563
0.139087
0.128740
0.131615
0.149990
0.132339
0.135249
0.107279
0.139911
0.129918
0.140636
0.150881
0.134431
0.127366
0.136079
0.130221
0.151133
0.139266
0.128878
0.117538
0.104888
0.116981
0.108672
0.116251
0.115192
0.116181
0.106516
0.111650
0.107208
0.102414
0.102581
0.104564
0.103510
0.150573
0.133310
0.131798
0.134830
0.143781
0.125399
0.100258
0.131921
0.112857
0.151663
0.099247
0.111477
0.144046
0.126627
0.133649
0.165247
0.129197
0.143197
0.133528
0.135853
0.151996
0.128906
0.125276
0.107467
0.110609
0.111294
0.163512
0.143396
0.143112
0.137928
0.114729
0.108613
0.112160
0.107523
0.114934
0.107698
0.121898
0.111781
0.162000
0.131088
0.157732
0.135325
0.126343
0.136728
0.130062
0.153318
0.140423
0.138711
0.128989
0.136492
0.121180
0.108834
0.111102
0.107366
0.109983
0.115193
0.110029
0.114534
0.113603
0.159885
0.129175
0.153776
0.105409
0.114431
0.103407
0.154944
0.124589
0.133812
0.118405
0.108766
0.100903
0.112211
0.105529
0.122132
0.112508
0.119322
0.119823
0.111675
0.134714
0.133169
0.113302
0.154633
0.127709
0.175016
0.128595
0.133135
0.148188
0.131445
0.138631
0.136216
0.134058
0.109384
0.156236
0.135827
0.137994
0.124117
0.130907
0.128874
0.129786
0.121478
0.101573
0.102868
0.111477
0.140088
0.131787
0.129902
0.136081
0.111313
0.160046
0.151373
0.138115
0.127810
0.132755
0.140314
0.136347
0.118283
0.109290
0.157626
0.136539
0.134582
0.155512
0.102507
0.105638
0.107532
0.107867
0.143289
0.149464
0.162743
0.158238
0.131721
0.146417
0.143659
0.139463
0.130916
0.153470
0.106944
0.106912
0.111196
0.136832
0.113597
0.115986
0.103357
0.115531
0.107410
0.162552
0.131334
0.133081
0.166466
0.125783
0.140964
0.131201
0.136120
0.128697
0.121053
0.108300
0.102846
0.104626
0.118173
0.106917
0.159933
0.133002
0.132946
0.141213
0.107489
0.111901
0.108605
0.109831
0.158162
0.137695
0.134990
0.137331
0.123739
0.104159
0.109766
0.098293
0.105921
0.106106
0.105954
0.104056
0.112094
0.110113
0.104934
0.104800
0.110544
0.116063
0.109885
0.148284
0.154217
0.181531
0.121981
0.108227
0.112317
0.117036
0.106018
0.111608
0.105880
0.157518
0.130228
0.133591
0.157653
0.130959
0.140548
0.132488
0.133749
0.106833
0.146986
0.125589
0.127031
0.127423
0.115829
0.103754
0.109284
0.102080
0.154346
0.128081
0.109109
0.098355
0.111119
0.108679
0.105921
0.101979
0.106589
0.110400
0.100084
0.134489
0.134823
0.149605
0.137604
0.135056
0.144185
0.140671
0.137559
0.105564
0.112544
0.107763
0.121106
0.107233
0.104270
0.110487
0.110415
0.117418
0.105149
0.121741
0.152169
0.137836
0.133215
0.131380
0.134498
0.115038
0.111659
0.110186
0.113463
0.131787
0.113741
0.124846
0.112185
0.124927
0.146072
0.135932
0.131670
0.139179
0.131792
0.124678
0.163775
0.175696
0.141671
0.128921
0.134975
0.133840
0.133994
0.102500
0.164366
0.154511
0.134923
0.139436
0.129806
0.160509
0.170616
0.153968
0.146075
0.116932
0.167570
0.143924
0.159338
0.143318
0.117359
0.111702
0.110503
0.114454
0.109403
0.103278
0.113567
0.108838
0.111057
0.100683
0.112046
0.116264
0.116190
0.103944
0.100712
0.110818
0.148950
0.135716
0.160177
0.131441
0.138556
0.133389
0.136824
0.104116
0.117697
0.155643
0.132460
0.130850
0.132364
0.136185
0.133070
0.133868
0.116179
0.153741
0.174543
0.139604
0.137342
0.147737
0.160361
0.139253
0.153995
0.133660
0.127156
0.150354
0.116952
0.110909
0.106393
0.111747
0.104001
0.107059
0.113927
0.108916
0.158819
0.136487
0.140028
0.139614
0.134131
0.138347
0.130261
0.140212
0.124918
0.150230
0.141808
0.155227
0.154973
0.132292
0.137509
0.129847
0.115956
0.132133
0.155211
0.146402
0.137707
0.136229
0.151962
0.133776
0.153520
0.116787
0.108881
0.109505
0.102021
0.113337
0.106502
0.109555
0.143686
0.135861
0.125211
0.112845
0.107921
0.114377
0.100693
0.111969
0.096352
0.159820
0.127073
0.137425
0.132893
0.132469
0.147415
0.136138
0.128221
0.164148
0.133044
0.137676
0.127770
0.134408
0.134640
0.139169
0.138616
0.153746
0.137445
0.131271
0.151063
0.125955
0.136206
0.127202
0.133982
0.131998
0.142200
0.135532
0.132070
0.136644
0.133238
0.135236
0.106562
0.108855
0.106528
0.151226
0.129131
0.134619
0.129265
0.104318
0.100041
0.119100
0.101567
0.129070
0.106366
0.116490
0.101556
0.112091
0.114306
0.162938
0.138883
0.162487
0.116579
0.111232
0.106340
0.139803
0.166014
0.131328
0.126410
0.121762
0.111238
0.141985
0.136016
0.177756
0.139043
0.133189
0.135815
0.137545
0.148431
0.134499
0.132579
0.129599
0.099700
0.112840
0.103417
0.099279
0.104427
0.151437
0.132019
0.131409
0.142756
0.140958
0.129469
0.141013
0.131562
0.133984
0.117532
0.120044
0.112871
0.122880
0.112616
0.116106
0.152874
0.131240
0.128068
0.134815
0.135322
0.124213
0.139112
0.106887
0.146784
0.128963
0.145828
0.135989
0.138523
0.130458
0.141091
0.161361
0.128626
0.148005
0.150426
0.134380
0.131433
0.140225
0.151524
0.146585
0.139172
0.143544
0.128703
0.129494
0.149246
0.135333
0.127355
0.174580
0.131678
0.124751
0.123980
0.101489
0.101424
0.164048
0.143414
0.138712
0.137337
0.127821
0.112553
0.108727
0.161024
0.126419
0.138436
0.130200
0.150689
0.149393
0.112904
0.117065
0.147015
0.155954
0.135136
0.136994
0.130723
0.131226
0.153126
0.109203
0.139804
0.149184
0.144982
0.126844
0.132146
0.129896
0.150425
0.140561
0.125692
0.139397
0.125657
0.129581
0.141258
0.131576
0.138211
0.148647
0.135619
0.157029
0.134784
0.151214
0.148115
0.175362
0.130475
0.132695
0.140918
0.125825
0.136691
0.106868
0.112685
0.101614
0.110472
0.129886
0.148412
0.129516
0.141546
0.121694
0.129506
0.124073
0.123101
0.102318
0.159392
0.134545
0.131468
0.135033
0.174741
0.131523
0.130679
0.134794
0.119287
0.099168
0.101586
0.110896
0.102933
0.100134
0.102172
0.110650
0.111159
0.097549
0.108707
0.099110
0.109006
0.140073
0.139293
0.131056
0.138227
0.138959
0.139621
0.139256
0.137610
0.108833
0.103090
0.134299
0.179740
0.133172
0.135419
0.129365
0.140947
0.131681
0.108927
0.100022
0.149250
0.134577
0.164829
0.129182
0.136749
0.138198
0.129954
0.116583
0.098043
0.110566
0.105992
0.108550
0.104958
0.112359
0.114226
0.097658
0.108161
0.142588
0.135391
0.125382
0.124967
0.149725
0.118140
0.149457
0.134158
0.140149
0.132138
0.172045
0.172758
0.133229
0.136364
0.155944
0.135892
0.168199
0.130306
0.108880
0.173065
0.129560
0.131626
0.115732
0.111797
0.149570
0.133418
0.145497
0.139113
0.125703
0.120164
0.129045
0.127490
0.134627
0.158322
0.123370
0.163254
0.152974
0.130896
0.136938
0.104247
0.120783
0.163533
0.138151
0.131082
0.138760
0.131457
0.139034
0.106622
0.170387
0.107049
0.164832
0.147085
0.156489
0.184099
0.162631
0.129777
0.146902
0.111153
0.117999
0.152915
0.138867
0.132793
0.151278
0.143865
0.143174
0.139822
0.131650
0.153194
0.134959
0.140925
0.113300
0.173766
0.161838
0.133673
0.143023
0.137828
0.156590
0.138609
0.131548
0.156991
0.134633
0.133204
0.114551
0.155136
0.138613
0.128042
0.166582
0.130567
0.179121
0.173086
0.130537
0.133927
0.128490
0.119144
0.103440
0.153069
0.132700
0.134935
0.132814
0.125342
0.112619
0.112350
0.111463
0.156112
0.134667
0.165385
0.133219
0.124342
0.118141
0.101779
0.154788
0.127918
0.142607
0.130249
0.144742
0.117567
0.112489
0.106895
0.125248
0.109234
0.116243
0.147074
0.134316
0.156478
0.137091
0.132513
0.136309
0.138436
0.152614
0.135538
0.127872
0.135688
0.144162
0.127433
0.151333
0.154601
0.128005
0.135108
0.103718
0.100685
0.123662
0.102200
0.112390
0.101930
0.103539
0.137261
0.128047
0.139065
0.108290
0.107229
0.111310
0.117592
0.106477
0.159847
0.129882
0.136631
0.116932
0.118549
0.100992
0.100734
0.108867
0.108448
0.117480
0.100616
0.113171
0.171178
0.136504
0.137465
0.131214
0.142626
0.114057
0.154296
0.131730
0.148565
0.131808
0.132717
0.130044
0.128908
0.111761
0.159133
0.141672
0.134114
0.119324
0.170687
0.130543
0.154541
0.157959
0.134189
0.132599
0.169664
0.143618
0.133300
0.141680
0.129179
0.143709
0.150170
0.141271
0.151328
0.134646
0.133418
0.102929
0.115692
0.137348
0.135256
0.150631
0.137684
0.151612
0.133968
0.130519
0.142072
0.129564
0.131274
0.125460
0.103783
0.098679
0.110640
0.102573
0.103172
0.097284
0.104214
0.164002
0.127471
0.129316
0.131990
0.151355
0.161878
0.131146
0.128834
0.125907
0.120229
0.106753
0.120589
0.102462
0.116765
0.105576
0.103669
0.104482
0.103233
0.102060
0.113562
0.094958
0.141851
0.131470
0.149949
0.149605
0.109119
0.110692
0.107888
0.106571
0.109262
0.147884
0.172944
0.106034
0.103094
0.151580
0.160507
0.135273
0.134164
0.105463
0.113045
0.188638
0.129023
0.133171
0.148900
0.129919
0.130893
0.104631
0.152873
0.132121
0.129544
0.125059
0.128761
0.139966
0.141038
0.128614
0.151488
0.136273
0.136081
0.131838
0.133055
0.109354
0.104614
0.147021
0.131505
0.146387
0.138809
0.160883
0.126571
0.132341
0.127553
0.130852
0.102760
0.104556
0.160016
0.128810
0.135561
0.128821
0.147018
0.151776
0.164933
0.140199
0.150834
0.155108
0.136151
0.139567
0.149404
0.132417
0.133014
0.134227
0.111918
0.106869
0.104910
0.106947
0.111249
0.108024
0.106281
0.109512
0.109703
0.139248
0.140586
0.131068
0.124903
0.132040
0.132401
0.136152
0.112732
0.115514
0.096367
0.102022
0.103268
0.131425
0.130911
0.123928
0.115631
0.107875
0.131860
0.150098
0.108176
0.128892
0.131532
0.117516
0.137566
0.144267
0.132181
0.138385
0.130476
0.137840
0.128078
0.139134
0.157481
0.141713
0.139867
0.150656
0.139743
0.131844
0.157482
0.140285
0.146883
0.156006
0.160493
0.134634
0.136104
0.121144
0.108611
0.101642
0.108220
0.124299
0.103981
0.160561
0.130941
0.138927
0.128624
0.120789
0.111791
0.117404
0.144622
0.142126
0.130298
0.127467
0.136012
0.133292
0.155872
0.129039
0.177634
0.131254
0.137545
0.128079
0.136981
0.140571
0.128865
0.131981
0.128794
0.157708
0.163659
0.133101
0.137127
0.155659
0.148412
0.110611
0.137614
0.149427
0.133983
0.184237
0.106147
0.165135
0.135599
0.139444
0.130724
0.136488
0.135066
0.137033
0.134058
0.132163
0.128976
0.146097
0.136358
0.128924
0.134133
0.157819
0.129614
0.134108
0.134370
0.138893
0.102953
0.103962
0.102911
0.101104
0.148835
0.153203
0.153965
0.155117
0.133848
0.137432
0.126777
0.128331
0.138717
0.132347
0.127562
0.133697
0.155034
0.130503
0.154660
0.148128
0.133328
0.130184
0.130711
0.143529
0.132078
0.136584
0.127704
0.136212
0.112138
0.167472
0.157562
0.104471
0.161142
0.148331
0.130636
0.125954
0.110836
0.104120
0.135726
0.125556
0.131721
0.134049
0.105110
0.103832
0.122693
0.148980
0.136256
0.131939
0.163489
0.131303
0.134246
0.136683
0.127657
0.134205
0.125314
0.106725
0.109467
0.156412
0.137740
0.129021
0.113338
0.132818
0.151963
0.147214
0.150904
0.135056
0.142048
0.160399
0.127870
0.139133
0.148388
0.146703
0.129597
0.136228
0.107901
0.116309
0.106211
0.113873
0.116770
0.144152
0.132852
0.134136
0.166613
0.128855
0.141184
0.149560
0.164485
0.133416
0.162786
0.136875
0.119849
0.151160
0.129305
0.130324
0.099936
0.156725
0.141703
0.132446
0.148043
0.111459
0.133103
0.131435
0.127806
0.155019
0.138146
0.134184
0.110818
0.105108
0.133497
0.132937
0.130672
0.106782
0.146538
0.131937
0.133792
0.129615
0.122789
0.103672
0.121493
0.105976
0.104551
0.116264
0.110318
0.165825
0.150807
0.145197
0.141324
0.151644
0.137702
0.164181
0.132089
0.141434
0.134340
0.156268
0.134401
0.133536
0.128497
0.112864
0.107619
0.142124
0.133196
0.130003
0.114877
0.112690
0.112166
0.115358
0.107367
0.114167
0.103410
0.154919
0.124812
0.140915
0.127822
0.139300
0.106170
0.118138
0.150254
0.145166
0.149683
0.134364
0.132538
0.132699
0.121080
0.151508
0.145275
0.132349
0.141992
0.131322
0.108886
0.108885
0.109966
0.106383
0.153571
0.132182
0.116095
0.109546
0.205106
0.144501
0.146426
0.136445
0.141563
0.130199
0.139545
0.130070
0.115728
0.101980
0.115113
0.106033
0.110253
0.104397
0.109610
0.154344
0.135051
0.129081
0.133851
0.148703
0.144455
0.144887
0.129846
0.155752
0.130166
0.136197
0.122057
0.116593
0.105554
0.112525
0.103909
0.163354
0.129991
0.134876
0.107273
0.112010
0.114801
0.136404
0.128875
0.150282
0.165456
0.128045
0.174326
0.130556
0.137051
0.140359
0.133081
0.130082
0.106906
0.112543
0.103852
0.173307
0.130072
0.135922
0.123601
0.112117
0.112225
0.120349
0.143671
0.134841
0.130228
0.137921
0.154917
0.126072
0.137296
0.129742
0.139514
0.106940
0.167836
0.126996
0.133026
0.127181
0.113413
0.109860
0.139969
0.131380
0.136601
0.137871
0.135991
0.131237
0.138216
0.125009
0.102361
0.102285
0.108655
0.104688
0.104384
0.108477
0.145638
0.130481
0.153352
0.128963
0.140724
0.142778
0.134654
0.107963
0.114582
0.112397
0.118516
0.110073
0.112980
0.112824
0.103447
0.112452
0.109621
0.116024
0.108093
0.119658
0.105844
0.118896
0.107613
0.127311
0.110005
0.113537
0.108432
0.160307
0.140649
0.131159
0.145631
0.170825
0.171392
0.147056
0.129627
0.132069
0.132594
0.153860
0.130895
0.120517
0.099035
0.108898
0.103080
0.109609
0.106246
0.107647
0.114542
0.105176
0.100047
0.107474
0.109036
0.116030
0.098646
0.117281
0.150776
0.147913
0.136773
0.141643
0.135269
0.133969
0.131717
0.103213
0.158443
0.179480
0.158501
0.160852
0.142534
0.142830
0.124018
0.136548
0.143026
0.127696
0.135704
0.125852
0.140344
0.129269
0.137477
0.108510
0.104982
0.149984
0.135528
0.137193
0.132330
0.141642
0.148506
0.134075
0.161596
0.126447
0.138405
0.137936
0.133454
0.107163
0.126915
0.150164
0.135273
0.149887
0.137999
0.135994
0.139707
0.136114
0.124077
0.117428
0.112963
0.112986
0.118251
0.105858
0.113635
0.109586
0.119491
0.108787
0.111112
0.112211
0.108987
0.117501
0.112607
0.113992
0.143548
0.130558
0.131968
0.143513
0.133198
0.128101
0.157385
0.133236
0.135546
0.129792
0.134325
0.132406
0.132356
0.111243
0.139764
0.125762
0.112712
0.112036
0.106857
0.103670
0.134658
0.128668
0.133133
0.153066
0.135971
0.131700
0.126369
0.131562
0.150151
0.141276
0.135859
0.137284
0.135330
0.150715
0.134730
0.130542
0.131603
0.133046
0.139090
0.125536
0.152041
0.135610
0.130056
0.140664
0.130575
0.122998
0.100200
0.108320
0.097883
0.108965
0.104124
0.112407
0.103803
0.105070
0.106040
0.151248
0.134878
0.129607
0.139423
0.151783
0.129657
0.103984
0.111792
0.147958
0.114878
0.155350
0.138005
0.134159
0.133001
0.129381
0.119153
0.173635
0.131613
0.138503
0.126872
0.128991
0.157118
0.158306
0.130404
0.133379
0.158181
0.131319
0.136285
0.133288
0.139513
0.126310
0.107871
0.108330
0.117662
0.100417
0.105464
0.148524
0.133336
0.118819
0.159267
0.126585
0.131870
0.150789
0.134385
0.136305
0.133699
0.139464
0.105622
0.116122
0.104915
0.105554
0.158447
0.162176
0.132289
0.134253
0.146757
0.131307
0.138023
0.131434
0.128192
0.132107
0.126886
0.172693
0.135936
0.129793
0.132407
0.105133
0.106439
0.112920
0.109823
0.159535
0.151874
0.126388
0.150666
0.127307
0.134360
0.133475
0.139539
0.111164
0.102918
0.110681
0.148902
0.140438
0.133650
0.149770
0.128423
0.132655
0.132279
0.111527
0.104017
0.144992
0.137812
0.143364
0.138508
0.148397
0.169266
0.132134
0.147696
0.138992
0.175843
0.137635
0.149475
0.148463
0.159268
0.136806
0.145868
0.150076
0.127522
0.128171
0.144504
0.104064
0.103891
0.105444
0.108402
0.127897
0.149369
0.138009
0.127240
0.135486
0.125689
0.106557
0.104617
0.107352
0.101407
0.160523
0.140998
0.136303
0.126862
0.161401
0.143797
0.158544
0.143550
0.154423
0.152380
0.159467
0.127360
0.145163
0.158478
0.138875
0.137994
0.131961
0.139213
0.136224
0.174711
0.130624
0.134759
0.103180
0.113503
0.108308
0.107058
0.111660
0.114017
0.154821
0.159340
0.103905
0.110428
0.146577
0.131747
0.125022
0.124437
0.124300
0.129137
0.104717
0.113999
0.108664
0.115174
0.148033
0.139914
0.130943
0.135347
0.164298
0.135035
0.151931
0.135953
0.153621
0.142828
0.138419
0.135064
0.134617
0.104183
0.155853
0.114664
0.114719
0.151093
0.128640
0.130658
0.123035
0.162543
0.127326
0.134338
0.134952
0.127097
0.158661
0.135439
0.142443
0.140372
0.136122
0.127918
0.110490
0.168015
0.139369
0.131030
0.124656
0.144074
0.135603
0.147833
0.146168
0.131375
0.151787
0.135450
0.134722
0.131754
0.133375
0.112520
0.110366
0.113049
0.097141
0.142171
0.158710
0.140204
0.128891
0.110718
0.108067
0.115978
0.109789
0.113875
0.105972
0.155228
0.128834
0.129974
0.156353
0.132511
0.143013
0.126889
0.187423
0.145982
0.139189
0.137164
0.110403
0.168664
0.140603
0.113728
0.107080
0.116044
0.104228
0.110430
0.105202
0.160117
0.124885
0.132483
0.133167
0.137739
0.103987
0.107494
0.099419
0.104610
0.164736
0.136109
0.134166
0.135931
0.129786
0.134724
0.159766
0.133678
0.136791
0.126292
0.133106
0.128908
0.132906
0.131181
0.107615
0.158919
0.137646
0.172427
0.157460
0.145831
0.158333
0.138589
0.129896
0.133395
0.133375
0.129080
0.151983
0.130686
0.151601
0.155041
0.128169
0.133581
0.137040
0.129549
0.148308
0.128169
0.141872
0.130402
0.146808
0.129545
0.178267
0.132503
0.129411
0.184831
0.137532
0.137328
0.149561
0.161675
0.132262
0.156451
0.124877
0.133190
0.134329
0.131635
0.151145
0.114067
0.109441
0.113543
0.106874
0.165874
0.118539
0.156007
0.133209
0.140177
0.135391
0.105570
0.113281
0.106660
0.099608
0.111932
0.101345
0.114649
0.114379
0.115400
0.111321
0.159226
0.131009
0.135489
0.111004
0.117611
0.116625
0.121708
0.111234
0.119171
0.107763
0.101440
0.120066
0.104580
0.144206
0.168486
0.107335
0.179577
0.133491
0.131850
0.132988
0.121794
0.110840
0.145988
0.138289
0.125317
0.108775
0.096739
0.107604
0.102502
0.110407
0.106065
0.109113
0.106293
0.108386
0.120877
0.098685
0.119304
0.112300
0.131500
0.098875
0.112726
0.147034
0.148951
0.135701
0.162332
0.133398
0.139427
0.155364
0.131708
0.135256
0.125646
0.153576
0.135769
0.135773
0.162048
0.152961
0.139139
0.147352
0.139354
0.148820
0.126103
0.158311
0.126523
0.137105
0.127835
0.124496
0.124144
0.109275
0.156114
0.156397
0.149834
0.126562
0.125556
0.129646
0.128732
0.108629
0.109945
0.110366
0.104232
0.108620
0.109519
0.114432
0.104911
0.104027
0.108095
0.106395
0.103841
0.131357
0.127615
0.128412
0.125303
0.156627
0.134044
0.133580
0.138769
0.127445
0.108406
0.109152
0.112180
0.109940
0.154554
0.134980
0.136434
0.127914
0.125474
0.109604
0.104049
0.103331
0.108949
0.114746
0.110386
0.133740
0.133512
0.139607
0.132853
0.129596
0.129969
0.136731
0.138405
0.152995
0.130672
0.148565
0.135577
0.128890
0.126218
0.129399
0.118261
0.115049
0.102936
0.103677
0.113149
0.155165
0.137975
0.129061
0.132290
0.157587
0.163592
0.149062
0.171488
0.128213
0.133600
0.131342
0.131437
0.132713
0.117829
0.105613
0.116824
0.119645
0.128700
0.125726
0.125967
0.120535
0.148884
0.128536
0.126834
0.125848
0.121583
0.132776
0.114391
0.105013
0.095555
0.108545
0.106197
0.096505
0.109883
0.103337
0.105936
0.160558
0.148917
0.152473
0.134785
0.130068
0.128242
0.122606
0.103835
0.112071
0.164929
0.131314
0.129789
0.190152
0.170850
0.163694
0.132765
0.133467
0.134866
0.173229
0.129452
0.131697
0.109040
0.120815
0.104055
0.111387
0.095854
0.108321
0.107217
0.102336
0.110764
0.151395
0.113324
0.108735
0.110928
0.103234
0.112299
0.106247
0.157909
0.136934
0.142021
0.134554
0.129196
0.110249
0.161602
0.133596
0.133538
0.142950
0.135547
0.137512
0.128337
0.163002
0.102811
0.146772
0.154664
0.129501
0.135721
0.135151
0.132307
0.099647
0.114910
0.106690
0.151499
0.130876
0.135151
0.132004
0.134643
0.153216
0.137463
0.128570
0.104159
0.101577
0.117935
0.104628
0.105857
0.148806
0.136436
0.147362
0.153707
0.136540
0.156250
0.133838
0.133546
0.126525
0.117622
0.112298
0.112207
0.111740
0.113858
0.150156
0.141939
0.141772
0.148246
0.131833
0.155319
0.133446
0.135066
0.184054
0.134391
0.141230
0.139633
0.135301
0.102113
0.155236
0.136386
0.134220
0.132427
0.111887
0.103061
0.110937
0.106471
0.117860
0.159625
0.136231
0.139208
0.129968
0.136430
0.118788
0.106261
0.112164
0.141489
0.135315
0.135648
0.130446
0.144305
0.096741
0.110996
0.156598
0.143690
0.157403
0.142509
0.135864
0.140070
0.114794
0.118784
0.110221
0.157696
0.131305
0.136881
0.131060
0.130868
0.134349
0.154418
0.154688
0.170515
0.126965
0.152627
0.133819
0.146187
0.148202
0.099110
0.108995
0.104189
0.105377
0.108000
0.113404
0.137409
0.151669
0.127419
0.136865
0.131843
0.153133
0.125994
0.136094
0.129575
0.135891
0.129374
0.136940
0.130951
0.128667
0.109225
0.115595
0.116781
0.137661
0.126368
0.133840
0.135074
0.158874
0.138776
0.130924
0.140887
0.120805
0.120538
0.105047
0.161579
0.131480
0.134804
0.131941
0.131167
0.127044
0.103920
0.106071
0.135054
0.140697
0.133478
0.106715
0.106753
0.100532
0.107275
0.105890
0.113179
0.139055
0.130397
0.139627
0.110409
0.114596
0.112761
0.115999
0.113141
0.121249
0.109574
0.119965
0.109185
0.122032
0.116448
0.166118
0.142899
0.150960
0.133970
0.138801
0.119199
0.111495
0.114980
0.158216
0.137718
0.137109
0.137543
0.160259
0.131317
0.152332
0.137002
0.135691
0.130461
0.116556
0.109647
0.114381
0.115891
0.113893
0.108689
0.115797
0.105162
0.115843
0.097779
0.111944
0.180461
0.154122
0.132903
0.141146
0.110154
0.165034
0.136189
0.129248
0.166308
0.155211
0.148784
0.135753
0.134402
0.132912
0.125477
0.117723
0.103179
0.109064
0.106445
0.152165
0.129781
0.132887
0.098741
0.153504
0.120679
0.132693
0.108361
0.110998
0.104637
0.094706
0.099087
0.097725
0.110900
0.098285
0.114739
0.107337
0.138404
0.130807
0.132135
0.126191
0.164028
0.147753
0.138795
0.126780
0.142125
0.144099
0.166485
0.140608
0.151998
0.179106
0.162730
0.168273
0.135174
0.141467
0.155128
0.139802
0.138629
0.133954
0.134184
0.129884
0.124299
0.104798
0.114536
0.112125
0.117852
0.103086
0.111189
0.102522
0.107351
0.106615
0.106291
0.109421
0.151069
0.132882
0.135710
0.130001
0.140754
0.119466
0.109013
0.101749
0.098045
0.158208
0.133382
0.139564
0.139132
0.132071
0.141225
0.122231
0.120361
0.105602
0.114376
0.117076
0.115505
0.108170
0.109308
0.111999
0.115028
0.114044
0.111309
0.139182
0.126867
0.137113
0.124550
0.116297
0.113908
0.110926
0.154662
0.131287
0.140518
0.151010
0.138934
0.139368
0.129113
0.132559
0.133891
0.100914
0.110643
0.098913
0.113127
0.154473
0.133033
0.137054
0.135725
0.135074
0.158970
0.128012
0.139177
0.138132
0.140650
0.114364
0.149137
0.148420
0.129767
0.122262
0.140513
0.141332
0.119390
0.114046
0.132217
0.138126
0.134694
0.166326
0.136722
0.132547
0.163575
0.140702
0.143944
0.156128
0.107430
0.108184
0.111870
0.110840
0.118908
0.106105
0.114236
0.103555
0.116861
0.107136
0.104530
0.108481
0.153274
0.129078
0.151556
0.136209
0.127401
0.154469
0.133152
0.136147
0.134443
0.137354
0.106341
0.111274
0.113982
0.117757
0.111784
0.110794
0.114265
0.107431
0.178629
0.121526
0.113155
0.116136
0.120958
0.134657
0.138097
0.131349
0.121184
0.106385
0.113544
0.105751
0.108368
0.109561
0.111177
0.101275
0.112448
0.105979
0.100384
0.108902
0.098162
0.115891
0.102506
0.153337
0.131545
0.139030
0.108361
0.109071
0.113626
0.109700
0.158081
0.156478
0.108637
0.155701
0.169394
0.135934
0.130472
0.158750
0.152035
0.150740
0.157791
0.155313
0.137891
0.134257
0.135758
0.126573
0.106688
0.109087
0.115895
0.100853
0.102001
0.109499
0.108917
0.107769
0.112837
0.116589
0.100909
0.110847
0.135985
0.158218
0.125725
0.139971
0.107981
0.158620
0.140738
0.129704
0.133867
0.133035
0.132762
0.108707
0.107771
0.102304
0.105912
0.122278
0.107884
0.111352
0.148381
0.141616
0.116765
0.117427
0.159964
0.144189
0.139956
0.143469
0.130366
0.127579
0.123277
0.128309
0.113153
0.114610
0.099358
0.108440
0.107570
0.110615
0.106258
0.100537
0.106975
0.110402
0.117989
0.106115
0.101864
0.097320
0.101022
0.109576
0.097075
0.118704
0.101832
0.108733
0.108843
0.167915
0.127738
0.135176
0.117747
0.112350
0.105530
0.162072
0.139087
0.134763
0.137877
0.138933
0.109603
0.120321
0.114732
0.116219
0.115907
0.112090
0.120603
0.145908
0.166331
0.142410
0.162797
0.144325
0.134027
0.160836
0.143106
0.140100
0.151853
0.135118
0.144019
0.134876
0.152011
0.165288
0.159657
0.134742
0.158481
0.130566
0.137956
0.136316
0.137323
0.138192
0.115955
0.110859
0.108235
0.111857
0.108272
0.156568
0.131002
0.134898
0.158122
0.138664
0.144290
0.131960
0.110879
0.127366
0.158154
0.112915
0.120056
0.114093
0.120751
0.108757
0.115255
0.116522
0.125256
0.118227
0.119452
0.112507
0.134763
0.126742
0.130292
0.155684
0.134946
0.151463
0.129896
0.127180
0.133270
0.132573
0.115161
0.101156
0.120880
0.111937
0.111753
0.148208
0.145915
0.133110
0.156477
0.135170
0.157924
0.139336
0.134360
0.139608
0.110535
0.121047
0.138561
0.139281
0.148047
0.115490
0.105946
0.115513
0.110455
0.121033
0.114362
0.127473
0.116210
0.123364
0.112061
0.113266
0.108548
0.111275
0.104526
0.105918
0.108222
0.110092
0.117364
0.105987
0.115345
0.138959
0.139233
0.133388
0.138019
0.107998
0.178037
