0.006252
0.098478
0.098887
0.097043
0.093520
0.095310
0.096532
0.096935
0.093727
0.148941
0.125169
0.119925
0.096318
0.091862
0.091537
0.143187
0.125568
0.121043
0.105868
0.097236
0.100223
0.169105
0.126840
0.123350
0.160476
0.127613
0.126273
0.126668
0.149456
0.125857
0.134889
0.100361
0.103343
0.103431
0.147057
0.126444
0.123668
0.126003
0.123148
0.102538
0.100846
0.099781
0.147561
0.127154
0.122920
0.132788
0.125756
0.101424
0.095426
0.095197
0.149593
0.126231
0.121814
0.125461
0.124799
0.147243
0.129416
0.148179
0.168368
0.126979
0.150784
0.156429
0.129915
0.133021
0.148034
0.126269
0.125702
0.125996
0.100620
0.100637
0.116919
0.158047
0.098926
0.096890
0.099853
0.097336
0.145879
0.126192
0.145808
0.125571
0.125494
0.127096
0.118755
0.100180
0.095700
0.097430
0.097642
0.093863
0.095338
0.094666
0.150585
0.126680
0.153671
0.125683
0.145457
0.123810
0.122474
0.148618
0.124021
0.123565
0.144689
0.127725
0.127908
0.149168
0.127146
0.125922
0.150247
0.125954
0.151886
0.126605
0.107122
0.100804
0.100560
0.099353
0.147122
0.125651
0.126069
0.124815
0.160161
0.095880
0.095457
0.095298
0.098669
0.099162
0.096914
0.096855
0.099438
0.096387
0.094840
0.098225
0.147105
0.122780
0.121119
0.124228
0.137873
0.121163
0.100907
0.096144
0.096613
0.151160
0.123829
0.126230
0.123456
0.125521
0.147368
0.125890
0.121747
0.145614
0.124206
0.124393
0.125389
0.124877
0.099745
0.099904
0.100073
0.096949
0.100194
0.096584
0.099327
0.099232
0.099774
0.095809
0.100389
0.145085
0.144957
0.146078
0.124420
0.146348
0.127517
0.126769
0.127426
0.156791
0.145240
0.133084
0.144373
0.120788
0.119512
0.123355
0.147580
0.121522
0.111912
0.095581
0.097154
0.092160
0.097050
0.095797
0.159922
0.131915
0.150077
0.123929
0.129170
0.103836
0.101827
0.117661
0.099985
0.099075
0.096406
0.094959
0.097460
0.096087
0.097536
0.097986
0.100439
0.099641
0.101234
0.100806
0.096854
0.095425
0.095750
0.099049
0.097680
0.097358
0.096886
0.098213
0.107120
0.102315
0.144704
0.127750
0.125940
0.122644
0.121374
0.095427
0.094948
0.092720
0.095685
0.092782
0.099691
0.098811
0.095936
0.093327
0.094598
0.092894
0.094069
0.091709
0.091998
0.093635
0.096055
0.095308
0.097637
0.142382
0.123547
0.165232
0.154510
0.129928
0.124444
0.126050
0.149650
0.127338
0.146792
0.124573
0.126340
0.125594
0.101739
0.103050
0.101427
0.100792
0.100440
0.100711
0.100871
0.100533
0.097486
0.098278
0.097935
0.144485
0.132604
0.121269
0.119520
0.144025
0.124524
0.121768
0.127519
0.127766
0.108001
0.153154
0.125818
0.127215
0.139265
0.143273
0.122931
0.103269
0.097162
0.091555
0.094970
0.096267
0.091399
0.091686
0.095492
0.145830
0.125917
0.128212
0.133361
0.126771
0.110708
0.104505
0.098169
0.097054
0.098688
0.165219
0.140955
0.128597
0.128033
0.127144
0.127824
0.149155
0.125008
0.125835
0.125051
0.135468
0.133486
0.117346
0.114760
0.140388
0.162176
0.151140
0.129725
0.166543
0.158922
0.147863
0.120639
0.108562
0.096133
0.092381
0.091914
0.097958
0.094861
0.092316
0.098348
0.093463
0.093830
0.093164
0.092769
0.093238
0.093588
0.094529
0.097901
0.095645
0.092258
0.098158
0.099537
0.113002
0.150010
0.168277
0.147824
0.125923
0.130814
0.125545
0.099674
0.135731
0.126123
0.126638
0.166731
0.157750
0.155358
0.154777
0.123697
0.125932
0.148330
0.145461
0.121539
0.125658
0.153144
0.127879
0.127725
0.122292
0.125298
0.101476
0.095958
0.092477
0.094739
0.094230
0.092288
0.094530
0.143258
0.126120
0.127797
0.128691
0.106355
0.093845
0.093066
0.154490
0.145072
0.119161
0.123944
0.093580
0.092232
0.094237
0.139766
0.094946
0.095916
0.121549
0.121924
0.104816
0.095152
0.162022
0.119686
0.129487
0.128716
0.152344
0.148023
0.128824
0.132035
0.129253
0.126497
0.100117
0.099617
0.098345
0.144662
0.127336
0.124803
0.124593
0.119934
0.137468
0.170707
0.144570
0.158255
0.128475
0.128934
0.126450
0.126794
0.126450
0.126362
0.128217
0.102129
0.094426
0.096899
0.096223
0.097392
0.103792
0.098619
0.096423
0.096326
0.096180
0.095942
0.092329
0.091893
0.093194
0.092786
0.095887
0.130193
0.140978
0.152310
0.168670
0.147432
0.125492
0.125464
0.126300
0.125661
0.100960
0.100548
0.097215
0.101122
0.097887
0.099322
0.097865
0.146107
0.128097
0.147566
0.127507
0.130216
0.128096
0.147553
0.126551
0.146538
0.125538
0.146697
0.128671
0.144835
0.149734
0.126202
0.123511
0.114877
0.094861
0.098371
0.096880
0.096812
0.097022
0.090255
0.095382
0.096837
0.097525
0.097903
0.150719
0.134390
0.155514
0.169136
0.151745
0.152245
0.152371
0.121411
0.121868
0.122598
0.122668
0.123462
0.146504
0.131606
0.123976
0.101557
0.147676
0.131407
0.152053
0.125601
0.142445
0.125546
0.120187
0.125769
0.127119
0.097176
0.094145
0.091705
0.098556
0.094052
0.094793
0.096409
0.096009
0.094995
0.144304
0.123053
0.124991
0.124968
0.124036
0.150890
0.126097
0.152170
0.142314
0.114806
0.149995
0.135465
0.132679
0.157665
0.126126
0.147609
0.124222
0.141592
0.146982
0.123430
0.124403
0.101459
0.096963
0.100249
0.100155
0.100707
0.096084
0.099482
0.096292
0.094123
0.093786
0.100743
0.091357
0.095723
0.090804
0.094496
0.096810
0.092838
0.093100
0.094123
0.097065
0.093328
0.092918
0.091543
0.090294
0.090266
0.092438
0.098507
0.093627
0.092583
0.091243
0.095116
0.092437
0.137677
0.120020
0.121969
0.125773
0.146424
0.124533
0.121607
0.121465
0.121241
0.110118
0.103422
0.098010
0.100100
0.103436
0.100345
0.098614
0.099948
0.096756
0.096535
0.096706
0.097503
0.096416
0.097081
0.102079
0.099624
0.100439
0.099339
0.100186
0.148051
0.125857
0.125754
0.120451
0.126447
0.151922
0.148991
0.141649
0.143531
0.139478
0.118791
0.124037
0.124186
0.140917
0.095084
0.094807
0.097680
0.091664
0.096687
0.094181
0.095141
0.097414
0.141826
0.126691
0.150970
0.131107
0.152744
0.121548
0.118365
0.105267
0.148061
0.125916
0.126289
0.125797
0.125039
0.100220
0.100180
0.103037
0.150995
0.149142
0.159061
0.126264
0.128995
0.125979
0.165356
0.160109
0.146086
0.127252
0.123011
0.127073
0.114388
0.143837
0.123639
0.124307
0.121109
0.153126
0.151241
0.123973
0.123767
0.164158
0.145190
0.172170
0.124556
0.125410
0.122727
0.143571
0.144862
0.149250
0.127570
0.126925
0.153962
0.127612
0.128925
0.125809
0.124585
0.124365
0.105816
0.098739
0.101581
0.128954
0.132005
0.146964
0.125672
0.124706
0.123821
0.120855
0.102689
0.102669
0.103336
0.105233
0.102467
0.146046
0.125819
0.127986
0.160630
0.148876
0.131719
0.124347
0.121479
0.119039
0.144848
0.123820
0.124952
0.152470
0.127264
0.128797
0.126269
0.114519
0.094001
0.095130
0.096793
0.094416
0.091897
0.098294
0.098132
0.097479
0.102425
0.102127
0.101762
0.101395
0.099876
0.102477
0.178522
0.153217
0.154098
0.140019
0.120380
0.118925
0.154644
0.148050
0.126009
0.121226
0.125731
0.115524
0.101886
0.101662
0.152781
0.125778
0.128263
0.102826
0.096609
0.093885
0.094847
0.093958
0.093422
0.096117
0.093449
0.094978
0.101445
0.100145
0.096061
0.093000
0.092105
0.099360
0.098642
0.148326
0.167471
0.149607
0.130921
0.129909
0.128893
0.152805
0.127643
0.124520
0.148284
0.123942
0.128737
0.127016
0.118986
0.113323
0.163389
0.135329
0.125606
0.125500
0.137126
0.154569
0.153075
0.158888
0.121695
0.119556
0.094421
0.091839
0.095323
0.090513
0.151698
0.091957
0.097093
0.092428
0.092359
0.093164
0.092148
0.096856
0.098670
0.092607
0.092056
0.094350
0.148601
0.127515
0.144044
0.124105
0.123354
0.126945
0.127474
0.125878
0.102161
0.092511
0.092478
0.143443
0.153620
0.121629
0.123866
0.101300
0.104727
0.096247
0.148897
0.126353
0.125686
0.126244
0.124526
0.101698
0.099643
0.100164
0.101530
0.100563
0.101707
0.099252
0.095778
0.095367
0.096486
0.098655
0.134821
0.130937
0.150164
0.131427
0.129907
0.152044
0.160468
0.124982
0.125533
0.127595
0.098567
0.097714
0.094099
0.096744
0.095672
0.100240
0.100456
0.098751
0.094636
0.145928
0.126450
0.144289
0.119337
0.123489
0.125194
0.124059
0.114453
0.102544
0.147459
0.126183
0.126609
0.144175
0.126217
0.128499
0.125075
0.151125
0.149893
0.156965
0.155871
0.148026
0.124303
0.121791
0.121522
0.123319
0.097465
0.096956
0.098877
0.100842
0.152021
0.151245
0.124313
0.126915
0.137826
0.122241
0.123335
0.118714
0.119016
0.102537
0.095354
0.090676
0.101264
0.097925
0.094756
0.099775
0.101274
0.099730
0.099680
0.102477
0.155211
0.098579
0.102161
0.145070
0.127057
0.101083
0.141759
0.127632
0.155193
0.130531
0.147778
0.138654
0.128409
0.127416
0.126497
0.114852
0.099857
0.146039
0.147496
0.127548
0.125444
0.146955
0.137964
0.150906
0.128980
0.125501
0.095880
0.092953
0.098387
0.094840
0.094439
0.093457
0.091709
0.094357
0.099244
0.099355
0.096657
0.093875
0.093867
0.094343
0.097451
0.095722
0.093189
0.090918
0.094814
0.096774
0.094927
0.094712
0.091792
0.092640
0.091085
0.092917
0.095039
0.096607
0.095118
0.093473
0.098419
0.100968
0.099330
0.100703
0.170081
0.143507
0.123355
0.126464
0.145028
0.125375
0.127371
0.142319
0.154687
0.144152
0.098803
0.100319
0.149769
0.119152
0.101151
0.099236
0.101279
0.101545
0.137198
0.130165
0.125184
0.119699
0.152362
0.128646
0.124414
0.121190
0.115074
0.092063
0.094072
0.095080
0.091318
0.096500
0.099573
0.096530
0.093775
0.092657
0.092193
0.093426
0.092860
0.094414
0.095140
0.100495
0.092247
0.120324
0.102643
0.167266
0.155039
0.132979
0.159197
0.140505
0.097094
0.150831
0.165205
0.164074
0.162479
0.126299
0.127383
0.128521
0.132796
0.130028
0.151102
0.126446
0.126735
0.122689
0.120504
0.097447
0.099409
0.099868
0.100341
0.096733
0.096862
0.096070
0.096734
0.095585
0.095659
0.096945
0.099871
0.098066
0.095521
0.095602
0.096951
0.098031
0.144905
0.119646
0.121389
0.139012
0.125918
0.103045
0.096724
0.094741
0.151326
0.127268
0.127155
0.131068
0.148258
0.126958
0.126914
0.127104
0.123464
0.099488
0.145677
0.147818
0.123877
0.127291
0.128924
0.145528
0.125295
0.128933
0.117923
0.102038
0.101980
0.142937
0.142213
0.175469
0.122486
0.126933
0.146135
0.128435
0.165117
0.132820
0.126844
0.162243
0.154436
0.151949
0.124330
0.135596
0.120148
0.117997
0.091766
0.091934
0.091520
0.091758
0.096151
0.095875
0.096048
0.096842
0.101826
0.101471
0.095658
0.096499
0.096823
0.114519
0.100861
0.101840
0.103391
0.101860
0.154538
0.152502
0.117330
0.104281
0.101075
0.104686
0.113649
0.134011
0.099223
0.098689
0.097349
0.116479
0.113574
0.112794
0.098205
0.096332
0.096447
0.095736
0.096014
0.099451
0.096435
0.099262
0.099949
0.095598
0.100116
0.095907
0.096480
0.096206
0.096217
0.098300
0.099080
0.096759
0.094707
0.095595
0.095267
0.096237
0.097898
0.098614
0.098402
0.094142
0.093314
0.099516
0.091566
0.096426
0.094963
0.097327
0.100074
0.100284
0.099156
0.099301
0.097530
0.152868
0.126259
0.126370
0.126129
0.126310
0.100417
0.096568
0.167925
0.129751
0.122550
0.118626
0.149696
0.126333
0.126047
0.129372
0.119477
0.101758
0.101156
0.101524
0.101987
0.103847
0.098818
0.100349
0.097158
0.099716
0.091264
0.096714
0.094450
0.096498
0.099531
0.150213
0.122997
0.120345
0.120177
0.124314
0.094748
0.100260
0.099522
0.098936
0.144163
0.122684
0.126644
0.119971
0.094258
0.096852
0.093550
0.100544
0.096872
0.092074
0.094040
0.094469
0.092670
0.095513
0.094483
0.095444
0.146335
0.128923
0.120311
0.146135
0.125826
0.142886
0.162854
0.150874
0.124789
0.126752
0.169377
0.136743
0.140211
0.129945
0.121982
0.148503
0.126444
0.122419
0.101609
0.099911
0.103538
0.102130
0.100934
0.100376
0.101207
0.140199
0.133474
0.134514
0.140303
0.122957
0.122107
0.119259
0.097233
0.096043
0.101740
0.098843
0.097918
0.097676
0.096869
0.097393
0.097154
0.123788
0.151468
0.127505
0.124784
0.104062
0.096277
0.096381
0.144072
0.124348
0.127780
0.126608
0.108315
0.103461
0.101448
0.162126
0.166285
0.124563
0.125808
0.126112
0.126455
0.120680
0.164099
0.164599
0.155600
0.132282
0.123933
0.125190
0.123937
0.148866
0.127764
0.126671
0.127223
0.126973
0.098190
0.093272
0.097241
0.096860
0.097260
0.096487
0.093747
0.096287
0.093073
0.096078
0.096678
0.099936
0.100394
0.098495
0.101187
0.103840
0.102646
0.148323
0.147526
0.129233
0.149138
0.125656
0.130439
0.112601
0.103255
0.103009
0.102162
0.101665
0.101709
0.099633
0.097423
0.099524
0.160550
0.147305
0.149015
0.130214
0.128161
0.124173
0.099413
0.094537
0.141635
0.125405
0.120531
0.124999
0.121291
0.094572
0.091531
0.091048
0.091786
0.094241
0.097099
0.091455
0.091975
0.092862
0.094154
0.094830
0.091298
0.095206
0.097035
0.095194
0.093405
0.095598
0.098455
0.148878
0.126754
0.127057
0.101277
0.093111
0.093086
0.092780
0.091960
0.093197
0.096622
0.100150
0.100169
0.131454
0.151702
0.174155
0.148441
0.144876
0.146121
0.157867
0.161175
0.167347
0.132180
0.149139
0.133377
0.126019
0.131685
0.098590
0.171505
0.133243
0.125613
0.153396
0.149073
0.130369
0.148437
0.164212
0.135140
0.155411
0.129515
0.123802
0.120119
0.124543
0.093639
0.094884
0.094928
0.096869
0.094620
0.095389
0.095046
0.150459
0.130209
0.126318
0.122325
0.098083
0.102164
0.174007
0.102959
0.100277
0.100886
0.098221
0.099835
0.098500
0.111272
0.141460
0.102577
0.105159
0.100917
0.130922
0.126484
0.130521
0.131590
0.108011
0.104271
0.102198
0.101035
0.100075
0.143416
0.130770
0.153672
0.118606
0.101618
0.137872
0.121681
0.120672
0.123670
0.122317
0.124698
0.111031
0.099507
0.099373
0.095655
0.095047
0.094138
0.095651
0.095856
0.091596
0.098995
0.166762
0.127354
0.134877
0.128242
0.126335
0.127343
0.113575
0.149875
0.128628
0.123956
0.124056
0.128170
0.129313
0.102075
0.098083
0.096709
0.097237
0.097940
0.099638
0.099782
0.098328
0.099465
0.102453
0.112745
0.104581
0.166392
0.146963
0.107270
0.097683
0.092949
0.096491
0.091120
0.095619
0.094193
0.097603
0.093312
0.096313
0.096675
0.091892
0.091862
0.091947
0.093343
0.097280
0.092849
0.099467
0.098443
0.099660
0.147202
0.128906
0.129031
0.127438
0.152277
0.131268
0.122275
0.147679
0.127061
0.124383
0.123200
0.125971
0.100483
0.102568
0.104605
0.106310
0.146182
0.125612
0.125677
0.103977
0.098108
0.101741
0.099933
0.101934
0.101670
0.099555
0.092880
0.092089
0.091344
0.092264
0.092896
0.091496
0.092339
0.092015
0.093856
0.095819
0.091138
0.090185
0.094552
0.094606
0.089556
0.090173
0.090199
0.094620
0.097816
0.143359
0.126303
0.127204
0.143088
0.140404
0.126810
0.127365
0.124016
0.106939
0.097661
0.098471
0.097325
0.102643
0.100804
0.103797
0.154880
0.135549
0.135546
0.152768
0.133418
0.115197
0.137509
0.125291
0.125219
0.148877
0.129486
0.153220
0.130625
0.138603
0.153125
0.121680
0.146129
0.123497
0.137290
0.125812
0.150169
0.124629
0.123945
0.123573
0.119414
0.123235
0.117678
0.095267
0.092295
0.092291
0.095916
0.092237
0.092120
0.093021
0.094840
0.098757
0.130532
0.126285
0.130617
0.130434
0.128762
0.099808
0.101449
0.099767
0.154774
0.118482
0.100622
0.098714
0.096283
0.096174
0.100508
0.097743
0.100020
0.100246
0.100372
0.137476
0.125165
0.128476
0.166429
0.121200
0.099993
0.099349
0.101747
0.172922
0.131830
0.127824
0.127522
0.145236
0.122693
0.114906
0.092457
0.092206
0.097522
0.100657
0.099873
0.097338
0.097534
0.095765
0.095346
0.092852
0.094360
0.094493
0.093043
0.097180
0.093194
0.095482
0.096702
0.095719
0.095758
0.096061
0.096424
0.096836
0.096551
0.096531
0.099783
0.106559
0.159503
0.136831
0.128762
0.126777
0.140235
0.146644
0.125582
0.127428
0.125607
0.101129
0.101651
0.100343
0.098469
0.101902
0.103391
0.101977
0.102276
0.104204
0.102599
0.100729
0.098629
0.096950
0.097851
0.096555
0.094429
0.092340
0.094776
0.096899
0.096929
0.096740
0.098887
0.138671
0.132904
0.126848
0.123161
0.149141
0.102452
0.098340
0.095803
0.094407
0.096390
0.095781
0.096193
0.097252
0.096432
0.092139
0.091975
0.093998
0.095732
0.091663
0.091580
0.091585
0.091722
0.091695
0.096624
0.100932
0.100390
0.160134
0.099303
0.132906
0.121460
0.148008
0.119466
0.119290
0.123806
0.124509
0.130710
0.139668
0.125090
0.124507
0.149358
0.121343
0.101547
0.128016
0.129568
0.133429
0.120790
0.126993
0.124747
0.109979
0.091501
0.098349
0.094454
0.098946
0.093330
0.091803
0.091002
0.090763
0.094709
0.147133
0.120854
0.121711
0.097626
0.098212
0.096526
0.097318
0.146981
0.167709
0.147536
0.168934
0.127363
0.129431
0.128208
0.126132
0.105949
0.147996
0.169252
0.141402
0.123924
0.124721
0.121822
0.120030
0.095591
0.095901
0.096853
0.096347
0.101010
0.100808
0.145521
0.127275
0.124746
0.149560
0.105217
0.095795
0.142017
0.125179
0.125007
0.127774
0.096753
0.097081
0.094832
0.141174
0.123026
0.141008
0.149104
0.120762
0.120578
0.121964
0.099705
0.100594
0.095245
0.099550
0.101257
0.097049
0.155497
0.124764
0.129152
0.128193
0.126282
0.125869
0.101342
0.102426
0.102118
0.103020
0.102858
0.163845
0.148148
0.166804
0.149310
0.121770
0.122239
0.097453
0.145368
0.125148
0.125427
0.126076
0.123094
0.097207
0.093421
0.091770
0.096219
0.100996
0.097277
0.090500
0.096427
0.095693
0.144243
0.123337
0.123092
0.148743
0.119591
0.131066
0.095665
0.091484
0.092509
0.091503
0.090831
0.092009
0.090271
0.091298
0.094055
0.099784
0.098298
0.091111
0.092060
0.090763
0.091244
0.090314
0.094189
0.093479
0.098428
0.102606
0.099955
0.171680
0.140296
0.147158
0.123986
0.161206
0.155371
0.158626
0.130623
0.126535
0.126962
0.137066
0.121473
0.144614
0.125330
0.097019
0.099948
0.149298
0.134933
0.121200
0.128969
0.125689
0.106804
0.095110
0.094144
0.091362
0.090674
0.096440
0.094843
0.094935
0.091454
0.096980
0.094870
0.096334
0.100815
0.100753
0.093192
0.097146
0.096225
0.096514
0.095558
0.099985
0.100852
0.100731
0.101609
0.097777
0.135052
0.146336
0.132255
0.125656
0.162839
0.120942
0.122659
0.097579
0.186015
0.162874
0.101126
0.099869
0.102000
0.125826
0.101017
0.100613
0.101787
0.102382
0.099392
0.099798
0.096723
0.096218
0.100099
0.096490
0.093637
0.093688
0.098957
0.099547
0.095565
0.093210
0.095372
0.091426
0.093857
0.093964
0.096205
0.095284
0.091994
0.093323
0.103696
0.097577
0.092936
0.094180
0.095506
0.142593
0.123694
0.125005
0.129601
0.118367
0.106422
0.100360
0.103204
0.099658
0.100806
0.102144
0.147484
0.125684
0.125728
0.126554
0.161752
0.128951
0.164989
0.155641
0.154453
0.150428
0.128670
0.143281
0.120788
0.148886
0.124246
0.125871
0.122214
0.117659
0.118996
0.150667
0.148408
0.127743
0.127727
0.127196
0.113943
0.095969
0.145088
0.123178
0.164809
0.142502
0.143978
0.125024
0.121381
0.102570
0.099400
0.098331
0.146479
0.113837
0.099908
0.097020
0.097728
0.095790
0.096067
0.100832
0.101165
0.122941
0.157049
0.171640
0.099360
0.141262
0.173928
0.140980
0.125586
0.121051
0.120507
0.152412
0.127959
0.131121
0.129662
0.128438
0.099316
0.097157
0.096330
0.147163
0.130962
0.127164
0.130376
0.128175
0.103379
0.097890
0.096266
0.097046
0.094337
0.095681
0.092935
0.093599
0.093388
0.093341
0.096055
0.100427
0.095807
0.091505
0.091321
0.094619
0.094174
0.152044
0.128881
0.131860
0.124850
0.175471
0.148896
0.127491
0.122885
0.123217
0.126877
0.098620
0.099561
0.148906
0.128052
0.127291
0.129354
0.113456
0.102051
0.104579
0.096781
0.135502
0.127744
0.133085
0.142085
0.146044
0.163776
0.149431
0.127279
0.119961
0.091849
0.092106
0.089976
0.092542
0.091899
0.091262
0.090827
0.089847
0.091626
0.095841
0.095839
0.094280
0.089925
0.095288
0.095739
0.094594
0.095346
0.103031
0.150585
0.129459
0.132844
0.130457
0.111434
0.102046
0.141711
0.156729
0.098496
0.099788
0.131299
0.126016
0.147722
0.120146
0.120131
0.125475
0.124900
0.122314
0.149757
0.126042
0.158441
0.129557
0.148650
0.122074
0.120355
0.125268
0.122697
0.095223
0.094868
0.092782
0.094206
0.095849
0.096515
0.091780
0.093967
0.091563
0.094583
0.095161
0.096724
0.095639
0.100404
0.100395
0.146177
0.153501
0.094857
0.099352
0.097143
0.146531
0.126550
0.126828
0.121179
0.124734
0.143926
0.121344
0.123641
0.124866
0.120655
0.098976
0.148477
0.125757
0.160778
0.166071
0.125875
0.135014
0.140772
0.145177
0.141888
0.154840
0.127350
0.132012
0.123743
0.127680
0.145729
0.123502
0.125420
0.161289
0.133372
0.131970
0.151835
0.138669
0.128862
0.128503
0.122687
0.090217
0.092683
0.092550
0.092642
0.094595
0.095136
0.091003
0.091857
0.092539
0.091371
0.096089
0.095207
0.093683
0.101644
0.152036
0.104181
0.149662
0.126461
0.159748
0.155535
0.139119
0.122360
0.120712
0.125211
0.098823
0.098304
0.095313
0.097818
0.096609
0.095876
0.095253
0.145023
0.165701
0.124380
0.125409
0.122579
0.149640
0.120527
0.120576
0.094140
0.091952
0.092047
0.092181
0.091409
0.091311
0.092868
0.096649
0.095569
0.096076
0.094593
0.098325
0.096550
0.095300
0.093165
0.097846
0.100468
0.151131
0.141331
0.153036
0.129383
0.151533
0.140376
0.147405
0.125577
0.121090
0.099255
0.100223
0.096116
0.146500
0.122516
0.120325
0.099895
0.098681
0.101942
0.103120
0.100388
0.153645
0.151152
0.145520
0.097348
0.095943
0.095822
0.096190
0.095628
0.095584
0.097793
0.098005
0.094234
0.094319
0.094404
0.095863
0.096521
0.094945
0.097075
0.097339
0.098229
0.100776
0.099445
0.094879
0.092361
0.094106
0.090778
0.094677
0.097126
0.144718
0.125304
0.125911
0.129338
0.127406
0.094648
0.096648
0.095600
0.093453
0.097396
0.102046
0.158837
0.141665
0.142673
0.150152
0.127460
0.125853
0.126751
0.147988
0.150746
0.128449
0.124724
0.150647
0.152457
0.126909
0.126689
0.130884
0.153358
0.128671
0.125330
0.128667
0.136064
0.124627
0.121556
0.120244
0.155327
0.133273
0.137474
0.127066
0.123727
0.116844
0.097928
0.094846
0.100146
0.100636
0.095986
0.095810
0.097949
0.099317
0.098756
0.099618
0.162243
0.133630
0.148628
0.126092
0.133353
0.149043
0.148808
0.122469
0.121737
0.154346
0.146088
0.144670
0.130089
0.138369
0.148081
0.126156
0.148190
0.126011
0.156961
0.122946
0.112244
0.097562
0.093354
0.093296
0.093199
0.095064
0.100233
0.091417
0.092899
0.093653
0.095023
0.095286
0.146747
0.123736
0.124542
0.097983
0.131954
0.145453
0.126320
0.124406
0.121863
0.118159
0.094390
0.094817
0.098912
0.146420
0.122431
0.121899
0.098122
0.094897
0.097101
0.096653
0.097170
0.096266
0.100418
0.097882
0.100256
0.096317
0.096458
0.097578
0.097889
0.095809
0.095845
0.092842
0.100243
0.140962
0.121044
0.124163
0.124219
0.108971
0.092610
0.098358
0.097955
0.096944
0.098987
0.100273
0.093050
0.091766
0.098648
0.146489
0.131232
0.126203
0.128044
0.150946
0.130186
0.154675
0.126266
