0.003833
0.118565
0.096388
0.176055
0.132482
0.132009
0.131093
0.177316
0.154451
0.137335
0.135599
0.121521
0.103765
0.104439
0.108067
0.096957
0.096329
0.095758
0.095206
0.092709
0.096558
0.094416
0.096950
0.105624
0.099467
0.094984
0.093555
0.095592
0.098721
0.098686
0.095858
0.095487
0.099130
0.101104
0.105201
0.096784
0.096736
0.098678
0.098666
0.097022
0.098437
0.100041
0.093004
0.098537
0.099393
0.101846
0.097414
0.146641
0.131147
0.127814
0.127652
0.107118
0.095834
0.098637
0.104356
0.098454
0.095505
0.101302
0.099486
0.146877
0.144104
0.147475
0.128472
0.125507
0.126419
0.124630
0.129969
0.097311
0.096725
0.093672
0.137418
0.130622
0.112004
0.097569
0.097019
0.133259
0.126804
0.123646
0.122177
0.115693
0.102665
0.101335
0.097619
0.094600
0.096558
0.093777
0.096097
0.092955
0.097267
0.097070
0.090465
0.097333
0.101019
0.096591
0.095485
0.173789
0.159776
0.156872
0.154372
0.171443
0.119125
0.118218
0.119000
0.147011
0.156035
0.119361
0.114277
0.118334
0.117488
0.115154
0.119084
0.122519
0.116792
0.114686
0.115354
0.114755
0.116532
0.149949
0.119715
0.122836
0.124767
0.123648
0.104955
0.093249
0.093213
0.099025
0.099102
0.095543
0.091742
0.094214
0.093196
0.092728
0.093262
0.093177
0.095127
0.093749
0.094838
0.097798
0.095642
0.094294
0.093559
0.094517
0.147907
0.143116
0.145564
0.125471
0.153284
0.127526
0.125893
0.126820
0.138468
0.147585
0.146965
0.127593
0.129416
0.126856
0.122933
0.096322
0.094130
0.093864
0.093786
0.092463
0.092332
0.100767
0.129650
0.125390
0.122473
0.097727
0.096531
0.092197
0.094360
0.098909
0.093668
0.143883
0.126129
0.120352
0.121825
0.108833
0.095746
0.093561
0.091767
0.095124
0.096882
0.101538
0.096561
0.094413
0.092814
0.096457
0.146411
0.130036
0.128174
0.124785
0.135679
0.123223
0.127099
0.125345
0.103659
0.105824
0.095356
0.158531
0.127207
0.129339
0.124221
0.126077
0.101378
0.095663
0.093689
0.098433
0.097911
0.096766
0.101365
0.101160
0.094071
0.099261
0.145212
0.123250
0.121974
0.096663
0.094683
0.095232
0.096975
0.130638
0.129360
0.128841
0.117371
0.097959
0.103900
0.093327
0.100008
0.099403
0.097112
0.093532
0.097157
0.096917
0.093155
0.093575
0.097114
0.096438
0.096308
0.098870
0.101118
0.095080
0.093470
0.096601
0.138847
0.127707
0.137646
0.097803
0.099356
0.101157
0.097015
0.095554
0.145304
0.150402
0.171242
0.151796
0.136667
0.124544
0.126464
0.124182
0.101423
0.098292
0.147303
0.124653
0.127024
0.157089
0.126626
0.131418
0.125129
0.120984
0.123031
0.102330
0.097393
0.097064
0.096864
0.158455
0.160420
0.150120
0.154096
0.137929
0.118898
0.121278
0.121942
0.116790
0.118231
0.128851
0.150431
0.128311
0.131029
0.127351
0.127354
0.113368
0.099125
0.098339
0.096707
0.097968
0.100239
0.097612
0.094274
0.098238
0.091939
0.097725
0.097642
0.178274
0.157368
0.152638
0.151483
0.136766
0.119771
0.123395
0.143009
0.126098
0.128134
0.132996
0.126719
0.125296
0.128064
0.102252
0.096891
0.097525
0.095768
0.095983
0.093550
0.097638
0.092093
0.097900
0.097659
0.101519
0.096562
0.098265
0.099208
0.143803
0.147120
0.125891
0.161314
0.150020
0.153819
0.117869
0.117269
0.113072
0.116986
0.117763
0.117631
0.120059
0.120294
0.118779
0.120114
0.116886
0.116908
0.143751
0.124395
0.120100
0.147882
0.126134
0.118056
0.102185
0.101336
0.097507
0.097440
0.097934
0.094920
0.096612
0.100658
0.101717
0.098164
0.153213
0.133232
0.130507
0.109333
0.097766
0.097236
0.100940
0.101339
0.142477
0.122882
0.151011
0.136322
0.126322
0.134412
0.125158
0.143375
0.126287
0.125530
0.126380
0.097871
0.095462
0.094566
0.092687
0.094048
0.095512
0.099068
0.094306
0.096609
0.096191
0.092749
0.142143
0.125582
0.124192
0.122420
0.125443
0.096882
0.094676
0.098657
0.102099
0.098814
0.097705
0.097545
0.097764
0.097759
0.099029
0.094965
0.098892
0.097609
0.096309
0.094861
0.096686
0.096751
0.096977
0.097112
0.098629
0.100723
0.095725
0.094461
0.093953
0.094662
0.093784
0.094538
0.094611
0.097225
0.091420
0.095373
0.147450
0.124978
0.129397
0.117825
0.094120
0.093641
0.093574
0.097586
0.097861
0.096904
0.101576
0.093488
0.092905
0.093889
0.099444
0.098337
0.179674
0.162814
0.151435
0.133349
0.125804
0.125565
0.102868
0.098745
0.098598
0.099595
0.100138
0.100240
0.103370
0.096785
0.097300
0.098664
0.097661
0.097589
0.096696
0.096107
0.096267
0.092086
0.098234
0.096688
0.101259
0.096400
0.098291
0.195116
0.140945
0.123808
0.128941
0.126848
0.124903
0.123666
0.129045
0.097272
0.096442
0.093299
0.093909
0.094989
0.097746
0.099966
0.094712
0.093261
0.091356
0.095634
0.097889
0.095433
0.098677
0.096658
0.098972
0.104073
0.098303
0.097652
0.098325
0.096598
0.097199
0.101518
0.094306
0.113263
0.092203
0.098145
0.099126
0.099534
0.141031
0.125473
0.133909
0.125204
0.126074
0.125913
0.100123
0.106412
0.103368
0.098620
0.096632
0.099305
0.098858
0.144642
0.125036
0.125294
0.127548
0.120506
0.098538
0.096390
0.147631
0.146275
0.126820
0.128825
0.100784
0.099229
0.093940
0.093465
0.091983
0.092751
0.098319
0.093066
0.092265
0.099501
0.097563
0.097714
0.097364
0.129525
0.168706
0.158191
0.155476
0.118514
0.134277
0.117859
0.119088
0.119163
0.117209
0.161890
0.137797
0.118256
0.118352
0.116401
0.122736
0.116408
0.121926
0.118858
0.117223
0.136969
0.143776
0.127299
0.127676
0.146909
0.123287
0.120124
0.111911
0.148957
0.129699
0.176940
0.158203
0.155283
0.147192
0.117519
0.117328
0.118002
0.148125
0.130745
0.132319
0.126251
0.124279
0.096828
0.092480
0.092870
0.096536
0.094442
0.097592
0.099369
0.096138
0.097282
0.097677
0.155699
0.120362
0.115038
0.179522
0.155102
0.151806
0.131065
0.131964
0.130755
0.099846
0.099405
0.099816
0.100762
0.098038
0.098688
0.103485
0.102546
0.100027
0.099089
0.098752
0.099118
0.098603
0.098300
0.098737
0.102966
0.106004
0.101300
0.098750
0.094679
0.095766
0.098081
0.095042
0.095224
0.094970
0.094326
0.101943
0.100870
0.097790
0.091054
0.096800
0.093959
0.093322
0.093721
0.098233
0.093863
0.093933
0.102031
0.103698
0.094968
0.094271
0.095099
0.093495
0.096896
0.095837
0.095338
0.095052
0.099405
0.098660
0.101299
0.096328
0.098816
0.094470
0.096378
0.100133
0.091982
0.093911
0.094468
0.095891
0.104133
0.100626
0.149158
0.124611
0.123173
0.132671
0.128119
0.145904
0.125144
0.129855
0.126528
0.130816
0.104335
0.093935
0.097085
0.093773
0.095517
0.101774
0.103543
0.099265
0.097527
0.098904
0.092999
0.091453
0.098251
0.096145
0.100447
0.099500
0.150216
0.148240
0.123425
0.124406
0.124414
0.124898
0.095795
0.094948
0.100494
0.120407
0.098261
0.097127
0.098426
0.099439
0.098710
0.096542
0.098545
0.096194
0.098544
0.101325
0.101584
0.100307
0.100702
0.177482
0.170556
0.131958
0.116797
0.118027
0.123626
0.126053
0.119257
0.122569
0.122196
0.118190
0.117095
0.116023
0.118810
0.117663
0.114027
0.113392
0.117683
0.118454
0.115106
0.117687
0.119072
0.138252
0.119144
0.117975
0.115240
0.118118
0.114643
0.114353
0.116460
0.118226
0.117151
0.122187
0.119477
0.114236
0.115020
0.115484
0.120603
0.116077
0.115175
0.140515
0.128730
0.124829
0.124597
0.149166
0.124969
0.126029
0.127342
0.131079
0.111460
0.098077
0.098513
0.099330
0.098187
0.095986
0.096082
0.093629
0.092927
0.092615
0.092459
0.100585
0.096279
0.095428
0.094422
0.094256
0.091917
0.143350
0.123197
0.126328
0.127702
0.126028
0.125042
0.163889
0.162189
0.148135
0.151251
0.163960
0.136674
0.127652
0.128386
0.130544
0.099690
0.101093
0.097492
0.095042
0.099419
0.111463
0.127462
0.128781
0.133690
0.130383
0.102442
0.104503
0.099863
0.103260
0.102658
0.102303
0.099200
0.102918
0.099630
0.096051
0.096476
0.095023
0.095603
0.095741
0.144035
0.127270
0.125730
0.125142
0.147908
0.125941
0.145291
0.126621
0.126507
0.128939
0.128044
0.154193
0.130672
0.126589
0.125385
0.128222
0.114813
0.157932
0.156022
0.154413
0.119071
0.121100
0.127198
0.125645
0.131686
0.130287
0.122256
0.149855
0.125991
0.126841
0.124455
0.123118
0.099687
0.100193
0.097631
0.096543
0.098589
0.098325
0.097446
0.095579
0.131803
0.125010
0.126951
0.124870
0.105119
0.098247
0.098603
0.097296
0.097006
0.097734
0.097481
0.098730
0.130629
0.124525
0.124688
0.125475
0.099486
0.099478
0.096112
0.097232
0.096313
0.103210
0.104320
0.130681
0.124155
0.130063
0.097967
0.098278
0.095262
0.096654
0.099173
0.099138
0.100782
0.096394
0.096504
0.095943
0.096360
0.094473
0.100044
0.093942
0.094356
0.099326
0.098490
0.100903
0.094701
0.095257
0.100738
0.099760
0.092651
0.094878
0.147515
0.126386
0.125411
0.116242
0.147055
0.122505
0.130270
0.128994
0.127340
0.146061
0.149260
0.126578
0.111365
0.149224
0.128280
0.125759
0.124266
0.127184
0.122380
0.099519
0.098019
0.099674
0.099877
0.166256
0.151620
0.134671
0.151192
0.130788
0.129216
0.099812
0.146141
0.127200
0.126938
0.118459
0.095514
0.098091
0.099865
0.094706
0.091959
0.092815
0.096548
0.101296
0.099754
0.098221
0.098509
0.102123
0.150808
0.126815
0.124877
0.126508
0.122481
0.107123
0.099583
0.098404
0.095019
0.100465
0.097740
0.095201
0.094806
0.093146
0.094839
0.092085
0.094837
0.096324
0.091794
0.100483
0.098282
0.093736
0.096455
0.097291
0.098156
0.095614
0.095371
0.146637
0.126100
0.124343
0.129009
0.124528
0.108820
0.095364
0.148270
0.129278
0.129429
0.131953
0.124020
0.099363
0.097620
0.097127
0.097521
0.097619
0.137396
0.125407
0.123116
0.122425
0.124138
0.126650
0.107344
0.102998
0.098573
0.098768
0.096843
0.099237
0.100478
0.102313
0.101036
0.099721
0.094798
0.099108
0.096628
0.097064
0.102654
0.099009
0.101103
0.099915
0.098719
0.098102
0.097629
0.098863
0.104625
0.184449
0.153927
0.155883
0.152719
0.146188
0.117990
0.118176
0.117434
0.117670
0.121931
0.121863
0.119161
0.122795
0.119537
0.117688
0.118259
0.118033
0.118711
0.119598
0.131547
0.146277
0.121706
0.122052
0.096656
0.097020
0.095648
0.091783
0.091042
0.093239
0.097520
0.097977
0.136634
0.127985
0.127856
0.129716
0.124178
0.110534
0.095521
0.097667
0.102302
0.100968
0.100192
0.099436
0.098083
0.097432
0.094303
0.098477
0.099614
0.098250
0.103686
0.103019
0.099049
0.098050
0.101378
0.096388
0.096397
0.097727
0.097212
0.098532
0.102181
0.096500
0.095296
0.102937
0.098399
0.098284
0.100692
0.098836
0.099597
0.098165
0.100302
0.147178
0.134009
0.132906
0.127615
0.106964
0.102190
0.094489
0.144894
0.125258
0.126103
0.123901
0.173097
0.153175
0.157570
0.123584
0.122918
0.122204
0.123711
0.123866
0.119643
0.135696
0.116328
0.157480
0.128290
0.125536
0.129647
0.126235
0.127584
0.095888
0.096844
0.095965
0.095153
0.096937
0.097898
0.099841
0.099434
0.097709
0.095528
0.093639
0.092562
0.092254
0.097066
0.097192
0.101744
0.098504
0.098529
0.102699
0.098239
0.097665
0.097986
0.097355
0.096785
0.100108
0.099367
0.099035
0.099450
0.098036
0.102951
0.093650
0.098849
0.098690
0.098732
0.097220
0.097604
0.099109
0.097700
0.100479
0.100843
0.098678
0.096286
0.102903
0.102509
0.098936
0.100983
0.098313
0.095999
0.093583
0.098510
0.100518
0.099971
0.095805
0.096754
0.096226
0.096851
0.096543
0.097213
0.099503
0.101866
0.098386
0.103692
0.097841
0.102286
0.097415
0.095193
0.095513
0.092305
0.094252
0.095472
0.097273
0.101126
0.097908
0.093444
0.092445
0.092473
0.096129
0.092529
0.094091
0.095730
0.093885
0.096907
0.099490
0.098260
0.098272
0.098070
0.093087
0.094566
0.100862
0.094321
0.093342
0.098025
0.100231
0.102809
0.095197
0.097667
0.098245
0.100286
0.094359
0.097951
0.094515
0.097656
0.092759
0.150114
0.126185
0.122255
0.126524
0.125082
0.111392
0.158179
0.158419
0.154708
0.154718
0.152484
0.129305
0.128309
0.131310
0.116392
0.096986
0.096035
0.098049
0.094187
0.097390
0.098140
0.147284
0.129058
0.128956
0.100725
0.093358
0.098007
0.103916
0.098516
0.097369
0.097385
0.097659
0.098948
0.100173
0.096978
0.100368
0.097977
0.097997
0.095084
0.092899
0.092973
0.097688
0.104133
0.101447
0.141353
0.119246
0.121561
0.124861
0.127249
0.131724
0.145116
0.125704
0.124792
0.124491
0.128657
0.112041
0.100416
0.098346
0.093049
0.097164
0.095704
0.097262
0.145186
0.122913
0.124282
0.122937
0.126066
0.098450
0.098481
0.094953
0.096686
0.097049
0.098078
0.098053
0.098600
0.097664
0.095930
0.096390
0.095567
0.092452
0.092330
0.092623
0.094316
0.092541
0.092779
0.094093
0.093624
0.092832
0.094343
0.097399
0.097639
0.101115
0.097425
0.098818
0.093574
0.097149
0.145091
0.170322
0.153551
0.155169
0.151065
0.131078
0.119830
0.124004
0.120975
0.121996
0.119502
0.144674
0.133056
0.124610
0.121406
0.122510
0.105323
0.096276
0.093509
0.098461
0.098084
0.094274
0.095128
0.093526
0.092420
0.092752
0.102903
0.099189
0.092382
0.092530
0.095672
0.096684
0.093260
0.092955
0.096904
0.099479
0.097322
0.091673
0.100258
0.098840
0.096317
0.099145
0.095422
0.096653
0.099133
0.105508
0.109388
0.104617
0.100997
0.095387
0.093288
0.092080
0.093832
0.102004
0.092811
0.098160
0.095175
0.093719
0.097919
0.100977
0.098846
0.165642
0.137192
0.124645
0.125820
0.124406
0.120470
0.101752
0.096138
0.101014
0.096220
0.097280
0.093673
0.094904
0.097555
0.093921
0.093850
0.094242
0.097802
0.100493
0.095653
0.094173
0.093754
0.095297
0.093117
0.093700
0.096684
0.096285
0.100757
0.098591
0.095669
0.097499
0.097313
0.140092
0.127134
0.133985
0.150621
0.176096
0.154217
0.157761
0.152425
0.120046
0.121674
0.115574
0.115287
0.120944
0.119663
0.115286
0.118239
0.121146
0.119038
0.122836
0.118929
0.119804
0.119408
0.128571
0.126343
0.121510
0.104465
0.095462
0.099819
0.099431
0.098840
0.099323
0.096205
0.100513
0.095599
0.112638
0.098497
0.098253
0.098403
0.099331
0.095895
0.146539
0.130979
0.127745
0.107483
0.097053
0.095727
0.096183
0.100155
0.099544
0.099924
0.098404
0.145933
0.131648
0.129517
0.128965
0.128059
0.148012
0.129402
0.130390
0.157249
0.128216
0.127619
0.126137
0.113798
0.101656
0.099832
0.132954
0.127034
0.128057
0.120275
0.125389
0.124279
0.105613
0.097350
0.097553
0.096025
0.100095
0.102214
0.097105
0.138809
0.124527
0.129976
0.132930
0.151621
0.128142
0.129482
0.130285
0.156088
0.128920
0.148934
0.129072
0.128689
0.106518
0.152821
0.129487
0.129188
0.130554
0.133449
0.101077
0.102214
0.100991
0.101857
0.102309
0.098012
0.099445
0.102327
0.152383
0.130768
0.134412
0.126728
0.151124
0.173511
0.153543
0.152483
0.153312
0.143942
0.120412
0.122697
0.125045
0.121651
0.123783
0.117729
0.118229
0.145675
0.121453
0.120692
0.127619
0.123366
0.098351
0.096979
0.099373
0.096002
0.098116
0.097589
0.097991
0.099966
0.103618
0.105597
0.098110
0.096347
0.144093
0.103594
0.099576
0.152236
0.136387
0.131570
0.129022
0.109205
0.099702
0.098302
0.099280
0.099056
0.102613
0.099523
0.097981
0.099704
0.103270
0.100083
0.092399
0.099070
0.160511
0.127487
0.121186
0.124949
0.122631
0.104241
0.100418
0.101627
0.101835
0.146955
0.122673
0.125076
0.124641
0.100828
0.144151
0.126238
0.130460
0.129224
0.106286
0.097704
0.179605
0.151280
0.156739
0.120605
0.117425
0.117769
0.117381
0.115551
0.113548
0.118733
0.123785
0.123275
0.118832
0.119237
0.117907
0.118014
0.118619
0.123226
0.118432
0.194439
0.145824
0.122033
0.120293
0.123049
0.121721
0.109942
0.098204
0.098835
0.104383
0.162675
0.152618
0.153649
0.149451
0.129914
0.117408
0.122690
0.128862
0.117562
0.122048
0.148554
0.124138
0.125078
0.146756
0.125983
0.151102
0.127273
0.126819
0.121274
0.121108
0.094645
0.094127
0.094479
0.094992
0.098457
0.096045
0.098058
0.095551
0.100496
0.094871
0.094340
0.094325
0.095242
0.096145
0.100866
0.104876
0.104085
0.100106
0.100687
0.100429
0.099087
0.099507
0.097714
0.096167
0.097754
0.101962
0.103806
0.100353
0.100694
0.100480
0.099306
0.098880
0.098259
0.095362
0.095630
0.096034
0.145396
0.123950
0.124844
0.124956
0.122627
0.106721
0.102850
0.099553
0.098317
0.097609
0.096909
0.097465
0.096931
0.098534
0.097940
0.097297
0.097266
0.098936
0.095948
0.150891
0.130266
0.126083
0.131769
0.131919
0.103353
0.099709
0.099962
0.098439
0.100046
0.095124
0.099170
0.094458
0.096452
0.099970
0.166185
0.130111
0.131049
0.128805
0.124384
0.105903
0.095340
0.095319
0.100154
0.094847
0.102278
0.148925
0.124720
0.126278
0.124987
0.120805
0.097469
0.100775
0.147064
0.125276
0.127723
0.111870
0.104554
0.102298
0.102120
0.105063
0.098441
0.100904
0.095619
0.148516
0.146163
0.099978
0.100036
0.102445
0.098121
0.097399
0.100607
0.097036
0.104229
0.158677
0.130320
0.133211
0.135339
0.135369
0.148425
0.133147
0.131760
0.128876
0.124604
0.128543
0.113072
0.095601
0.100697
0.100575
0.098182
0.097296
0.098227
0.099153
0.098888
0.097155
0.098607
0.102554
0.095168
0.100142
0.099108
0.102401
0.098951
0.097394
0.096926
0.096618
0.099436
0.099992
0.096172
0.094548
0.099134
0.096098
0.100388
0.167737
0.126504
0.124742
0.128362
0.128525
0.099560
0.095069
0.094120
0.093577
0.093980
0.094231
0.094152
0.095733
0.099580
0.097195
0.103881
0.097600
0.094524
0.095102
0.093059
0.093588
0.091759
0.095813
0.100704
0.100370
0.106313
0.095220
0.095850
0.096533
0.097088
0.094516
0.098043
0.096946
0.096884
0.098951
0.100091
0.093735
0.095180
0.094676
0.095164
0.097366
0.094548
0.096748
0.098783
0.098604
0.144515
0.129686
0.139012
0.130244
0.129871
0.100402
0.101994
0.102292
0.104653
0.107514
0.103570
0.103813
0.098983
0.105046
0.101567
0.100002
0.099834
0.099861
0.100714
0.104132
0.148331
0.127813
0.127271
0.100837
0.098784
0.099601
0.099936
0.100061
0.106512
0.100405
0.101490
0.100610
0.096904
0.094430
0.094745
0.096040
0.100595
0.145800
0.132167
0.141227
0.129517
0.131015
0.129603
0.112668
0.097724
0.097120
0.097425
0.099678
0.103081
0.099961
0.097202
0.092984
0.152205
0.120589
0.170327
0.123429
0.149478
0.176612
0.126278
0.124889
0.112720
0.098027
0.098520
0.095856
0.098960
0.102041
0.097634
0.095085
0.093383
0.093194
0.093343
0.095752
0.096026
0.097047
0.094539
0.094266
0.099499
0.101374
0.098002
0.094154
0.098458
0.095061
0.095386
0.097965
0.098262
0.100684
0.100957
0.143118
0.120736
0.127013
0.130850
0.152282
0.131046
0.130860
0.149865
0.134059
0.130517
0.130882
0.101060
0.101050
0.099490
0.096606
0.099438
0.099207
0.147175
0.126325
0.125826
0.137177
0.125154
0.099598
0.094474
0.095311
0.096146
0.093913
0.108153
0.098187
0.095706
0.094370
0.093934
0.093860
0.092114
0.091802
0.091992
0.091906
0.092761
0.096690
0.093282
0.091964
0.093643
0.094530
0.096289
0.096296
0.095057
0.094954
0.099132
0.099155
0.100097
0.091719
0.093107
0.096147
0.097060
0.092441
0.092085
0.098300
0.093372
0.095788
0.172885
0.154733
0.156076
0.155924
0.149724
0.117346
0.098523
0.160043
0.129175
0.123899
0.112375
0.096761
0.096575
0.099643
0.099717
0.093204
0.153018
0.120741
0.116789
0.095261
0.095473
0.095974
0.097538
0.093594
0.097466
0.097349
0.096884
0.099096
0.101302
0.096990
0.094128
0.094869
0.094714
0.135534
0.122890
0.125902
0.114927
0.099898
0.098033
0.098412
0.152204
0.127598
0.125494
0.131171
0.132515
0.101221
0.104094
0.097995
0.095215
0.093523
0.095431
0.091109
0.094440
0.097327
0.093854
0.099198
0.098213
0.101336
0.099692
0.098805
0.102027
0.094895
0.099142
0.093250
0.096502
0.097737
0.094286
0.100472
0.098225
0.098709
0.095925
0.098443
0.098249
0.143297
0.125208
0.122945
0.096159
0.167225
0.154008
0.153475
0.152032
0.147118
0.138055
0.129232
0.132171
0.128714
0.127964
0.098125
0.093918
0.093168
0.097612
0.094836
0.095281
0.095566
0.098808
0.098983
0.093952
0.094823
0.097739
0.090511
0.096561
0.109547
0.098019
0.095652
0.098242
0.099321
0.097943
0.096864
0.094686
0.097647
0.093654
0.093540
0.094309
0.092515
0.097476
0.095103
0.092973
0.096632
0.092996
0.100520
0.094330
0.097807
0.097601
0.094760
0.095643
0.097198
0.097519
0.094403
0.136272
0.130382
0.123910
0.140008
0.124172
0.146802
0.166904
0.151700
0.181336
0.120425
0.092552
0.096031
0.095769
0.097143
0.133667
0.136854
0.120379
0.124182
0.098851
0.183474
0.149114
0.147979
0.118283
0.119262
0.117766
0.116673
0.114257
0.114606
0.117173
0.115072
0.114384
0.115191
0.122240
0.120134
0.119241
0.117872
0.120499
0.115813
0.113228
0.115341
0.117910
0.122946
0.119924
0.121938
0.114905
0.115660
0.114744
0.118530
0.114474
0.115352
0.117920
0.119262
0.116071
0.117766
0.117465
0.117979
0.117023
0.115005
0.116869
0.122629
0.117994
0.118488
0.118233
0.117443
0.120878
0.117177
0.181557
0.130606
0.126495
0.118789
0.119636
0.119780
0.114105
0.122372
0.121161
0.117665
0.117843
0.119134
0.118954
0.118609
0.114181
0.120390
0.118061
0.149653
0.125169
0.127169
0.125275
0.126114
0.127289
0.097401
0.096734
0.094977
0.095256
0.092161
0.094019
0.096162
0.097775
0.093702
0.090875
0.090502
0.096445
0.174606
0.151035
0.157536
0.154802
0.152088
0.117093
0.115061
0.119731
0.118026
0.118574
0.120724
0.121295
0.114360
0.117857
0.117831
0.111348
0.111854
0.119573
0.115600
0.117507
0.118581
0.118232
0.117553
0.141543
0.130393
0.133660
0.136060
0.128647
0.125922
0.110283
0.151639
0.130215
0.128742
0.125396
0.145448
0.124298
0.125973
0.139459
0.125761
0.171418
0.139243
0.119612
0.122339
0.124687
0.124763
0.096598
0.095206
0.092820
0.094017
0.093543
0.095077
0.097641
0.143785
0.130969
0.129415
0.127831
0.123463
0.127368
0.123909
0.092860
0.093162
0.093746
0.092652
0.091630
0.099866
0.096092
0.092722
0.095924
0.095973
0.097629
0.099658
0.094716
0.096595
0.099580
0.102126
0.099935
