253	262	145	144
259	263	143	143
263	266	142	143
264	268	141	142
264	269	140	141
265	270	139	142
265	269	140	143
266	269	140	143
266	268	139	143
264	270	139	143
262	270	140	143
258	271	139	142
254	271	140	143
247	274	140	143
242	275	140	143
242	275	139	144
243	276	140	146
246	274	139	147
244	274	139	147
242	274	139	145
240	274	138	144
235	276	137	143
230	278	137	142
229	279	138	142
227	280	138	142
224	283	139	143
223	282	139	143
223	285	139	144
223	283	139	144
223	285	140	145
224	288	140	145
224	287	140	145
229	286	142	146
232	288	142	146
232	288	142	146
231	288	142	147
230	286	142	146
227	285	142	145
226	283	141	144
225	281	140	143
226	281	140	143
227	280	139	143
225	282	138	142
222	280	139	141
222	279	139	142
222	278	139	141
220	277	139	141
220	277	139	140
219	276	138	140
219	276	138	140
215	274	138	139
213	273	138	138
214	271	139	137
215	270	138	137
213	270	137	136
212	269	136	135
211	269	136	135
212	267	135	135
211	266	134	135
211	267	134	134
213	266	133	134
213	267	133	134
214	267	132	133
215	268	131	132
215	266	130	131
214	266	129	130
211	267	129	129
210	267	127	128
209	268	124	127
210	266	122	127
212	267	119	129
215	267	116	129
216	266	114	129
216	266	112	130
217	265	110	133
217	265	108	134
217	265	106	135
217	266	105	136
218	266	104	137
219	267	103	137
218	267	102	137
219	268	101	136
219	269	101	136
218	266	100	135
216	268	100	136
216	268	100	135
214	272	100	134
213	275	100	133
213	278	100	132
211	277	99	131
212	278	99	129
211	279	98	129
210	281	98	128
213	284	98	128
216	286	98	128
219	285	99	129
225	282	99	130
229	280	99	131
233	276	98	131
235	272	98	131
235	268	96	133
237	263	95	132
239	263	95	131
239	260	94	130
240	259	93	127
240	258	93	126
240	259	93	125
238	259	92	124
238	260	92	123
238	260	91	122
242	264	91	122
246	269	90	119
248	269	89	117
249	269	87	114
249	270	85	112
247	273	84	109
247	272	83	107
247	270	82	105
248	269	82	104
246	270	81	103
246	271	81	103
246	272	81	103
247	272	81	102
247	272	81	102
247	272	81	101
246	271	81	100
244	272	81	99
242	274	81	98
240	276	81	97
237	278	80	95
235	280	80	95
232	280	81	94
229	282	80	94
228	281	81	94
228	282	81	94
230	281	82	94
234	280	82	94
237	280	82	94
240	280	82	94
242	281	82	93
243	282	81	93
242	282	82	93
242	283	81	93
239	282	82	93
236	281	82	93
234	281	82	93
233	282	81	92
231	282	81	92
229	282	81	93
227	282	82	93
227	282	82	93
228	281	82	93
230	281	83	94
234	279	83	94
236	278	83	94
237	280	83	95
237	280	83	95
237	281	82	94
237	281	83	94
237	281	83	94
237	282	83	94
238	281	83	94
237	281	83	94
239	282	83	95
240	281	84	95
244	281	84	95
251	281	89	94
261	283	94	94
274	283	100	94
286	286	106	97
294	288	109	100
295	293	110	105
296	297	110	110
298	300	111	115
292	304	113	120
285	309	117	124
279	316	121	128
277	322	125	132
272	327	129	136
268	330	132	138
265	330	135	140
263	330	138	140
263	333	141	141
262	333	142	142
262	334	143	142
260	333	144	143
258	333	144	143
255	335	146	143
251	336	148	143
251	337	149	144
253	338	149	144
251	341	150	145
254	340	150	145
251	342	149	145
252	340	148	146
251	339	146	145
248	338	145	145
245	337	145	145
243	337	145	144
244	337	145	145
241	340	145	146
245	340	146	147
249	343	148	147
249	348	149	150
246	352	150	150
244	352	152	150
248	349	152	151
252	346	151	152
253	346	150	152
255	343	149	152
253	340	150	152
252	341	148	151
250	339	147	150
248	340	148	150
249	338	148	151
248	336	148	151
247	335	148	150
248	335	147	150
247	335	148	150
247	335	147	150
247	333	147	150
247	333	147	150
248	333	147	149
246	333	148	150
247	331	148	149
247	333	147	149
246	332	148	150
247	331	148	149
247	332	148	149
248	329	147	150
246	328	147	150
246	324	147	151
248	319	146	154
248	310	147	156
246	297	148	158
245	285	150	160
245	271	152	162
246	254	154	163
247	244	155	162
243	238	155	162
237	233	156	163
226	230	158	165
219	227	160	167
215	223	165	171
222	223	171	176
227	223	176	181
224	223	180	185
218	226	184	187
213	230	187	191
211	230	191	194
215	230	191	198
220	222	191	202
217	209	192	207
212	191	194	211
200	173	197	213
192	159	201	211
185	160	201	206
183	162	199	202
178	150	200	203
168	132	207	208
167	120	215	213
170	118	224	219
168	119	229	225
150	125	236	229
136	135	241	235
132	149	243	242
124	159	251	248
122	168	258	255
125	175	264	261
127	178	267	266
119	185	269	270
109	186	271	273
102	186	277	274
110	191	281	276
126	197	281	277
135	207	277	281
143	211	272	281
158	214	262	278
165	215	253	275
168	208	249	269
164	196	247	262
152	186	244	255
136	182	240	246
113	178	236	239
102	174	233	232
101	170	228	225
105	166	224	219
116	164	218	211
140	165	211	203
151	163	201	197
156	157	194	190
145	160	188	182
142	160	181	175
139	161	174	168
139	164	168	161
138	167	163	155
136	172	158	149
134	176	155	146
132	182	153	145
139	189	151	143
146	193	149	141
150	199	146	140
153	204	144	140
155	210	142	142
160	219	142	143
162	231	143	143
167	243	143	143
175	256	144	144
183	268	147	144
196	272	149	142
206	273	147	141
211	270	143	139
208	272	140	135
213	278	138	132
220	279	135	129
225	281	133	127
228	283	130	125
231	283	128	123
234	285	126	122
236	288	124	121
237	293	124	121
237	299	124	120
236	302	124	119
235	305	124	119
235	307	123	118
231	308	124	117
232	311	122	117
229	312	122	116
223	316	123	117
219	319	124	118
217	320	123	118
211	321	124	117
208	322	126	118
203	325	128	117
202	331	129	120
199	338	128	123
195	347	128	125
185	354	126	128
190	353	125	130
184	353	125	130
185	353	125	130
184	355	125	130
178	356	125	130
172	355	125	130
174	356	125	130
178	356	125	130
178	355	125	130
171	356	125	130
166	356	125	130
161	356	125	130
157	359	125	130
154	361	125	130
153	362	125	130
155	363	125	130
151	365	125	130
149	365	125	130
148	366	125	130
152	366	125	130
158	364	125	130
164	362	125	130
170	361	125	130
174	360	125	130
177	358	125	130
178	359	125	130
177	361	125	130
177	360	125	130
177	360	125	130
178	358	125	130
179	355	125	130
180	356	125	130
183	354	125	130
184	351	125	130
183	351	125	130
182	352	125	130
180	349	125	130
178	347	125	130
176	346	125	130
172	347	125	130
174	342	125	130
191	341	125	131
195	336	126	133
198	337	127	132
201	338	128	131
202	338	129	131
206	341	129	132
207	348	129	131
206	354	129	131
205	357	130	131
207	360	131	133
211	365	132	135
210	369	133	136
210	373	134	137
212	372	134	138
212	372	134	138
213	372	134	139
216	370	134	138
215	371	134	140
213	369	135	141
205	372	138	143
196	378	141	145
187	385	146	147
175	394	151	148
166	395	152	149
160	393	153	150
166	384	155	152
179	374	157	152
184	373	157	151
188	374	155	151
188	376	153	151
185	374	152	149
180	373	152	148
180	369	153	149
188	361	151	148
193	356	148	147
200	353	148	147
206	344	147	147
211	341	146	145
214	339	143	142
212	339	140	139
209	342	139	138
209	344	137	138
212	345	137	137
215	346	137	137
223	349	136	137
227	348	138	138
238	348	140	139
250	349	143	139
264	352	143	141
275	356	140	143
283	362	136	145
295	369	133	146
297	374	133	146
303	381	133	147
304	385	133	147
304	390	133	147
302	396	133	147
302	403	133	147
302	406	133	147
304	407	133	147
306	409	133	147
306	409	133	147
306	410	133	147
307	411	132	147
308	415	131	148
309	414	129	149
309	413	126	151
308	415	124	152
310	418	121	154
312	418	120	155
312	418	119	155
310	417	119	155
309	418	119	155
303	418	119	155
300	414	119	155
298	416	119	155
297	419	119	155
297	419	119	155
298	415	119	155
298	410	119	155
298	408	119	155
298	406	119	155
298	401	119	155
299	399	119	155
299	394	119	155
293	390	119	155
289	391	119	155
288	392	119	155
288	392	119	155
288	394	119	155
287	395	119	155
287	398	119	155
287	398	119	155
288	398	119	155
288	400	119	155
286	394	119	155
284	390	119	155
280	382	119	155
276	379	119	155
272	379	119	155
271	382	119	155
274	387	119	155
277	391	119	155
281	394	119	155
284	395	119	155
285	396	119	155
287	394	119	155
289	393	119	155
289	396	119	155
290	397	119	155
290	398	119	155
291	398	119	155
292	399	119	155
292	400	119	155
293	401	119	155
294	400	119	155
295	401	119	155
295	401	119	155
294	401	119	155
295	401	119	155
296	400	119	155
297	399	119	155
294	400	119	155
294	399	119	155
292	401	119	155
292	402	119	155
292	403	119	155
290	404	119	155
289	405	119	155
290	405	119	155
289	405	119	155
289	406	119	155
290	405	119	155
289	405	119	155
288	405	119	155
289	407	119	155
290	408	119	155
290	408	119	155
291	407	119	155
292	406	119	155
293	407	119	155
293	406	119	155
292	405	119	155
291	404	119	155
290	402	119	155
289	403	119	155
289	402	119	155
288	401	119	155
289	400	119	155
290	400	119	155
290	401	119	155
290	402	119	155
290	404	119	155
292	408	119	155
294	412	119	155
294	414	119	155
294	413	119	155
294	410	119	155
294	411	119	155
293	413	119	155
292	417	119	155
291	420	119	155
291	415	119	155
291	409	119	155
292	402	119	155
290	395	119	155
289	389	119	155
284	386	119	155
278	384	119	155
271	384	119	155
264	384	119	155
258	383	119	155
255	380	119	155
255	379	119	155
252	379	119	155
253	380	119	155
251	379	119	155
249	380	119	155
245	379	119	155
241	381	119	155
239	384	119	155
237	386	119	155
235	389	119	155
233	391	119	155
231	393	119	155
225	393	119	155
221	393	119	155
218	393	119	155
217	392	119	155
214	391	119	155
211	389	119	155
211	387	119	155
209	387	119	155
207	387	119	155
206	387	119	155
203	387	119	155
201	387	119	155
199	387	119	155
199	387	119	155
197	389	119	155
195	389	119	155
194	389	119	155
192	390	119	155
189	391	119	155
186	392	119	155
183	392	119	155
182	393	119	155
183	391	119	155
187	390	119	155
189	387	119	155
193	383	119	155
200	380	119	155
203	376	119	155
209	374	119	155
217	372	119	155
228	374	119	155
248	376	119	155
267	379	119	155
277	381	119	155
278	383	119	155
278	384	119	155
278	386	119	155
277	387	119	155
277	388	119	155
277	390	119	155
277	390	120	154
278	391	120	154
279	392	120	154
281	394	120	154
282	395	120	154
282	395	120	154
281	396	120	154
282	399	120	154
283	398	120	154
282	396	120	154
281	395	120	154
280	392	120	154
281	391	120	154
281	384	120	154
278	377	120	154
279	374	120	154
281	372	120	154
280	372	120	154
279	371	120	154
279	371	120	154
279	371	120	154
279	372	120	154
281	373	120	154
280	374	120	154
280	376	120	154
282	381	120	154
282	388	120	154
283	398	120	154
284	405	120	154
286	412	120	154
286	415	120	154
287	420	120	154
289	420	120	154
290	419	120	154
289	420	120	154
289	422	120	154
289	425	120	154
292	427	120	154
295	435	120	154
296	438	120	154
297	440	120	154
297	443	120	154
296	447	120	154
296	452	120	154
295	456	120	154
297	462	120	154
296	465	120	154
297	467	120	154
299	469	120	154
298	468	120	154
298	468	120	154
299	471	120	154
299	470	120	154
299	471	120	154
299	471	120	154
300	470	120	154
300	468	120	154
300	466	120	154
299	466	120	154
298	466	120	154
297	464	120	154
296	463	120	154
296	459	120	154
293	457	120	154
293	456	120	154
292	457	120	154
293	458	120	154
294	460	120	154
296	461	120	154
297	460	120	154
296	460	120	154
298	459	120	154
297	459	120	154
297	458	120	154
296	459	120	154
298	459	120	154
296	457	120	154
297	458	120	154
297	457	120	154
296	457	120	154
296	458	120	154
296	458	120	154
296	458	120	154
296	458	120	154
296	458	120	154
297	459	120	154
296	460	120	154
296	460	120	154
297	460	120	154
295	460	120	154
296	459	120	154
295	459	120	154
296	459	120	154
296	458	120	154
296	459	120	154
295	460	120	154
296	460	120	154
296	458	120	154
296	458	120	154
295	457	120	154
296	457	120	154
296	458	120	154
296	457	120	154
295	457	120	154
296	456	120	154
297	455	120	154
295	455	120	154
296	456	120	154
295	456	120	154
296	456	120	154
296	455	120	154
295	454	120	154
296	454	120	154
296	454	120	154
296	453	120	154
295	452	120	154
295	452	120	154
295	452	120	154
294	452	120	154
294	452	120	154
292	450	120	154
293	449	120	154
293	446	120	154
291	445	120	154
291	438	120	154
291	436	120	154
291	437	120	154
291	441	120	154
290	440	120	154
291	440	120	154
290	441	120	154
290	438	120	154
291	436	120	154
292	434	120	154
293	429	120	154
296	418	120	154
298	409	120	154
298	401	120	154
298	398	119	154
297	398	119	154
297	398	119	154
297	398	119	154
314	394	119	154
313	395	118	155
311	395	118	156
310	394	117	156
308	395	117	156
306	394	117	156
306	397	117	156
305	398	117	156
304	395	117	156
316	390	116	157
313	390	115	159
311	391	114	159
310	390	113	160
310	389	113	160
311	390	113	160
310	391	112	161
310	389	112	161
311	388	112	161
311	387	111	162
309	383	111	162
318	385	110	163
313	384	109	164
310	382	108	164
309	384	108	164
308	382	107	164
309	382	107	164
311	381	105	163
310	381	104	163
310	381	103	164
311	382	101	164
311	380	99	164
313	381	98	164
313	382	97	164
313	381	96	165
313	381	95	165
312	380	95	165
314	379	95	165
313	380	94	165
313	379	94	164
314	379	94	163
313	380	94	162
314	381	94	161
313	381	93	161
314	380	93	160
314	381	93	160
314	382	93	161
314	380	93	161
313	380	93	162
313	380	93	162
312	381	93	163
311	379	94	165
307	377	95	165
302	373	96	165
296	372	97	165
293	371	97	166
280	360	98	165
277	363	101	165
276	362	105	166
274	363	105	166
271	366	106	166
270	366	106	166
267	364	106	166
266	364	106	166
264	362	107	166
263	361	108	166
261	368	109	166
258	375	109	167
259	376	109	167
271	371	109	167
266	372	110	167
263	374	110	167
261	374	111	167
259	374	112	167
259	370	113	167
257	369	114	167
257	376	114	167
255	375	114	167
253	373	115	167
250	373	115	167
249	372	116	168
251	375	116	168
251	374	117	168
253	376	117	169
253	375	118	169
250	374	118	170
249	376	119	170
251	376	119	170
252	378	119	171
253	376	120	171
254	377	120	172
254	377	120	172
255	378	120	172
255	378	120	172
256	378	120	172
256	379	120	172
255	379	120	172
257	379	120	172
257	380	120	172
258	379	120	173
257	378	120	173
256	377	120	173
254	376	120	174
251	374	120	174
249	374	120	174
247	372	120	174
246	372	119	174
246	371	120	173
250	369	120	173
239	370	120	173
245	368	120	172
253	368	121	172
244	367	123	170
249	366	124	170
236	366	124	170
239	367	125	169
223	366	125	169
230	371	125	168
231	367	126	168
230	368	126	167
231	369	127	166
235	368	127	166
240	372	127	166
241	372	127	166
241	375	127	166
241	379	128	166
242	380	128	166
242	381	128	166
244	382	128	166
248	380	128	166
249	384	128	165
252	384	128	165
241	377	128	165
247	375	128	165
238	373	128	165
245	373	128	165
248	380	128	165
251	384	129	165
240	381	129	165
246	379	129	165
248	383	129	165
238	379	129	165
245	379	129	165
248	383	129	165
250	383	129	165
252	383	129	165
252	382	129	165
253	382	129	165
240	379	129	165
245	379	129	165
234	377	129	164
241	374	129	164
248	378	129	164
252	380	129	164
254	381	129	164
256	382	129	164
259	383	129	164
261	389	129	164
265	392	129	164
270	394	129	164
272	395	129	164
273	395	129	164
274	395	129	164
275	398	129	164
274	400	129	164
274	397	129	164
275	398	129	164
273	400	129	164
275	399	129	164
274	399	129	164
274	398	129	164
274	398	129	164
273	397	129	164
272	397	129	164
272	396	129	164
273	396	129	164
273	397	129	164
274	397	129	164
278	397	129	164
277	397	129	164
280	397	129	164
283	398	129	164
283	396	129	164
283	395	129	164
283	393	129	164
284	395	129	164
285	393	129	164
285	395	129	164
285	395	129	164
285	395	129	164
286	393	129	164
286	390	129	164
286	390	129	164
285	391	129	164
285	392	129	164
284	390	129	164
281	394	129	164
282	399	129	164
284	401	129	164
284	402	129	164
282	402	129	164
277	401	129	164
274	400	129	164
271	396	129	164
267	394	129	164
264	391	129	164
260	386	129	164
258	383	129	164
258	382	129	164
245	378	130	164
249	380	130	164
251	380	130	164
252	379	130	164
253	380	130	164
254	379	130	164
245	376	130	164
251	379	130	164
255	379	130	164
247	377	130	164
254	378	130	164
255	379	130	164
257	382	130	164
256	382	130	164
256	383	130	164
255	382	130	164
244	379	130	164
237	380	130	164
244	387	130	163
237	380	130	163
247	380	130	163
250	383	130	163
251	381	130	163
243	379	131	163
233	380	131	163
244	380	131	163
233	381	131	162
243	380	131	162
231	382	131	161
242	381	132	160
231	382	131	159
240	383	132	159
249	380	132	159
240	380	132	159
247	378	132	159
251	381	132	159
247	379	132	159
260	375	132	160
277	372	131	160
279	376	131	161
278	377	130	161
278	377	129	162
277	372	129	163
277	372	129	163
261	368	129	163
264	367	128	163
271	364	128	164
286	363	128	164
285	360	127	165
283	355	127	165
280	351	126	166
261	343	126	166
247	329	126	167
257	328	126	167
266	329	126	167
264	326	126	167
266	314	126	167
278	305	126	167
280	294	126	167
284	275	126	167
84	233	138	166
69	232	149	166
58	232	158	164
51	236	163	164
45	240	164	163
39	248	163	162
30	257	161	161
23	261	162	159
14	260	164	157
3	258	165	154
0	256	164	152
0	263	161	151
6	270	162	149
11	272	164	146
17	273	163	144
11	271	164	143
11	273	164	143
11	282	166	144
17	290	168	143
24	301	168	145
28	309	168	148
36	313	167	150
35	317	168	150
41	324	168	151
47	336	168	152
53	348	168	155
54	354	169	158
56	360	171	157
52	364	173	158
50	366	174	158
46	364	174	158
43	359	175	159
41	352	176	160
39	346	176	161
32	341	176	161
26	340	176	161
24	338	175	160
19	337	175	159
19	340	175	160
23	343	175	161
28	346	176	163
34	348	176	163
38	349	178	161
46	354	176	158
49	359	173	156
54	364	171	154
57	368	168	151
62	373	165	151
66	379	164	150
70	383	163	150
75	386	162	150
79	389	162	150
80	389	162	150
74	384	161	150
76	384	160	150
72	382	159	150
75	381	158	149
69	382	157	149
74	388	157	150
67	384	157	150
67	378	157	150
66	374	156	150
68	368	156	149
66	360	155	150
67	359	155	152
65	332	155	152
60	324	155	153
55	315	155	156
53	309	155	159
51	303	155	158
51	311	155	162
46	324	156	164
35	338	160	164
21	350	165	163
10	361	169	161
8	365	171	160
6	364	171	158
8	366	171	157
10	366	170	157
10	367	170	157
8	369	170	156
7	379	172	157
0	381	174	158
0	387	176	159
-4	398	178	160
-6	410	179	161
-9	414	178	165
-12	413	175	169
-12	411	171	173
-10	410	167	175
-14	413	162	178
-17	411	156	180
-25	421	150	183
-28	424	149	184
-23	422	149	184
-19	415	149	184
-17	399	149	184
-15	366	149	184
-15	329	149	184
-19	310	149	184
-21	295	149	184
-24	296	149	184
-25	292	149	184
-28	291	149	184
-30	294	149	184
-30	292	149	184
-31	287	149	184
-33	281	149	184
-34	276	149	184
-36	272	149	184
-34	271	149	184
-36	272	149	184
-34	270	149	184
-36	271	149	184
-33	269	149	184
-36	266	149	184
-34	261	149	184
-36	258	149	184
-35	253	149	184
-35	252	149	184
-32	250	149	184
-34	253	149	184
-34	257	149	184
-34	259	149	184
-33	265	149	184
-34	271	149	184
-36	276	149	184
-36	279	149	184
-35	282	149	184
-37	286	149	184
-37	287	149	184
-37	287	149	184
-36	288	149	184
-34	289	149	184
-35	290	149	184
-35	290	149	184
-35	290	149	184
-36	291	149	184
-34	291	149	184
-35	291	149	184
-35	293	149	184
-35	293	149	184
-35	293	149	184
-34	292	149	184
-35	293	149	184
-35	293	149	184
-34	292	149	184
-36	293	149	184
-34	294	149	184
-35	294	149	184
-35	294	149	184
-35	293	149	184
-35	293	149	184
-34	292	149	184
-35	293	149	184
-35	292	149	184
-35	294	149	184
-35	293	149	184
-35	293	149	184
-35	294	149	184
-35	294	149	184
-36	295	149	184
-35	296	149	184
-36	297	149	184
-35	297	149	184
-36	298	149	184
-35	297	149	184
-35	297	149	184
-35	297	149	184
-35	296	149	184
-35	295	149	184
-33	295	149	184
-36	295	149	184
-34	296	149	184
-35	295	149	184
-33	294	149	184
-33	294	149	184
-33	293	149	184
-32	294	149	184
-33	295	149	184
-33	294	149	184
-34	295	149	184
-36	296	149	184
-35	296	149	184
-36	300	149	184
-35	299	149	184
-34	299	149	184
-36	298	149	184
-36	300	149	184
-35	300	149	184
-34	303	149	184
-37	303	149	184
-35	302	149	184
-34	303	149	184
-34	301	149	184
-36	302	149	184
-35	301	149	184
-34	299	149	184
-35	296	149	184
-35	298	149	184
-35	300	149	184
-34	301	149	184
-35	299	149	184
-35	301	149	184
-35	301	149	184
-34	301	149	184
-35	297	149	184
-35	298	149	184
-34	299	149	184
-34	298	149	184
-35	297	149	184
-35	299	149	184
-35	301	149	184
-34	302	149	184
-34	301	149	184
-36	298	149	184
-35	298	149	184
-35	300	149	184
-35	301	149	184
-36	299	149	184
-35	298	149	184
-35	299	149	184
-35	300	149	184
-34	299	149	184
-34	299	149	184
-35	296	149	184
-34	297	149	184
-35	293	149	184
-34	295	149	184
-34	292	149	184
-34	290	149	184
-35	289	149	184
-35	288	149	184
-35	287	149	184
-35	285	149	184
-35	286	149	184
-35	287	149	184
-35	289	149	184
-35	290	149	184
-35	292	149	184
-34	293	149	184
-33	295	149	184
-32	291	149	184
-34	289	149	184
-34	288	149	184
-36	287	149	184
-35	287	149	184
-35	286	149	184
-35	287	149	184
-35	285	149	184
-35	286	149	184
-35	287	149	184
-35	291	149	184
-35	294	149	184
-34	296	149	184
-34	295	149	184
-33	297	149	184
-31	293	149	184
-32	292	149	184
-34	291	149	184
-36	294	149	184
-32	298	149	184
-33	296	149	184
-32	297	149	184
-33	295	149	184
-35	297	149	184
-34	301	149	184
-34	303	149	184
-35	302	149	184
-34	301	149	184
-34	301	149	184
-35	300	149	184
-35	301	149	184
-34	301	149	184
-37	300	149	184
-37	302	149	184
-37	304	149	184
-36	304	149	184
-34	302	149	184
-35	302	149	184
-35	302	149	184
-35	302	149	184
-35	302	149	184
-35	302	149	184
-35	302	149	184
-35	301	149	184
-34	301	149	184
-34	302	149	184
-34	301	149	184
-36	300	149	184
-34	299	149	184
-35	297	149	184
-35	301	149	184
-35	302	149	184
-35	301	149	184
-34	301	149	184
-36	299	149	184
-34	299	149	184
-35	296	149	184
-35	300	149	184
-35	302	149	184
-35	302	149	184
-35	302	149	184
-34	300	149	184
-36	298	149	184
-36	299	149	184
-34	298	149	184
-35	300	149	184
-35	301	149	184
-34	300	149	184
-36	298	149	184
-36	298	149	184
-36	298	149	184
-36	298	149	184
-35	298	149	184
-35	301	149	184
-34	300	149	184
-35	301	149	184
-35	301	149	184
-34	301	149	184
-35	301	149	184
-35	302	149	184
-35	301	149	184
-35	301	149	184
-35	301	149	184
-34	300	149	184
-36	298	149	184
-35	299	149	184
-34	301	149	184
-34	302	149	184
-34	302	149	184
-35	298	149	184
-34	301	149	184
-34	296	149	184
-33	297	149	184
-32	294	149	184
-31	290	149	184
-30	283	149	184
-29	277	149	184
-32	276	149	184
-34	278	149	184
-35	278	149	184
-34	283	149	184
-34	289	149	184
-34	287	149	184
-34	286	149	184
-34	287	149	184
-34	286	149	184
-33	286	149	184
-34	283	149	184
-34	282	149	184
-34	283	149	184
-34	282	149	184
-34	280	149	184
-34	278	149	184
-35	277	149	184
-33	276	149	184
-35	277	149	184
-33	275	149	184
-34	277	149	184
-36	277	149	184
-33	279	149	184
-36	281	149	184
-36	283	149	184
-33	281	149	184
-35	279	149	184
-34	276	149	184
-34	271	149	184
-33	270	149	184
-33	267	149	184
-32	264	149	184
-33	264	149	184
-33	263	149	184
-31	260	149	184
-32	254	149	184
-32	250	149	184
-31	239	149	184
-30	233	149	184
-29	229	149	184
-29	224	149	184
-27	220	149	184
-27	218	149	184
-28	216	149	184
-29	214	149	184
-29	211	149	184
-29	210	149	184
-26	208	149	184
-25	207	149	184
-24	201	149	184
-27	204	149	184
-29	204	149	184
-32	207	149	184
-33	207	149	184
-33	207	149	184
-34	204	149	184
-33	207	149	184
-32	207	149	184
-31	205	149	184
-29	201	149	184
-27	204	149	184
-21	202	149	184
-16	204	149	184
-6	213	149	184
16	219	149	184
44	217	149	184
83	190	150	185
81	191	151	185
81	186	152	186
76	190	154	186
76	184	155	187
74	187	156	187
72	187	158	188
68	189	161	189
65	186	163	189
62	187	165	190
59	189	167	190
58	186	169	191
54	187	170	192
51	188	172	193
49	188	174	194
47	190	176	196
48	191	178	198
43	187	179	201
42	189	180	201
40	186	181	203
40	188	182	203
41	186	182	203
42	187	182	203
43	191	182	203
45	193	182	203
47	193	182	202
47	194	182	202
50	195	182	202
50	198	182	202
53	201	182	202
53	199	182	202
54	202	182	202
64	204	182	200
57	200	182	200
66	204	182	199
204	448	189	202
205	447	192	202
196	448	198	204
207	452	198	204
242	455	188	208
247	454	177	212
251	457	169	212
248	458	166	210
258	460	161	209
258	452	158	208
258	459	155	207
261	465	152	203
261	470	150	200
265	474	148	196
262	467	147	194
261	477	146	190
255	480	147	186
264	490	146	181
262	487	145	179
269	501	145	177
266	497	145	177
265	491	145	177
273	477	143	177
279	475	138	180
276	467	137	182
276	458	135	184
283	460	133	187
278	458	132	189
274	456	132	189
274	456	132	192
273	454	132	194
274	458	133	196
273	456	133	197
273	456	134	199
272	456	134	201
271	455	135	202
270	456	135	203
269	454	136	203
269	456	136	204
269	455	137	204
269	457	137	204
269	459	137	202
270	468	137	199
268	470	138	197
265	467	138	196
268	482	139	192
263	480	139	191
268	494	139	187
268	499	139	182
272	504	139	176
270	508	138	173
276	509	137	167
274	511	135	164
278	509	133	162
287	495	129	163
282	497	127	163
277	506	126	160
287	499	123	162
296	486	119	166
294	480	116	171
293	481	115	172
291	477	115	174
288	469	115	177
288	468	116	180
285	463	117	183
283	461	118	185
280	454	121	184
286	460	122	185
282	456	122	186
275	450	123	185
280	456	125	186
279	456	127	187
278	458	128	189
276	452	129	188
277	456	130	189
276	457	131	191
274	452	131	189
274	456	132	191
273	458	133	192
272	454	133	190
274	457	134	192
273	457	134	193
271	452	135	191
271	459	136	192
271	460	136	193
270	458	137	194
269	459	137	195
270	460	137	195
269	459	138	196
269	460	138	197
268	459	138	197
270	460	138	197
268	457	138	198
270	460	139	198
266	454	139	196
268	449	139	192
269	456	138	192
269	461	139	192
270	458	138	194
269	454	138	194
269	458	138	195
271	454	137	194
271	453	136	197
271	453	135	198
275	454	135	199
272	455	135	200
272	457	136	200
271	455	136	201
271	455	136	202
271	455	137	202
271	455	137	203
272	455	137	203
270	455	137	203
271	454	137	203
272	455	137	203
270	455	137	204
269	455	137	203
272	457	137	202
271	458	137	202
270	457	137	202
271	458	137	201
271	458	137	200
270	456	137	200
271	457	137	200
270	458	137	199
271	457	137	199
269	458	137	199
270	458	137	199
270	458	137	199
270	458	137	199
270	455	138	199
270	458	138	198
269	458	138	198
269	458	137	198
269	457	137	198
268	461	138	197
267	458	138	197
268	462	139	196
268	458	139	197
266	461	139	196
268	461	139	196
267	461	139	195
267	460	139	196
269	460	139	196
268	458	139	196
267	459	139	196
268	461	140	196
267	459	140	196
268	453	139	195
268	460	140	195
268	454	139	194
269	457	139	195
270	457	139	196
270	457	139	198
271	456	139	198
270	457	138	199
271	455	138	200
270	456	138	200
270	458	138	200
266	463	139	196
269	465	139	195
265	467	140	192
266	472	140	188
272	476	140	187
291	472	135	193
284	506	133	194
265	505	133	194
267	502	133	194
273	490	133	194
277	473	133	194
293	486	133	195
292	477	132	195
295	477	130	198
296	478	126	202
294	450	123	206
292	448	122	207
289	452	122	207
286	449	122	207
281	439	122	207
281	428	122	208
280	431	122	208
282	432	122	208
285	437	122	208
285	451	122	208
284	451	123	207
285	449	123	207
276	448	126	200
278	460	126	196
270	475	128	193
270	484	127	190
262	496	129	183
271	507	130	177
273	514	131	171
272	522	132	169
273	529	132	169
271	532	132	169
271	532	132	169
277	512	132	169
283	496	132	169
290	491	132	169
296	484	132	169
300	481	131	169
300	480	130	170
293	477	130	170
290	483	130	170
278	492	130	170
267	527	131	170
272	533	131	170
273	543	131	170
270	549	131	169
256	551	131	169
253	550	131	169
299	515	128	172
301	512	125	176
302	509	123	178
302	511	122	180
302	508	121	180
302	507	120	181
298	502	120	181
297	500	120	181
299	496	120	182
299	490	120	182
298	493	119	182
297	493	119	182
300	495	119	182
302	490	119	182
303	486	119	182
303	483	119	182
302	476	119	182
299	470	119	182
295	465	119	182
293	467	119	183
293	469	119	183
273	418	121	181
273	414	123	179
272	409	125	175
269	409	127	172
267	411	128	171
274	412	128	171
268	408	129	170
268	405	130	168
266	423	130	168
263	430	130	168
266	428	131	167
262	428	131	167
259	431	131	167
263	418	131	167
270	420	132	167
269	424	132	167
269	435	132	167
279	420	132	167
272	401	132	166
265	415	134	165
262	415	135	164
262	413	137	162
254	425	138	162
252	436	138	162
247	447	139	162
246	455	139	162
245	457	139	162
253	440	139	162
253	443	139	162
252	447	139	162
255	456	139	162
255	459	140	162
250	461	140	162
253	526	142	158
270	533	142	156
265	544	142	153
269	534	142	153
267	545	142	152
260	534	143	148
256	556	148	146
259	560	148	145
251	577	148	145
245	578	150	144
253	568	150	144
253	570	150	143
236	577	151	142
249	444	153	140
244	444	157	139
241	442	161	136
237	442	165	133
234	446	167	132
237	455	167	137
239	449	166	139
242	459	166	148
234	463	167	162
228	461	170	173
225	453	173	182
227	453	174	190
230	455	173	199
234	452	174	205
234	450	174	211
230	446	174	217
229	442	176	221
227	443	178	223
224	446	181	226
224	446	183	228
226	447	182	229
222	445	182	230
218	448	184	232
213	443	185	231
209	443	186	231
204	442	187	230
201	442	188	228
198	439	189	228
195	437	190	229
195	437	192	233
184	426	200	232
174	415	199	235
162	408	199	236
166	403	197	235
165	406	195	233
164	405	193	231
156	407	193	229
143	409	191	229
130	412	196	226
118	421	200	225
105	428	203	223
95	432	206	224
87	427	209	222
76	429	212	221
52	426	213	219
40	423	211	218
37	424	208	217
35	427	205	214
36	429	202	211
38	428	200	209
39	432	198	208
36	432	197	205
33	433	197	203
32	435	197	202
31	434	196	200
33	436	195	199
36	435	194	199
37	436	193	198
38	436	193	198
36	436	194	197
36	437	194	197
36	437	195	198
36	436	196	198
35	437	197	198
35	436	197	199
35	436	197	199
35	436	197	199
34	436	197	199
36	436	198	199
35	437	197	199
36	436	197	199
35	436	198	199
35	436	197	199
35	436	198	199
35	436	197	199
31	436	197	198
30	437	197	197
35	435	196	197
34	437	196	198
32	437	196	198
32	437	196	199
32	437	196	199
33	437	196	199
32	437	196	199
33	438	196	199
31	438	196	199
33	437	197	200
34	438	196	200
32	437	197	201
33	437	197	201
32	437	196	200
34	436	196	200
32	435	195	199
34	435	194	197
35	434	193	197
34	435	194	197
36	434	193	195
33	435	193	193
32	438	192	192
31	433	192	191
28	412	192	189
29	397	192	186
30	410	193	176
33	427	193	169
34	435	194	168
31	436	195	167
30	435	196	165
31	435	195	164
31	436	195	164
32	439	195	165
32	439	194	166
33	440	193	168
32	439	193	168
33	439	192	169
32	438	192	169
34	439	190	169
33	438	191	170
34	439	190	170
33	438	191	170
35	440	190	171
32	440	191	171
35	438	189	171
34	440	190	172
33	442	190	175
36	443	190	178
34	442	190	182
35	444	190	186
38	441	189	189
39	436	189	191
38	431	190	186
41	438	190	188
40	438	189	191
39	437	188	192
40	437	187	193
47	436	184	194
47	437	182	195
44	435	182	194
40	439	183	195
40	437	185	195
38	437	186	195
38	437	187	195
38	436	188	195
37	436	189	195
36	436	191	195
31	438	193	197
37	427	191	194
33	415	191	191
32	396	191	191
35	407	191	191
39	172	193	197
41	168	194	200
41	173	194	201
39	170	195	203
38	170	195	206
38	171	196	208
40	171	196	209
38	168	197	212
38	170	197	213
36	167	198	214
35	165	198	214
38	162	198	214
40	164	198	219
38	159	199	221
40	156	199	223
39	155	200	224
37	156	201	226
33	422	201	218
37	425	201	212
30	428	201	208
23	430	200	205
26	432	197	201
32	433	196	199
35	434	193	197
32	438	192	196
33	436	191	195
32	437	190	194
36	437	188	194
35	437	189	193
34	437	189	193
34	439	189	192
34	438	190	191
32	438	192	191
33	437	193	192
33	437	194	191
33	436	195	191
28	437	196	191
28	437	196	191
31	438	196	191
34	439	196	192
34	439	195	192
33	439	196	193
35	438	196	194
32	437	195	195
31	437	193	195
31	436	194	196
34	436	193	196
29	437	192	196
27	437	192	196
25	436	191	195
20	437	191	193
14	435	191	193
4	432	191	194
-2	429	188	195
-11	424	182	196
-15	416	177	198
-20	409	168	202
-24	402	162	205
-29	398	160	207
-32	387	160	207
-32	386	160	207
-28	379	160	207
-24	359	160	207
-24	321	160	207
-28	291	160	207
-32	288	160	207
-35	288	160	207
-36	290	160	207
-36	292	160	207
-34	289	159	207
-34	289	159	207
-34	290	159	207
-35	289	159	207
-33	289	159	207
-35	290	159	207
-35	291	159	207
-35	292	159	207
-34	291	159	207
-36	288	159	207
-36	288	159	207
-35	292	159	207
-34	289	159	207
-35	289	159	207
-34	288	159	207
-34	281	159	207
-34	276	159	207
-33	268	159	207
-32	265	159	207
-33	251	159	207
-33	237	159	207
-32	224	159	207
-29	219	159	207
-26	210	159	207
-20	203	159	207
-12	196	159	207
-11	188	159	207
3	174	159	207
15	169	159	207
19	161	159	207
23	159	159	207
23	163	159	207
223	149	166	206
214	139	174	208
211	139	179	209
215	133	182	211
204	139	190	213
202	142	195	215
205	132	198	219
198	137	202	221
198	137	205	224
195	134	206	225
193	135	209	227
191	134	210	228
191	125	210	228
190	128	212	229
187	126	214	231
188	119	215	232
187	120	216	234
186	118	217	236
180	113	219	237
178	116	222	240
176	117	223	240
171	120	225	241
170	116	226	241
167	120	228	242
162	123	230	244
168	119	229	244
158	121	231	246
157	118	232	248
152	119	233	249
152	113	234	250
150	114	235	252
165	114	234	253
152	106	236	253
150	109	238	253
157	102	239	253
151	106	241	254
155	102	241	257
156	99	243	259
155	99	245	261
159	96	246	262
161	97	246	263
176	94	245	263
174	98	243	264
180	99	242	264
181	100	242	264
-30	11	229	269
-20	10	223	275
-5	11	222	280
0	14	221	283
2	10	225	286
6	16	226	289
14	16	228	290
17	27	228	290
25	35	229	291
35	39	229	291
46	47	229	291
53	53	229	291
52	50	229	291
49	47	229	291
44	42	229	291
51	54	229	291
40	80	229	291
54	75	229	291
73	69	229	291
92	67	229	291
109	68	229	291
128	72	229	291
154	84	229	291
176	99	229	291
183	103	229	291
187	106	229	291
194	112	229	291
194	114	229	291
192	106	229	291
200	102	228	291
198	94	228	291
194	26	228	291
189	26	227	292
180	26	226	295
160	24	226	296
168	22	224	298
152	26	226	299
157	20	227	300
164	19	227	302
146	27	229	302
150	23	230	303
158	19	231	304
163	24	230	306
171	20	229	308
175	18	228	309
178	18	227	310
182	18	226	311
184	16	225	313
185	17	224	314
188	16	224	316
171	22	225	316
186	26	224	316
189	20	224	316
172	24	224	316
186	28	224	317
187	22	224	317
168	25	224	318
180	22	224	318
163	23	224	318
175	26	223	319
157	26	224	319
166	22	223	320
145	24	224	320
110	7	229	319
111	20	233	320
116	19	235	320
119	16	233	322
61	14	246	322
31	7	260	324
24	7	274	322
39	-7	274	319
27	-2	272	320
11	-8	272	319
-9	-8	272	319
-24	7	272	319
-34	28	272	319
-38	52	272	319
-33	77	272	319
-29	94	272	319
-29	102	272	319
-28	110	272	319
-28	112	272	319
-29	123	272	319
-29	138	272	319
-28	140	271	319
-26	140	271	319
-24	146	271	319
-23	149	271	319
-26	150	271	319
-24	151	271	319
-25	153	271	319
-25	156	271	319
-26	162	271	319
-27	163	271	319
-26	161	271	319
-30	164	271	319
-31	165	271	319
-32	166	271	319
-33	169	271	319
-36	172	271	319
-39	175	271	319
-41	170	271	319
-41	164	271	319
-41	159	271	319
-40	156	271	319
-35	147	271	319
-36	149	271	319
-37	151	271	319
-38	154	271	319
-38	156	271	319
-40	158	271	319
-40	158	271	319
-42	157	271	319
-41	159	271	319
-42	159	271	319
-43	162	271	319
-41	161	271	319
-31	168	271	319
-20	168	271	319
-5	167	271	319
26	158	271	319
53	144	271	319
74	129	271	319
85	115	271	319
88	116	271	319
108	102	271	318
98	125	271	318
113	109	270	317
107	140	270	317
111	129	270	317
121	124	270	317
128	112	270	317
126	104	271	316
118	102	271	314
111	108	272	306
108	129	272	305
106	118	270	302
107	115	269	300
103	113	268	298
102	127	267	297
104	119	266	295
125	115	267	294
116	112	268	288
116	128	268	286
110	119	265	281
106	114	262	278
122	116	264	276
120	122	264	274
115	120	264	274
112	120	264	274
108	115	263	274
125	112	264	273
126	127	264	273
120	117	264	272
121	99	264	272
123	129	264	271
122	135	264	272
118	146	264	272
112	152	264	272
99	157	264	272
90	154	264	272
86	146	264	272
83	138	264	272
85	143	264	272
85	145	264	272
84	136	264	272
86	128	264	272
84	128	264	272
82	130	264	272
84	130	263	272
83	136	263	272
98	130	262	271
89	130	262	271
86	124	262	271
80	132	261	270
86	123	261	270
84	132	261	270
84	124	261	270
85	120	261	270
81	132	261	269
83	132	260	269
86	123	260	269
82	137	260	268
84	132	259	267
86	125	259	267
80	133	259	267
83	138	259	267
80	141	258	266
83	136	258	266
87	131	258	266
88	129	258	266
83	132	258	266
88	134	258	266
85	135	258	266
84	135	258	266
82	136	258	266
82	135	258	266
79	136	258	266
77	135	258	266
73	130	258	266
72	129	258	266
77	129	258	266
84	126	258	266
103	137	258	266
110	132	258	266
124	131	258	266
136	129	258	266
143	123	258	266
147	116	258	266
146	114	258	266
145	110	258	266
146	117	258	266
147	116	258	266
147	119	258	266
146	119	258	266
145	117	258	266
147	125	258	266
147	124	258	266
144	125	258	266
140	125	258	265
138	128	258	265
137	130	258	265
132	130	258	265
124	132	258	265
115	130	258	265
99	125	258	265
84	129	258	265
80	124	257	265
79	127	257	265
81	126	257	265
81	127	257	265
81	126	257	265
85	126	257	265
87	126	257	265
89	125	257	265
92	125	257	265
93	125	257	265
94	127	257	265
92	124	257	265
92	129	256	264
90	126	256	264
91	138	256	264
95	131	256	264
94	127	256	264
95	129	255	264
96	126	255	264
94	128	255	263
95	130	255	263
91	126	255	263
107	132	254	263
98	130	254	263
93	132	254	263
96	146	254	262
99	136	253	261
98	134	252	261
100	146	251	260
105	141	251	260
105	140	251	260
103	140	250	260
102	138	250	259
103	151	250	259
81	160	250	258
91	152	250	257
97	156	249	257
98	157	249	256
103	151	249	256
86	163	248	254
94	153	248	253
96	164	248	252
103	153	246	250
86	164	246	249
98	160	246	249
92	159	246	248
99	151	245	247
105	148	245	247
102	151	245	247
82	162	244	246
