613	313	91	101
627	306	93	101
632	300	93	104
647	290	94	109
654	288	100	109
666	287	101	109
695	301	103	107
735	316	103	107
759	332	104	109
789	340	108	109
800	342	109	108
828	344	112	109
853	348	117	108
884	354	119	108
918	364	118	109
949	372	119	106
972	382	123	102
1002	393	124	101
1017	404	124	102
1021	421	126	100
1016	422	132	95
1004	421	136	91
1005	411	136	91
982	388	137	91
950	373	137	90
906	368	134	93
853	357	133	96
809	338	134	97
770	325	134	95
745	319	131	96
721	303	129	93
693	295	124	98
692	290	119	99
635	321	117	99
619	316	119	94
592	317	116	92
598	328	115	94
593	339	114	97
593	345	113	98
602	354	115	96
619	363	116	93
632	382	116	93
650	384	115	92
662	394	112	91
672	403	108	89
694	413	114	83
721	413	117	78
741	423	114	78
765	421	110	82
779	425	111	84
783	425	113	82
774	415	118	77
786	414	122	74
793	409	121	73
790	415	119	75
791	417	119	74
792	415	117	73
791	417	121	69
787	422	125	68
776	439	125	70
765	453	125	71
764	475	120	78
761	483	120	79
755	492	121	77
745	491	123	74
730	495	125	72
722	509	124	77
733	515	125	82
722	511	127	79
739	507	127	78
781	503	126	77
793	503	124	77
789	487	121	76
805	471	114	79
822	458	110	84
823	426	109	85
799	413	101	92
800	390	95	98
790	360	95	97
779	343	93	96
754	330	93	94
747	315	90	92
734	299	90	92
724	300	93	91
687	310	95	90
664	332	94	92
644	357	93	93
631	372	93	93
615	384	95	89
598	397	98	85
582	407	100	81
561	418	96	81
566	425	94	81
582	427	98	79
588	427	101	76
595	425	102	73
596	417	102	72
593	410	105	70
599	414	102	70
609	416	102	71
624	419	103	68
633	430	104	68
638	439	104	68
652	444	102	68
653	446	100	69
647	447	100	70
638	449	97	70
629	453	95	69
622	454	93	68
604	453	92	66
589	455	86	69
576	454	81	73
551	451	78	77
523	447	76	79
496	444	75	80
467	441	77	79
445	439	79	78
425	442	80	77
409	447	80	76
399	449	79	75
398	450	78	76
399	449	77	76
396	452	76	77
392	459	76	77
398	460	76	77
398	459	77	77
407	466	77	78
409	469	77	79
413	471	76	80
418	471	76	78
419	475	76	77
420	477	76	76
421	476	76	76
423	477	76	76
422	476	76	77
422	473	76	78
417	467	78	78
418	462	81	79
408	457	83	82
397	459	86	83
393	459	87	83
387	457	88	82
378	457	90	80
370	456	93	80
364	453	95	80
358	450	97	80
355	444	98	79
355	441	98	79
356	438	99	77
349	438	99	77
344	437	100	77
338	436	102	77
336	436	104	77
334	436	105	77
334	433	106	78
332	432	108	78
327	429	109	78
329	427	110	78
334	427	112	79
334	424	114	80
337	424	112	80
336	422	113	81
339	416	112	80
341	416	110	81
344	414	110	82
348	411	109	87
354	411	106	90
358	413	107	89
356	408	105	90
359	417	105	89
367	413	103	91
365	418	102	90
367	416	100	90
376	415	100	92
382	424	100	91
390	423	99	92
391	428	99	91
389	437	99	88
389	449	97	86
385	455	95	83
380	458	96	81
364	459	101	79
331	459	98	81
309	452	96	87
283	443	98	88
241	446	95	89
217	458	92	91
167	502	94	96
144	504	93	97
127	514	92	99
79	519	90	100
50	515	87	98
26	506	83	97
7	500	83	97
-4	509	79	99
-3	520	78	99
-1	520	76	101
2	501	78	101
23	477	81	100
64	460	83	100
98	445	84	98
116	439	88	95
139	424	89	94
157	419	89	92
162	411	89	91
165	417	90	90
176	417	87	94
180	432	83	98
166	468	82	95
152	501	80	97
154	520	75	100
137	524	75	100
129	511	72	101
130	513	71	101
118	497	72	97
118	495	76	93
104	483	82	89
85	475	83	88
57	472	83	90
65	488	84	91
66	493	90	85
78	502	89	89
86	504	91	88
92	471	96	84
114	447	99	79
130	431	100	78
134	419	101	78
137	409	102	78
144	399	102	79
151	398	101	80
165	383	107	74
178	372	110	70
186	363	110	71
162	339	114	71
160	331	113	72
168	330	112	71
179	330	112	71
185	336	112	70
188	339	108	73
187	342	106	75
180	341	105	78
176	338	107	80
182	333	105	82
177	306	102	83
171	292	100	84
172	289	97	83
179	272	94	82
189	263	89	84
202	251	83	85
222	243	81	84
262	238	75	88
282	221	73	88
301	217	72	88
317	211	72	85
331	210	70	83
345	215	69	80
365	215	69	77
369	230	68	75
379	249	67	75
391	262	66	73
384	268	64	71
400	266	63	69
404	249	63	70
389	250	64	69
364	257	64	68
337	259	66	66
308	261	69	64
279	270	72	64
250	283	75	61
229	295	79	58
216	311	80	57
197	329	81	57
180	346	82	58
186	353	83	57
205	343	83	57
219	337	81	57
225	339	79	58
247	343	75	61
264	348	77	60
294	356	77	60
325	357	75	60
365	355	72	61
403	356	70	61
448	358	68	61
483	362	67	60
517	368	66	58
552	372	65	56
578	374	64	56
596	373	63	56
607	373	63	55
618	372	63	55
637	372	62	55
648	373	61	55
658	377	60	55
663	384	59	54
667	382	58	54
664	374	57	56
661	367	56	56
660	357	55	56
656	356	55	56
655	357	55	55
655	359	56	55
653	359	56	55
652	360	56	55
652	361	56	55
652	360	56	55
651	359	56	55
651	357	56	55
647	358	56	55
644	359	56	55
643	360	56	55
639	361	56	55
639	362	56	55
638	361	56	56
635	361	56	56
635	362	57	56
635	362	57	56
634	363	56	56
634	364	56	56
633	364	56	56
628	364	56	56
629	366	55	55
631	366	55	55
629	367	55	55
629	367	55	55
633	367	55	55
634	364	57	56
648	362	58	56
654	358	59	56
675	349	61	56
689	348	62	55
699	351	63	55
712	352	64	57
720	347	64	56
727	350	62	56
739	354	61	56
745	361	59	55
751	368	58	56
766	373	58	57
773	372	57	58
775	373	56	59
774	374	54	61
780	377	53	61
785	375	52	61
791	366	56	59
783	365	57	59
785	369	59	61
777	360	60	60
767	354	60	60
764	345	62	58
756	332	65	57
740	326	67	58
722	317	69	58
701	313	69	59
692	315	71	60
672	304	74	60
652	303	77	62
641	299	79	61
627	296	80	62
621	304	79	64
622	309	79	65
619	320	76	68
619	343	75	69
627	372	74	69
625	392	75	68
629	408	74	66
632	420	73	66
644	420	72	65
654	420	75	64
665	431	76	66
672	440	78	67
687	446	80	65
689	451	80	65
697	456	84	62
718	467	85	63
729	475	85	63
738	488	85	64
751	484	86	63
751	486	87	65
753	488	88	67
769	490	88	68
777	492	88	70
784	499	88	71
794	510	87	70
798	511	85	71
800	508	85	71
799	497	87	72
797	485	91	72
793	476	92	74
789	473	93	77
776	463	96	79
771	457	98	80
759	456	99	82
743	455	100	83
731	456	102	83
716	452	104	82
698	464	103	80
678	473	104	79
654	479	104	80
635	481	104	82
625	478	101	85
606	467	100	88
592	456	99	91
576	445	101	90
561	449	102	90
558	452	103	89
560	452	104	89
556	454	104	90
556	463	105	91
562	474	106	92
566	478	106	91
579	480	107	94
582	484	108	91
589	480	107	90
605	473	106	91
620	476	104	94
635	458	103	96
649	439	101	96
652	439	101	96
652	444	103	94
657	432	105	93
670	430	106	93
683	434	105	91
691	441	102	88
698	451	98	87
696	466	93	88
694	474	90	87
687	475	88	87
680	464	85	88
675	447	84	88
675	418	81	88
660	396	80	85
641	384	80	84
620	380	79	82
609	379	79	85
598	365	77	85
592	357	77	85
587	358	76	84
587	373	75	82
594	387	73	82
593	400	70	82
595	403	68	81
601	414	68	80
598	414	67	80
603	415	64	83
613	413	60	89
626	389	59	91
620	373	58	92
611	363	60	89
611	358	61	88
619	351	62	87
627	345	61	86
632	349	63	84
644	349	63	81
652	356	61	78
650	370	61	76
661	377	63	73
676	383	64	71
682	385	64	69
686	382	65	69
669	381	67	67
664	379	69	66
672	381	71	66
719	382	75	61
724	388	76	60
724	392	75	60
727	394	74	61
751	401	74	60
765	401	73	59
767	399	71	60
765	393	70	62
764	392	70	64
763	390	69	65
766	385	71	65
762	386	71	67
755	390	70	67
749	389	70	66
742	391	69	65
730	392	68	64
717	387	70	64
706	381	71	65
684	380	72	67
669	381	73	67
656	372	74	70
640	373	76	70
621	375	76	71
592	378	80	70
580	379	79	71
558	384	81	70
552	386	80	69
531	387	81	68
519	389	83	69
511	391	83	69
503	385	85	70
497	379	85	71
491	373	88	70
487	372	89	71
490	369	89	71
484	369	89	70
487	375	88	70
487	382	90	70
497	394	89	70
503	394	91	69
507	396	89	69
504	393	89	69
513	389	88	69
524	387	86	70
535	386	84	71
542	384	82	70
554	383	82	69
565	381	82	69
584	380	82	68
590	382	82	67
599	382	80	67
604	382	80	65
607	385	79	64
610	387	77	64
614	388	74	64
611	389	72	64
612	389	70	65
613	386	69	64
615	383	67	63
613	385	67	62
610	386	66	61
606	385	67	61
612	386	67	60
607	387	66	59
609	388	65	59
608	385	64	59
609	379	61	60
603	367	60	59
598	362	59	58
590	349	60	56
586	347	59	55
577	342	56	55
557	337	54	55
547	331	55	54
535	335	54	53
527	341	53	53
514	344	53	52
502	351	54	53
506	349	53	53
479	370	54	53
467	376	56	54
463	383	58	54
452	386	60	54
450	385	62	55
448	381	63	57
446	375	65	58
448	371	66	59
452	366	67	60
454	365	68	61
457	365	69	61
459	365	70	60
462	369	72	60
465	373	73	60
469	375	73	59
472	378	73	60
475	379	74	61
479	378	74	60
482	379	75	61
488	378	75	61
495	378	76	61
501	379	77	62
506	382	77	63
511	381	77	63
517	382	76	63
525	385	74	64
530	384	73	64
537	390	71	62
541	390	70	62
544	392	69	60
545	393	69	59
547	393	70	58
545	398	70	57
541	401	70	57
541	405	70	57
538	406	71	56
532	405	71	56
525	404	71	56
523	403	70	56
523	403	69	55
522	403	68	55
520	402	69	55
517	401	71	55
514	400	71	55
516	401	70	55
515	401	70	55
515	402	70	55
517	401	70	55
518	401	70	55
520	403	69	55
521	401	69	55
522	401	68	55
521	401	68	55
521	401	69	55
523	401	69	55
526	401	69	54
529	402	69	54
533	401	69	54
537	402	69	54
537	402	69	54
540	400	67	56
535	398	66	57
537	396	64	58
538	398	62	60
539	399	60	61
541	400	59	61
541	399	58	62
541	399	58	62
540	402	58	62
537	403	59	63
534	404	60	64
533	404	60	66
528	406	58	66
523	404	58	67
522	403	56	68
520	400	56	67
522	399	55	67
526	399	55	68
529	386	57	67
524	382	57	67
525	378	56	66
522	374	56	67
524	374	55	68
524	379	54	68
519	382	56	68
520	377	57	68
521	376	58	68
524	377	61	67
533	381	63	66
545	383	65	65
551	391	67	64
564	400	67	65
576	407	68	65
589	413	68	64
601	405	68	63
607	399	67	64
610	392	67	64
607	387	67	63
599	385	66	62
590	383	66	62
583	382	66	63
576	384	67	63
572	384	67	63
570	386	66	64
566	392	67	64
563	400	68	65
562	408	68	66
563	416	68	67
565	416	68	67
558	416	69	67
550	417	69	67
545	419	69	66
538	417	68	66
534	419	68	65
529	412	67	66
523	413	67	65
518	416	66	64
516	415	66	64
516	417	66	65
514	417	66	65
513	419	66	65
514	420	65	66
520	417	65	66
524	416	65	66
525	414	64	66
528	411	64	66
529	409	64	66
528	407	64	66
532	404	63	66
535	400	63	65
536	400	63	66
537	396	64	65
540	394	64	66
543	390	64	66
545	390	64	66
550	388	64	66
558	381	65	66
566	378	66	66
574	374	66	66
583	371	67	65
599	357	67	65
613	346	66	65
621	343	66	66
625	343	65	66
628	345	65	66
628	348	65	67
626	354	66	66
621	356	67	65
615	359	68	65
602	361	68	66
596	361	68	66
590	362	67	66
585	355	67	66
578	357	67	67
571	350	68	68
557	351	68	69
553	353	68	68
551	353	67	67
549	349	67	66
543	346	66	66
539	343	65	65
531	341	65	66
525	340	65	66
516	330	65	65
510	329	65	63
509	328	65	62
510	328	65	61
511	332	65	60
511	338	65	60
511	344	66	60
518	348	67	60
525	353	67	60
532	356	68	60
537	360	67	60
539	371	66	60
543	377	65	61
547	378	65	61
548	376	64	61
541	370	64	61
532	362	65	60
527	355	65	59
516	352	65	59
516	351	64	59
517	355	63	60
521	354	62	60
523	351	61	61
523	343	61	61
526	342	61	60
528	341	60	61
531	344	60	60
535	346	60	60
540	347	60	60
544	348	60	60
546	351	59	58
549	356	59	58
554	358	59	57
559	360	59	57
564	365	59	57
570	370	59	57
577	373	59	57
580	376	59	57
582	372	58	57
584	369	58	57
585	369	57	57
577	366	57	57
577	364	56	57
577	361	55	57
571	357	55	57
566	354	54	58
561	352	54	58
563	351	54	59
564	355	54	58
566	351	54	58
569	346	54	58
570	342	55	57
573	338	55	57
577	334	55	56
580	331	54	54
579	328	52	55
572	326	50	54
564	328	49	54
559	324	49	53
559	323	46	53
551	326	45	54
550	326	43	54
542	328	43	55
542	332	43	55
538	334	43	54
540	334	44	53
542	336	45	52
543	335	45	51
539	335	46	50
541	339	45	51
542	338	45	52
541	340	46	52
541	341	47	53
543	340	48	54
546	341	49	55
548	341	49	55
548	340	50	55
549	341	50	56
549	338	50	56
546	339	53	57
544	341	55	57
544	343	56	59
536	344	59	60
534	343	61	61
533	343	62	62
530	346	62	62
526	347	63	63
516	351	66	63
514	352	66	64
511	353	67	65
508	353	68	66
507	354	69	67
504	356	70	67
506	356	70	68
508	358	72	68
507	358	72	67
507	358	74	68
510	358	76	68
512	358	76	68
515	356	77	69
519	355	78	69
524	357	78	70
529	358	76	70
530	359	76	70
534	360	75	70
534	359	74	71
537	360	74	70
540	360	74	70
542	360	73	70
542	360	74	71
543	360	73	70
543	359	73	71
546	359	72	71
549	358	71	71
550	358	70	71
553	359	69	71
556	358	67	71
555	358	67	71
557	361	66	71
556	361	66	71
556	360	65	72
545	358	67	71
545	355	66	71
534	354	69	71
531	352	71	72
528	350	71	73
524	346	72	74
520	345	72	75
516	347	73	75
511	351	74	75
509	356	75	75
508	363	75	75
504	366	75	74
504	371	74	73
505	369	74	71
507	371	74	70
505	370	74	70
507	370	75	71
511	372	75	71
513	370	74	72
515	370	73	73
518	370	73	73
520	370	73	73
522	370	72	73
521	371	73	73
523	372	72	73
525	371	72	73
526	372	73	73
526	371	73	73
526	371	73	73
527	372	73	73
526	373	73	73
529	373	73	73
531	373	73	73
531	372	73	73
532	371	73	74
535	369	73	74
539	367	73	74
544	368	72	75
549	369	70	75
551	367	70	74
553	369	71	74
555	370	72	73
552	369	73	73
552	371	73	73
552	370	72	73
552	370	72	73
551	372	72	73
551	372	73	73
550	372	74	74
551	372	75	74
554	369	74	74
549	370	75	73
546	370	74	72
549	369	73	71
545	369	72	71
545	370	71	71
546	370	71	71
545	370	72	71
545	370	72	71
547	371	71	71
548	372	69	71
550	371	69	71
549	373	69	71
550	375	68	70
548	374	69	70
546	375	70	70
548	374	70	70
548	375	70	70
548	375	70	71
546	377	69	71
545	375	70	71
545	376	70	71
545	377	70	71
543	377	70	71
541	377	71	70
540	376	71	70
542	377	70	69
539	374	70	69
536	371	70	69
527	367	71	70
529	364	69	70
520	358	70	68
519	357	70	67
520	359	69	66
521	361	68	66
514	360	68	64
512	361	69	64
512	361	69	63
513	362	68	63
516	361	66	64
513	362	67	63
515	361	66	64
516	361	65	65
513	360	66	65
509	360	66	66
506	361	67	65
503	361	67	65
497	358	68	63
492	358	68	63
488	353	68	62
482	355	67	62
475	355	66	62
469	352	66	61
465	349	66	61
461	349	64	62
456	348	63	63
454	348	62	64
452	346	60	65
454	347	58	65
452	351	57	65
458	352	55	65
463	341	54	65
468	331	53	64
470	328	53	64
474	320	51	63
476	313	50	62
480	314	49	61
483	312	48	60
493	309	47	60
502	304	46	61
511	297	43	63
518	287	42	65
526	282	40	68
520	276	39	67
515	271	38	66
501	275	41	63
503	282	42	61
495	293	43	58
489	300	44	56
481	307	44	54
473	319	43	53
462	326	42	54
455	329	41	56
449	331	40	57
435	328	40	56
415	335	42	54
405	340	42	55
395	340	40	58
384	340	39	59
382	341	39	60
382	341	39	61
389	338	39	62
396	337	38	65
391	333	40	67
394	333	40	69
395	330	42	69
403	328	43	69
412	325	44	70
421	323	45	71
429	317	48	70
441	315	49	70
444	306	51	69
445	316	53	69
456	318	55	69
472	319	57	70
485	315	58	69
496	320	60	69
508	323	61	69
518	322	63	68
525	326	64	69
527	326	66	69
532	325	68	69
533	326	69	68
533	331	70	68
535	331	71	67
533	333	73	67
531	336	74	66
531	334	74	66
526	335	75	65
522	336	77	65
523	335	76	64
524	335	77	64
523	333	77	64
518	335	76	64
518	332	76	64
513	333	76	64
511	332	76	64
508	331	77	64
504	331	77	64
499	332	77	64
499	333	77	64
497	335	77	63
498	334	75	64
495	334	75	64
496	330	74	65
492	333	75	65
496	324	73	67
499	324	72	68
502	325	71	68
504	328	69	69
508	328	67	69
512	328	66	68
513	327	65	69
516	331	65	68
521	330	65	69
532	332	62	69
535	333	60	70
538	334	58	69
538	332	57	70
537	337	57	70
538	337	58	70
542	336	58	70
544	338	58	69
544	343	57	68
546	342	56	68
548	341	56	68
546	340	56	68
544	341	56	67
545	339	56	67
543	337	55	67
543	335	54	67
544	332	52	67
547	329	50	67
545	328	50	67
543	330	49	68
544	329	49	67
543	327	48	67
541	330	48	67
540	329	47	66
540	329	47	67
541	331	47	66
542	331	47	67
545	331	46	67
544	333	46	66
543	331	46	67
542	332	46	67
544	335	47	68
544	334	47	68
545	333	47	69
547	332	46	70
549	335	46	70
550	336	47	71
555	335	48	70
554	334	48	71
552	338	49	71
553	338	49	71
553	338	49	71
551	338	50	71
550	340	51	70
547	341	51	69
546	341	52	68
545	341	53	68
545	341	53	67
541	340	53	67
541	341	54	66
540	340	54	65
540	339	55	65
538	338	55	65
537	339	55	64
538	339	55	64
540	338	54	64
542	339	54	64
544	337	53	64
542	340	53	64
544	341	52	64
546	339	52	64
547	342	53	64
549	341	53	63
551	341	54	62
555	341	53	62
560	343	52	62
566	341	51	63
567	341	50	62
568	342	49	62
569	342	47	63
570	341	47	63
571	344	46	62
570	346	46	61
574	349	46	61
574	348	46	61
572	349	47	60
570	347	47	61
570	345	47	61
572	345	47	60
575	345	49	59
577	345	51	58
552	344	53	57
547	345	55	56
543	345	55	57
539	344	55	57
536	345	55	58
527	346	57	58
523	346	58	58
518	346	58	59
515	346	57	60
512	344	57	61
503	341	58	61
511	340	55	62
507	336	55	63
495	337	54	63
492	338	53	63
488	342	52	62
477	345	52	60
474	353	50	59
469	357	49	59
471	360	46	61
469	362	44	64
467	360	44	65
459	360	44	65
456	359	45	63
460	359	45	63
457	361	45	63
451	363	45	63
452	359	44	63
453	358	44	64
449	355	43	64
446	357	44	61
444	363	45	59
440	371	46	58
443	376	46	57
448	379	45	57
447	383	44	58
443	381	44	59
434	379	45	59
428	374	47	57
411	377	48	58
398	379	48	57
389	384	50	56
381	392	51	56
378	405	51	57
369	419	53	57
357	425	53	59
347	429	52	61
346	432	49	64
337	434	49	64
329	427	50	61
320	431	49	60
315	432	48	59
309	437	50	59
311	439	50	60
311	432	52	59
318	420	53	60
319	416	55	60
331	415	57	59
343	411	58	58
350	406	58	57
367	394	56	57
383	385	55	57
406	372	52	58
440	350	51	57
467	329	50	56
488	315	49	56
506	310	50	57
515	307	50	56
526	312	49	56
533	304	48	56
536	302	50	57
542	307	51	57
563	301	53	57
561	299	55	56
560	313	55	55
564	324	56	54
576	319	57	53
596	320	60	52
601	320	63	52
604	325	65	52
610	328	65	52
624	326	67	53
631	328	68	54
635	336	69	53
638	343	70	54
642	347	72	53
646	353	73	53
646	358	73	54
651	359	74	54
656	360	75	54
660	357	76	54
658	353	75	56
652	350	74	58
648	341	73	60
638	339	74	59
628	339	75	59
623	338	74	59
601	342	74	60
595	347	75	60
594	352	73	60
589	357	70	61
584	354	67	62
569	346	67	64
562	338	67	64
560	339	66	63
557	335	67	61
551	335	68	60
550	340	69	61
545	343	71	61
545	352	72	61
544	358	73	61
543	366	75	61
543	379	77	60
539	387	78	59
542	390	79	59
542	387	81	60
538	380	81	61
536	379	82	61
536	377	80	64
525	372	80	66
513	365	81	66
503	364	79	69
494	364	78	72
492	355	78	73
490	345	77	74
493	329	75	75
492	311	74	76
497	304	73	78
495	294	72	79
500	293	71	81
503	288	69	83
499	284	69	82
501	284	68	79
502	285	67	77
501	292	67	76
498	300	65	74
500	311	63	72
502	326	61	71
508	329	59	69
511	332	58	68
511	328	56	68
512	321	56	67
511	320	56	67
510	319	57	65
509	321	57	65
507	324	58	66
497	323	58	68
488	329	60	68
479	341	60	68
471	351	62	66
467	352	64	64
459	349	66	63
452	340	66	65
453	325	66	64
447	316	66	63
434	310	68	59
435	306	67	58
435	306	65	59
426	308	62	61
430	309	60	62
434	316	58	63
442	328	57	65
449	336	56	64
459	350	55	63
473	356	54	62
484	364	54	62
504	369	55	61
524	364	55	61
544	357	54	60
564	351	52	60
585	345	51	61
599	341	50	61
613	341	49	60
640	342	48	59
661	346	48	59
682	350	47	59
695	351	46	59
707	348	45	58
712	347	45	58
723	351	44	57
729	350	45	58
735	352	45	57
732	352	46	56
729	354	47	55
726	355	47	56
718	356	46	57
704	359	47	58
697	361	47	57
690	363	47	56
682	367	46	56
673	369	46	57
666	367	45	58
655	366	45	58
642	374	46	57
642	384	47	57
642	385	47	57
638	386	47	56
631	390	47	56
627	389	46	56
624	389	45	58
619	388	45	58
620	386	44	58
620	384	45	59
617	383	45	60
618	380	46	61
618	377	47	61
617	378	46	62
619	374	47	62
618	370	47	64
615	369	47	64
613	367	47	63
614	367	48	63
614	367	48	62
613	367	47	61
613	368	48	61
612	371	47	61
610	375	46	60
609	372	46	60
608	373	45	59
604	373	46	59
600	373	47	58
601	372	47	59
603	372	48	58
604	374	48	58
605	375	48	58
602	377	48	58
601	378	48	57
601	379	48	56
600	380	48	55
601	381	47	54
602	383	47	53
603	384	46	52
602	385	46	52
604	385	45	51
606	385	44	51
606	386	44	50
607	388	44	50
607	392	43	49
606	397	44	48
607	401	45	47
606	405	45	46
607	406	45	46
606	406	44	46
603	409	43	45
602	409	42	45
600	409	41	44
599	408	41	44
599	408	41	44
596	407	41	44
594	407	41	43
593	406	41	43
593	404	41	44
591	404	42	44
590	401	42	44
590	398	42	45
591	399	42	46
591	398	42	46
592	399	43	46
596	399	43	46
598	400	44	46
603	398	43	47
605	392	42	48
606	388	42	50
608	383	41	51
611	368	41	50
610	353	42	47
605	379	41	49
598	375	40	52
593	370	38	55
622	388	38	55
606	389	41	53
592	387	42	52
570	387	43	53
561	389	44	53
543	395	44	53
525	374	42	57
517	372	42	57
503	371	41	55
496	379	42	53
499	386	42	52
503	394	42	52
500	398	42	52
492	398	41	52
478	395	44	53
473	391	44	53
469	390	44	53
465	396	44	52
454	405	44	52
448	411	44	52
436	419	45	52
429	420	45	52
436	417	46	53
425	416	44	55
422	424	44	55
424	424	45	54
422	433	46	52
422	439	48	52
429	441	48	52
432	448	48	53
435	457	46	56
437	466	45	61
442	469	46	60
451	476	46	61
465	476	46	62
470	470	46	62
475	473	45	64
471	475	47	63
468	479	48	63
464	481	50	62
465	481	51	62
457	481	52	63
458	482	52	64
456	477	54	65
463	466	54	65
466	452	53	67
487	487	55	67
480	491	57	68
456	493	58	69
446	450	59	69
432	447	61	68
425	446	62	67
413	451	62	66
406	460	61	66
394	469	60	68
383	476	61	68
389	470	62	69
389	461	61	70
416	490	64	67
387	487	63	69
373	449	62	74
371	441	61	75
366	437	62	73
357	436	63	71
351	436	64	70
341	445	66	70
354	454	65	69
359	467	67	68
340	465	69	69
339	460	69	70
336	451	67	72
342	454	65	74
359	453	63	76
368	451	62	78
366	449	62	79
360	458	63	80
361	464	65	80
353	467	67	81
343	461	67	82
336	449	70	81
328	437	73	81
327	418	74	83
326	396	75	84
319	373	75	85
320	367	78	84
323	361	79	84
328	368	81	86
326	382	84	87
330	391	85	87
350	390	86	87
371	379	87	86
395	362	90	85
405	368	90	86
417	359	89	90
426	340	91	89
429	349	93	86
440	358	95	85
436	366	97	82
426	376	98	81
428	380	97	80
444	374	96	79
457	368	96	81
450	375	95	82
441	384	94	83
444	385	92	84
455	385	90	86
469	382	89	87
476	383	87	86
476	388	86	86
479	399	85	84
486	411	84	82
491	427	82	82
491	436	80	82
494	432	77	80
502	429	74	79
510	429	72	80
515	421	70	82
520	412	69	83
528	402	67	83
535	393	66	84
538	391	65	86
540	385	64	86
549	375	62	85
558	369	59	88
558	363	56	91
559	357	54	93
563	348	53	93
574	341	52	95
575	336	52	94
584	357	49	99
583	335	47	102
609	386	49	102
615	398	54	98
618	407	56	96
619	409	58	94
612	363	56	98
621	350	54	101
632	349	54	100
640	349	54	100
638	360	54	99
639	369	54	99
647	375	54	99
658	380	54	99
627	419	56	97
630	429	58	94
641	421	57	95
647	421	56	97
658	417	56	99
657	420	56	102
658	419	57	104
658	421	59	107
655	419	60	111
648	418	61	114
647	414	63	116
654	372	63	118
651	367	62	117
648	371	61	114
640	381	61	113
620	430	62	115
615	426	62	117
617	431	62	119
628	391	63	116
619	397	65	112
614	398	67	108
605	412	68	109
603	409	69	110
601	411	69	112
598	407	70	113
597	402	69	113
587	443	66	118
597	438	66	123
594	394	67	123
596	395	67	124
601	389	66	120
599	404	65	121
595	405	66	118
592	406	67	116
591	410	67	115
594	405	67	114
587	411	69	110
584	410	69	112
584	413	70	109
596	395	73	105
587	398	77	102
589	398	77	102
590	399	78	102
592	392	80	102
590	387	83	101
587	388	86	100
601	388	85	101
602	385	84	100
606	389	82	102
591	386	84	100
601	391	86	100
607	384	87	97
611	389	87	94
610	390	88	92
615	392	86	89
618	393	85	87
621	394	84	84
622	396	83	82
620	397	81	81
622	397	81	79
616	397	82	77
613	399	83	77
618	401	82	76
621	397	82	75
621	398	81	74
616	399	81	74
613	397	82	74
614	399	81	74
613	398	81	74
614	396	81	74
612	395	81	74
611	398	81	74
612	400	80	74
606	398	80	75
601	401	81	76
602	403	81	76
603	403	81	77
602	403	81	77
597	408	81	76
592	407	82	76
591	410	82	76
590	408	83	76
587	408	83	76
584	410	84	75
585	409	83	76
586	408	83	76
582	407	84	76
580	406	84	76
582	404	84	76
580	403	84	76
577	402	85	77
579	400	84	77
579	398	85	77
581	401	84	77
581	402	84	77
580	399	85	77
583	401	85	77
583	397	85	77
581	400	86	77
582	400	86	77
581	398	86	78
582	401	85	78
584	402	85	78
583	399	86	78
581	401	86	79
581	398	86	78
583	398	86	78
581	393	86	78
583	394	86	78
584	394	86	77
587	394	85	77
589	393	85	78
591	390	85	78
592	390	85	78
588	389	84	78
587	384	84	78
590	379	84	78
588	377	85	78
587	380	85	78
591	373	84	78
586	368	84	79
575	370	85	79
560	375	85	79
559	375	85	78
561	373	85	79
554	382	86	79
548	390	86	80
541	387	86	80
530	385	86	80
515	380	87	80
502	378	87	80
489	367	87	80
477	364	88	80
470	352	88	80
461	342	88	79
454	332	88	80
452	321	88	80
450	315	87	80
445	310	86	80
435	318	85	79
423	331	85	80
414	343	85	80
406	348	86	79
400	357	87	80
404	358	88	81
406	359	88	81
406	362	89	82
404	367	90	83
412	367	90	84
426	358	91	85
433	351	92	86
431	350	93	88
425	350	93	90
424	351	93	90
429	352	93	90
430	353	93	91
426	353	93	92
426	349	92	94
429	339	92	93
426	337	92	96
425	327	93	96
423	323	93	98
423	315	94	98
415	311	94	100
402	318	95	100
401	327	97	98
406	324	96	100
403	321	95	102
393	318	95	104
380	317	95	106
375	319	94	106
378	326	95	105
386	337	96	104
396	345	97	103
407	351	97	102
411	359	97	101
414	363	98	102
420	359	97	102
422	352	96	103
421	349	96	104
421	347	96	105
426	343	95	105
437	340	95	104
445	339	95	104
449	335	95	103
454	336	95	103
464	328	94	103
475	323	93	103
485	321	93	103
490	322	94	102
487	327	96	101
481	331	97	101
485	332	97	99
495	332	97	100
501	328	97	102
490	333	97	101
488	346	97	103
499	343	96	104
507	336	96	104
505	336	97	105
506	335	98	104
508	332	97	107
513	329	97	107
517	324	97	107
526	318	96	108
534	314	97	107
538	309	96	108
540	306	97	109
544	305	97	109
549	302	97	109
552	300	98	109
555	301	99	108
556	303	100	107
548	307	100	107
544	311	101	106
544	314	102	106
545	319	102	105
546	325	103	105
545	329	104	105
542	332	104	105
543	333	104	105
546	333	104	105
546	334	104	105
542	338	104	105
542	339	104	104
545	340	103	105
543	339	103	106
538	339	103	107
539	339	104	107
540	341	104	107
542	342	104	107
543	342	105	107
545	341	105	106
548	341	104	107
549	342	104	107
550	341	104	108
551	342	104	108
550	342	105	108
549	343	106	109
547	345	107	108
549	348	107	109
548	352	106	111
543	356	104	115
547	351	101	120
544	351	99	124
535	347	98	125
524	353	99	125
508	358	102	122
508	365	100	119
496	374	98	115
485	387	98	113
470	393	97	112
456	401	95	118
439	399	95	120
409	404	90	129
382	409	86	136
369	421	83	139
343	430	85	136
322	442	89	133
305	454	90	129
291	468	91	127
261	479	93	124
250	488	102	119
243	504	110	118
222	522	119	117
256	543	115	116
247	557	115	115
240	574	111	117
241	588	105	121
244	596	100	120
249	604	98	117
230	607	103	114
231	600	110	115
227	594	108	118
230	583	101	125
236	585	96	128
271	582	98	129
300	586	105	128
304	584	110	128
326	591	116	126
338	588	122	126
431	573	119	126
419	546	124	125
425	537	122	126
405	543	123	127
418	542	118	130
411	522	117	132
405	482	121	129
402	430	121	126
382	394	121	123
362	372	121	121
337	359	114	131
334	333	107	138
365	319	104	144
358	279	94	156
379	258	93	156
336	230	101	148
357	227	104	141
382	238	102	138
395	240	103	135
408	221	106	127
421	215	107	122
407	219	109	116
397	241	107	115
372	229	107	113
384	231	102	115
410	224	95	120
434	213	88	126
448	200	83	131
472	189	80	134
496	164	82	131
521	160	85	128
521	160	88	123
509	163	88	118
511	175	84	119
522	174	85	115
530	177	87	112
510	192	89	111
492	223	90	111
473	255	88	116
473	262	89	119
464	263	94	118
455	263	99	116
442	275	101	118
422	281	103	120
413	286	106	120
421	289	110	119
437	297	116	118
430	310	119	119
416	326	118	120
409	333	113	123
426	319	111	123
447	315	108	124
460	306	105	123
472	305	103	125
479	300	99	128
501	298	100	127
518	293	105	124
526	296	107	121
529	298	107	120
526	298	105	119
525	307	97	123
541	300	90	127
544	305	87	130
541	301	83	130
549	301	80	131
559	289	76	131
551	283	75	131
539	271	75	128
533	264	76	125
534	261	76	120
535	259	76	117
535	251	78	113
534	246	77	114
524	246	75	115
516	249	72	118
524	251	68	121
527	250	66	123
528	251	64	125
520	253	63	127
521	251	61	127
520	252	60	127
519	253	61	126
515	250	61	125
512	245	63	124
511	244	63	122
506	241	63	123
510	237	62	125
512	234	61	126
513	230	62	128
512	224	63	124
510	220	63	121
510	221	65	119
512	221	66	118
513	217	67	117
513	214	68	113
512	211	70	111
509	214	74	108
501	220	81	105
490	233	86	100
482	240	91	95
473	245	96	91
458	256	100	87
427	261	106	82
413	255	107	81
408	257	109	79
402	265	111	78
400	264	108	76
405	268	108	71
410	274	106	67
416	280	104	64
424	284	100	61
437	286	97	59
442	289	94	57
447	291	91	55
453	291	88	53
461	291	84	51
467	292	82	51
471	295	79	50
474	295	77	49
477	296	75	49
479	297	74	48
482	298	72	48
482	298	71	48
483	301	70	48
482	304	69	48
484	305	68	48
488	304	64	49
489	301	61	50
493	299	57	53
499	295	55	57
502	293	53	59
500	294	52	61
500	291	53	62
500	296	54	64
499	297	54	68
501	297	55	69
509	303	54	69
514	312	53	69
512	321	52	68
511	323	51	69
513	326	49	71
508	327	49	72
503	330	50	73
499	335	51	74
489	341	53	75
480	341	52	77
472	341	52	78
461	341	52	77
445	347	53	79
430	346	52	80
421	346	50	82
416	336	48	83
408	329	48	85
408	320	51	83
412	312	54	79
422	310	56	77
400	316	59	77
423	312	60	79
446	299	62	79
458	298	64	78
469	284	68	77
472	267	70	76
488	252	75	75
499	251	79	76
500	259	81	77
504	273	82	79
508	283	82	81
506	295	83	84
490	309	85	87
481	331	86	86
478	352	84	86
460	371	81	86
452	379	80	86
454	376	79	86
479	421	82	82
430	429	87	78
410	394	81	88
410	388	76	93
395	395	74	97
381	397	74	96
365	401	76	93
356	412	77	92
350	426	77	91
358	433	74	94
339	427	78	92
291	399	84	89
271	396	88	89
268	381	93	89
257	366	96	88
257	353	97	88
258	349	98	89
266	345	99	91
276	356	102	93
302	368	105	95
326	374	106	96
344	377	107	96
349	377	108	98
371	375	110	98
385	357	110	99
422	370	114	101
414	351	118	101
408	347	122	98
402	320	121	101
399	313	117	101
399	300	112	102
405	292	105	103
412	273	99	109
423	257	96	108
452	259	95	109
453	244	95	110
450	241	92	112
454	238	88	114
466	249	86	109
474	262	88	104
481	279	87	100
496	301	83	99
516	322	78	101
543	338	73	104
555	352	68	105
536	346	67	102
537	341	63	105
550	327	60	109
562	297	60	109
562	293	59	109
548	308	58	109
535	313	58	106
535	329	57	101
537	334	55	98
527	339	55	96
553	362	61	93
520	381	66	90
506	402	69	86
510	370	69	89
515	358	69	92
505	350	69	95
482	333	70	95
432	280	71	90
445	266	70	86
471	250	68	85
482	246	65	85
481	254	63	83
486	257	62	82
517	255	64	81
526	254	65	82
527	268	69	82
529	272	70	84
529	271	68	86
533	277	65	86
544	282	62	83
551	290	62	81
557	300	60	80
550	328	56	79
547	352	55	77
542	352	54	76
529	352	56	76
526	333	58	76
527	303	59	75
527	292	61	76
508	290	61	75
497	285	62	72
493	290	63	71
476	299	63	72
478	310	63	72
480	328	64	69
483	342	65	67
468	343	65	66
452	354	65	65
447	342	65	67
456	309	66	68
468	304	67	71
399	292	66	72
380	309	64	73
402	311	62	74
428	299	61	72
434	297	61	71
425	302	59	69
418	307	58	68
418	318	57	66
423	322	56	66
426	318	56	67
426	305	56	68
429	295	57	68
435	290	57	68
435	296	57	67
443	305	57	67
447	320	57	67
466	339	58	66
491	342	59	67
483	347	60	66
467	360	61	65
468	363	58	66
470	362	58	65
462	363	60	63
462	357	60	63
471	352	61	64
472	342	62	64
465	335	63	64
454	335	63	64
449	336	63	65
444	334	62	66
422	328	63	68
410	332	63	66
404	337	65	65
403	343	66	63
403	350	66	61
406	357	67	59
409	351	67	60
416	344	65	61
432	337	64	60
443	331	64	61
443	336	62	62
444	345	62	63
449	342	61	64
453	338	60	65
456	334	60	66
455	330	61	65
447	337	61	63
445	342	62	63
439	351	63	63
437	355	64	64
438	352	65	65
441	350	65	63
444	347	65	63
454	342	64	63
464	337	63	64
467	341	62	64
478	340	61	65
485	345	62	66
496	351	61	66
500	362	62	67
506	370	63	67
508	382	62	68
504	407	63	68
510	425	64	68
531	432	63	68
545	433	64	68
550	432	62	68
556	429	62	68
562	421	62	68
558	419	62	68
552	420	62	68
566	421	60	69
568	416	59	69
571	401	60	70
558	392	60	70
561	385	58	72
571	370	55	76
566	359	52	80
557	352	50	82
548	336	49	81
535	335	48	81
516	341	48	82
492	355	48	84
485	357	48	84
479	376	47	85
478	394	48	86
486	398	47	87
495	399	48	88
499	395	48	89
493	399	48	90
500	397	49	88
510	400	49	87
523	401	48	86
533	400	47	84
539	399	47	81
546	398	47	78
559	396	47	76
565	392	47	74
569	388	47	72
574	388	47	71
574	386	48	71
575	378	48	70
582	376	48	70
586	369	47	72
586	366	46	73
580	356	47	73
574	357	47	73
578	365	46	74
587	373	45	76
595	383	45	77
598	402	44	78
612	415	44	79
627	414	44	80
621	413	44	80
608	417	45	80
600	413	46	80
596	408	47	79
585	413	47	78
580	417	48	78
570	413	48	79
567	405	48	80
565	396	49	81
553	394	50	79
548	397	50	78
552	391	50	77
548	393	49	77
543	390	48	77
537	388	47	78
535	383	46	79
533	382	45	81
530	382	47	83
520	384	47	84
512	387	47	83
500	398	47	81
487	412	47	80
480	423	47	79
472	432	47	77
463	437	46	77
457	444	47	77
461	446	45	79
473	451	44	80
485	451	43	81
481	450	43	82
462	454	44	84
450	452	45	86
440	437	46	85
429	419	48	83
421	408	49	81
429	400	48	79
440	392	47	79
442	387	47	80
438	385	48	78
448	382	47	76
449	380	47	75
450	386	46	77
452	391	45	80
451	392	46	83
458	391	48	84
468	390	51	82
479	395	52	83
500	396	52	85
513	399	53	86
515	400	54	89
526	392	55	91
529	383	56	92
531	381	58	93
536	385	62	90
541	391	65	86
548	398	70	83
551	407	75	79
544	416	79	76
540	409	81	74
537	402	81	73
524	400	82	72
520	393	82	74
508	396	82	75
503	398	82	76
499	397	84	75
487	388	85	74
479	384	87	76
462	384	87	79
436	387	89	80
421	388	89	84
406	393	91	83
433	417	90	81
422	420	93	76
361	437	95	78
352	448	95	80
344	458	95	82
346	472	94	83
352	483	94	83
370	483	96	82
402	471	96	82
442	459	95	81
473	457	94	81
503	456	91	81
536	448	89	81
568	442	86	81
660	436	85	82
683	434	83	83
706	428	81	82
727	427	77	83
734	426	74	84
758	418	73	84
779	409	75	81
804	414	77	79
840	417	77	79
860	423	77	80
860	421	78	81
871	427	78	83
890	430	78	85
904	431	77	86
903	431	77	86
900	431	76	85
890	431	72	87
879	432	71	87
846	447	68	91
852	440	65	95
836	435	63	99
817	436	62	101
791	434	61	103
782	422	60	104
763	423	59	105
765	423	58	106
756	417	58	105
739	421	58	106
739	417	57	107
729	415	56	108
721	413	56	107
704	418	54	109
695	411	53	111
662	383	55	108
646	374	57	106
623	375	59	104
601	365	61	101
580	356	64	98
554	352	67	95
534	353	71	94
510	348	75	92
498	350	82	84
475	345	87	78
439	364	85	76
411	365	83	76
398	372	79	78
388	374	76	79
386	374	75	80
390	379	70	81
380	375	67	83
371	362	66	81
334	347	71	77
313	347	74	74
299	343	76	71
290	353	75	71
272	356	74	69
258	360	73	68
255	346	67	72
251	348	62	76
240	359	59	78
225	353	62	77
191	341	67	73
173	344	72	70
156	348	76	68
157	346	77	68
156	348	78	67
161	340	78	69
165	339	76	74
169	335	74	77
177	344	73	75
185	337	74	75
204	324	76	72
214	324	78	69
217	326	75	67
225	326	70	69
243	328	66	71
274	318	63	71
286	303	60	73
297	296	59	74
331	289	60	71
349	281	60	70
363	279	61	68
379	278	60	70
387	281	60	69
392	281	60	69
403	284	59	69
410	282	59	69
404	291	61	66
418	294	63	65
420	296	65	65
407	301	68	65
388	299	70	66
375	301	71	66
359	292	73	66
359	300	74	64
363	297	76	62
364	294	79	60
368	292	82	58
374	287	82	58
375	282	82	60
373	282	82	61
378	280	82	64
