140	442	118	229
142	432	120	229
144	430	121	228
146	426	121	227
148	424	122	227
149	420	123	227
155	414	123	227
160	412	123	227
167	407	122	226
173	403	122	227
183	401	122	226
190	396	122	228
199	393	121	228
213	388	120	228
229	383	116	230
241	378	113	231
252	374	111	233
259	370	111	233
266	365	112	235
275	363	111	236
280	360	111	237
283	354	111	240
285	355	109	241
286	354	108	239
289	357	107	238
290	353	106	237
292	361	105	236
293	363	104	232
294	367	102	231
291	363	103	231
294	363	104	233
299	368	104	234
303	368	104	234
307	371	104	235
314	375	104	233
318	378	105	232
327	380	107	229
336	378	107	235
341	379	107	240
349	383	107	242
355	388	107	244
360	391	101	250
374	409	98	253
376	437	93	260
378	447	89	267
393	452	88	265
393	470	89	261
394	481	95	250
573	415	99	245
576	420	105	241
578	423	110	238
577	423	114	236
580	422	115	235
581	421	115	235
582	419	115	236
582	418	115	236
581	400	118	242
579	403	118	244
581	408	122	242
581	406	121	242
582	405	121	241
584	408	119	238
586	405	117	237
598	404	116	237
607	403	115	237
612	408	114	235
620	404	114	236
633	400	116	238
642	399	120	238
647	391	123	238
657	393	125	234
669	389	124	234
674	392	122	234
689	381	121	238
693	385	119	240
707	386	117	240
706	389	115	238
709	390	113	236
712	390	112	234
714	392	111	232
715	391	110	230
715	391	110	230
715	391	109	231
715	391	109	231
714	392	108	230
715	391	108	229
715	392	108	229
715	390	108	229
714	390	108	229
713	391	108	228
713	392	108	227
713	394	107	225
712	397	107	223
711	402	107	219
711	406	106	216
718	399	106	216
714	398	105	217
711	400	105	215
709	404	105	213
708	408	104	211
707	400	104	213
706	403	103	213
705	404	103	213
706	408	103	212
706	407	103	210
704	407	103	209
704	398	104	211
703	403	105	209
700	399	107	209
698	404	108	208
697	399	108	209
695	400	109	209
692	402	110	208
688	406	112	205
686	405	113	205
683	405	114	205
681	403	115	206
678	404	116	206
676	405	117	206
676	408	115	207
675	406	115	208
673	405	114	209
671	404	115	209
680	394	114	212
673	395	113	215
668	396	114	216
666	396	115	216
663	394	115	216
660	396	116	217
659	399	116	216
657	401	116	216
655	394	116	216
653	399	116	216
652	402	115	217
649	395	114	219
647	393	113	221
645	392	113	223
644	392	112	225
643	398	111	224
640	391	111	225
639	392	110	226
637	390	109	228
635	389	109	230
633	388	109	231
632	388	109	232
629	392	109	232
628	386	109	233
625	389	109	233
623	389	109	233
509	280	115	231
503	281	120	229
499	279	124	230
494	278	125	231
492	278	126	231
490	280	126	231
488	278	126	232
489	279	129	230
489	278	130	228
490	280	130	227
492	285	131	225
492	285	133	224
494	282	132	225
497	282	133	226
499	281	134	227
502	280	135	228
489	285	133	226
496	282	134	227
499	280	135	228
487	282	135	230
495	278	135	233
485	275	136	235
488	273	137	237
475	274	138	239
479	271	142	239
465	271	143	238
472	263	145	241
455	260	142	243
456	262	145	242
455	261	147	241
438	259	144	242
444	258	146	242
445	254	150	241
446	251	154	241
447	246	155	245
446	240	156	249
448	237	157	251
447	233	158	254
447	231	158	256
448	235	156	256
449	238	156	255
454	236	154	253
457	257	155	253
464	238	157	250
477	246	164	244
478	251	170	237
484	287	174	235
474	267	180	233
467	203	176	243
469	205	174	248
462	200	171	250
466	199	169	252
450	194	169	253
442	191	170	254
433	174	171	261
412	173	169	265
414	169	169	269
406	187	171	264
378	179	169	260
368	169	165	260
348	154	161	266
348	155	160	268
340	156	159	269
325	159	159	266
314	162	152	272
306	171	146	275
300	174	140	278
289	183	137	279
463	295	132	274
476	317	126	272
483	342	123	269
495	366	120	267
506	389	122	276
520	419	121	279
537	449	119	274
553	470	120	266
584	481	120	258
611	491	123	247
635	494	125	240
662	492	126	236
682	484	127	237
718	467	130	243
732	448	132	248
734	425	131	254
723	418	133	255
691	405	142	255
656	401	154	255
598	400	165	252
538	394	169	252
492	394	170	251
446	394	170	250
413	391	171	249
402	374	164	250
398	355	154	258
408	336	155	260
427	316	155	261
450	293	155	263
491	263	158	266
529	233	163	267
575	190	166	269
618	167	169	268
650	146	171	267
680	135	172	266
701	116	159	280
722	114	149	290
742	135	142	285
751	163	138	279
752	194	135	274
752	218	132	270
751	233	133	276
748	254	131	281
746	274	129	284
744	299	126	279
741	315	123	276
740	325	123	276
735	342	122	274
731	351	121	272
729	360	121	264
727	362	116	259
724	365	112	256
720	378	108	250
716	378	104	245
711	374	102	242
705	381	101	235
698	383	99	227
693	380	96	221
687	378	94	215
680	375	91	210
674	372	89	206
670	367	87	201
663	363	86	197
658	358	84	193
654	355	82	189
651	350	80	185
649	344	78	182
648	340	77	179
648	336	76	175
649	331	75	171
652	327	73	168
655	322	73	165
658	315	72	163
662	308	71	161
668	302	71	159
674	295	70	158
681	285	69	157
687	278	68	158
696	273	68	159
704	270	68	158
713	267	68	157
721	263	68	157
729	257	68	157
736	254	67	157
743	252	67	156
749	249	67	154
755	246	65	155
765	245	64	156
767	245	63	157
771	243	61	158
781	247	59	156
783	244	56	156
791	247	55	155
790	247	54	154
791	247	53	154
791	248	52	154
790	251	50	154
788	250	49	154
787	251	48	153
784	255	48	153
782	251	48	153
854	248	53	153
847	243	57	154
840	239	60	157
826	234	63	158
810	224	68	156
796	217	71	154
783	207	73	156
776	197	76	155
765	188	76	160
753	172	76	167
741	161	75	173
739	157	74	182
723	135	73	189
709	108	74	190
704	89	76	190
686	75	77	189
680	77	78	189
663	79	79	188
656	77	79	190
648	75	81	189
630	91	81	190
626	110	81	190
623	115	81	191
621	119	81	189
623	139	84	182
635	146	87	176
647	156	86	174
657	166	88	171
666	171	89	172
667	169	85	175
681	183	85	174
685	197	83	174
699	201	82	175
699	204	81	174
711	209	81	176
715	214	80	176
723	216	80	178
726	220	79	179
737	234	79	185
737	232	78	188
739	229	77	188
738	210	78	186
751	240	79	187
748	237	78	188
748	235	78	188
749	232	78	186
749	230	78	183
750	230	79	180
749	232	79	178
749	233	78	176
746	233	79	174
747	240	80	175
744	230	80	173
745	233	80	171
744	235	80	170
744	237	79	169
742	236	79	170
742	237	79	171
742	238	79	172
742	238	79	173
742	238	80	174
742	238	80	174
741	236	82	174
741	235	82	176
741	236	82	177
740	236	83	178
740	235	83	179
740	236	83	179
741	235	84	178
741	234	85	177
741	237	85	178
740	238	84	177
740	238	84	177
741	237	84	176
742	235	85	174
743	234	85	174
741	234	86	174
741	234	87	174
740	234	87	173
741	234	87	173
740	234	87	173
740	232	88	173
740	233	88	173
740	233	87	173
739	233	87	173
740	234	87	172
740	233	87	172
740	233	86	171
741	235	85	170
742	235	84	170
743	234	84	169
743	233	84	168
743	233	84	167
743	233	83	165
745	232	83	164
746	233	83	164
748	234	82	165
749	232	82	166
751	233	82	167
751	234	82	169
752	236	83	168
753	237	83	169
755	237	83	170
755	231	84	169
756	237	84	169
757	234	85	168
758	242	86	170
758	239	87	169
757	245	87	173
759	243	88	173
758	251	88	176
757	256	87	181
758	261	86	190
759	256	84	196
759	252	83	201
760	248	82	205
762	248	82	206
762	248	82	208
762	248	81	209
764	247	81	211
764	246	81	212
765	245	81	214
764	245	81	215
764	245	81	215
763	244	81	216
761	243	81	218
759	241	83	219
757	243	83	218
754	243	84	218
752	246	84	217
753	247	84	218
753	249	84	217
752	256	85	219
750	256	86	220
749	258	87	218
746	253	88	215
744	247	89	210
742	244	89	207
740	259	88	205
738	260	88	203
738	280	87	201
738	287	86	200
738	295	85	201
738	301	86	199
737	310	86	198
738	316	85	199
739	317	85	201
739	320	85	202
740	322	85	206
739	324	86	209
739	318	86	209
740	322	86	211
740	317	85	212
741	313	84	212
742	317	85	216
744	311	85	216
745	317	86	220
744	316	87	223
746	306	87	224
749	312	88	226
747	300	89	229
748	305	90	229
745	305	91	229
748	296	91	231
748	299	91	232
751	288	90	234
753	290	91	235
754	288	90	235
751	289	90	234
755	278	90	235
756	283	90	236
759	273	90	236
758	275	91	237
760	270	91	236
760	274	91	236
763	263	91	237
767	263	89	235
766	266	90	234
764	268	91	234
776	260	92	234
776	260	92	233
777	258	90	232
775	265	91	231
780	253	90	233
782	258	90	233
788	252	89	233
801	252	89	232
800	257	89	230
801	262	88	230
818	255	88	229
819	265	88	229
834	248	89	225
836	250	88	222
852	254	88	218
863	258	88	219
867	262	88	220
882	262	88	224
884	265	88	226
897	268	89	229
899	273	88	231
913	281	89	233
913	270	89	230
917	274	88	229
930	280	89	229
928	282	90	230
929	284	89	230
929	285	89	229
932	284	89	226
934	287	89	222
937	290	89	220
933	281	91	215
930	282	91	208
943	296	95	200
937	293	94	196
936	303	93	194
936	306	92	193
937	310	91	192
938	314	91	192
939	315	91	191
941	318	91	191
944	321	90	189
947	324	90	189
951	328	89	188
967	329	88	186
968	340	87	185
969	335	87	183
970	338	87	181
973	340	86	180
977	344	86	177
981	348	85	176
985	350	85	174
988	352	85	174
991	352	85	173
995	354	84	172
997	354	84	171
1001	355	83	171
1004	356	83	171
1006	357	83	170
1009	357	83	170
1011	357	84	171
1013	356	84	171
1015	357	84	169
1017	359	84	169
1020	359	84	168
1021	358	84	168
1023	359	84	168
1022	363	84	167
1021	366	84	165
1021	372	84	163
1020	370	85	162
1016	369	86	161
1013	368	87	160
1001	370	88	159
1001	373	89	157
997	375	90	157
993	375	91	158
986	376	92	161
982	378	91	161
965	365	92	163
952	357	93	166
953	363	93	168
941	356	94	170
941	357	95	173
940	351	95	175
941	362	96	175
927	353	95	179
930	348	96	181
931	353	97	183
932	348	99	185
932	356	99	184
933	353	100	185
935	353	101	185
936	355	101	185
938	351	102	187
938	349	103	188
939	347	103	189
940	346	104	190
942	345	104	191
944	346	104	191
946	344	103	193
948	342	103	195
966	355	103	192
966	351	104	191
968	351	104	191
966	344	104	193
985	357	104	191
982	349	104	192
984	349	104	192
982	340	105	195
986	340	104	200
988	334	104	203
1004	341	104	204
1002	338	104	204
1019	342	105	203
1020	341	105	204
1024	340	105	204
1026	330	103	207
1043	337	104	206
1080	335	103	206
1073	332	106	204
1053	340	105	205
1052	334	103	206
1048	330	101	207
1063	348	103	203
1058	352	105	200
1055	356	105	198
1018	347	105	200
997	341	105	201
995	344	105	203
993	348	106	202
971	337	106	205
969	338	106	206
969	341	107	206
966	345	108	204
965	351	109	202
950	345	107	204
949	341	107	204
952	342	106	204
949	338	106	204
947	336	106	204
951	339	104	207
949	334	105	208
951	337	104	210
949	333	104	209
950	337	103	211
953	338	102	212
952	336	103	211
955	339	103	213
954	335	101	214
957	339	99	216
957	337	99	215
957	336	97	214
961	341	97	215
960	338	96	215
965	346	96	216
966	346	96	218
963	340	96	218
980	351	96	219
978	346	97	220
972	340	98	221
972	342	98	222
971	344	98	223
971	346	98	223
968	344	98	220
970	343	97	219
975	348	97	219
976	352	96	219
974	348	96	217
977	352	95	217
980	354	95	216
982	356	94	215
981	353	95	214
984	358	94	214
987	359	94	212
986	356	94	212
988	357	94	213
990	357	94	213
991	357	95	213
991	356	95	213
992	358	96	213
993	357	95	212
994	357	96	212
995	356	96	211
996	359	96	211
997	358	96	210
998	360	96	210
999	358	97	210
1001	361	97	210
1002	360	97	210
1004	363	97	210
1021	372	99	205
1019	376	101	200
1018	377	102	196
1017	377	102	194
1016	378	102	193
1015	379	102	192
1013	379	102	192
1016	382	103	190
1015	379	103	190
1017	384	103	189
1017	382	104	189
1018	385	104	189
1017	382	104	190
1018	383	104	190
1019	386	104	192
1020	381	104	192
1020	382	104	193
1020	381	104	195
1019	377	104	197
1018	377	105	198
1018	375	105	199
1018	375	105	200
1017	374	104	202
1017	374	105	202
1017	374	105	203
1017	375	105	203
1017	376	105	203
1017	377	105	203
1017	376	105	202
1017	376	106	203
1016	376	106	202
1013	373	107	201
1014	379	106	201
1028	380	107	199
1026	389	106	197
1025	390	105	194
1026	393	105	193
1025	389	105	192
1023	389	104	192
1024	391	104	191
1025	393	104	190
1024	389	104	191
1025	391	103	191
1025	389	103	191
1025	388	103	192
1023	384	103	193
1021	385	104	192
1021	386	104	192
1020	387	104	192
1020	387	104	193
1020	386	105	193
1020	386	105	193
1019	387	105	193
1018	386	105	194
1018	383	106	195
1017	381	106	195
1014	380	106	196
1013	375	106	199
1008	372	106	199
1005	372	106	201
1002	372	107	201
1000	372	108	202
995	368	108	202
994	371	110	203
993	372	110	203
991	367	110	204
992	369	111	205
991	370	111	205
991	370	111	207
990	370	111	207
990	370	112	209
989	369	112	209
988	369	112	210
987	368	113	212
987	367	113	213
986	367	113	214
985	366	113	215
985	367	114	215
984	367	114	215
995	367	116	214
988	364	116	214
985	364	116	214
983	365	115	213
983	366	114	212
981	365	112	212
990	361	111	213
984	362	110	213
981	362	108	212
981	364	106	211
981	366	105	209
982	367	105	209
983	367	104	210
983	367	105	210
982	366	105	210
982	366	105	210
983	365	105	210
981	364	105	211
981	365	105	211
981	365	105	211
983	364	104	211
983	364	104	211
981	361	104	211
983	365	104	211
982	361	104	212
984	364	104	213
996	363	104	213
992	364	105	210
987	359	105	210
999	364	104	212
996	365	105	210
993	365	105	210
990	361	103	210
989	366	103	210
1003	369	103	208
999	366	104	208
996	364	105	208
994	365	105	209
991	362	105	210
987	357	104	212
987	362	104	212
988	363	102	211
987	359	103	209
987	363	102	210
985	360	102	209
985	364	102	208
986	364	101	206
987	363	100	206
987	364	100	205
988	364	100	205
987	363	101	204
987	363	101	204
987	363	101	203
986	364	102	203
986	362	102	203
986	363	103	203
985	361	103	204
985	362	103	203
983	361	104	203
984	362	104	203
982	361	105	203
981	361	105	203
981	360	106	203
980	362	106	204
979	359	106	205
979	359	106	205
977	358	106	205
977	359	107	205
976	360	106	205
976	359	106	205
976	359	106	205
976	359	106	204
975	360	106	204
974	361	106	204
974	361	106	204
973	361	106	204
975	359	105	204
976	359	104	204
977	357	104	205
978	356	104	206
978	356	104	206
978	355	104	207
977	355	103	207
977	355	103	207
977	355	103	207
977	354	103	207
978	354	103	207
977	354	103	207
975	353	103	207
976	353	102	207
977	355	102	207
977	354	102	207
977	354	102	206
977	354	102	206
976	353	103	206
975	353	103	206
975	353	102	206
975	353	101	206
976	353	101	206
974	353	101	206
974	352	101	205
972	352	102	204
972	353	102	203
972	353	102	203
971	353	102	202
972	354	102	201
972	352	102	201
971	351	102	201
972	353	103	202
972	351	103	202
971	350	103	202
972	351	103	203
971	350	103	203
971	350	103	202
971	350	103	202
971	349	103	202
972	348	103	202
972	348	104	202
972	349	105	202
972	346	104	202
971	347	104	202
973	346	104	203
973	344	104	203
973	345	105	203
973	343	105	203
972	341	105	205
971	340	105	206
969	340	105	207
968	339	105	208
968	339	105	208
968	338	106	207
967	340	106	208
967	336	106	208
968	337	106	209
968	337	107	209
967	337	107	210
968	335	107	210
966	337	107	210
967	337	107	209
967	339	107	209
968	338	107	209
966	339	106	209
968	340	105	208
968	341	105	208
968	341	104	208
968	343	103	207
970	343	103	207
971	346	104	205
971	346	105	205
971	347	105	204
971	348	105	203
971	346	105	203
971	348	104	204
971	345	103	204
970	347	103	204
970	348	102	204
971	349	101	204
970	349	100	205
971	349	100	205
971	349	99	205
971	351	98	205
972	352	98	204
972	353	97	202
972	355	97	200
973	356	97	198
973	356	97	198
973	355	96	197
973	357	96	195
973	358	96	194
974	359	96	193
974	358	97	193
975	358	97	192
975	357	98	191
975	356	98	190
975	353	99	192
974	350	99	195
973	348	101	198
973	347	102	199
972	346	103	201
971	345	104	202
970	345	104	203
970	344	104	203
969	345	104	203
969	344	104	204
969	344	105	204
969	343	105	204
969	344	105	204
969	344	106	203
969	345	106	203
967	345	106	203
966	345	106	203
965	345	106	203
965	345	105	203
966	345	103	203
966	345	103	203
966	345	102	202
967	345	101	203
966	345	101	203
966	345	100	203
967	347	100	203
968	344	100	203
968	343	100	203
968	343	100	204
967	343	100	205
968	343	100	206
968	343	100	205
968	345	100	205
968	344	100	204
968	344	100	204
970	344	101	204
970	344	102	204
970	344	103	205
970	344	103	205
969	343	103	205
970	343	103	204
969	343	103	204
969	343	103	204
968	343	104	205
967	342	104	205
967	343	104	205
963	340	105	204
964	344	104	204
966	344	102	203
967	344	102	203
967	344	102	203
968	343	102	203
969	343	103	204
967	342	104	205
967	343	104	205
968	343	104	205
968	344	104	205
968	344	104	205
967	345	104	205
968	345	104	204
969	346	104	203
969	345	104	203
969	346	104	203
969	346	104	203
969	345	104	203
969	344	104	204
969	344	104	204
969	343	103	204
969	343	101	204
969	343	99	203
970	345	99	203
971	346	100	202
971	347	100	201
972	347	100	200
972	348	100	200
972	348	100	200
972	348	101	200
972	347	102	201
972	347	102	201
972	347	103	201
972	347	103	201
973	346	103	202
973	346	104	202
974	346	104	203
974	346	104	204
973	345	105	204
973	345	105	205
973	345	105	205
973	345	105	205
973	345	105	206
974	344	105	206
974	344	105	206
974	344	106	206
974	343	106	208
974	343	106	208
975	344	106	208
975	343	107	207
975	343	107	207
974	343	107	207
974	342	107	208
973	343	107	208
974	341	107	208
973	343	108	207
973	343	108	208
974	343	108	208
973	343	108	207
974	343	108	207
974	344	109	207
974	343	109	208
974	344	109	208
970	339	110	207
970	342	110	207
968	339	110	205
970	342	109	205
968	339	108	204
970	343	108	205
968	339	108	204
970	343	107	205
968	339	107	204
969	343	107	205
968	341	106	204
971	343	105	204
973	340	105	203
974	343	107	204
973	342	107	205
973	343	107	205
973	343	107	205
973	343	107	205
973	343	106	206
973	343	106	207
974	343	107	207
974	342	107	207
975	341	107	207
975	341	107	207
975	340	107	208
975	340	107	208
975	339	108	208
975	340	108	209
972	337	109	207
972	339	109	208
974	339	109	208
975	339	109	208
975	339	108	209
975	339	108	210
975	340	108	209
975	340	108	210
975	341	108	209
975	342	108	208
975	342	108	208
974	343	108	207
974	343	109	207
973	343	108	206
970	343	109	206
968	344	109	206
968	344	109	206
967	346	108	205
965	341	106	206
966	344	106	207
964	339	104	208
964	344	105	209
963	341	103	210
961	339	101	211
963	342	100	214
962	340	99	214
962	339	98	214
964	341	97	216
965	342	97	217
963	339	97	216
964	341	96	217
962	338	96	216
965	340	95	217
964	340	96	218
964	342	96	218
964	339	96	216
965	340	96	216
964	341	98	217
962	338	98	216
964	339	97	217
964	340	98	218
962	338	98	217
966	337	98	218
962	335	98	217
964	336	98	219
963	334	99	218
964	335	99	220
961	335	99	218
964	336	99	220
962	334	99	219
962	334	99	218
962	334	98	217
962	335	97	216
963	335	97	215
964	332	98	216
964	334	98	214
964	334	98	213
967	334	99	214
969	336	100	215
971	335	100	216
972	335	100	216
973	333	101	215
975	334	101	214
975	334	101	215
976	334	100	214
977	336	99	213
978	336	98	212
978	337	98	211
980	338	99	211
980	340	99	211
981	341	99	210
982	341	101	209
983	342	102	207
983	343	103	206
983	345	104	205
983	347	104	203
984	346	104	203
984	349	104	201
984	347	104	201
984	346	104	201
984	348	104	200
985	347	104	200
986	348	104	199
987	348	104	198
985	347	105	198
985	348	105	197
984	347	105	197
984	347	105	196
984	346	104	197
984	348	104	197
984	347	105	197
985	346	105	198
984	347	105	198
984	346	105	197
983	345	104	198
982	342	104	200
981	342	104	201
979	341	104	202
977	341	105	203
975	340	106	203
974	340	107	202
972	341	107	203
971	343	106	202
971	343	106	202
969	343	106	202
969	344	106	203
966	339	106	203
969	342	106	204
968	342	106	205
969	344	106	205
966	340	106	205
968	342	106	207
969	343	106	208
969	344	106	210
968	338	104	211
966	334	102	210
967	337	101	213
969	339	101	215
969	339	100	218
971	338	99	220
969	333	99	218
969	334	99	219
970	336	100	220
969	332	99	219
969	333	99	220
969	335	100	221
970	336	100	222
969	337	100	223
970	337	101	223
969	337	101	223
969	336	101	222
970	336	101	222
969	336	101	222
971	336	101	222
970	331	100	220
973	332	99	219
975	333	98	218
976	331	98	217
977	332	97	217
978	333	97	218
979	332	96	219
979	333	95	218
980	335	94	218
980	336	94	217
980	337	93	216
980	335	95	217
979	334	96	219
978	334	96	221
980	334	95	220
979	335	95	220
980	334	95	220
980	334	96	221
979	332	96	221
980	332	96	221
979	331	96	221
979	331	95	220
979	332	95	219
979	333	95	218
980	333	95	218
981	335	96	217
979	329	96	217
981	339	96	214
980	333	97	215
981	331	97	214
981	332	98	212
982	334	98	211
999	344	100	207
996	346	102	203
993	347	104	200
991	351	105	198
989	344	107	201
986	344	108	202
984	343	109	202
981	340	110	203
976	337	110	205
973	339	112	204
972	341	112	204
970	340	112	204
971	341	112	204
971	340	111	206
971	340	112	207
971	338	112	208
970	339	112	208
970	339	112	208
969	339	112	208
971	342	110	207
972	341	110	209
972	339	111	210
971	339	111	211
969	339	111	212
969	340	110	213
971	340	110	214
971	340	110	213
971	340	110	214
972	340	111	213
971	339	112	212
970	339	112	211
970	340	112	210
971	342	112	209
971	340	112	209
971	341	111	208
971	341	110	207
972	341	109	205
973	341	108	205
973	341	107	204
973	341	106	203
974	341	106	203
975	342	106	203
976	342	104	203
977	342	103	203
979	343	101	202
981	342	101	201
980	342	101	202
979	340	101	202
979	340	101	203
980	340	101	204
979	340	101	204
979	339	101	204
979	338	101	205
977	336	102	205
976	336	102	205
975	336	101	205
976	336	100	205
976	335	101	205
976	334	102	205
976	334	103	205
976	333	103	206
977	333	104	206
977	332	105	206
976	332	105	206
975	332	106	207
974	331	106	207
973	331	107	207
972	330	106	208
973	330	106	209
973	330	106	209
972	331	106	208
972	331	106	209
973	332	107	208
974	332	106	209
974	332	107	208
974	332	108	207
974	332	109	207
973	333	109	207
972	333	108	207
973	336	108	207
973	338	108	206
973	337	108	206
974	338	109	206
972	338	109	204
973	338	107	204
976	342	106	202
976	345	106	200
977	345	107	199
978	346	107	200
977	346	107	201
978	346	107	203
978	347	107	204
977	348	108	205
976	349	108	205
978	348	107	205
977	350	107	204
977	352	107	202
978	353	107	201
979	351	107	199
981	353	108	198
984	355	107	196
984	353	107	195
987	354	106	195
989	356	105	194
991	358	104	193
992	359	103	192
992	360	103	190
993	360	102	188
993	361	102	185
993	362	102	184
994	359	102	183
994	360	102	182
994	360	102	181
994	356	102	182
994	359	102	183
994	354	102	184
993	357	102	185
993	352	102	187
991	351	102	188
990	350	101	190
989	346	102	191
989	344	101	193
987	340	100	195
988	341	101	198
988	339	102	202
988	335	102	205
987	336	103	207
985	332	104	208
982	330	105	209
981	330	106	211
981	328	107	211
981	328	109	213
980	326	109	212
980	326	110	212
980	329	111	211
981	329	111	209
981	330	111	208
981	330	111	208
981	327	110	209
980	326	110	211
978	326	110	210
976	326	110	208
974	327	111	209
975	328	110	207
975	330	111	206
973	329	112	207
973	329	112	206
971	328	112	206
972	329	112	206
971	328	112	206
972	330	112	206
972	331	112	205
973	331	112	205
973	331	111	205
973	331	111	206
974	332	111	205
973	331	111	206
973	332	111	206
973	332	111	207
974	332	110	207
973	330	110	207
972	331	110	207
972	330	110	208
972	330	109	207
972	328	109	208
973	328	109	207
974	329	108	206
972	328	108	205
974	330	107	204
974	328	106	204
975	328	105	204
975	327	104	205
978	329	104	204
978	330	103	204
980	329	102	204
980	328	102	204
981	328	101	204
981	328	101	204
980	328	101	205
980	328	101	204
980	327	101	205
980	328	101	204
980	328	101	205
979	327	102	205
980	328	102	205
981	328	102	205
981	328	103	206
981	328	103	207
981	325	104	207
981	326	104	208
980	325	104	208
979	325	104	208
979	325	105	207
979	327	105	206
979	327	105	206
978	326	105	205
978	326	106	205
978	325	106	205
978	326	106	205
978	325	106	205
978	325	106	205
979	325	106	205
979	324	105	205
978	323	105	206
979	323	106	206
978	323	106	206
977	324	106	206
977	322	106	206
977	324	106	206
977	324	106	205
977	323	106	205
977	323	105	205
977	324	106	204
975	324	106	204
973	321	106	203
970	323	106	204
972	323	105	203
971	323	105	203
971	323	105	202
970	323	105	202
970	324	106	201
971	324	106	201
969	323	107	201
967	323	106	201
967	325	106	200
967	325	106	200
968	325	106	199
968	324	107	199
968	323	107	199
970	324	108	199
968	323	107	199
969	323	107	199
969	323	107	200
969	323	107	200
972	322	105	202
973	321	104	203
973	321	103	204
975	320	103	204
975	317	103	204
977	318	104	205
977	316	103	205
978	319	104	204
978	321	104	203
979	319	104	203
980	321	104	203
979	318	104	204
980	318	105	205
979	316	105	206
978	318	105	207
978	316	105	207
979	318	105	206
979	317	105	207
980	317	105	207
979	315	104	209
977	315	104	209
973	312	104	207
974	316	102	207
975	316	102	206
977	317	101	206
980	318	101	205
980	318	103	205
981	318	103	205
979	316	104	206
976	316	103	206
976	314	102	206
975	315	102	207
974	314	102	207
976	315	102	206
979	317	102	206
978	317	103	206
978	315	103	206
977	316	103	206
974	314	103	206
974	315	103	206
974	314	101	207
974	313	99	207
975	313	98	208
975	314	98	207
975	313	98	208
974	311	98	208
974	312	98	207
973	311	97	207
973	311	98	207
973	312	99	206
975	313	100	206
976	313	100	206
976	314	100	204
977	313	100	204
976	311	100	205
974	312	100	206
973	311	100	207
972	310	100	208
973	310	100	208
975	312	100	208
975	311	100	208
973	308	98	208
973	308	98	209
974	307	96	212
971	303	96	213
973	306	96	215
974	306	95	215
971	302	94	214
974	306	94	215
973	304	93	214
972	303	93	214
976	305	94	215
974	300	93	215
976	303	94	217
973	301	94	216
972	303	93	216
972	303	92	215
973	302	92	215
973	301	92	215
974	301	92	215
977	303	93	217
976	299	93	216
978	301	93	219
976	301	94	216
974	303	93	214
973	304	93	213
974	304	92	212
974	304	91	211
975	304	92	210
975	303	92	210
975	304	92	210
974	304	92	210
975	305	92	209
987	305	93	211
984	304	93	211
982	305	94	212
982	305	94	210
981	306	94	210
977	301	94	210
977	302	93	210
976	304	93	210
989	302	94	211
985	303	95	212
984	302	95	212
982	305	94	213
979	300	93	213
977	302	92	212
978	302	92	212
977	303	91	211
978	302	91	211
992	302	92	213
990	302	92	213
989	302	93	214
984	299	94	213
983	300	94	216
983	301	94	216
983	301	94	215
984	301	94	215
980	296	94	214
977	301	92	213
977	297	91	213
980	300	92	214
977	295	92	215
979	297	93	216
978	297	93	216
976	297	95	215
975	298	96	214
975	299	97	214
976	299	97	213
973	297	98	214
971	297	99	213
968	297	100	213
969	298	101	213
969	297	101	214
969	298	101	213
967	298	101	213
967	299	101	213
966	299	101	213
964	297	100	213
964	298	99	211
964	298	98	210
964	298	98	209
965	299	97	208
966	298	97	208
966	299	97	207
966	298	97	207
966	296	97	208
965	297	97	208
965	297	97	207
966	298	97	206
966	298	97	206
965	297	97	206
967	300	98	206
964	293	99	208
967	298	99	208
964	295	100	209
967	296	100	209
965	296	99	209
964	297	99	208
964	297	97	207
967	299	98	208
965	294	98	208
969	297	98	209
964	295	99	209
969	297	99	209
965	293	99	209
969	297	99	210
967	293	99	210
967	297	98	208
968	299	98	208
968	293	97	210
969	295	97	209
968	294	97	210
969	295	96	210
970	295	97	209
969	294	96	210
970	294	96	210
970	293	95	211
983	296	97	212
974	291	98	212
975	292	99	214
976	293	99	215
977	294	99	215
978	295	98	215
976	291	97	214
979	295	96	214
979	293	95	213
983	296	94	214
981	292	93	214
984	295	93	214
986	295	93	214
984	291	92	213
986	294	93	215
983	292	93	214
987	295	92	215
985	290	92	214
988	293	93	216
985	289	93	214
987	292	93	216
985	289	93	214
989	292	93	216
986	290	92	215
988	293	92	216
985	289	91	215
989	293	92	217
986	287	91	216
989	290	92	217
991	292	93	217
988	289	93	215
986	292	92	215
986	291	92	214
986	290	92	214
985	291	92	214
986	291	92	213
987	291	92	213
990	294	92	214
989	289	92	214
988	292	91	214
988	289	91	214
1001	291	93	216
995	293	94	217
990	286	94	216
988	293	93	216
987	289	92	216
990	292	93	216
989	291	92	214
988	293	91	213
988	290	91	214
988	290	91	213
987	291	91	212
990	293	92	213
987	287	92	212
989	290	92	215
987	289	91	213
987	291	92	213
989	294	90	213
987	291	89	213
986	292	89	213
987	290	88	213
986	291	89	212
986	292	89	212
999	291	90	215
995	294	91	216
991	290	92	213
989	296	91	216
991	295	92	217
990	293	92	217
989	290	91	218
987	294	91	218
986	295	92	218
984	288	94	219
983	290	97	218
981	293	99	217
980	297	99	217
978	298	101	218
977	298	103	219
974	297	103	222
973	296	103	225
972	295	104	225
973	294	104	226
972	294	104	228
973	294	104	230
972	293	104	233
971	294	104	235
971	292	104	235
970	290	105	234
970	288	106	233
970	289	106	231
969	288	106	230
969	289	105	227
969	289	105	226
969	283	105	223
969	286	105	223
979	280	106	222
973	282	106	221
969	287	106	219
969	285	105	218
969	288	105	219
970	286	105	217
969	284	104	217
970	284	103	215
971	284	103	214
972	283	103	213
973	284	104	214
973	284	105	215
971	285	105	217
972	284	103	215
972	287	103	216
973	286	102	216
973	284	102	214
974	282	101	213
976	285	101	212
977	285	102	212
976	285	102	212
975	283	101	211
975	283	101	210
977	283	100	210
977	282	99	211
978	281	99	210
979	283	98	210
981	282	98	211
982	281	97	211
983	281	96	211
982	284	95	209
986	288	95	211
985	285	94	210
984	286	93	209
999	286	95	212
991	280	95	212
989	285	96	213
989	283	95	211
988	285	94	210
987	287	94	209
1006	296	94	208
1003	289	97	209
1000	288	98	210
995	286	98	210
992	285	97	210
992	290	97	210
991	288	98	208
990	286	97	206
990	286	95	208
990	286	94	210
992	289	94	209
1004	290	94	210
1000	287	96	211
994	285	96	210
994	289	96	210
994	290	96	209
993	288	98	207
993	289	97	207
992	286	97	205
993	288	97	206
992	286	97	204
994	290	97	206
996	291	97	206
993	289	98	203
992	292	96	204
994	293	96	204
995	293	95	205
993	290	96	204
1006	292	98	203
1002	292	100	202
999	292	100	202
998	291	100	202
995	287	101	201
993	287	101	202
993	289	100	204
992	285	100	202
994	288	100	204
992	286	100	203
994	290	99	206
994	287	100	205
994	290	99	204
993	288	99	204
994	290	98	205
992	287	98	205
991	287	97	204
1004	291	99	206
1002	292	100	207
1001	294	101	207
1001	293	101	208
1001	293	101	208
1001	293	101	209
997	284	101	211
994	280	100	212
994	285	100	211
993	282	100	210
991	281	98	209
995	288	97	210
997	288	96	207
995	284	97	207
996	287	96	208
994	285	96	207
996	288	95	208
994	287	95	208
1008	293	97	206
1004	294	98	206
1003	293	99	206
1003	294	100	208
1002	293	100	209
1000	289	100	208
999	287	100	209
996	283	101	207
993	287	101	209
993	285	100	208
994	282	98	209
995	286	97	208
993	284	95	209
1008	289	98	208
1005	288	99	208
1001	288	99	209
1000	289	100	209
1000	289	100	210
1000	290	101	210
1001	292	101	210
1001	292	102	210
1001	292	102	210
997	288	103	210
995	285	103	210
993	282	103	210
992	282	103	208
992	284	103	206
995	287	101	207
995	288	100	207
995	287	100	208
994	284	100	208
994	286	100	209
992	284	99	207
1004	286	101	208
1001	287	102	207
