0.012507
0.015352
0.015618
0.016213
0.016574
0.016779
0.016702
0.019128
0.018777
0.016335
0.020602
0.019948
0.022240
0.018265
0.015799
0.016076
0.016092
0.016113
0.016912
0.017110
0.019901
0.015984
0.015835
0.016502
0.016370
0.017606
0.016187
0.016208
0.020352
0.020060
0.029313
0.017112
0.016591
0.016650
0.016773
0.016719
0.016520
0.021996
0.020058
0.019986
0.016706
0.016939
0.017129
0.016772
0.016207
0.022753
0.016532
0.021043
0.020092
0.019546
0.018764
0.017798
0.017516
0.017785
0.017714
0.016450
0.019615
0.028663
0.020000
0.015495
0.015388
0.015855
0.017817
0.015420
0.018234
0.015601
0.016571
0.016508
0.017287
0.014669
0.017951
0.013662
0.014999
0.015229
0.018641
0.016376
0.015438
0.017836
0.014151
0.016938
0.017580
0.015332
0.013655
0.017929
0.014285
0.014324
0.020057
0.014244
0.015673
0.013260
0.014128
0.018106
0.012074
0.011804
0.014267
0.011808
0.012786
0.011628
0.011942
0.011637
0.011913
0.012130
0.012069
0.011606
0.011403
0.011441
0.011924
0.011736
0.013221
0.013146
0.016219
0.013780
0.012698
0.011440
0.012550
0.013053
0.011960
0.013185
0.013141
0.011494
0.012487
0.013104
0.017485
0.013908
0.011029
0.011209
0.011287
0.011124
0.018767
0.011402
0.010951
0.011699
0.012229
0.011538
0.018047
0.011305
0.011802
0.011944
0.018389
0.012635
0.011602
0.012193
0.011239
0.013034
0.012620
0.016240
0.010829
0.012830
0.010894
0.011069
0.011039
0.018520
0.010690
0.010830
0.011008
0.010952
0.011282
0.013033
0.011038
0.010916
0.012388
0.010964
0.012278
0.012033
0.011533
0.011141
0.011119
0.010990
0.010913
0.010751
0.010980
0.012649
0.017251
0.011152
0.014499
0.010947
0.011091
0.012725
0.011053
0.011268
0.010925
0.012056
0.010977
0.011357
0.011070
0.011044
0.011283
0.012314
0.012183
0.010986
0.012528
0.011092
0.014645
0.011110
0.011467
0.011360
0.011391
0.011122
0.011289
0.011385
0.011399
0.011696
0.011575
0.011543
0.011391
0.012143
0.013340
0.011422
0.011373
0.011356
0.011486
0.013198
0.012655
0.012903
0.012398
0.016968
0.011335
0.011446
0.011270
0.011573
0.011894
0.011907
0.017111
0.016340
0.011896
0.012126
0.014078
0.011503
0.012571
0.018903
0.012912
0.012849
0.011792
0.012027
0.011754
0.011535
0.011458
0.011642
0.013668
0.011571
0.013052
0.011457
0.013534
0.010937
0.012781
0.011066
0.012898
0.011301
0.012955
0.011283
0.011185
0.011102
0.011476
0.011061
0.011117
0.011126
0.011017
0.013039
0.011294
0.011283
0.011070
0.022615
0.013878
0.013347
0.011107
0.012019
0.013833
0.011468
0.011612
0.011428
0.011554
0.020284
0.010844
0.010773
0.017164
0.010997
0.010909
0.010744
0.010791
0.011027
0.010961
0.010969
0.011700
0.012136
0.011461
0.011043
0.012844
0.010929
0.012405
0.012361
0.012531
0.011706
0.014051
0.011730
0.013290
0.011610
0.011772
0.011999
0.012549
0.013962
0.013932
0.012376
0.013948
0.012547
0.013235
0.012709
0.012940
0.013047
0.012751
0.012855
0.012655
0.012921
0.014330
0.014461
0.012938
0.013948
0.014199
0.013970
0.015805
0.012718
0.012886
0.013904
0.017163
0.014211
0.012488
0.013412
0.013213
0.013067
0.014765
0.018765
0.014325
0.014194
0.015535
0.014173
0.013729
0.014301
0.014718
0.014319
0.014440
0.015016
0.017113
0.015354
0.015635
0.015433
0.015094
0.015160
0.015029
0.014989
0.015090
0.022295
0.014725
0.014567
0.016442
0.015224
0.016550
0.014518
0.013985
0.013785
0.014050
0.014158
0.013909
0.013549
0.013987
0.013524
0.013647
0.014110
0.014158
0.014334
0.017870
0.014500
0.014856
0.014498
0.013857
0.016114
0.014081
0.013393
0.013475
0.014396
0.013534
0.015009
0.013150
0.014790
0.017006
0.014920
0.012676
0.014396
0.013198
0.013000
0.013135
0.014744
0.012802
0.012565
0.014599
0.012646
0.012153
0.012211
0.012217
0.014403
0.012161
0.012172
0.011870
0.012083
0.011977
0.012867
0.012599
0.012295
0.012518
0.013341
0.012920
0.012929
0.019624
0.036045
0.013404
0.012713
0.012740
0.012815
0.012278
0.013907
0.012856
0.012922
0.012992
0.012802
0.018828
0.019765
0.015444
0.013574
0.013279
0.013061
0.015894
0.022270
0.014060
0.012635
0.012491
0.013143
0.013122
0.012599
0.022380
0.012611
0.012340
0.011789
0.011788
0.011839
0.012110
0.013999
0.011942
0.011406
0.011606
0.015773
0.013305
0.011659
0.011646
0.011890
0.011645
0.012601
0.013851
0.012966
0.013700
0.011766
0.013877
0.012177
0.013546
0.012562
0.016427
0.012550
0.012665
0.014019
0.012818
0.012600
0.012724
0.012695
0.012450
0.014283
0.012097
0.014046
0.012723
0.013239
0.011953
0.011675
0.011461
0.011643
0.013257
0.011596
0.011711
0.011387
0.011269
0.013028
0.011047
0.011745
0.015019
0.011666
0.011590
0.011738
0.012872
0.011869
0.014011
0.011874
0.012030
0.013567
0.011946
0.011749
0.011939
0.016718
0.012465
0.011860
0.013584
0.012545
0.012176
0.011929
0.012189
0.014502
0.012449
0.012195
0.011985
0.012120
0.029342
0.012427
0.011991
0.011863
0.016985
0.012769
0.014893
0.015314
0.013745
0.014480
0.012781
0.012690
0.020802
0.014248
0.014704
0.021621
0.013240
0.012963
0.014979
0.013095
0.013779
0.013453
0.016059
0.014619
0.015240
0.014611
0.015118
0.016899
0.015152
0.016536
0.018426
0.017574
0.017465
0.028800
0.016286
0.017345
0.016376
0.016294
0.016799
0.017076
0.017194
0.016711
0.019346
0.018313
0.017915
0.018211
0.017471
0.017763
0.017559
0.017325
0.029599
0.023044
0.019450
0.021157
0.018056
0.019285
0.018312
0.019595
0.019520
0.018064
0.017951
0.017610
0.017760
0.017262
0.016888
0.016677
0.017392
0.017071
0.016154
0.016586
0.015976
0.015780
0.016194
0.016694
0.022074
0.015226
0.014801
0.014971
0.015499
0.014848
0.015469
0.015499
0.015456
0.015485
0.018879
0.016545
0.015794
0.015897
0.015546
0.015838
0.015878
0.016258
0.017262
0.015221
0.014722
0.014681
0.016657
0.014210
0.017463
0.013954
0.021881
0.013880
0.013621
0.015254
0.013960
0.014134
0.012590
0.012328
0.013429
0.012624
0.012377
0.012265
0.014489
0.011821
0.016219
0.016534
0.013553
0.012023
0.012380
0.012181
0.014664
0.019988
0.017459
0.012219
0.012158
0.012600
0.012225
0.014973
0.012394
0.012584
0.014243
0.015970
0.013203
0.011850
0.018419
0.011987
0.011911
0.011620
0.011510
0.011136
0.011329
0.015098
0.011247
0.012576
0.011546
0.011549
0.011856
0.011650
0.011336
0.011348
0.012623
0.011259
0.011132
0.011864
0.010979
0.016665
0.010738
0.010592
0.010623
0.012646
0.010481
0.010438
0.010732
0.010328
0.010368
0.010305
0.010221
0.010213
0.010245
0.012279
0.010366
0.010311
0.012316
0.011176
0.010320
0.011579
0.011861
0.010933
0.012335
0.010895
0.013319
0.010971
0.010360
0.011016
0.012441
0.014158
0.010197
0.010254
0.010156
0.012195
0.010498
0.017437
0.021067
0.011562
0.010357
0.012241
0.010363
0.010411
0.012517
0.013603
0.012000
0.012574
0.010245
0.010099
0.011733
0.010168
0.010034
0.010184
0.010073
0.009900
0.009959
0.010074
0.009862
0.010078
0.009950
0.011365
0.009749
0.010690
0.010646
0.010546
0.013349
0.010047
0.010045
0.010472
0.014136
0.009864
0.009690
0.009810
0.012591
0.009832
0.009888
0.010324
0.009785
0.009891
0.009793
0.009867
0.011540
0.009911
0.012751
0.009919
0.009832
0.009912
0.014985
0.011657
0.009938
0.009894
0.009752
0.011986
0.009971
0.009980
0.009959
0.010618
0.013171
0.011373
0.009964
0.010126
0.011465
0.009916
0.009986
0.009994
0.009982
0.009897
0.010010
0.010129
0.010113
0.009889
0.012020
0.009939
0.011885
0.009897
0.009982
0.009809
0.009878
0.009603
0.009761
0.011742
0.009728
0.009774
0.009765
0.009758
0.011867
0.009721
0.009772
0.009706
0.009586
0.009455
0.009462
0.009579
0.009608
0.009563
0.010274
0.009700
0.009612
0.009739
0.009854
0.011927
0.009319
0.014584
0.009562
0.009416
0.011065
0.010234
0.011875
0.012652
0.010005
0.011345
0.009505
0.009305
0.009004
0.009392
0.009245
0.014788
0.011536
0.011149
0.011902
0.009726
0.011510
0.009434
0.011237
0.012820
0.009751
0.009367
0.009373
0.014112
0.011271
0.009245
0.009317
0.010436
0.011318
0.009101
0.013720
0.009976
0.009345
0.009428
0.009374
0.009420
0.009376
0.009758
0.011017
0.009206
0.009249
0.009265
0.009351
0.011219
0.009411
0.009481
0.009449
0.009440
0.009292
0.009525
0.011389
0.018190
0.011271
0.011328
0.011642
0.009501
0.009346
0.009856
0.009346
0.009532
0.009542
0.011478
0.009914
0.012041
0.010003
0.012490
0.012274
0.011838
0.011274
0.012747
0.011236
0.011743
0.016635
0.010991
0.011729
0.009387
0.011288
0.009422
0.009348
0.011113
0.009434
0.009342
0.009492
0.011331
0.009374
0.009454
0.009456
0.009493
0.009373
0.009435
0.011279
0.010363
0.009617
0.009465
0.009483
0.009325
0.009499
0.009449
0.009502
0.022692
0.009411
0.011972
0.009443
0.009448
0.009386
0.009445
0.010168
0.009519
0.015072
0.009802
0.009731
0.009564
0.009602
0.011566
0.009522
0.009575
0.009677
0.009465
0.009751
0.009891
0.009732
0.009670
0.009813
0.008856
0.009802
0.009586
0.009693
0.011448
0.009674
0.009747
0.011662
0.009637
0.009693
0.009762
0.011827
0.009788
0.012608
0.010867
0.009924
0.009986
0.009571
0.009740
0.009606
0.009996
0.009848
0.009813
0.011828
0.009718
0.009818
0.009785
0.009613
0.011274
0.009918
0.009851
0.009805
0.009902
0.009936
0.010000
0.009993
0.011868
0.011129
0.010069
0.010130
0.012677
0.011860
0.013935
0.010814
0.010958
0.010533
0.009949
0.012368
0.009926
0.011802
0.010260
0.011849
0.010267
0.012378
0.010395
0.010118
0.012148
0.010175
0.010234
0.010205
0.010028
0.009913
0.010119
0.010056
0.009992
0.011976
0.011240
0.010436
0.017909
0.010057
0.010647
0.010285
0.010621
0.011232
0.011132
0.011556
0.009710
0.011797
0.010589
0.013694
0.014123
0.009823
0.012817
0.009749
0.010372
0.012063
0.009713
0.010362
0.009825
0.009698
0.009676
0.009866
0.009940
0.009645
0.010425
0.012089
0.011658
0.010574
0.010297
0.012608
0.011076
0.009717
0.011148
0.010180
0.009591
0.009700
0.009583
0.009562
0.009644
0.009766
0.009850
0.009531
0.009542
0.009597
0.009578
0.011935
0.009755
0.009689
0.009575
0.013552
0.013372
0.009544
0.012067
0.009617
0.015827
0.012144
0.012112
0.010222
0.009711
0.010252
0.012351
0.009798
0.009739
0.010191
0.009591
0.009651
0.009490
0.013507
0.009659
0.009744
0.012668
0.009773
0.011400
0.009496
0.009710
0.011597
0.015481
0.010608
0.011873
0.009773
0.009761
0.009364
0.012682
0.010880
0.014626
0.009731
0.009619
0.009643
0.014273
0.009727
0.009740
0.009648
0.010994
0.009703
0.009825
0.014932
0.009749
0.010075
0.009765
0.009753
0.012718
0.009748
0.009803
0.009871
0.010043
0.009927
0.012612
0.009563
0.015232
0.009909
0.010071
0.009946
0.009931
0.009904
0.010055
0.010134
0.009964
0.010017
0.010088
0.010385
0.012955
0.018300
0.010492
0.010595
0.010465
0.012351
0.012351
0.016957
0.011421
0.010642
0.013238
0.011536
0.012765
0.012605
0.012347
0.010924
0.014732
0.011189
0.011004
0.013798
0.015669
0.012882
0.011101
0.011023
0.013265
0.011575
0.011231
0.011758
0.011618
0.012227
0.012135
0.012282
0.012428
0.013754
0.014952
0.016041
0.015355
0.016210
0.012152
0.011743
0.012678
0.011496
0.011345
0.012681
0.015901
0.013690
0.012104
0.011529
0.011466
0.013736
0.011713
0.011760
0.011945
0.012811
0.012268
0.012553
0.014297
0.012308
0.019097
0.014414
0.012579
0.012503
0.012285
0.012704
0.012632
0.012515
0.012537
0.016796
0.014345
0.014416
0.015829
0.012878
0.014382
0.016778
0.013984
0.014959
0.015702
0.013647
0.013695
0.015212
0.020587
0.013191
0.013337
0.014050
0.013938
0.014117
0.013799
0.015844
0.016473
0.014650
0.014671
0.014692
0.015873
0.016155
0.017165
0.015512
0.014845
0.014929
0.015147
0.014978
0.016358
0.018758
0.014460
0.014567
0.015114
0.015291
0.015114
0.016831
0.015217
0.016817
0.019974
0.015600
0.015086
0.015229
0.014938
0.015100
0.016543
0.015480
0.014169
0.014965
0.014937
0.015040
0.015056
0.014500
0.014402
0.014744
0.016770
0.017005
0.017677
0.015000
0.015087
0.015280
0.017576
0.022008
0.014960
0.014906
0.014893
0.014487
0.014326
0.015297
0.023814
0.013956
0.014669
0.018355
0.016211
0.015185
0.020727
0.021031
0.014577
0.015047
0.014083
0.016483
0.014682
0.014564
0.016325
0.016261
0.017111
0.023339
0.015367
0.016989
0.015535
0.014132
0.014320
0.014786
0.016159
0.014819
0.014519
0.016466
0.019796
0.014755
0.014595
0.014616
0.016074
0.015998
0.014173
0.014291
0.014218
0.014501
0.014256
0.013865
0.014037
0.016821
0.016687
0.014019
0.021678
0.014391
0.020051
0.014973
0.016620
0.014571
0.014598
0.014486
0.015975
0.014386
0.014202
0.014705
0.016468
0.016852
0.014410
0.016932
0.016327
0.014230
0.013931
0.014181
0.013898
0.013690
0.013262
0.013307
0.013991
0.014666
0.012804
0.014839
0.012694
0.013158
0.012472
0.014334
0.012079
0.012640
0.012297
0.012147
0.014387
0.012060
0.011665
0.011764
0.011740
0.011887
0.011649
0.011757
0.014213
0.013290
0.011903
0.015532
0.011516
0.021167
0.012613
0.017679
0.011436
0.014662
0.012469
0.011987
0.012124
0.011634
0.011699
0.011662
0.011728
0.012504
0.013387
0.011513
0.011450
0.011472
0.011435
0.014889
0.011988
0.015315
0.011026
0.010937
0.010667
0.010632
0.011954
0.010687
0.011938
0.010867
0.010728
0.012392
0.010829
0.010425
0.010311
0.010177
0.011367
0.010083
0.012470
0.009944
0.010722
0.011903
0.009898
0.009959
0.012164
0.011069
0.009872
0.009914
0.012697
0.011938
0.010061
0.012213
0.011837
0.010056
0.009911
0.009884
0.012100
0.010572
0.011822
0.013289
0.013721
0.009942
0.009832
0.009937
0.010852
0.010020
0.012068
0.009986
0.009944
0.010091
0.010370
0.012441
0.010569
0.010340
0.010113
0.010412
0.018771
0.011824
0.010072
0.010031
0.010721
0.011747
0.009889
0.009994
0.010480
0.014724
0.010570
0.010358
0.012637
0.012830
0.014866
0.010065
0.011790
0.011473
0.010786
0.010153
0.010207
0.014449
0.011967
0.010767
0.013033
0.010480
0.013029
0.010405
0.010115
0.010200
0.010026
0.010113
0.010076
0.009979
0.011014
0.009930
0.010747
0.010597
0.015683
0.010016
0.011942
0.016431
0.010245
0.010134
0.010267
0.010663
0.010003
0.010046
0.010154
0.010178
0.010271
0.010257
0.010395
0.010456
0.010205
0.010389
0.010135
0.010208
0.010140
0.010356
0.010145
0.009979
0.010166
0.011792
0.011315
0.022531
0.009935
0.010012
0.009844
0.014848
0.009789
0.011562
0.012152
0.009923
0.009831
0.010813
0.010072
0.009889
0.012716
0.009911
0.010050
0.012697
0.010067
0.009957
0.012321
0.010091
0.010617
0.012908
0.009937
0.011104
0.009894
0.009828
0.014227
0.017416
0.009778
0.009999
0.009875
0.010404
0.017853
0.012214
0.010218
0.010147
0.010153
0.010123
0.014910
0.010406
0.010149
0.009916
0.011134
0.010056
0.012825
0.017593
0.010180
0.010127
0.012369
0.010254
0.010266
0.016152
0.018535
0.013698
0.010564
0.012494
0.010530
0.010419
0.010514
0.010485
0.011255
0.011875
0.012526
0.010575
0.020315
0.010348
0.010319
0.010314
0.012153
0.010362
0.015176
0.010290
0.010383
0.010299
0.011445
0.014399
0.011001
0.010623
0.013329
0.012955
0.012470
0.010340
0.010312
0.014071
0.010567
0.015285
0.010498
0.010565
0.012397
0.010446
0.010482
0.010512
0.010413
0.013330
0.010797
0.010474
0.010593
0.012419
0.010492
0.011326
0.010324
0.010364
0.014058
0.017152
0.013040
0.011982
0.010300
0.010311
0.011474
0.010058
0.010197
0.012120
0.010093
0.011971
0.013909
0.012569
0.009984
0.010025
0.011632
0.010066
0.009979
0.011982
0.010184
0.010160
0.009995
0.009849
0.009981
0.009866
0.010107
0.011542
0.010282
0.010146
0.012155
0.010410
0.015932
0.013620
0.010412
0.011883
0.010405
0.010385
0.010149
0.010056
0.010029
0.010116
0.010693
0.009989
0.010009
0.012207
0.011817
0.011214
0.009868
0.010031
0.010046
0.009999
0.010963
0.015572
0.010544
0.010816
0.010897
0.010403
0.010578
0.012666
0.010607
0.011377
0.010814
0.010988
0.012208
0.011285
0.013149
0.014918
0.010955
0.010923
0.011852
0.010818
0.010768
0.011559
0.010754
0.014383
0.011690
0.014025
0.012026
0.010685
0.010474
0.010231
0.011517
0.010648
0.010247
0.010220
0.010317
0.012853
0.010588
0.011396
0.012953
0.011701
0.010864
0.010647
0.011781
0.013305
0.011326
0.020089
0.019020
0.016615
0.011696
0.011610
0.011947
0.011062
0.011044
0.012961
0.011180
0.011426
0.011689
0.013588
0.011828
0.013968
0.011994
0.012420
0.013097
0.012986
0.012957
0.014127
0.015366
0.015346
0.015481
0.020526
0.016892
0.015706
0.016985
0.014132
0.013771
0.015340
0.014848
0.015645
0.017007
0.019638
0.015038
0.014424
0.014614
0.014545
0.015397
0.015735
0.019459
0.018363
0.017088
0.016376
0.019051
0.017329
0.020567
0.017389
0.016811
0.017184
0.017087
0.019240
0.018530
0.019768
0.022717
0.022913
0.018070
0.022294
0.018067
0.019580
0.018786
0.020058
0.022732
0.026505
0.021210
0.020301
0.019623
0.017295
0.017814
0.017101
0.017413
0.016010
0.017867
0.019228
0.020878
0.015470
0.015817
0.014775
0.016480
0.014325
0.014142
0.014321
0.016180
0.015961
0.015704
0.014246
0.012786
0.012671
0.012671
0.012636
0.012328
0.012106
0.012321
0.012378
0.012674
0.016484
0.012007
0.012801
0.013074
0.015101
0.014157
0.013031
0.011734
0.011708
0.018704
0.012159
0.011780
0.013638
0.012351
0.013271
0.017331
0.011437
0.011812
0.011666
0.011722
0.012306
0.013467
0.011535
0.011589
0.011472
0.011690
0.014009
0.011677
0.012103
0.010520
0.012041
0.012318
0.014662
0.013132
0.011763
0.011832
0.011804
0.012002
0.014290
0.011876
0.012084
0.011913
0.011528
0.014770
0.013432
0.013437
0.012120
0.011955
0.014246
0.012122
0.011809
0.012713
0.014117
0.013531
0.014855
0.012619
0.011889
0.011718
0.014265
0.011793
0.011769
0.011911
0.012673
0.011981
0.013169
0.013658
0.012111
0.013570
0.012359
0.012400
0.015741
0.014619
0.012999
0.013439
0.013804
0.014583
0.013194
0.013754
0.014272
0.014028
0.014362
0.014491
0.013744
0.016638
0.015159
0.023743
0.025416
0.017058
0.018585
0.016392
0.016763
0.017180
0.018378
0.016003
0.016217
0.016285
0.016166
0.015421
0.015508
0.017281
0.014993
0.014489
0.016236
0.014796
0.013818
0.013458
0.013565
0.013523
0.016794
0.012910
0.014868
0.013003
0.012840
0.014144
0.012609
0.012856
0.015598
0.012486
0.012329
0.012240
0.012129
0.012577
0.012427
0.014865
0.014140
0.013069
0.012480
0.012560
0.012661
0.012484
0.013002
0.012679
0.012720
0.015623
0.012088
0.013460
0.014182
0.014230
0.011918
0.011874
0.012192
0.014424
0.014162
0.014676
0.014003
0.012319
0.011747
0.011990
0.011656
0.012035
0.011776
0.011808
0.012037
0.011970
0.011774
0.011586
0.011329
0.011710
0.011629
0.011606
0.011701
0.011727
0.012739
0.011669
0.011722
0.011657
0.011656
0.011532
0.011674
0.011701
0.011664
0.021199
0.013920
0.011786
0.013985
0.012251
0.011709
0.013393
0.013267
0.011893
0.011818
0.011947
0.012262
0.012491
0.011890
0.011987
0.011978
0.013389
0.011926
0.024026
0.011775
0.011926
0.012035
0.015148
0.013566
0.011879
0.015867
0.012970
0.013080
0.011373
0.010914
0.010991
0.011004
0.012992
0.010928
0.010935
0.010876
0.010828
0.010706
0.010619
0.016679
0.010884
0.011009
0.014116
0.015558
0.010842
0.015687
0.011115
0.011101
0.012678
0.012783
0.011174
0.010921
0.011341
0.011104
0.011102
0.011614
0.011175
0.011185
0.011259
0.013083
0.011383
0.011471
0.011322
0.011330
0.013326
0.011351
0.011174
0.011085
0.011776
0.017914
0.011277
0.010992
0.010924
0.011329
0.011422
0.011282
0.011585
0.011158
0.011382
0.011238
0.011249
0.011052
0.011043
0.011260
0.011213
0.011225
0.014760
0.011135
0.011324
0.011234
0.013148
0.011158
0.013035
0.011094
0.011329
0.011393
0.011000
0.012430
0.011386
0.013465
0.011253
0.011078
0.011014
0.010990
0.012866
0.011217
0.011482
0.011034
0.014644
0.011355
0.013021
0.011234
0.014535
0.013872
0.011396
0.010715
0.010804
0.011042
0.012415
0.011391
0.011249
0.011107
0.011189
0.012740
0.012053
0.011072
0.011782
0.013514
0.012460
0.014572
0.011008
0.011066
0.015508
0.010965
0.011063
0.010896
0.011117
0.017195
0.012995
0.011199
0.011224
0.012392
0.011682
0.011158
0.011354
0.013440
0.010833
0.011086
0.010968
0.010942
0.011038
0.012880
0.011002
0.011121
0.011070
0.010994
0.010970
0.014243
0.011003
0.012645
0.010951
0.010946
0.012084
0.011555
0.012946
0.011102
0.010957
0.011059
0.010925
0.011028
0.011052
0.012788
0.011189
0.013846
0.014303
0.011952
0.011196
0.011189
0.013955
0.011161
0.011665
0.011259
0.011284
0.011124
0.011079
0.013281
0.011117
0.011057
0.013214
0.018641
0.011287
0.011286
0.011282
0.010781
0.012627
0.010944
0.011163
0.011561
0.011017
0.011187
0.011122
0.011194
0.011888
0.011001
0.011049
0.011270
0.011176
0.013090
0.010918
0.010955
0.011008
0.011272
0.011241
0.010930
0.012995
0.011061
0.011235
0.011122
0.010887
0.010879
0.011906
0.011231
0.011060
0.013437
0.010930
0.011243
0.011247
0.011867
0.011122
0.011453
0.011096
0.010953
0.011439
0.016964
0.010980
0.011081
0.011022
0.011040
0.010925
0.011796
0.010880
0.016601
0.012622
0.016176
0.011214
0.011093
0.010865
0.010860
0.010811
0.010835
0.010914
0.010873
0.012611
0.010792
0.010995
0.013082
0.014589
0.010733
0.012705
0.010778
0.011130
0.013173
0.011088
0.011172
0.011574
0.016680
0.015781
0.011265
0.013539
0.013607
0.015175
0.013988
0.011580
0.011862
0.011524
0.015836
0.012972
0.011450
0.014060
0.011342
0.011434
0.011606
0.014396
0.011663
0.011542
0.013575
0.011585
0.017715
0.015965
0.011350
0.011340
0.013657
0.011588
0.011435
0.011637
0.011836
0.012486
0.013938
0.011687
0.015567
0.011905
0.013986
0.011479
0.011756
0.013800
0.011925
0.011839
0.012304
0.012498
0.013337
0.014605
0.014232
0.011901
0.011881
0.011635
0.011510
0.011970
0.012921
0.015950
0.011636
0.011524
0.013090
0.011775
0.013905
0.015297
0.011376
0.014154
0.011858
0.012175
0.012311
0.011968
0.011923
0.011615
0.011635
0.015558
0.011949
0.012456
0.014161
0.012536
0.012538
0.013913
0.012624
0.012358
0.012564
0.012568
0.012588
0.013205
0.015012
0.013562
0.013691
0.013601
0.013433
0.013530
0.013774
0.013373
0.012771
0.013129
0.016269
0.013276
0.017852
0.016293
0.013394
0.012958
0.014373
0.012167
0.012516
0.012295
0.012045
0.012026
0.012017
0.012976
0.013710
0.015881
0.015960
0.014698
0.015235
0.015418
0.015421
0.016587
0.016594
0.016391
0.022699
0.017852
0.017155
0.016982
0.019092
0.017488
0.020546
0.017682
0.017454
0.017627
0.018548
0.018233
0.018131
0.017656
0.017593
0.018930
0.017047
0.016996
0.015860
0.015618
0.017195
0.019182
0.014703
0.014812
0.014477
0.016255
0.014410
0.015837
0.017190
0.014727
0.014778
0.016240
0.015438
0.016644
0.017215
0.033786
0.018992
0.019735
0.019424
0.017894
0.020503
0.018460
0.020178
0.020330
0.021931
0.019177
0.018821
0.020234
0.020107
0.021405
0.021264
0.019395
0.019379
0.020173
0.020538
0.020789
0.020367
0.020510
0.020812
0.021815
0.022015
0.021705
0.020753
0.020903
0.024023
0.021755
0.020875
0.020448
0.020960
0.022434
0.020293
0.019957
0.019947
0.020517
0.020251
0.020321
0.025822
0.023507
0.020510
0.020471
0.029537
0.020869
0.020679
0.038420
0.032053
0.020848
0.021318
0.020906
0.023446
0.021152
0.023651
0.022026
0.020988
0.020967
0.020826
0.021208
0.020328
0.020015
0.020038
0.021832
0.022789
0.021798
0.019472
0.019679
0.021585
0.022101
0.019848
0.019271
0.019191
0.019250
0.022029
0.019678
0.022798
0.026634
0.027630
0.018429
0.018023
0.019119
0.018007
0.018052
0.018322
0.018332
0.018155
0.019328
0.020803
0.019773
0.018324
0.018459
0.018926
0.018785
0.018825
0.019816
0.019793
0.019325
0.024339
0.025885
0.020666
0.023643
0.023921
0.023447
0.024974
0.022785
0.024085
0.023263
0.023268
0.027885
0.025134
0.022556
0.024689
0.022362
0.021975
0.022325
0.023016
0.022527
0.020609
0.021608
0.020489
0.020447
0.029209
0.027593
0.019718
0.022289
0.019366
0.019276
0.021930
0.019459
0.020431
0.020276
0.019296
0.018739
0.021130
0.021502
0.021389
0.016939
0.016908
0.020047
0.019478
0.025666
0.024785
0.018554
0.019692
0.021888
0.019414
0.019391
0.019454
0.017037
0.016564
0.016367
0.016801
0.017029
0.016063
0.016378
0.017951
0.016200
0.026936
0.016513
0.019906
0.016791
0.016570
0.016875
0.017348
0.018445
0.019213
0.019287
0.016684
