0.018177
0.009291
0.008952
0.008909
0.008958
0.009044
0.008992
0.008946
0.008828
0.011243
0.021963
0.009024
0.008909
0.010367
0.008855
0.008910
0.009068
0.011058
0.008774
0.008891
0.008880
0.008832
0.009595
0.009160
0.009208
0.009699
0.011969
0.009984
0.008927
0.008814
0.009111
0.009881
0.008933
0.009064
0.008909
0.008941
0.008985
0.009045
0.008958
0.009047
0.008904
0.011155
0.008890
0.009095
0.008954
0.009097
0.008943
0.009016
0.011938
0.010195
0.008905
0.009064
0.009654
0.012871
0.010755
0.009057
0.016025
0.010246
0.010088
0.009021
0.008994
0.009119
0.009024
0.009130
0.009102
0.009166
0.009036
0.010994
0.009090
0.009109
0.008972
0.008941
0.009172
0.009200
0.009198
0.009088
0.009056
0.009079
0.009012
0.009046
0.009188
0.009212
0.011124
0.009065
0.011105
0.009151
0.011158
0.009126
0.011315
0.009033
0.009058
0.009099
0.009149
0.011104
0.009198
0.009133
0.010412
0.009034
0.009652
0.015764
0.010178
0.010787
0.008945
0.011885
0.009030
0.012939
0.008922
0.010928
0.008975
0.010750
0.008994
0.009053
0.009071
0.008970
0.012232
0.010212
0.011736
0.009079
0.011084
0.009163
0.011036
0.009274
0.009060
0.011013
0.009078
0.009155
0.009199
0.014196
0.011744
0.009075
0.009193
0.009171
0.011256
0.009156
0.009093
0.009063
0.009206
0.009048
0.009401
0.009155
0.010864
0.009159
0.010910
0.009015
0.009283
0.009117
0.009570
0.009058
0.009075
0.009152
0.009047
0.011522
0.009215
0.009433
0.009551
0.009523
0.012434
0.009649
0.010686
0.009743
0.015086
0.010558
0.010822
0.010042
0.009589
0.009548
0.012534
0.011155
0.009947
0.012744
0.009723
0.009915
0.011066
0.013222
0.009849
0.010043
0.009984
0.009853
0.009798
0.016348
0.014905
0.009948
0.009767
0.012146
0.009650
0.009514
0.009451
0.013982
0.009278
0.009183
0.010844
0.009075
0.016380
0.009185
0.010967
0.009014
0.011068
0.009237
0.011203
0.009079
0.011531
0.009127
0.009214
0.009162
0.009202
0.013506
0.009051
0.009131
0.010904
0.009312
0.010978
0.009119
0.011471
0.009125
0.011611
0.009181
0.009195
0.009244
0.009050
0.009170
0.009150
0.009207
0.009158
0.011025
0.009029
0.009051
0.009045
0.009076
0.015564
0.009180
0.011719
0.009136
0.009011
0.009034
0.008958
0.008855
0.008957
0.008857
0.008914
0.008966
0.009058
0.009146
0.008926
0.009094
0.013206
0.009166
0.008955
0.008984
0.009015
0.008861
0.009007
0.009003
0.009035
0.008977
0.009061
0.011110
0.009131
0.014084
0.009037
0.008974
0.008988
0.009137
0.009124
0.010588
0.008983
0.009045
0.008891
0.009240
0.009006
0.009013
0.009068
0.008835
0.010053
0.008987
0.011451
0.012428
0.010912
0.009008
0.008937
0.008967
0.008903
0.008958
0.009164
0.012712
0.008962
0.012224
0.009135
0.010837
0.008978
0.008973
0.009058
0.009064
0.010944
0.009059
0.011488
0.008983
0.009007
0.014252
0.008948
0.010903
0.009193
0.009060
0.010545
0.009102
0.010791
0.008987
0.009030
0.009003
0.008991
0.009123
0.009079
0.008974
0.009066
0.009038
0.009087
0.008986
0.011712
0.009034
0.009162
0.009134
0.009039
0.009051
0.009026
0.008986
0.009074
0.008912
0.008811
0.008944
0.008822
0.009072
0.011218
0.009090
0.017354
0.009051
0.009173
0.009211
0.009094
0.009075
0.009114
0.008995
0.009119
0.011307
0.009245
0.010237
0.009162
0.011168
0.009728
0.009121
0.010335
0.011620
0.009084
0.009103
0.009012
0.009065
0.011341
0.009038
0.010903
0.009139
0.009286
0.009037
0.010954
0.009063
0.009130
0.009036
0.009130
0.008950
0.008897
0.008837
0.009002
0.011950
0.008932
0.009167
0.009036
0.010262
0.009040
0.009575
0.009114
0.009102
0.009183
0.008902
0.009001
0.008962
0.011987
0.008977
0.012382
0.009107
0.008897
0.009216
0.009251
0.008902
0.009107
0.014530
0.008996
0.008944
0.008808
0.009030
0.009541
0.009028
0.009051
0.008920
0.008995
0.008991
0.009090
0.009146
0.009058
0.010680
0.011404
0.008973
0.009527
0.009064
0.008980
0.008998
0.008955
0.009031
0.008874
0.010465
0.009029
0.009010
0.009721
0.010802
0.008869
0.009096
0.009023
0.008996
0.008980
0.008992
0.009024
0.008942
0.009858
0.009031
0.011192
0.009086
0.011155
0.008978
0.009427
0.008979
0.009051
0.009026
0.009099
0.008946
0.009119
0.009084
0.009523
0.009135
0.010853
0.008912
0.008924
0.008937
0.008916
0.009068
0.008882
0.009101
0.009162
0.009006
0.009006
0.010129
0.010515
0.009044
0.009020
0.008990
0.009051
0.011517
0.009044
0.009024
0.010122
0.010740
0.008953
0.009011
0.009024
0.009599
0.009034
0.008945
0.008995
0.012665
0.008945
0.008925
0.009013
0.009059
0.008937
0.009006
0.008919
0.009095
0.010691
0.008946
0.008964
0.008956
0.008986
0.013482
0.013829
0.008984
0.008920
0.008918
0.010750
0.010991
0.009126
0.008985
0.009022
0.009015
0.012660
0.009063
0.008810
0.010890
0.009131
0.012361
0.008937
0.009000
0.008980
0.008988
0.008957
0.009019
0.010939
0.009132
0.013864
0.008960
0.009142
0.011711
0.009163
0.009178
0.008990
0.008970
0.010357
0.008760
0.009097
0.010749
0.009943
0.012632
0.015393
0.009050
0.008981
0.013797
0.009040
0.009002
0.008975
0.008952
0.011407
0.009167
0.008967
0.009021
0.009020
0.013400
0.009423
0.009088
0.013599
0.009001
0.008933
0.012584
0.009007
0.009114
0.009258
0.009068
0.009029
0.012265
0.009603
0.010688
0.009051
0.012125
0.009119
0.009096
0.009102
0.009115
0.009028
0.009222
0.009129
0.009004
0.011125
0.008925
0.009067
0.009624
0.009639
0.013202
0.009059
0.008913
0.010126
0.009072
0.010979
0.008727
0.010241
0.008984
0.011852
0.008898
0.009009
0.009023
0.009063
0.009311
0.009102
0.011145
0.010175
0.009888
0.009082
0.009085
0.009020
0.008974
0.008986
0.008938
0.008973
0.009163
0.008990
0.011041
0.009085
0.009021
0.009048
0.008971
0.009101
0.009027
0.009053
0.009184
0.009059
0.009069
0.009133
0.011440
0.008970
0.008983
0.008916
0.008921
0.009044
0.011397
0.009223
0.009455
0.011092
0.009092
0.009004
0.008970
0.009010
0.009065
0.009011
0.009222
0.009095
0.009025
0.011243
0.008957
0.009055
0.009043
0.012471
0.012785
0.009102
0.009149
0.008980
0.009150
0.009101
0.008994
0.009117
0.011061
0.009071
0.008942
0.012076
0.009049
0.008888
0.009243
0.009033
0.009140
0.009099
0.008941
0.009136
0.009043
0.009163
0.009059
0.008990
0.009054
0.011473
0.008941
0.009079
0.009073
0.009161
0.009891
0.009063
0.009065
0.009015
0.009380
0.009030
0.008994
0.008912
0.010460
0.009188
0.010455
0.009050
0.009059
0.009132
0.009048
0.009173
0.009136
0.009334
0.011066
0.009237
0.012423
0.009028
0.009109
0.009110
0.009805
0.009334
0.009771
0.009634
0.009679
0.009702
0.009721
0.011355
0.011980
0.009386
0.009727
0.009843
0.054810
0.009876
0.010444
0.010303
0.009723
0.009740
0.009502
0.009729
0.009415
0.014753
0.009842
0.009047
0.010938
0.008889
0.010804
0.009022
0.009112
0.008850
0.010714
0.009089
0.009084
0.011147
0.009021
0.008977
0.009156
0.009013
0.009065
0.010235
0.008837
0.009032
0.011368
0.009222
0.011515
0.009120
0.010799
0.009010
0.009110
0.009112
0.010902
0.009000
0.008875
0.015385
0.009164
0.009001
0.011485
0.008950
0.009046
0.008972
0.008957
0.008900
0.011394
0.008963
0.009402
0.009786
0.008987
0.009189
0.008945
0.009661
0.009015
0.008940
0.008919
0.009587
0.008968
0.009001
0.010743
0.008936
0.009041
0.009030
0.008932
0.009012
0.008849
0.008858
0.008929
0.009003
0.012390
0.011371
0.011112
0.009381
0.009552
0.010803
0.016835
0.010827
0.011162
0.009063
0.009067
0.010491
0.009005
0.011029
0.008926
0.010754
0.008953
0.008948
0.009505
0.009447
0.011519
0.008966
0.008987
0.009362
0.009554
0.009323
0.008867
0.008935
0.010671
0.009459
0.009734
0.013774
0.009354
0.008903
0.009044
0.009031
0.011345
0.008898
0.008990
0.008753
0.009672
0.009717
0.009559
0.009581
0.009333
0.008973
0.010110
0.010985
0.010759
0.011762
0.009399
0.009551
0.014911
0.009076
0.010813
0.009017
0.010810
0.008894
0.008897
0.011053
0.009433
0.009482
0.011319
0.011455
0.009299
0.009594
0.009164
0.008906
0.010676
0.009530
0.010713
0.009001
0.010745
0.008955
0.009088
0.008859
0.008916
0.008972
0.009001
0.009428
0.008941
0.013699
0.009405
0.015515
0.009320
0.008775
0.008968
0.008944
0.008905
0.009064
0.011615
0.008976
0.011134
0.009008
0.008967
0.010716
0.008868
0.009028
0.010067
0.010661
0.009544
0.009156
0.009568
0.010699
0.008928
0.008905
0.008929
0.008861
0.008987
0.008874
0.008954
0.009727
0.015036
0.009490
0.009321
0.009106
0.010704
0.009005
0.011178
0.008982
0.009039
0.008973
0.009085
0.008934
0.009035
0.009031
0.009127
0.008854
0.008894
0.008870
0.008893
0.009044
0.008905
0.008915
0.008970
0.008835
0.009918
0.017866
0.009320
0.009576
0.009534
0.011262
0.008924
0.008837
0.009040
0.009235
0.008827
0.010792
0.009010
0.010774
0.009043
0.009000
0.013663
0.008836
0.008801
0.012040
0.011104
0.009347
0.011527
0.009076
0.009042
0.011300
0.009094
0.008951
0.009037
0.009027
0.010817
0.009135
0.009172
0.009002
0.009944
0.009091
0.008976
0.009043
0.009096
0.008917
0.010759
0.008965
0.012344
0.009302
0.008918
0.009133
0.008915
0.011472
0.009625
0.010842
0.008966
0.009094
0.008998
0.011991
0.009945
0.009005
0.008931
0.009091
0.008912
0.009903
0.013628
0.009011
0.009111
0.015583
0.011721
0.009355
0.009107
0.009012
0.009034
0.008991
0.008896
0.009022
0.008964
0.009064
0.008954
0.008924
0.008928
0.027311
0.008940
0.008915
0.008932
0.008991
0.009959
0.009023
0.008937
0.008997
0.008939
0.009771
0.009417
0.009079
0.009043
0.009008
0.009056
0.009550
0.012993
0.010535
0.010401
0.008936
0.012980
0.009516
0.009433
0.008979
0.009156
0.017703
0.008959
0.011137
0.009106
0.009039
0.014782
0.015559
0.009000
0.008960
0.009102
0.008977
0.009026
0.009019
0.009467
0.009011
0.008985
0.010716
0.008958
0.009378
0.009023
0.009041
0.009058
0.010978
0.010039
0.009094
0.009398
0.009328
0.011230
0.009067
0.009497
0.008979
0.009010
0.009035
0.009149
0.009658
0.009135
0.009089
0.009054
0.011643
0.020026
0.009438
0.009079
0.009880
0.008919
0.010788
0.008912
0.009082
0.011079
0.009442
0.009344
0.009336
0.009304
0.009130
0.011490
0.009111
0.011023
0.009008
0.009048
0.009556
0.010982
0.010177
0.022846
0.009732
0.008845
0.009078
0.009084
0.012052
0.011910
0.009109
0.008996
0.008975
0.008916
0.009058
0.008963
0.011192
0.009004
0.008938
0.008936
0.009120
0.011398
0.009772
0.014188
0.011617
0.016059
0.008869
0.010915
0.008933
0.009180
0.008960
0.008950
0.011472
0.008995
0.008910
0.009764
0.009040
0.008967
0.008912
0.008978
0.008983
0.009056
0.008966
0.009068
0.010963
0.009011
0.011258
0.008860
0.008980
0.008943
0.008985
0.012899
0.009037
0.008938
0.008906
0.009080
0.009068
0.010968
0.009133
0.009149
0.014235
0.009043
0.008973
0.009065
0.008971
0.009109
0.009008
0.015524
0.009076
0.009034
0.009014
0.008929
0.009104
0.008976
0.009011
0.008959
0.008854
0.009119
0.008983
0.010208
0.015015
0.010940
0.009663
0.010673
0.015263
0.011688
0.008911
0.011298
0.009068
0.008862
0.010762
0.008902
0.008914
0.014966
0.009880
0.009213
0.008934
0.011297
0.008974
0.010267
0.008988
0.008956
0.008872
0.020173
0.018396
0.008980
0.016586
0.009162
0.008986
0.010709
0.008987
0.009184
0.009023
0.008932
0.009044
0.008998
0.009007
0.009032
0.008965
0.008939
0.009037
0.009120
0.009047
0.008946
0.009091
0.010437
0.009048
0.013187
0.010949
0.008961
0.009073
0.008957
0.008989
0.009039
0.011332
0.011019
0.009104
0.008874
0.010528
0.009086
0.008918
0.008930
0.008911
0.009204
0.009062
0.009135
0.008938
0.008963
0.008974
0.009012
0.011722
0.009015
0.008955
0.008934
0.009004
0.009024
0.008931
0.009053
0.010896
0.009013
0.011205
0.010324
0.009093
0.009109
0.009163
0.008991
0.009027
0.009176
0.008911
0.008856
0.009030
0.008935
0.008905
0.011691
0.011217
0.010930
0.009191
0.010776
0.008994
0.011235
0.009053
0.008941
0.009159
0.008897
0.008972
0.008981
0.008925
0.008942
0.008932
0.009135
0.008971
0.010124
0.009002
0.008958
0.009004
0.009043
0.011202
0.008954
0.008983
0.008972
0.008974
0.008937
0.008889
0.008924
0.010809
0.009105
0.009061
0.009027
0.008943
0.008955
0.010239
0.009045
0.009042
0.009017
0.008968
0.009003
0.008930
0.010701
0.009046
0.009163
0.008936
0.011277
0.009848
0.009451
0.014907
0.009140
0.009006
0.008948
0.009097
0.009123
0.009035
0.008991
0.008878
0.010886
0.009004
0.011869
0.011151
0.011273
0.009621
0.009439
0.008974
0.008765
0.009022
0.009103
0.008978
0.008843
0.008974
0.008935
0.011554
0.011300
0.011162
0.011070
0.016781
0.009147
0.008917
0.009042
0.009042
0.009163
0.009051
0.009013
0.009064
0.009023
0.008923
0.008881
0.008961
0.009011
0.009145
0.008942
0.009012
0.010182
0.009021
0.008950
0.009024
0.009131
0.010763
0.010355
0.008909
0.008955
0.009017
0.008855
0.009039
0.009022
0.008950
0.008937
0.009317
0.009059
0.009070
0.008997
0.008924
0.009216
0.009046
0.008936
0.009259
0.009086
0.009575
0.010190
0.011091
0.008962
0.008884
0.009073
0.008876
0.008904
0.008935
0.008978
0.012118
0.011291
0.008967
0.010087
0.011149
0.008927
0.008951
0.009081
0.015498
0.009294
0.008997
0.008845
0.009026
0.008882
0.009115
0.008949
0.008884
0.011029
0.008914
0.009024
0.009079
0.014289
0.009249
0.008927
0.010174
0.008945
0.009000
0.009000
0.009015
0.011068
0.008887
0.009001
0.009081
0.011347
0.009050
0.009223
0.008894
0.008969
0.014307
0.009064
0.008823
0.008986
0.008896
0.010829
0.009091
0.009022
0.009017
0.008899
0.009017
0.015291
0.009061
0.009133
0.008921
0.010483
0.009141
0.013235
0.008922
0.011170
0.008912
0.008950
0.008822
0.008936
0.008950
0.009045
0.008862
0.008879
0.009079
0.008949
0.009090
0.008976
0.009154
0.009006
0.009026
0.011071
0.008924
0.008862
0.008925
0.008986
0.010476
0.008972
0.009137
0.009219
0.009109
0.008979
0.008902
0.009131
0.008970
0.009159
0.009766
0.009080
0.008943
0.008777
0.009058
0.008959
0.008934
0.009619
0.009112
0.009082
0.009016
0.009064
0.009146
0.009085
0.008897
0.008947
0.008982
0.009076
0.009047
0.009025
0.008938
0.009109
0.008990
0.008812
0.008949
0.008880
0.008849
0.008895
0.008902
0.008960
0.008979
0.011050
0.009923
0.009084
0.009038
0.009076
0.009041
0.009130
0.008954
0.008980
0.008931
0.008980
0.008929
0.010334
0.008971
0.009073
0.008950
0.008965
0.008970
0.012827
0.009116
0.009001
0.008961
0.009106
0.008966
0.008968
0.009016
0.009183
0.008891
0.008993
0.008851
0.010851
0.008854
0.008896
0.008990
0.009068
0.009820
0.009030
0.011977
0.008948
0.010726
0.009200
0.008918
0.008933
0.008893
0.009186
0.008867
0.011273
0.008953
0.008986
0.009061
0.008950
0.008896
0.008837
0.008899
0.010252
0.008968
0.011289
0.008993
0.008902
0.008979
0.009180
0.009087
0.009432
0.009084
0.009053
0.008918
0.010820
0.011012
0.008968
0.009085
0.009072
0.009023
0.008938
0.008809
0.008856
0.009048
0.009168
0.008948
0.008785
0.008856
0.008719
0.011620
0.008866
0.010833
0.008825
0.008857
0.008914
0.008941
0.010819
0.008939
0.010969
0.008806
0.010818
0.008921
0.010568
0.009037
0.008816
0.008975
0.008849
0.008936
0.009003
0.008882
0.010024
0.008953
0.010728
0.008879
0.011484
0.009102
0.010919
0.008866
0.011395
0.008906
0.009824
0.008967
0.009070
0.008986
0.008942
0.009090
0.008997
0.009043
0.008829
0.009025
0.009091
0.008927
0.008924
0.009223
0.010742
0.008930
0.013395
0.010648
0.008967
0.008917
0.010431
0.008911
0.008914
0.008977
0.008875
0.008926
0.008999
0.009053
0.009098
0.011345
0.009003
0.008930
0.008917
0.008874
0.009013
0.008960
0.009028
0.014329
0.009586
0.009326
0.008974
0.008952
0.013738
0.008960
0.009528
0.008992
0.009004
0.008920
0.008794
0.008949
0.009405
0.009007
0.009008
0.009048
0.008997
0.010821
0.009042
0.009181
0.008950
0.012504
0.010704
0.010945
0.008921
0.008921
0.009019
0.008955
0.010082
0.008898
0.010092
0.008952
0.009070
0.009224
0.012194
0.008924
0.009051
0.008874
0.008960
0.009045
0.009063
0.008980
0.011043
0.008872
0.008929
0.008676
0.008973
0.008612
0.008950
0.009049
0.008897
0.008744
0.009019
0.011752
0.008903
0.009583
0.012589
0.013047
0.008992
0.016473
0.008927
0.008987
0.010755
0.008998
0.011863
0.009255
0.009133
0.010267
0.009187
0.009194
0.008835
0.008979
0.008931
0.009216
0.011186
0.008843
0.013151
0.008967
0.009037
0.012801
0.014286
0.009013
0.009024
0.009206
0.009086
0.009091
0.010334
0.010508
0.009122
0.009055
0.009950
0.009115
0.010800
0.008982
0.008884
0.009151
0.009109
0.009090
0.011077
0.012823
0.008837
0.009075
0.009009
0.010349
0.008902
0.008954
0.010742
0.008841
0.010128
0.009056
0.009003
0.008873
0.009052
0.008960
0.009061
0.008970
0.008923
0.008845
0.009045
0.009131
0.012825
0.008898
0.009107
0.008878
0.008881
0.010081
0.008951
0.008974
0.009005
0.010561
0.008965
0.012037
0.009078
0.009114
0.009021
0.008950
0.009052
0.009326
0.009040
0.009012
0.009023
0.008913
0.009306
0.008945
0.009060
0.009204
0.009011
0.033194
0.009182
0.027390
0.021284
0.014111
0.009104
0.010985
0.009138
0.009237
0.011046
0.009115
0.009263
0.009479
0.009837
0.009791
0.009414
0.009108
0.008987
0.014834
0.008960
0.011303
0.011806
0.008899
0.008918
0.008890
0.008896
0.011037
0.008818
0.008877
0.010793
0.009062
0.010641
0.010128
0.008957
0.008990
0.009057
0.009074
0.009027
0.010086
0.012250
0.008903
0.010284
0.009051
0.009110
0.009728
0.015275
0.009702
0.010921
0.009397
0.008965
0.009056
0.008907
0.009039
0.009013
0.009045
0.008980
0.008935
0.008959
0.008932
0.016973
0.008935
0.009182
0.008971
0.009118
0.008950
0.010958
0.008949
0.008965
0.008924
0.008950
0.011300
0.008905
0.011548
0.009038
0.010977
0.013710
0.009974
0.009007
0.011876
0.008960
0.008982
0.008942
0.009181
0.009176
0.009020
0.008927
0.009058
0.009048
0.009091
0.011283
0.008985
0.008826
0.009043
0.008876
0.008898
0.008868
0.011004
0.008900
0.009194
0.010663
0.008893
0.011222
0.008969
0.008851
0.008949
0.009123
0.008854
0.008926
0.009016
0.010757
0.008920
0.010144
0.008680
0.009013
0.008998
0.012558
0.008655
0.009058
0.010263
0.008917
0.011416
0.008976
0.009013
0.008964
0.008878
0.009899
0.008971
0.008934
0.010181
0.010338
0.010330
0.012646
0.009021
0.008919
0.008994
0.008937
0.010421
0.009042
0.009063
0.008830
0.010794
0.012013
0.010811
0.010979
0.008844
0.009030
0.009010
0.009038
0.008820
0.008979
0.008942
0.012421
0.010768
0.008879
0.010803
0.009019
0.009071
0.009009
0.008981
0.010939
0.014688
0.011310
0.008875
0.008762
0.009073
0.011302
0.008856
0.008823
0.008966
0.011277
0.009051
0.009014
0.008889
0.009036
0.009213
0.008943
0.008957
0.008954
0.010752
0.008945
0.011253
0.008932
0.010996
0.009065
0.011542
0.008935
0.010854
0.008865
0.011082
0.008869
0.010771
0.008841
0.008943
0.010205
0.008930
0.009714
0.008946
0.009080
0.008978
0.008863
0.011572
0.008888
0.008987
0.008932
0.008901
0.008955
0.009297
0.008959
0.009024
0.008912
0.008914
0.012296
0.008937
0.008873
0.008887
0.008885
0.008928
0.008795
0.008875
0.009085
0.008870
0.008941
0.008989
0.008876
0.010442
0.009010
0.008948
0.008740
0.008803
0.009005
0.009081
0.008891
0.008959
0.010159
0.010622
0.012161
0.011555
0.008885
0.010654
0.008927
0.008981
0.009120
0.008972
0.010554
0.008894
0.008924
0.008937
0.008944
0.011311
0.008934
0.008921
0.008904
0.008919
0.008966
0.008942
0.011284
0.009336
0.017686
0.009206
0.009096
0.011249
0.009565
0.009408
0.011508
0.009181
0.012710
0.009057
0.008892
0.010249
0.009009
0.009103
0.008906
0.010278
0.008904
0.011540
0.008970
0.010759
0.009041
0.008958
0.009020
0.008927
0.009103
0.009028
0.010992
0.008991
0.011225
0.009070
0.009032
0.008996
0.014119
0.009067
0.010839
0.008979
0.009021
0.008897
0.008960
0.009048
0.009037
0.009030
0.009080
0.010392
0.008988
0.008961
0.010212
0.008908
0.008959
0.008990
0.010718
0.009985
0.009661
0.009519
0.009170
0.010960
