387	50	35	32
385	48	35	31
385	50	35	31
382	49	34	30
383	50	34	30
382	51	34	30
386	50	34	30
385	37	34	30
381	34	34	30
373	36	34	30
371	37	35	30
361	41	34	31
340	41	33	31
323	35	32	30
302	30	31	31
293	24	31	31
290	22	31	31
284	17	31	31
272	23	31	30
260	26	30	30
249	31	31	29
241	33	31	29
240	33	31	29
238	32	31	29
236	33	31	29
232	33	32	30
229	29	31	30
225	27	31	29
225	27	31	29
221	30	30	30
217	32	30	30
229	36	30	30
257	43	30	29
262	42	30	29
264	42	29	30
252	38	29	30
243	34	28	30
242	29	29	31
240	23	29	32
241	23	29	33
241	22	29	33
242	16	29	34
238	13	29	33
237	10	29	33
242	11	29	33
240	14	29	33
239	14	29	33
236	18	29	32
235	25	29	32
232	33	29	31
232	42	30	31
235	50	30	31
235	50	30	30
235	60	30	30
238	69	30	30
241	74	31	29
240	80	31	28
241	85	31	28
241	85	31	28
244	91	31	28
246	96	32	28
243	99	31	28
242	98	31	27
246	99	31	27
246	99	32	27
247	102	32	27
249	104	32	27
252	106	32	27
255	109	32	27
257	108	32	26
258	109	32	26
260	111	32	26
259	114	33	26
262	117	33	26
264	120	33	26
271	120	33	25
271	120	33	24
275	121	32	25
275	121	33	25
270	119	33	25
265	117	33	25
261	115	33	25
261	114	33	26
255	111	33	26
254	107	33	26
252	107	34	26
244	108	34	26
236	108	33	26
233	108	33	26
229	107	34	26
225	105	35	26
223	104	35	25
226	104	36	25
224	105	36	25
223	105	36	25
223	106	36	25
225	106	37	25
226	107	37	25
232	107	37	24
233	108	36	24
233	109	37	24
234	111	37	24
239	114	36	24
239	116	36	24
246	121	36	24
253	122	37	24
253	122	37	25
254	121	38	24
259	121	37	24
259	122	37	24
254	119	37	24
254	116	37	25
253	115	37	26
257	108	37	26
260	101	37	26
256	95	36	26
252	92	35	26
246	88	35	26
245	88	35	26
241	88	34	25
243	90	34	26
240	93	33	26
239	101	33	26
240	112	33	26
240	113	33	27
240	122	33	27
240	128	33	27
238	131	33	27
239	135	32	27
241	136	32	27
241	136	32	27
243	136	32	27
242	136	32	27
242	137	32	27
249	138	32	26
255	141	32	27
254	142	32	27
259	142	32	27
260	139	32	27
263	137	32	26
267	135	32	26
272	133	32	26
271	134	32	26
272	133	30	28
273	131	29	30
275	130	27	32
277	126	26	34
277	122	26	35
277	122	25	36
277	121	25	37
278	121	25	38
275	120	24	38
273	119	25	37
272	117	25	37
272	118	25	36
270	119	26	35
268	119	26	34
266	120	27	33
266	119	27	33
268	119	28	32
267	119	28	31
267	121	28	31
270	120	30	30
270	121	30	28
271	123	31	27
270	125	32	26
269	125	33	26
271	130	33	26
272	132	33	26
272	134	33	26
274	136	33	25
272	140	33	25
273	139	33	25
274	143	34	25
276	145	34	25
276	144	34	25
275	146	34	25
275	147	35	25
275	147	35	25
274	149	36	25
274	149	36	26
274	149	37	25
278	151	36	25
279	151	36	25
279	151	36	25
282	152	36	24
287	149	37	24
290	144	37	24
292	145	37	24
292	148	37	24
293	149	37	24
295	148	37	24
294	151	37	24
292	153	37	24
292	152	37	24
293	153	36	24
292	151	36	24
295	153	36	24
296	155	35	25
297	154	35	25
295	155	35	25
292	153	35	25
292	153	35	25
290	151	34	25
288	148	34	26
286	146	34	26
286	144	34	26
285	141	33	26
286	142	33	26
286	139	33	26
287	137	33	26
288	136	33	26
290	134	33	26
292	132	33	27
292	132	33	27
293	132	33	27
294	132	33	27
295	132	33	27
296	131	33	27
293	129	32	27
293	129	32	27
288	127	32	26
285	126	32	26
283	123	32	26
281	120	32	26
280	117	31	26
279	118	32	26
279	114	32	26
282	112	31	25
284	110	31	25
288	111	31	25
289	107	32	26
290	106	32	26
289	104	32	26
286	101	31	26
284	101	30	28
285	99	30	27
286	101	31	27
287	98	31	27
288	97	31	26
289	98	30	28
289	98	29	31
289	95	28	32
293	94	27	34
293	93	27	35
301	91	26	36
308	88	26	37
311	85	26	38
317	83	25	39
316	81	25	40
316	81	25	40
317	79	24	41
316	79	24	41
317	78	25	41
320	78	24	41
318	79	25	41
318	79	25	41
317	81	25	41
314	82	25	40
309	83	25	40
308	85	25	40
308	87	25	39
307	87	26	39
304	88	26	39
303	87	26	38
301	88	27	38
301	88	27	38
302	86	27	37
303	86	27	37
300	83	27	37
298	80	27	37
298	78	27	36
298	76	27	36
295	75	27	36
295	74	28	36
292	73	28	36
288	72	27	35
283	70	28	35
281	68	28	35
283	68	27	34
283	68	28	34
283	67	27	35
284	67	27	35
286	68	27	36
285	68	27	36
287	67	27	36
286	67	27	36
289	66	27	36
291	66	28	36
291	67	28	36
291	68	28	36
286	70	28	36
286	70	28	36
288	75	28	36
291	81	28	36
287	83	28	36
286	90	28	36
277	91	28	35
275	91	28	35
265	94	28	35
268	98	28	35
264	99	28	35
261	101	28	34
258	105	28	34
257	106	28	35
255	110	28	34
254	111	28	34
255	113	27	33
255	113	28	33
254	114	28	32
253	113	27	32
253	116	27	32
252	117	27	31
251	118	27	31
250	125	27	31
252	125	27	31
251	125	27	31
255	124	28	31
259	121	28	32
259	116	28	31
263	118	29	30
264	118	29	30
265	117	29	31
259	117	29	30
257	115	29	31
255	110	29	31
254	105	29	31
257	98	30	31
256	97	31	31
258	94	31	31
258	90	31	31
259	87	31	31
259	83	32	30
259	82	33	30
259	82	33	30
260	80	34	30
261	79	34	31
263	77	33	31
262	73	33	32
258	75	32	33
257	76	31	33
261	78	31	34
275	79	31	33
278	78	30	35
268	76	30	35
271	79	30	35
271	79	30	36
285	82	30	36
292	89	29	36
301	92	29	36
309	95	29	35
311	91	29	36
312	92	29	36
318	88	29	36
324	82	30	36
328	79	30	35
335	75	30	35
338	74	30	35
338	75	30	35
340	75	30	35
342	75	31	35
341	75	31	35
341	74	31	35
340	74	31	34
340	75	31	34
342	72	31	34
345	70	31	34
342	69	31	34
339	67	31	34
332	70	31	34
329	70	31	34
319	71	31	33
308	73	32	32
303	72	32	32
297	72	32	32
287	72	32	31
285	72	32	31
282	74	32	32
278	73	32	31
274	78	33	32
272	78	33	32
269	79	33	32
269	79	33	32
270	83	33	32
272	84	33	33
271	86	32	32
269	85	31	32
269	85	31	32
269	84	31	32
269	88	31	32
267	90	30	32
261	96	30	32
261	103	29	32
267	110	31	31
266	112	32	30
264	118	33	29
259	119	34	28
261	123	34	28
261	124	34	28
257	126	35	27
256	126	36	27
254	126	36	26
252	126	36	26
249	127	36	25
248	127	37	25
249	124	38	26
248	124	38	26
250	122	38	26
257	122	38	27
260	119	39	27
259	118	39	27
264	119	38	27
264	119	38	27
267	117	39	26
269	114	38	26
266	114	38	27
261	111	38	26
260	107	38	27
259	106	39	27
263	100	39	28
262	93	40	28
264	85	40	28
263	81	40	29
260	76	40	29
259	75	40	29
258	73	40	30
255	72	40	30
253	73	40	30
248	73	39	31
242	75	39	30
239	75	39	29
230	77	39	29
228	85	39	28
232	95	39	28
228	102	40	27
227	105	40	28
226	104	40	28
235	107	39	27
243	107	39	26
241	107	39	27
243	104	39	27
245	102	40	27
245	102	40	28
251	100	40	28
256	97	40	27
262	95	40	27
263	93	41	27
262	89	41	27
262	89	41	27
261	85	41	27
258	82	42	28
257	80	43	28
257	78	43	29
258	79	44	29
257	78	45	29
262	79	44	29
263	82	44	29
262	84	44	28
258	85	44	28
252	85	44	28
252	85	44	28
249	83	44	28
247	80	45	28
251	77	44	29
252	75	45	29
251	72	45	29
251	72	46	29
250	71	46	29
248	68	46	29
245	68	45	29
241	68	46	30
236	69	46	30
236	69	45	30
233	71	45	29
230	75	45	29
233	83	45	29
236	91	44	29
240	98	43	29
240	98	44	29
241	100	43	29
235	99	42	28
226	99	41	28
221	97	41	28
222	96	41	27
221	97	41	27
221	93	40	27
219	89	41	28
216	85	40	28
211	82	40	28
208	80	40	28
209	81	40	28
211	80	40	29
213	80	39	29
214	80	39	29
211	77	39	29
208	76	39	28
208	76	39	28
211	78	39	29
215	81	39	29
220	82	39	29
228	87	39	29
235	92	39	29
236	93	38	29
242	93	38	29
252	93	38	29
260	93	37	29
269	92	37	29
271	91	37	29
271	91	37	30
273	86	37	30
279	82	37	30
283	75	37	30
286	68	36	30
283	67	34	33
283	65	33	36
279	62	32	37
271	57	32	38
263	54	31	39
258	52	31	40
255	52	30	42
255	51	30	43
253	52	30	44
250	54	30	45
250	55	30	46
254	56	30	46
256	57	30	46
256	58	30	46
261	60	30	46
270	65	30	46
280	74	31	46
284	80	31	46
288	82	30	46
288	82	30	46
284	82	30	46
285	79	30	46
292	73	30	46
300	67	30	47
301	61	30	47
301	60	30	47
291	56	30	47
280	54	31	46
270	53	31	46
259	53	31	46
253	57	31	45
252	57	31	46
247	61	31	46
243	65	31	45
241	69	31	45
244	68	32	45
246	69	32	45
245	70	32	45
246	68	32	45
242	69	31	46
237	70	32	46
239	73	32	47
249	76	32	47
250	77	31	47
254	77	32	48
258	76	32	48
261	77	32	48
263	74	32	49
265	70	32	50
266	70	31	50
269	68	31	51
266	69	30	51
262	71	30	51
257	77	30	50
255	83	30	50
254	85	29	50
244	93	29	49
232	99	29	49
233	113	28	50
232	127	27	49
219	127	27	49
217	126	28	50
217	126	28	50
221	124	28	50
223	124	28	51
223	123	29	51
222	125	29	51
221	125	29	51
220	125	29	51
219	125	29	50
217	123	29	51
213	120	29	50
210	119	30	49
208	118	31	49
205	120	32	48
206	127	32	49
208	130	32	51
207	144	32	52
214	155	32	51
213	157	32	51
222	165	31	52
214	174	31	51
209	178	31	52
220	186	30	53
232	186	31	53
232	187	31	53
231	186	32	54
246	184	31	55
250	178	29	56
254	174	28	57
263	171	27	57
262	171	27	57
260	167	26	57
259	165	27	56
258	161	26	56
256	162	25	57
261	164	26	57
262	165	25	57
260	165	25	57
253	169	25	57
256	175	25	58
266	176	25	58
268	179	25	58
269	179	25	58
268	177	25	57
266	173	25	56
259	168	25	56
257	165	25	55
255	161	25	55
253	159	25	54
252	158	25	54
255	156	24	54
255	154	24	54
256	158	24	53
256	166	24	52
256	167	24	52
259	170	25	52
266	171	25	52
269	173	26	53
261	172	25	52
258	173	25	52
256	173	25	52
257	169	26	52
256	167	26	51
258	161	26	51
257	156	26	51
256	151	26	51
255	151	26	50
256	146	26	50
254	145	27	49
253	144	27	49
251	145	27	49
252	147	27	49
251	148	27	49
249	149	27	49
246	149	27	49
255	154	28	47
258	163	28	46
260	162	29	46
260	162	29	47
261	161	29	47
263	158	29	47
262	158	29	47
262	150	29	47
265	148	29	48
264	148	29	49
264	145	29	49
265	141	29	50
265	133	29	50
265	126	29	50
264	121	29	50
263	121	29	51
263	115	30	51
263	113	30	51
271	115	30	51
279	122	30	51
278	125	30	50
278	125	30	50
273	128	27	52
273	125	26	53
276	123	25	53
275	119	24	53
278	114	24	52
277	112	23	52
277	109	22	52
276	103	22	53
272	98	21	54
268	102	20	55
264	103	20	54
265	104	20	54
259	105	20	54
249	108	20	54
234	110	20	53
225	115	20	53
225	122	20	52
225	123	20	51
207	124	20	51
209	126	21	51
211	126	21	51
209	126	21	51
215	127	22	51
216	127	22	51
216	129	22	51
223	130	22	51
230	129	22	51
231	129	22	51
234	125	23	50
236	125	22	50
234	123	22	51
236	120	22	52
236	120	22	52
239	122	21	54
243	124	21	55
243	124	20	56
252	126	20	57
260	125	21	57
256	121	20	57
258	117	21	56
261	115	21	56
263	115	22	55
267	110	22	56
271	104	22	56
275	100	22	56
274	98	21	57
272	96	21	57
272	96	20	58
268	94	20	58
267	96	20	58
267	97	21	59
270	99	21	59
274	100	22	59
275	101	22	59
276	100	22	59
284	99	22	58
282	98	23	57
272	95	23	56
270	91	24	55
268	92	24	54
267	90	24	54
267	90	25	53
266	91	25	53
263	87	25	52
260	87	25	52
257	86	26	51
258	86	26	51
257	85	27	51
257	85	27	51
261	85	27	52
265	82	28	53
266	82	28	53
269	79	28	53
271	79	28	53
268	79	27	53
268	80	27	54
271	76	27	53
272	77	27	54
276	74	27	54
280	72	27	54
284	66	25	54
284	63	24	54
280	58	24	54
280	57	23	54
274	53	22	54
268	49	22	54
258	48	22	54
251	45	22	55
240	48	22	56
239	45	22	56
236	50	22	57
238	56	21	57
230	54	21	58
223	53	21	58
218	51	21	58
218	51	21	58
211	49	21	58
211	50	21	59
212	51	21	60
210	52	21	60
205	52	22	61
204	50	22	61
199	53	22	61
198	52	22	61
191	58	22	61
191	62	22	61
192	64	22	61
193	65	22	62
193	69	22	62
192	71	22	62
191	73	22	63
190	76	22	63
192	81	22	63
192	81	22	64
197	86	23	65
207	88	23	65
207	87	23	65
198	89	23	65
200	89	23	66
200	89	23	66
203	89	23	66
208	86	23	67
212	82	23	67
215	76	23	67
218	70	22	68
219	70	22	68
219	67	22	70
217	67	22	70
215	68	23	71
211	75	23	71
214	82	24	71
214	83	24	71
207	89	24	71
203	95	25	71
202	101	26	70
204	108	27	69
209	113	28	69
212	114	30	69
215	118	31	69
212	117	30	68
215	113	31	68
218	110	32	67
220	104	32	67
221	104	32	67
221	100	32	67
221	95	31	67
221	89	32	66
224	86	32	66
224	82	32	65
224	81	33	64
225	77	33	64
223	71	33	63
219	68	33	63
216	65	33	63
214	62	33	63
212	62	33	63
216	61	33	63
218	61	33	63
215	59	34	62
205	56	33	61
201	53	33	61
199	53	34	60
199	51	34	60
198	48	34	61
199	44	34	62
199	38	34	62
198	36	35	62
197	35	35	63
199	32	35	63
200	28	35	64
198	25	35	63
197	23	35	63
197	24	34	61
197	24	34	60
205	28	34	59
205	33	33	58
203	34	33	57
205	36	32	57
213	39	32	57
213	40	32	57
213	43	32	57
213	48	32	57
210	53	31	57
206	56	31	57
203	61	31	57
203	61	31	58
200	62	31	58
198	65	31	58
193	68	31	58
193	72	32	58
202	70	31	58
202	71	32	58
200	67	32	58
198	62	33	58
190	60	33	58
189	61	33	58
189	62	33	58
189	62	33	59
190	66	33	59
187	61	33	59
174	57	33	59
173	57	33	59
169	58	33	58
167	57	34	58
165	55	34	58
160	50	34	58
150	44	34	59
141	37	34	59
137	33	34	59
137	33	34	59
137	31	32	61
142	33	31	63
146	32	28	65
141	32	26	66
129	31	25	67
127	32	25	67
127	37	24	67
123	35	23	68
119	32	23	67
119	30	22	67
113	21	22	67
113	21	22	67
105	13	22	67
93	6	22	67
86	0	22	66
76	-3	23	64
66	-7	24	60
65	-5	25	57
51	-8	28	53
49	-8	30	49
50	-7	33	45
41	-8	36	40
42	-8	39	37
40	-7	41	33
25	-7	44	30
25	-8	44	30
26	-8	44	30
28	-8	44	30
30	-8	44	30
32	-8	44	30
35	-8	44	30
36	-9	44	30
38	-8	44	30
39	-9	44	30
40	-8	44	30
42	-9	44	30
44	-8	44	30
46	-9	44	30
47	-8	44	30
49	-8	44	30
50	-9	44	30
52	-8	44	30
53	-9	44	30
53	-8	44	30
54	-8	44	30
54	-8	44	30
54	-8	44	30
54	-7	44	30
54	-7	44	30
52	-5	44	30
51	-4	44	30
50	-3	44	30
50	-2	44	30
49	-1	44	30
48	0	44	30
47	0	44	30
47	1	44	30
46	1	44	30
97	0	40	30
98	0	38	29
99	1	35	29
94	2	34	31
94	4	31	33
96	3	29	35
94	2	28	36
94	2	27	38
97	2	26	39
100	1	25	40
102	0	25	40
105	0	24	40
105	0	24	39
105	0	24	39
108	2	23	40
119	4	22	42
112	4	22	44
101	3	22	45
101	3	22	47
100	2	21	48
97	1	21	49
87	0	21	48
78	-2	21	47
68	-4	21	45
79	-7	24	42
84	-5	28	38
81	-3	33	35
82	-3	37	32
81	-2	40	29
94	-2	42	27
111	-3	45	24
113	-2	47	22
135	-1	48	21
147	0	50	20
156	0	51	19
159	0	52	18
159	0	54	17
158	0	56	16
157	3	58	17
156	8	59	16
155	13	61	16
163	17	62	15
165	18	63	15
163	18	64	15
161	14	65	15
160	9	66	15
164	3	67	15
168	0	68	15
184	0	67	15
194	0	67	15
218	0	67	14
219	0	67	14
220	0	67	14
221	0	67	14
222	1	67	14
222	2	67	14
223	2	67	14
223	4	67	14
222	5	67	14
222	6	67	14
221	8	67	14
221	9	67	14
221	10	67	14
221	11	67	14
221	12	67	14
220	12	67	14
220	12	67	14
220	13	67	14
220	13	67	14
220	13	67	14
221	14	67	14
221	14	67	14
221	14	67	14
221	15	67	14
221	15	67	14
222	15	67	14
222	15	67	14
222	15	67	14
222	15	67	14
223	15	67	14
223	15	67	14
223	16	67	14
223	16	67	14
223	16	67	14
224	16	67	14
224	16	67	14
224	16	67	14
224	16	67	14
224	16	67	14
225	16	67	14
225	16	67	14
224	16	67	14
225	16	67	14
225	16	67	14
225	16	67	14
225	16	67	14
225	16	67	14
225	16	67	14
225	16	67	14
225	16	67	14
226	16	67	14
226	16	67	14
226	16	67	14
226	16	67	14
226	16	67	14
227	16	67	14
227	16	67	14
227	16	67	14
228	16	67	14
228	16	67	14
228	16	67	14
229	16	67	14
229	16	67	14
229	16	67	14
229	16	67	14
230	16	67	14
230	16	67	14
230	16	67	14
231	16	67	14
231	16	67	14
231	16	67	14
232	16	67	14
232	16	67	14
232	15	67	14
233	15	67	14
233	16	67	14
234	16	67	14
234	16	67	14
235	16	67	14
235	16	67	14
235	16	67	14
235	16	67	14
236	16	67	14
236	16	67	14
237	16	67	14
237	16	67	14
237	16	67	14
237	16	67	14
238	16	67	14
238	16	67	14
239	16	67	14
239	16	67	14
239	16	67	14
239	16	67	14
240	16	67	14
240	16	67	14
240	16	67	14
240	16	67	14
188	1	66	14
192	1	67	14
189	1	67	14
190	1	67	14
177	0	66	14
151	3	64	17
133	3	61	18
125	4	59	19
106	14	55	24
106	15	52	28
97	17	49	30
99	21	48	32
112	22	47	33
116	24	46	34
120	23	46	35
120	22	46	35
127	20	45	36
123	10	43	38
120	5	42	40
120	3	41	42
119	3	40	43
119	3	40	44
115	2	40	44
115	0	39	44
110	-1	39	43
104	-1	39	41
103	-3	37	39
104	-1	36	37
101	-2	35	35
105	0	35	34
106	2	33	35
114	6	32	37
127	8	30	39
130	10	30	40
127	14	29	42
128	16	28	43
127	20	28	44
125	21	27	45
123	22	26	45
123	22	25	46
121	23	23	47
119	18	23	46
117	17	23	46
115	16	22	46
116	7	22	45
116	8	21	45
112	0	21	45
109	-4	21	43
109	-10	24	40
128	-10	27	37
136	-8	31	34
146	-5	34	31
146	-2	37	28
144	2	41	26
152	17	43	24
177	38	43	23
176	46	44	23
177	49	46	22
176	56	47	23
177	64	46	24
172	70	47	25
172	72	47	26
170	82	48	26
170	81	48	27
172	84	48	27
176	77	44	30
176	71	43	32
178	70	41	34
189	75	39	37
190	75	38	38
191	61	38	39
185	57	38	40
187	68	38	40
181	65	39	41
177	63	40	41
177	63	41	41
178	68	41	41
191	85	41	40
183	75	41	41
190	84	40	41
191	79	37	45
192	78	35	48
188	69	33	51
195	61	34	51
195	65	35	51
201	65	36	51
201	66	37	52
198	62	37	52
183	51	36	54
179	53	34	57
182	52	32	60
177	56	31	65
174	55	28	68
176	55	27	72
171	49	25	75
167	57	24	77
162	51	23	78
161	52	25	79
161	53	25	80
162	53	26	81
164	53	26	82
166	53	26	83
167	36	25	85
169	35	26	86
176	28	26	87
177	28	26	89
176	41	26	89
191	42	28	90
190	44	29	91
195	51	30	92
196	51	32	94
196	51	33	95
187	66	33	98
188	97	32	98
191	99	32	98
185	94	32	98
195	102	32	98
190	103	32	99
192	97	32	99
190	96	32	99
188	89	32	99
187	86	32	99
185	80	32	99
171	72	32	99
174	67	32	99
177	50	32	99
181	46	32	99
182	43	32	99
176	42	32	99
177	40	31	99
178	0	30	100
179	-1	30	101
174	0	30	101
167	0	29	103
159	1	29	104
159	2	29	105
160	4	29	106
168	21	29	106
162	20	30	106
178	44	29	107
152	-13	33	99
151	-11	35	92
148	-8	38	87
162	-7	41	83
161	-8	45	76
156	-7	49	70
156	-5	52	65
156	-4	54	60
153	0	55	58
154	-2	55	56
154	0	55	54
154	1	55	53
156	6	55	51
158	6	55	49
160	14	55	47
162	20	56	46
167	21	56	44
167	28	55	43
168	33	55	42
167	33	55	41
168	33	55	40
166	33	55	39
163	34	54	39
159	40	54	38
157	42	53	38
157	41	52	38
156	47	52	37
158	49	51	37
158	48	51	37
154	41	50	37
156	39	50	36
156	38	50	36
154	37	50	36
152	34	50	35
152	33	50	35
151	33	50	35
151	37	50	35
152	37	50	34
153	38	50	34
152	39	50	34
150	41	50	34
145	41	50	34
143	40	50	34
143	40	51	34
144	44	51	34
148	42	51	34
150	41	51	34
156	39	52	34
159	35	52	34
158	33	52	33
161	31	52	33
167	28	54	32
169	24	55	32
169	20	56	32
167	17	57	31
164	18	58	30
162	19	59	30
161	22	60	29
160	28	61	29
162	32	61	29
161	37	61	30
160	37	62	30
161	41	62	31
159	46	63	31
158	50	63	31
156	56	63	31
156	60	63	31
156	61	63	31
157	65	64	32
159	70	64	32
160	74	63	32
162	80	64	32
161	82	63	32
162	82	63	31
163	83	62	31
167	85	62	32
166	86	62	32
167	87	62	32
166	89	62	31
167	89	62	31
166	89	62	31
164	89	61	31
166	89	61	31
170	87	61	31
170	85	61	31
170	84	60	31
171	82	60	31
170	79	59	31
173	77	59	31
176	76	59	30
178	75	58	31
179	75	58	30
180	73	58	31
182	70	58	31
183	67	58	32
183	63	57	32
184	59	57	32
184	57	57	32
184	55	57	32
184	53	57	32
182	49	57	33
183	45	56	33
181	40	56	34
182	39	56	34
182	36	56	34
184	36	57	34
189	36	56	34
191	37	57	34
192	38	57	34
193	39	57	35
191	40	57	35
192	42	58	35
193	45	59	35
194	47	59	34
197	47	60	34
197	48	60	34
199	46	61	34
197	44	62	34
198	42	62	34
197	39	63	34
197	35	63	34
196	33	64	34
198	29	65	34
199	26	65	34
196	23	65	35
193	19	65	35
186	18	65	36
184	17	65	35
177	19	65	35
174	21	66	35
170	25	66	35
172	33	67	34
174	38	66	34
175	39	66	35
172	42	67	34
175	45	67	34
179	47	67	34
183	52	67	33
190	55	67	33
190	57	67	33
193	59	66	33
196	61	65	33
197	65	65	33
197	67	66	33
198	67	65	33
198	68	65	34
202	68	65	34
205	70	65	34
204	68	66	34
206	69	66	34
206	70	66	34
205	69	67	34
208	69	66	34
208	71	67	34
210	72	68	33
212	72	68	33
215	74	68	33
214	75	68	33
218	76	68	33
218	77	68	33
217	77	68	33
216	77	69	33
221	77	68	33
221	78	69	32
222	80	69	32
221	83	69	32
225	85	69	32
228	88	68	32
224	89	68	31
226	90	68	31
224	91	67	31
226	93	66	31
231	94	65	30
234	95	65	31
235	95	64	31
235	95	64	31
237	94	63	31
240	95	63	31
241	96	63	32
241	95	63	33
240	94	63	33
240	94	63	33
239	93	63	34
238	92	63	34
239	92	63	34
241	91	62	36
240	89	60	38
240	88	59	40
235	86	59	42
230	84	59	43
228	82	58	43
229	79	58	44
226	77	58	44
226	77	59	45
224	74	59	45
219	72	59	45
218	70	60	45
215	69	62	45
216	71	64	45
214	70	65	45
217	70	67	46
217	71	67	45
221	72	68	45
219	69	68	45
219	66	69	45
220	67	69	44
221	62	69	45
221	57	69	45
221	51	69	46
223	46	70	46
231	40	70	46
231	38	71	45
235	36	72	45
241	31	73	45
243	26	74	44
246	20	74	44
249	14	74	43
248	13	74	44
250	9	75	43
250	5	76	42
251	8	77	41
248	10	78	41
248	14	79	39
248	15	79	38
251	18	80	36
252	24	81	35
249	33	83	33
253	42	83	32
250	47	81	33
251	46	80	33
251	49	79	33
251	51	78	33
246	56	76	34
240	56	76	34
234	59	75	33
235	60	75	33
232	68	74	33
236	76	74	33
236	81	73	33
238	85	73	33
238	89	72	32
239	90	72	32
241	93	72	32
240	92	72	32
240	88	71	32
240	84	71	32
240	80	70	32
240	79	70	32
238	77	70	32
231	76	69	32
225	75	69	32
219	76	68	32
221	74	67	32
221	74	67	32
218	71	67	32
217	70	67	32
221	70	66	32
218	68	66	32
221	66	66	32
221	65	66	32
221	62	65	32
218	59	65	32
222	56	63	34
221	53	61	36
225	48	60	36
225	48	59	36
223	44	59	37
214	35	58	38
204	26	58	37
195	22	58	37
183	19	57	38
181	18	58	38
175	19	58	37
173	19	58	38
171	28	58	37
173	35	58	38
163	35	58	38
162	34	58	38
159	36	59	37
156	38	59	36
154	40	60	35
155	42	60	34
155	44	61	33
154	44	61	33
157	48	61	32
160	50	61	31
160	52	61	31
164	56	62	31
161	60	61	30
160	61	62	30
156	68	61	29
157	71	61	29
150	79	61	29
144	85	60	28
137	88	59	28
134	88	58	28
128	92	58	28
122	91	57	27
112	92	57	27
102	95	56	27
86	99	56	27
84	99	55	27
72	104	55	26
63	113	55	26
52	118	54	26
41	123	54	25
30	127	53	25
29	128	53	24
21	129	52	24
20	130	53	24
22	128	53	24
33	121	52	23
48	114	52	23
47	112	51	23
57	105	51	23
67	99	50	23
71	93	49	22
72	90	49	22
74	88	49	21
74	86	48	21
73	84	48	21
80	82	47	21
91	77	47	21
96	74	47	21
99	72	46	21
99	70	46	21
102	64	46	21
108	57	45	21
108	51	45	21
104	44	44	21
100	39	44	21
99	37	44	21
97	35	45	21
94	34	45	21
94	35	45	21
94	39	45	22
95	42	45	22
95	42	45	22
99	48	45	22
107	54	45	22
112	59	44	22
119	64	44	22
127	66	44	22
127	65	44	22
131	66	44	22
135	66	44	22
142	65	44	22
146	66	44	22
145	66	44	22
145	66	44	22
152	70	44	22
155	69	44	23
153	67	44	22
157	65	43	23
162	63	42	24
162	62	41	25
161	60	40	25
162	58	40	26
169	56	40	26
169	53	39	26
166	47	39	26
166	46	39	27
168	45	39	27
170	39	39	28
171	34	39	28
174	33	38	28
179	31	37	30
181	30	36	32
182	29	35	34
182	30	35	35
182	33	35	35
177	37	34	36
175	42	34	37
175	45	33	38
174	49	33	38
177	55	34	38
179	54	34	38
175	51	34	38
177	48	35	37
178	49	36	37
183	46	36	37
179	43	37	36
176	40	38	36
177	36	39	36
171	34	39	36
169	33	39	35
164	31	40	36
158	28	39	37
157	23	39	38
161	20	38	39
161	22	38	40
161	21	37	41
158	18	37	42
160	16	37	42
164	15	36	43
173	11	36	44
175	7	36	45
173	7	36	47
174	3	36	48
169	2	37	47
169	2	37	47
171	2	37	48
173	5	38	48
174	5	38	48
179	6	39	48
182	6	39	48
192	3	39	49
192	0	39	49
188	0	40	48
188	0	40	47
186	0	40	47
186	0	40	47
186	0	40	46
194	3	41	46
193	0	43	45
190	0	45	44
187	0	46	44
184	0	47	43
179	1	48	43
180	0	48	43
174	2	46	44
173	3	43	46
172	1	41	47
174	4	41	48
173	7	39	50
174	11	36	52
182	16	35	53
183	15	34	53
187	21	33	52
191	24	32	52
190	26	31	52
193	31	31	52
197	35	30	51
197	35	30	51
199	38	30	51
200	42	30	50
198	43	30	50
193	42	30	50
191	41	31	49
189	41	31	49
188	39	31	48
188	38	30	48
188	38	30	47
191	40	30	46
192	43	30	45
191	43	30	45
193	44	31	44
197	47	30	44
201	48	30	45
205	49	30	45
203	49	31	44
202	49	31	45
194	50	32	45
192	51	32	45
188	50	32	45
187	50	33	45
186	50	33	45
186	49	33	45
186	49	33	45
183	49	34	46
179	48	35	46
180	47	35	46
182	46	34	46
182	46	34	46
186	45	33	47
191	44	33	47
191	43	32	48
191	40	33	48
191	36	33	47
190	35	33	47
184	33	33	47
176	31	34	47
174	28	34	46
171	26	35	46
172	24	35	46
172	24	35	45
175	23	35	45
177	19	35	45
173	15	36	45
169	7	36	45
168	3	37	46
167	1	37	46
167	-1	38	46
169	-1	39	44
165	-1	40	43
160	0	40	43
161	0	41	42
160	0	42	42
163	0	42	42
164	3	42	42
170	12	42	42
175	21	41	42
182	32	40	42
183	32	40	43
186	36	39	43
185	40	38	44
187	43	37	44
189	45	37	44
189	45	37	44
189	45	36	44
187	44	37	44
186	43	37	44
187	42	38	43
194	43	38	43
196	45	39	43
196	44	39	43
198	47	39	43
197	50	39	43
193	53	39	43
189	55	40	42
187	59	39	42
187	59	39	42
187	64	39	42
191	69	39	42
191	73	39	41
190	75	40	41
187	73	40	40
186	73	41	40
181	73	42	40
182	69	42	40
179	67	44	39
182	64	44	39
188	63	45	39
189	63	46	38
192	63	47	38
193	64	48	38
190	65	48	37
191	67	49	36
193	73	50	37
192	74	50	37
188	75	51	37
184	78	51	36
180	80	52	36
175	80	52	36
170	79	52	37
170	77	52	37
165	77	52	37
164	75	52	37
171	74	53	37
168	73	53	36
168	71	53	37
168	70	54	37
169	70	54	38
171	69	54	37
180	70	54	37
189	70	54	37
198	69	54	37
198	68	54	37
202	67	54	37
204	65	54	37
203	63	54	37
202	61	55	37
197	59	55	37
196	57	56	37
190	57	56	37
185	55	56	37
180	55	57	37
177	56	58	36
177	58	60	35
176	59	61	35
176	59	63	34
179	58	64	35
176	53	64	35
178	49	64	36
177	45	65	37
176	45	65	37
170	42	65	37
172	41	65	37
179	41	66	38
186	42	66	38
180	44	65	38
181	45	65	38
174	46	65	37
170	50	64	37
175	58	64	38
177	67	63	38
178	77	62	38
177	76	62	38
179	84	61	38
180	88	61	38
179	90	60	39
179	90	60	39
185	88	59	39
186	89	58	39
196	85	57	39
192	83	56	39
186	75	55	38
186	73	55	38
190	69	54	38
188	69	54	37
188	65	54	37
185	61	54	36
179	58	54	36
174	54	54	35
171	52	53	35
170	51	54	35
168	51	54	35
170	55	54	34
169	59	54	34
169	61	54	33
167	61	54	33
168	61	54	32
169	61	54	32
170	59	54	32
172	55	54	32
172	45	54	32
172	40	53	33
172	39	53	32
179	35	53	32
175	34	53	32
182	35	53	31
192	35	52	31
186	37	52	30
185	40	53	30
179	44	53	29
181	53	53	29
186	66	53	29
194	75	53	29
194	83	53	29
195	84	52	29
194	87	51	29
190	92	51	28
188	97	51	28
186	101	51	28
186	104	50	28
185	105	50	28
181	104	50	28
173	99	49	28
169	91	48	28
168	82	48	28
171	74	48	28
172	72	48	27
178	64	48	27
184	56	48	27
186	52	47	27
185	48	47	27
190	45	47	27
190	42	46	27
188	39	46	28
183	37	45	28
174	37	45	28
170	40	44	28
170	47	44	28
170	48	44	28
174	57	44	29
180	68	44	29
178	77	44	28
182	87	44	28
187	94	43	28
186	95	43	28
190	101	43	27
197	103	43	27
202	102	43	28
209	100	43	28
217	92	42	29
217	91	42	29
215	84	42	30
218	77	42	30
221	74	43	30
226	72	44	30
234	72	45	30
234	72	46	30
241	73	46	30
246	77	47	30
250	83	48	30
251	88	49	30
247	92	50	30
247	93	51	29
241	96	50	30
236	97	51	29
231	100	52	29
232	101	53	28
233	100	54	28
233	100	54	28
234	96	54	29
236	87	54	29
233	77	54	29
231	57	54	29
229	42	55	28
230	37	55	29
231	21	55	29
231	11	56	29
234	0	56	30
234	-1	57	29
228	-1	57	29
227	0	57	29
221	-1	56	29
214	-1	56	28
208	0	55	28
204	0	55	28
204	5	54	29
203	6	54	30
207	14	54	31
212	21	54	32
213	22	54	32
213	25	54	32
214	25	54	33
214	25	54	33
217	23	54	33
221	25	53	34
227	24	53	34
226	24	53	35
224	31	52	35
225	31	52	35
225	37	52	35
227	47	52	35
229	54	51	35
231	62	52	35
233	67	51	35
233	67	51	35
235	73	51	34
233	75	51	34
230	73	50	34
226	69	50	33
223	60	49	33
223	60	49	33
222	46	49	33
223	29	47	36
219	14	46	38
224	0	46	38
224	0	45	38
224	0	44	38
221	1	43	38
234	9	39	42
230	11	36	46
225	6	34	51
225	17	31	54
226	17	30	57
225	24	29	59
224	32	29	61
226	35	29	62
225	46	29	62
230	55	30	63
230	56	30	63
237	59	30	65
225	47	30	66
226	48	30	66
238	57	30	67
237	62	30	69
238	63	30	71
226	58	30	72
221	56	29	74
216	62	28	77
201	42	31	73
202	43	34	70
201	45	37	68
200	52	38	66
203	54	39	64
201	56	41	63
198	57	42	62
201	57	41	62
201	58	41	62
201	52	41	62
201	44	42	61
192	31	41	61
183	19	41	61
191	12	42	61
192	12	42	61
196	11	42	60
194	2	43	57
191	1	46	53
186	6	48	49
182	11	49	47
181	11	50	45
182	15	51	43
179	20	51	42
180	24	52	41
179	24	53	39
178	25	54	39
176	25	54	38
176	25	54	38
171	23	53	38
168	20	53	38
165	10	54	37
157	1	53	37
156	0	54	37
149	0	54	37
149	-5	56	33
150	5	56	33
150	5	56	33
149	6	56	33
148	6	56	33
147	6	56	33
147	6	56	33
177	-4	57	31
183	-1	57	31
189	4	57	30
190	5	57	30
196	17	57	29
200	25	56	29
196	29	56	29
192	35	56	28
189	37	55	29
189	38	55	29
187	41	54	29
192	44	54	29
196	46	53	29
198	42	53	30
197	38	52	30
197	38	52	31
195	34	52	31
194	30	51	31
195	28	51	32
202	28	51	31
196	29	51	31
196	30	51	31
192	32	50	31
189	36	50	31
191	38	49	31
190	45	49	32
192	49	49	32
192	50	49	32
195	54	49	32
197	61	49	32
200	65	48	32
200	67	49	32
203	70	49	31
202	70	48	31
208	72	48	31
212	72	48	30
219	69	48	30
225	66	48	30
232	65	48	30
234	65	48	29
241	64	48	29
254	63	47	29
260	61	47	29
256	62	47	29
255	65	48	28
254	65	48	28
249	70	48	28
248	74	48	28
243	80	48	27
243	82	48	28
239	84	47	28
239	84	47	28
236	85	47	28
232	85	47	28
229	83	47	28
226	80	47	28
224	71	47	28
223	70	47	27
222	61	47	27
210	43	47	27
206	31	47	28
210	21	48	28
207	18	48	27
206	14	48	28
202	11	48	28
198	16	49	28
201	24	48	28
198	30	48	29
195	35	48	29
195	35	48	30
193	40	48	30
193	42	48	30
189	40	48	30
185	38	48	30
178	34	48	29
178	31	48	29
172	28	48	29
168	24	48	29
165	20	48	29
162	16	48	29
162	11	48	29
163	6	48	30
167	2	48	30
172	0	48	30
185	5	45	32
203	13	42	35
191	12	39	38
194	10	37	40
186	9	34	44
184	7	31	47
181	6	28	50
179	4	27	52
172	1	28	52
171	0	28	51
174	2	29	52
177	3	29	53
182	1	31	53
189	0	32	53
196	0	33	51
195	0	34	50
194	0	35	50
201	1	35	50
210	6	35	49
210	11	35	50
202	11	36	50
202	11	36	50
197	16	37	50
191	15	38	50
182	13	38	49
179	-1	40	46
171	-2	41	43
170	-1	42	41
158	0	42	41
160	5	38	45
151	5	35	48
146	2	33	51
146	2	31	53
147	2	30	55
145	1	28	58
140	2	26	60
142	5	24	63
150	13	23	65
156	2	23	66
156	0	23	67
163	2	23	67
166	0	23	68
169	-1	22	70
164	0	22	71
163	0	23	71
161	0	24	71
158	8	26	71
163	17	26	71
169	27	26	72
175	29	26	72
174	32	27	73
172	29	28	72
172	32	29	72
177	23	29	73
183	14	28	74
183	0	29	74
198	58	28	76
200	57	28	77
195	54	28	77
185	14	27	78
187	-2	26	78
183	-3	25	78
185	-4	25	79
187	-2	25	79
183	-3	25	79
184	-1	25	79
185	0	25	79
183	-1	25	79
180	-1	25	79
178	-1	25	79
177	0	25	79
176	0	25	79
166	0	24	79
175	1	24	79
176	0	24	80
178	0	23	80
186	1	22	81
194	-3	22	81
196	-4	21	82
199	-3	21	82
208	-6	20	82
210	-7	20	82
212	-6	20	81
213	-6	21	79
213	-5	21	79
206	-5	21	77
201	-2	22	75
201	0	24	74
200	1	25	74
199	3	26	71
197	0	28	72
191	0	29	71
192	0	30	70
193	0	31	69
194	0	31	68
195	-1	32	67
202	-1	33	65
205	0	34	64
199	-1	34	62
198	0	35	60
203	0	34	59
209	-1	35	56
215	1	34	56
209	-1	35	53
208	0	35	53
207	-5	35	53
205	-8	37	50
219	0	38	48
224	2	39	46
224	0	39	46
229	-9	41	43
229	-8	44	40
227	-7	44	40
227	-5	44	40
226	-4	44	40
225	-2	44	40
225	-1	44	40
224	0	44	40
224	0	44	40
224	0	44	40
223	0	44	40
223	1	44	40
223	1	44	40
222	2	44	40
222	2	44	40
222	2	44	40
222	2	44	40
222	3	44	40
222	3	44	40
222	3	44	40
221	3	44	40
221	4	44	40
221	4	44	40
221	4	44	40
220	4	44	40
220	4	44	40
219	4	44	40
219	4	44	40
218	4	44	40
218	4	44	40
218	4	44	40
217	4	44	40
217	4	44	40
217	4	44	40
217	4	44	40
216	4	44	40
216	4	44	40
216	3	44	40
213	5	44	40
192	-7	48	36
187	-2	51	33
173	2	53	31
166	4	55	29
151	-1	58	27
145	4	61	25
148	10	63	23
131	11	65	22
126	18	66	21
127	23	68	20
126	23	69	20
140	28	69	19
150	29	69	18
142	30	70	18
141	25	70	18
149	27	71	18
151	28	71	17
146	22	72	17
148	21	71	17
138	20	68	18
135	19	68	18
135	13	65	21
137	12	62	23
145	10	60	24
144	7	56	26
144	11	55	27
144	3	52	29
149	9	51	30
150	9	49	31
153	9	46	34
166	14	41	38
174	12	37	43
183	15	34	46
196	33	31	51
198	33	28	54
201	36	27	56
208	49	25	56
220	0	24	57
231	0	24	56
233	-1	22	58
235	-1	21	58
221	1	21	59
218	1	21	59
223	1	20	59
233	11	20	60
234	13	20	60
234	15	20	60
240	2	20	60
238	2	20	60
239	1	19	61
236	3	19	61
238	3	18	62
239	4	17	62
241	-2	17	63
240	0	18	62
235	6	19	62
223	12	20	62
212	19	21	62
211	20	22	63
203	22	24	62
206	30	25	62
204	37	25	62
202	36	26	62
201	37	28	61
199	33	28	60
205	34	29	60
209	34	31	58
215	35	33	57
221	36	34	56
225	41	35	55
226	41	35	55
228	42	36	56
230	41	36	55
234	42	37	55
239	42	37	56
244	41	37	56
244	42	37	56
249	41	37	56
252	41	37	56
257	40	37	57
260	39	37	58
262	38	37	57
261	36	37	57
263	36	38	57
264	36	38	57
265	36	38	57
265	36	38	57
266	35	38	57
265	34	38	57
267	33	38	58
267	32	37	58
269	31	38	58
268	27	38	58
266	26	38	59
266	22	38	59
263	22	38	59
261	17	39	59
260	18	39	59
261	18	39	59
261	19	39	60
261	20	39	60
262	22	38	60
265	22	38	60
267	24	38	61
269	24	39	60
274	25	39	58
275	27	39	57
279	34	39	57
282	37	39	56
283	40	40	54
283	43	41	53
282	45	41	52
281	46	41	53
275	45	42	53
276	45	41	53
275	43	41	54
273	45	40	54
269	48	40	54
269	48	40	54
263	50	40	53
256	56	40	54
249	58	40	53
243	61	40	53
236	64	40	53
235	66	40	53
229	69	39	53
223	70	39	53
217	71	39	54
209	71	39	54
206	67	39	54
204	68	39	54
201	63	39	55
198	57	39	55
188	54	42	52
182	53	41	52
177	51	41	53
176	50	41	53
176	48	41	53
174	46	41	54
173	40	41	54
176	38	41	55
174	30	43	53
173	28	44	51
176	26	44	52
181	23	44	52
183	13	44	52
187	9	44	52
188	5	45	51
188	2	45	51
189	0	45	50
193	0	45	48
196	0	45	47
222	8	41	52
226	9	38	56
229	8	35	60
251	45	33	62
258	48	31	65
254	42	30	67
256	41	29	69
263	44	29	70
263	43	29	71
271	55	29	71
272	52	29	71
272	47	29	70
265	27	30	70
266	22	30	71
262	7	29	74
264	-1	27	75
272	0	27	76
279	0	26	77
286	-1	25	78
290	0	25	78
293	0	25	79
300	-3	24	79
308	-1	24	79
322	0	24	80
324	0	24	80
330	0	25	80
330	1	26	80
337	9	27	81
330	1	29	78
328	4	32	76
335	11	33	73
341	16	34	72
340	16	35	71
346	17	36	70
345	15	38	66
351	23	41	63
355	33	40	62
361	40	42	59
361	40	43	57
361	42	43	55
367	48	42	53
375	53	41	51
379	58	40	49
382	60	40	46
384	63	39	44
379	44	41	41
376	40	41	40
376	30	42	41
372	21	41	42
376	23	40	42
379	25	41	42
367	14	39	42
361	15	39	43
354	15	39	43
345	9	40	42
336	8	41	43
334	6	41	43
334	11	42	42
335	18	43	42
337	20	43	41
340	26	43	41
343	31	43	40
344	33	43	39
349	42	43	38
340	18	41	41
337	17	37	44
340	7	34	48
342	5	31	53
340	4	29	56
346	3	28	59
353	1	28	59
354	13	28	60
353	18	27	62
350	20	27	62
352	19	27	62
352	8	27	63
348	15	26	64
350	11	24	66
353	9	22	69
356	18	21	70
359	17	21	71
359	29	20	72
362	27	20	73
364	21	19	75
361	18	18	78
357	17	17	79
359	16	17	81
356	10	17	81
358	21	17	81
366	26	17	82
372	21	17	84
373	24	17	84
374	21	17	85
376	25	18	85
377	34	19	85
378	31	20	86
378	34	20	87
378	36	20	87
373	53	21	87
374	55	21	88
399	8	23	87
396	2	26	83
394	4	28	80
400	4	30	79
398	3	31	77
406	3	31	78
411	-2	32	78
417	-2	31	77
421	-1	30	77
425	-2	29	79
428	0	28	81
430	-2	28	81
431	-4	28	81
432	-3	27	81
433	-3	27	80
434	-3	27	79
435	-4	27	79
436	-2	27	78
438	-2	28	78
440	-3	27	78
442	-3	28	78
445	-3	28	78
447	-1	28	78
448	-3	29	77
449	-3	29	77
450	-2	30	77
449	-3	31	75
450	-2	32	73
449	-3	33	70
454	-5	34	66
454	-6	37	62
463	-7	40	57
470	-5	41	55
468	-6	43	51
467	-5	45	47
471	-4	47	44
468	-5	50	41
465	-5	53	38
468	-2	54	37
464	-3	56	35
462	-1	58	33
458	-1	59	33
452	0	59	33
447	0	59	33
438	1	58	33
430	2	58	33
425	1	60	34
420	4	61	35
415	10	62	36
404	16	62	37
390	23	63	38
374	29	63	38
372	29	64	38
359	36	65	39
347	43	65	39
335	53	66	40
328	61	65	40
322	69	65	40
321	68	65	40
312	76	65	40
304	84	64	40
297	92	63	40
289	99	62	40
277	100	63	40
277	99	63	40
270	101	62	40
258	103	63	40
252	105	63	40
248	107	63	40
245	109	63	40
245	109	64	40
247	110	65	40
251	110	65	40
257	108	64	40
265	105	65	41
275	102	64	41
276	102	63	41
284	101	64	42
293	101	64	42
305	101	63	42
318	102	63	43
330	103	63	44
332	102	64	43
338	102	64	44
351	103	64	44
364	102	64	45
374	102	64	45
384	103	65	45
386	103	65	45
396	102	65	46
404	102	66	47
409	103	67	47
418	106	67	48
422	109	67	48
423	109	67	47
427	114	67	48
434	118	68	48
435	122	68	49
439	126	69	50
443	129	69	50
442	127	70	49
444	130	71	50
447	130	71	50
450	133	72	50
451	134	73	51
452	133	74	50
451	134	75	50
452	138	74	50
452	141	74	51
449	143	75	50
447	146	75	51
444	149	74	51
443	149	75	51
441	151	74	51
437	155	74	51
430	156	74	51
424	161	73	51
418	162	73	50
416	161	73	50
411	165	73	49
407	167	72	50
404	171	72	49
402	176	72	49
398	182	71	48
397	182	71	48
392	187	71	48
387	192	70	48
376	203	69	49
372	206	67	49
371	207	66	49
372	208	66	49
367	216	65	49
364	220	64	48
361	223	64	48
357	225	63	49
356	227	63	48
355	227	63	48
355	230	62	47
354	231	62	47
350	231	62	47
345	230	61	47
342	231	62	47
341	230	61	48
339	231	61	48
336	233	61	48
334	234	61	47
333	236	61	47
330	236	60	47
332	236	59	47
330	234	59	47
328	232	57	47
324	228	56	48
320	220	56	48
318	216	55	48
318	214	55	47
314	211	54	48
311	207	53	48
306	200	53	48
301	197	53	49
295	194	53	49
294	191	53	47
290	189	54	47
287	185	54	46
282	183	54	46
283	183	54	45
280	183	54	44
281	184	54	44
279	185	54	43
276	187	54	43
274	187	54	43
272	186	54	43
274	185	53	43
273	184	53	43
274	182	53	43
273	179	52	43
275	176	52	43
276	173	52	42
280	172	52	42
280	171	52	41
284	169	52	41
288	168	52	41
289	167	52	40
290	165	52	40
289	167	52	39
289	164	52	39
289	163	53	38
293	162	52	38
291	160	52	38
292	157	52	38
291	155	52	38
291	153	52	38
291	149	51	38
293	145	51	38
292	141	50	38
291	136	50	39
288	132	51	40
287	130	51	39
285	126	51	40
284	121	51	40
283	116	50	41
280	109	49	41
280	105	48	42
281	103	47	41
275	96	47	41
273	89	47	41
269	83	46	41
268	80	46	41
266	76	45	42
266	74	44	43
263	71	44	44
259	63	43	45
257	59	42	46
254	52	41	47
252	49	41	48
251	47	40	48
248	45	40	49
243	38	40	50
236	36	40	50
229	30	39	51
224	30	39	51
224	29	39	51
219	28	39	51
211	22	38	51
204	16	38	50
198	15	38	49
193	13	38	49
192	13	38	48
187	10	38	47
182	8	38	46
176	6	38	45
172	5	38	44
166	3	38	43
166	3	38	43
163	2	37	43
160	2	37	43
154	0	37	43
144	0	38	43
134	-1	39	41
135	0	40	40
125	-1	40	39
119	1	41	39
119	9	42	38
99	-2	44	36
86	-3	46	34
86	-1	47	33
80	0	48	31
68	0	47	30
59	-4	50	28
90	25	49	28
92	37	50	28
109	48	48	29
112	56	48	31
108	57	48	30
100	61	48	29
99	66	48	28
71	49	45	31
73	47	42	34
80	60	39	35
77	52	37	38
83	66	35	39
75	53	34	40
71	46	33	41
67	35	32	44
73	43	30	46
69	35	28	48
65	25	27	50
64	26	27	52
63	29	26	53
63	29	26	54
64	34	26	54
63	30	25	54
59	28	25	55
61	36	25	55
56	32	24	54
56	32	24	54
52	28	23	55
49	17	22	57
50	13	21	58
51	11	21	58
61	0	21	60
61	0	20	60
62	0	20	61
68	2	20	61
80	-1	19	61
87	0	20	60
94	6	19	61
96	6	19	62
122	-6	21	60
130	-8	22	59
142	-4	23	57
150	-1	24	56
157	6	25	56
158	7	25	56
166	18	26	54
178	28	27	54
190	36	27	54
202	43	28	53
217	47	28	53
218	48	28	54
228	52	29	54
237	57	29	54
246	66	29	54
254	73	30	54
261	79	31	54
262	82	32	55
265	91	33	55
272	97	33	54
279	104	34	54
289	113	35	55
297	120	35	57
300	122	35	59
308	124	36	60
317	130	37	60
326	131	38	60
336	137	39	61
346	142	41	61
347	143	42	62
357	142	42	63
366	143	43	63
374	144	44	63
377	142	45	63
387	140	47	62
387	141	48	62
393	141	48	62
401	135	50	62
407	129	50	63
415	122	52	63
422	113	53	64
421	114	54	64
428	105	55	65
435	96	57	64
443	88	59	62
447	74	61	59
443	62	64	56
438	58	67	54
439	45	68	53
428	35	73	49
428	16	73	49
419	11	76	47
409	0	77	45
406	0	79	44
406	-2	81	43
374	-1	80	43
362	0	77	43
358	2	75	43
380	13	69	49
386	15	62	56
384	12	56	61
380	5	51	65
376	4	50	63
366	6	50	65
354	13	51	63
352	12	51	62
346	30	52	61
352	54	53	60
367	89	54	59
358	95	55	58
341	89	56	57
340	89	58	57
337	100	59	57
322	96	60	56
325	110	60	55
328	122	60	55
338	140	59	53
340	140	59	51
333	143	60	49
333	148	62	46
327	152	65	43
323	150	65	41
295	129	62	43
294	126	59	45
302	128	57	48
319	145	55	48
328	147	52	47
334	150	51	48
334	150	50	47
334	151	50	47
318	135	53	45
318	137	55	43
311	133	56	43
306	130	58	42
306	132	59	42
304	134	59	42
304	130	60	42
301	131	60	41
307	134	59	42
307	132	58	43
307	129	58	44
338	155	56	45
344	156	55	45
348	155	55	44
329	137	54	45
329	141	53	45
322	132	51	46
324	131	49	47
324	136	47	48
326	145	46	47
330	150	45	46
329	159	44	45
304	137	43	44
305	138	42	43
302	137	39	46
309	156	39	44
305	156	38	45
298	144	34	48
290	130	32	51
292	125	29	54
289	128	27	56
287	132	26	57
283	123	25	58
274	109	25	58
271	113	24	59
272	112	23	60
274	114	22	62
281	105	20	63
283	113	20	64
288	117	19	64
290	120	20	63
291	120	21	61
294	116	21	61
300	119	22	61
306	119	22	60
318	105	21	63
328	93	22	62
326	93	22	63
327	104	24	62
329	116	25	60
330	128	26	58
331	140	28	56
328	146	30	54
324	151	32	52
326	150	33	51
327	155	33	50
334	155	34	49
320	174	36	46
359	139	35	45
360	139	34	44
363	144	33	45
375	131	32	47
384	129	29	50
392	122	26	53
394	126	26	53
396	134	24	55
408	130	24	56
410	125	24	56
413	124	24	56
415	123	24	56
417	124	24	56
419	124	24	56
420	123	24	56
417	107	22	58
415	93	22	59
413	78	21	61
411	59	19	63
412	56	19	64
408	48	18	66
401	28	17	68
402	36	16	70
403	38	15	71
406	29	15	73
404	25	16	74
410	23	16	75
415	10	16	76
422	22	18	74
424	6	19	74
425	3	20	74
425	0	21	73
425	-2	23	72
425	-6	25	69
424	-5	26	66
423	-2	28	64
422	-3	30	61
421	-2	32	60
416	0	32	60
408	2	34	60
391	-1	35	58
379	1	39	56
363	4	42	54
363	5	44	53
343	6	46	51
334	17	47	51
355	53	49	49
339	57	51	48
335	72	54	47
331	70	55	46
323	79	57	46
313	88	60	45
317	104	61	43
304	106	62	41
299	109	62	40
300	111	62	39
300	119	63	39
301	121	63	39
283	111	63	38
269	99	65	38
253	82	65	38
253	82	65	38
254	83	65	37
255	83	65	36
261	84	65	35
226	64	65	35
250	78	64	34
250	79	63	33
246	76	59	34
254	90	58	35
257	102	56	36
259	118	55	35
252	116	53	37
253	115	50	38
251	127	47	42
250	133	43	47
239	131	39	52
234	135	36	54
227	134	35	54
227	133	34	54
223	135	34	53
219	137	32	57
219	134	30	60
216	129	28	63
214	124	26	65
213	118	25	67
208	112	24	69
202	106	24	71
197	102	23	73
192	100	23	74
190	94	24	73
189	94	25	73
189	100	26	72
189	100	27	70
185	85	27	71
180	79	25	72
176	90	25	72
177	88	24	72
173	86	23	73
169	86	22	73
168	75	21	74
167	76	21	74
167	86	21	73
166	86	21	72
162	116	21	73
158	119	21	72
154	122	21	72
156	125	21	71
162	132	21	71
163	133	21	71
164	135	21	71
171	144	21	71
178	151	21	70
180	152	21	70
186	158	21	70
187	157	21	70
188	162	21	70
189	164	21	70
190	165	21	70
192	156	21	70
195	159	21	70
196	160	21	70
198	162	21	70
201	163	21	70
202	164	21	70
204	166	21	70
205	167	21	70
206	169	21	70
206	173	21	70
207	176	21	70
207	180	21	70
207	184	21	70
208	186	21	70
209	188	21	70
210	190	21	70
211	190	21	70
209	192	21	70
206	193	21	70
203	193	21	70
205	191	21	70
208	189	21	70
211	188	21	70
209	187	21	70
213	186	21	70
216	184	21	70
218	183	21	70
272	141	21	71
263	145	22	70
259	147	24	68
309	90	24	66
307	95	25	65
307	95	26	65
304	96	26	64
301	98	27	63
295	100	28	63
292	101	29	62
290	103	28	63
288	102	29	63
285	105	29	63
278	106	30	64
270	108	31	64
263	109	31	65
254	110	32	66
253	110	32	67
250	110	33	67
248	109	33	68
248	103	33	68
249	99	34	68
251	94	34	68
250	93	34	69
256	91	34	68
263	87	34	68
269	85	35	68
276	83	35	68
283	81	36	67
286	80	36	67
286	80	39	64
291	79	39	65
290	78	38	65
289	79	38	65
287	81	37	66
287	82	37	66
286	88	36	66
282	92	36	65
275	99	36	65
266	100	35	64
255	102	36	62
254	103	36	61
247	106	36	61
245	106	35	61
247	110	35	61
254	114	34	61
258	117	34	62
259	115	33	62
265	116	32	62
275	116	31	63
283	117	30	64
289	115	30	64
294	119	30	65
295	117	29	65
297	123	29	65
302	129	29	65
305	135	29	64
310	142	29	64
314	149	29	64
315	152	29	65
317	159	29	65
319	166	28	66
313	176	28	68
304	180	28	69
296	183	28	70
294	184	28	71
284	185	28	70
270	190	30	68
262	189	33	65
252	182	35	62
245	173	37	62
245	173	39	61
244	168	40	61
236	165	43	57
233	155	47	55
232	145	50	52
231	134	54	50
230	134	56	49
223	130	58	47
219	130	61	44
217	129	62	41
213	131	62	39
206	131	61	38
207	130	60	38
199	131	58	38
189	133	56	38
173	141	53	40
163	148	49	42
157	155	46	45
158	155	44	46
148	162	43	47
130	177	42	47
118	187	42	48
113	198	43	47
114	208	44	47
114	209	45	47
123	221	46	46
133	235	48	46
149	243	51	44
165	246	51	43
174	245	51	43
176	243	51	42
182	247	51	42
180	260	49	43
181	267	47	46
182	270	47	48
189	272	48	47
188	273	49	46
187	290	52	43
186	295	54	40
194	296	56	37
202	301	59	35
231	287	57	37
230	286	55	38
235	288	54	39
237	294	55	38
226	260	59	36
226	261	62	34
222	263	64	32
222	264	66	31
218	262	68	30
214	257	70	29
213	252	71	28
206	246	71	28
189	242	72	28
189	244	74	27
177	243	76	27
172	241	77	26
165	236	78	26
159	231	79	26
151	229	80	26
145	230	82	26
138	229	85	25
131	231	86	25
117	229	88	25
114	225	88	25
107	222	88	25
106	222	88	26
100	219	89	26
91	218	88	26
83	217	89	27
76	217	90	26
75	216	90	26
73	217	91	27
72	218	92	27
72	220	93	27
