0.100880
0.009062
0.017321
0.009005
0.009118
0.018519
0.027318
0.009047
0.009094
0.008994
0.009043
0.009196
0.009217
0.009119
0.009047
0.009115
0.009135
0.008929
0.009309
0.010513
0.010442
0.023184
0.023242
0.009248
0.020169
0.009267
0.008958
0.009233
0.010754
0.010404
0.010512
0.010459
0.010015
0.009050
0.009079
0.010333
0.016329
0.010661
0.009245
0.009037
0.009243
0.008967
0.017531
0.009173
0.009274
0.009018
0.009229
0.009975
0.008934
0.009119
0.009226
0.009066
0.008994
0.009030
0.009069
0.009109
0.008860
0.009036
0.009220
0.009093
0.009160
0.011086
0.009146
0.008902
0.011605
0.013843
0.008935
0.009195
0.010216
0.009012
0.009391
0.011440
0.010674
0.008833
0.010461
0.009466
0.010649
0.008872
0.010283
0.008965
0.012831
0.009411
0.010340
0.009531
0.011670
0.009175
0.009212
0.011877
0.013356
0.008962
0.008832
0.011227
0.010624
0.010150
0.008879
0.008758
0.009031
0.011424
0.011485
0.010304
0.009162
0.009227
0.009964
0.014640
0.009199
0.008951
0.009194
0.008951
0.014022
0.009259
0.009063
0.009059
0.009238
0.009029
0.009255
0.010699
0.010489
0.011813
0.009266
0.020655
0.014896
0.010492
0.010402
0.010734
0.010814
0.010712
0.010767
0.009384
0.009307
0.009267
0.009053
0.009426
0.009257
0.010615
0.012157
0.012165
0.012610
0.012519
0.013706
0.011379
0.013759
0.011307
0.011504
0.011363
0.011822
0.011906
0.013539
0.012538
0.012702
0.013537
0.014732
0.012362
0.012549
0.013830
0.013425
0.017747
0.013746
0.013722
0.015215
0.045647
0.013145
0.012746
0.012825
0.011801
0.010955
0.011945
0.009539
0.010740
0.009788
0.009299
0.009562
0.009475
0.009468
0.010808
0.009117
0.013572
0.019973
0.011318
0.010855
0.009808
0.009924
0.014221
0.009966
0.013232
0.016527
0.011218
0.011282
0.011401
0.011190
0.011192
0.011438
0.011347
0.021291
0.011369
0.011522
0.011383
0.011594
0.011268
0.011000
0.019412
0.009833
0.009823
0.010776
0.009632
0.009778
0.010005
0.009794
0.009888
0.009915
0.011015
0.010080
0.010248
0.009812
0.010208
0.009931
0.009891
0.010118
0.010014
0.010051
0.009996
0.010006
0.010331
0.010090
0.009983
0.010968
0.011157
0.011726
0.011436
0.011916
0.012790
0.012945
0.013474
0.014374
0.014264
0.014477
0.015064
0.016125
0.015682
0.015241
0.015002
0.016031
0.017279
0.016928
0.015263
0.015418
0.028724
0.018891
0.018774
0.017834
0.017321
0.019547
0.020036
0.016840
0.017204
0.031271
0.020404
0.018666
0.021831
0.019426
0.019036
0.022108
0.022574
0.019747
0.019629
0.020665
0.022259
0.025854
0.024221
0.032628
0.019656
0.022570
0.021602
0.026296
0.023082
0.019445
0.020586
0.018275
0.017529
0.017568
0.017346
0.017124
0.018553
0.019696
0.017619
0.017722
0.016766
0.017532
0.017603
0.017160
0.017113
0.017331
0.021089
0.016455
0.016236
0.015996
0.016998
0.017229
0.016512
0.016461
0.016428
0.018240
0.028104
0.018523
0.019050
0.019397
0.018802
0.019342
0.019290
0.019763
0.017158
0.017384
0.018871
0.017120
0.016459
0.016164
0.016192
0.015792
0.015429
0.018970
0.014879
0.015622
0.018067
0.014473
0.018152
0.013733
0.011574
0.015055
0.014214
0.015246
0.017323
0.019992
0.016693
0.016812
0.019567
0.017647
0.024023
0.025005
0.018238
0.018459
0.021614
0.021301
0.030789
0.018719
0.030379
0.017647
0.017655
0.014170
0.013805
0.016607
0.016019
0.023834
0.014243
0.013131
0.012375
0.011362
0.011377
0.009811
0.019103
0.036924
0.009611
0.009817
0.010078
0.011762
0.013754
0.010557
0.011141
0.010817
0.022285
0.010894
0.010931
0.012200
0.011666
0.009803
0.009787
0.009506
0.009696
0.009645
0.009525
0.016066
0.009802
0.009647
0.011585
0.009470
0.009413
0.009632
0.016366
0.010620
0.014307
0.009652
0.020478
0.009418
0.009498
0.021889
0.009539
0.009504
0.009604
0.009209
0.009430
0.009636
0.009566
0.009169
0.011067
0.010597
0.010739
0.010517
0.009372
0.009403
0.010033
0.009424
0.009544
0.010434
0.009652
0.012245
0.013295
0.011820
0.010502
0.011484
0.012616
0.009452
0.012877
0.010913
0.011684
0.009481
0.009522
0.009411
0.010871
0.009717
0.009830
0.009424
0.012091
0.013667
0.009787
0.009629
0.010523
0.012520
0.012027
0.009581
0.009690
0.009504
0.025479
0.010093
0.010802
0.009799
0.009569
0.012405
0.011090
0.009974
0.011307
0.009914
0.009771
0.009823
0.011032
0.010856
0.009930
0.010081
0.009645
0.029856
0.011799
0.012151
0.013389
0.013493
0.014709
0.015504
0.016366
0.017185
0.016661
0.017171
0.016645
0.018613
0.026372
0.019629
0.018027
0.016698
0.016738
0.016867
0.016723
0.016577
0.019198
0.018729
0.018099
0.018325
0.017632
0.017937
0.017004
0.017533
0.019020
0.017260
0.017300
0.016745
0.016603
0.016482
0.016841
0.033702
0.016898
0.017430
0.018095
0.018317
0.018600
0.019315
0.018628
0.016689
0.016114
0.021055
0.020038
0.021883
0.017065
0.017324
0.016550
0.019165
0.019964
0.017902
0.032095
0.023462
0.015993
0.016263
0.015971
0.015806
0.017476
0.016436
0.014979
0.014220
0.018770
0.013689
0.010120
0.010242
0.010350
0.012458
0.016220
0.009817
0.015359
0.009674
0.012997
0.014919
0.011475
0.009955
0.009775
0.010783
0.009846
0.027562
0.012096
0.009732
0.010037
0.009542
0.009749
0.009744
0.009828
0.009784
0.009801
0.009916
0.012479
0.009824
0.009805
0.009432
0.009615
0.009695
0.009930
0.010406
0.010037
0.009711
0.009743
0.009702
0.015161
0.009466
0.009737
0.010599
0.010056
0.010028
0.011096
0.012893
0.009636
0.009717
0.009619
0.013100
0.010802
0.009680
0.009713
0.009663
0.013054
0.009881
0.010066
0.010538
0.011693
0.009845
0.009756
0.016176
0.013073
0.012350
0.010205
0.013120
0.012053
0.028888
0.009903
0.010009
0.009981
0.014230
0.012196
0.014600
0.009936
0.009957
0.011934
0.012359
0.018756
0.010212
0.010409
0.010405
0.011201
0.010237
0.010175
0.012472
0.012833
0.014981
0.017268
0.014768
0.013660
0.014693
0.013206
0.013997
0.012714
0.014004
0.012270
0.011789
0.011929
0.012715
0.011949
0.011687
0.012059
0.012685
0.014094
0.013741
0.014967
0.015682
0.015954
0.017763
0.018312
0.018920
0.017156
0.022023
0.018986
0.018914
0.018128
0.030869
0.031461
0.017617
0.018348
0.018456
0.018363
0.018652
0.018443
0.019523
0.020968
0.017326
0.020014
0.019307
0.018026
0.019904
0.018097
0.021076
0.034788
0.024066
0.016558
0.016874
0.017022
0.031448
0.021014
0.017606
0.017471
0.020596
0.015618
0.017194
0.016669
0.017617
0.018098
0.024908
0.018674
0.014551
0.016499
0.015800
0.013115
0.012995
0.012833
0.013744
0.015993
0.014274
0.014413
0.014213
0.016151
0.017052
0.015871
0.019146
0.031081
0.025038
0.024500
0.016626
0.016451
0.032027
0.018081
0.016875
0.016993
0.020603
0.051075
0.016852
0.015836
0.015720
0.016719
0.016710
0.016089
0.016028
0.016155
0.015838
0.013798
0.013667
0.013663
0.013465
0.013665
0.027095
0.016459
0.016840
0.013686
0.013513
0.013447
0.026275
0.012348
0.016638
0.012312
0.013030
0.014031
0.014389
0.012951
0.013081
0.012619
0.012638
0.012160
0.013561
0.013363
0.012485
0.014319
0.013194
0.011064
0.009992
0.010027
0.010005
0.009892
0.009415
0.009916
0.012113
0.011937
0.012036
0.009752
0.016265
0.009995
0.009986
0.010045
0.010138
0.010055
0.010058
0.010052
0.010038
0.011630
0.011501
0.011334
0.011664
0.012900
0.017063
0.013984
0.015577
0.019243
0.018569
0.016222
0.016717
0.033493
0.020058
0.018316
0.018884
0.022041
0.022022
0.026881
0.031781
0.021578
0.021054
0.019151
0.019016
0.021745
0.024380
0.018625
0.019026
0.018596
0.036366
0.020858
0.018672
0.017871
0.021580
0.020849
0.017257
0.017639
0.017593
0.019927
0.017358
0.016374
0.016359
0.020992
0.015935
0.025590
0.016411
0.015665
0.015376
0.015354
0.015887
0.017811
0.017766
0.015155
0.015120
0.015051
0.014983
0.015300
0.015078
0.014789
0.017000
0.014480
0.014244
0.014149
0.014566
0.014253
0.016419
0.017959
0.016509
0.016597
0.016659
0.016420
0.016311
0.015697
0.015106
0.015118
0.014682
0.013167
0.016685
0.013771
0.012769
0.012736
0.012172
0.012249
0.013986
0.012925
0.013226
0.013085
0.013020
0.013791
0.014353
0.014454
0.026213
0.018116
0.015651
0.015706
0.018254
0.019346
0.017164
0.020187
0.020888
0.017599
0.018870
0.020890
0.018212
0.018554
0.023860
0.018476
0.017864
0.019641
0.019528
0.016979
0.018361
0.019605
0.016603
0.017801
0.018388
0.020528
0.018094
0.018053
0.018902
0.019075
0.019518
0.020186
0.020105
0.019598
0.028663
0.019369
0.020141
0.020411
0.021056
0.021230
0.021566
0.023924
0.021412
0.018611
0.019597
0.022546
0.023985
0.022961
0.022443
0.022626
0.022077
0.036202
0.027264
0.021130
0.021410
0.022323
0.021886
0.032019
0.020895
0.024730
0.023018
0.023345
0.019675
0.019803
0.024266
0.021409
0.021490
0.019546
0.019530
0.040506
0.019697
0.036453
0.020589
0.020023
0.020467
0.020808
0.021558
0.021997
0.020839
0.020429
0.021957
0.021384
0.022306
0.022733
0.022619
0.023065
0.021903
0.022837
0.024933
0.025285
0.036322
0.023031
0.024429
0.020425
0.022396
0.043380
0.023655
0.022481
0.022734
0.023160
0.022300
0.022857
0.020550
0.021452
0.024248
0.023014
0.021965
0.020899
0.023616
0.020912
0.020308
0.024621
0.023329
0.020956
0.021105
0.022668
0.024950
0.021777
0.019616
0.020135
0.025065
0.020627
0.021518
0.021732
0.022160
0.022122
0.026248
0.026355
0.022377
0.021441
0.022103
0.021908
0.022356
0.021633
0.021240
0.023461
0.021459
0.021670
0.022093
0.023959
0.021416
0.022544
0.022035
0.021505
0.021484
0.021494
0.021415
0.021424
0.021671
0.021415
0.021017
0.020800
0.021709
0.027852
0.022486
0.022524
0.022772
0.022158
0.027674
0.022289
0.018670
0.016045
0.015202
0.017053
0.012882
0.013669
0.012913
0.013363
0.016994
0.013603
0.014423
0.014577
0.013465
0.013307
0.013092
0.014196
0.014657
0.014841
0.014916
0.012570
0.012101
0.012130
0.011304
0.011821
0.013929
0.013849
0.012104
0.025550
0.016750
0.013332
0.012888
0.014890
0.013846
0.013778
0.013216
0.041453
0.018197
0.017028
0.018137
0.019371
0.020202
0.019022
0.025824
0.021749
0.021318
0.024468
0.023980
0.021276
0.065698
0.031725
0.037029
0.036534
0.036911
0.035550
0.025953
0.026627
0.048477
0.036597
0.024733
0.024903
0.024926
0.026780
0.026037
0.025751
0.025301
0.038647
0.024963
0.024720
0.024985
0.030066
0.027912
0.025227
0.026237
0.025689
0.025865
0.025525
0.026588
0.026714
0.026203
0.026469
0.026278
0.026741
0.027574
0.028485
0.028042
0.028174
0.028109
0.028328
0.029096
0.038966
0.030251
0.046538
0.028333
0.033360
0.029912
0.034600
0.035131
0.035326
0.029250
0.027809
0.027281
0.025651
0.035517
0.032667
0.032437
0.034755
0.037220
0.028143
0.028696
0.030720
0.027813
0.030455
0.048452
0.033071
0.027647
0.023083
0.027045
0.026625
0.024184
0.023924
0.024507
0.056288
0.023745
0.023975
0.024628
0.026322
0.027729
0.027137
0.026664
0.027201
0.030957
0.028050
0.025394
0.027887
0.025661
0.026231
0.031154
0.029481
0.030027
0.026121
0.026813
0.032711
0.033832
0.027543
0.037223
0.027992
0.032534
0.028210
0.028069
0.027524
0.027826
0.027703
0.028603
0.027182
0.027498
0.049348
0.031683
0.031239
0.027039
0.027373
0.032014
0.028194
0.029406
0.031518
0.030899
0.027379
0.027262
0.030478
0.026260
0.025792
0.028485
0.025040
0.028718
0.030106
0.030329
0.028185
0.036488
0.028239
0.055641
0.050037
0.037708
0.029428
0.038712
0.028534
0.026429
0.029344
0.028701
0.026371
0.026327
0.027189
0.028614
0.028052
0.028025
0.036989
0.034679
0.036797
0.038069
0.035826
0.044197
0.038301
0.027775
0.027110
0.028176
0.028256
0.028424
0.043297
0.027887
0.031713
0.034337
0.029264
0.028580
0.028943
0.029602
0.029275
0.032852
0.028545
0.030202
0.027303
0.028088
0.027529
0.050741
0.047973
0.027078
0.027386
0.027131
0.020931
0.022309
0.022896
0.023778
0.020744
0.024820
0.022638
0.020822
0.020907
0.020472
0.022748
0.020269
0.020973
0.020850
0.022591
0.021557
0.020842
0.022385
0.029439
0.022756
0.024594
0.019106
0.020399
0.020172
0.024940
0.021197
0.031388
0.029566
0.020610
0.020472
0.020080
0.019706
0.019822
0.018867
0.018518
0.017945
0.030251
0.017751
0.016023
0.015366
0.015052
0.014360
0.013959
0.014284
0.013819
0.014961
0.015143
0.020040
0.013989
0.013789
0.013172
0.013093
0.012789
0.012323
0.012305
0.011241
0.011580
0.016639
0.015105
0.014512
0.014705
0.015832
0.012596
0.023469
0.012491
0.013124
0.012286
0.012684
0.011161
0.011632
0.012649
0.012964
0.013158
0.015437
0.013332
0.013333
0.013146
0.013522
0.013093
0.013152
0.016990
0.013083
0.012557
0.012360
0.012151
0.012426
0.012462
0.012907
0.016188
0.015707
0.014358
0.014795
0.012496
0.013009
0.013042
0.015126
0.012681
0.013406
0.014340
0.015559
0.013000
0.012980
0.015207
0.015431
0.013130
