0.062011
0.018125
0.016505
0.014655
0.015104
0.014070
0.014537
0.014112
0.014145
0.012496
0.014091
0.012010
0.011765
0.011693
0.012905
0.011584
0.013221
0.017744
0.010339
0.010267
0.013332
0.010174
0.010191
0.010149
0.011208
0.014158
0.010222
0.010166
0.011015
0.010389
0.010051
0.010094
0.010214
0.009939
0.011386
0.009927
0.012026
0.009991
0.009987
0.009999
0.010031
0.009997
0.015013
0.010209
0.010011
0.010028
0.010056
0.010115
0.010130
0.010780
0.012205
0.010125
0.010175
0.010242
0.010072
0.010145
0.010150
0.010162
0.010151
0.010162
0.010961
0.011975
0.010108
0.010133
0.010068
0.009835
0.010356
0.016116
0.010344
0.010240
0.009862
0.010111
0.014380
0.010119
0.010221
0.012834
0.010327
0.010273
0.010259
0.010330
0.010091
0.012891
0.010401
0.010496
0.013596
0.011940
0.011400
0.013343
0.011420
0.011687
0.011925
0.012298
0.011901
0.011770
0.011873
0.013174
0.011906
0.013564
0.013898
0.012472
0.012247
0.012641
0.012444
0.012368
0.011701
0.011464
0.011357
0.010538
0.010472
0.010320
0.010349
0.012269
0.010123
0.010034
0.011963
0.010078
0.010189
0.010108
0.010103
0.010113
0.009970
0.010086
0.009871
0.011610
0.009952
0.009809
0.009737
0.009718
0.009732
0.012097
0.009931
0.009876
0.009767
0.009913
0.011262
0.009845
0.009793
0.009892
0.009771
0.014043
0.009902
0.013552
0.010047
0.009960
0.009948
0.010078
0.010069
0.009933
0.010075
0.009950
0.009975
0.010007
0.010075
0.011705
0.009892
0.009973
0.010121
0.009819
0.010163
0.010184
0.010289
0.010310
0.010370
0.019359
0.011962
0.012238
0.012731
0.018268
0.013255
0.013273
0.013934
0.013970
0.013762
0.013746
0.014104
0.014171
0.016644
0.018474
0.017669
0.014690
0.019927
0.015596
0.014861
0.014837
0.014630
0.015985
0.013942
0.013610
0.018368
0.014085
0.015041
0.017367
0.013004
0.012716
0.012108
0.013035
0.011845
0.011982
0.010377
0.010412
0.010210
0.011824
0.010852
0.010108
0.010118
0.010008
0.009972
0.010051
0.011405
0.009988
0.010027
0.009981
0.010092
0.010149
0.009987
0.010209
0.010008
0.010996
0.010296
0.009607
0.009812
0.011425
0.012019
0.009884
0.011106
0.012826
0.011227
0.015466
0.013795
0.010208
0.011723
0.011375
0.011912
0.011647
0.013599
0.011846
0.012193
0.012175
0.012381
0.014199
0.012629
0.012764
0.012792
0.012611
0.012590
0.013196
0.012736
0.012568
0.015532
0.018327
0.012891
0.012887
0.012843
0.015316
0.013029
0.014585
0.017218
0.012790
0.012738
0.012634
0.012570
0.011991
0.011868
0.011732
0.010466
0.010493
0.012148
0.010202
0.010541
0.010251
0.010136
0.010082
0.010144
0.009944
0.009988
0.012851
0.010164
0.010139
0.010119
0.010060
0.010050
0.010253
0.010174
0.010292
0.010157
0.010135
0.010383
0.010311
0.012828
0.010275
0.010334
0.010230
0.010340
0.010334
0.010528
0.010284
0.010300
0.012507
0.014317
0.010145
0.012592
0.010171
0.012129
0.010103
0.009998
0.010087
0.010103
0.009982
0.010114
0.011834
0.009879
0.009890
0.010212
0.009875
0.009854
0.009835
0.010020
0.009970
0.009971
0.009844
0.009930
0.009988
0.009830
0.010005
0.009957
0.009871
0.009937
0.009993
0.009997
0.009922
0.009858
0.009898
0.009848
0.011722
0.014532
0.009827
0.009830
0.009796
0.013112
0.009741
0.009861
0.010542
0.009871
0.009987
0.009946
0.009789
0.010978
0.009753
0.009926
0.009867
0.011885
0.009812
0.011005
0.009868
0.011504
0.009915
0.009934
0.010030
0.016295
0.010676
0.009996
0.012090
0.009906
0.009850
0.011856
0.009878
0.017130
0.009863
0.011348
0.010583
0.010028
0.009940
0.009956
0.009949
0.011781
0.012102
0.011315
0.009975
0.009666
0.009842
0.012261
0.010017
0.009955
0.010519
0.009964
0.009964
0.010040
0.010034
0.012279
0.010037
0.009976
0.010067
0.009981
0.010010
0.009947
0.009974
0.009880
0.010039
0.011889
0.009955
0.010141
0.010040
0.010016
0.010227
0.015242
0.010016
0.009984
0.009878
0.009916
0.009936
0.011622
0.009848
0.009861
0.009955
0.013177
0.011771
0.014270
0.009889
0.009761
0.009908
0.009755
0.009729
0.014683
0.011562
0.009676
0.014377
0.009660
0.009674
0.009590
0.011530
0.009537
0.012685
0.009778
0.009208
0.009604
0.009655
0.009530
0.009599
0.013496
0.009387
0.009494
0.014825
0.009553
0.009501
0.009491
0.011531
0.009583
0.009527
0.011294
0.009597
0.009615
0.009494
0.009466
0.009625
0.011567
0.009531
0.009560
0.009597
0.009839
0.009551
0.009608
0.009546
0.009426
0.009432
0.011770
0.009602
0.010232
0.014698
0.010959
0.009517
0.009305
0.009276
0.011193
0.009379
0.011492
0.011372
0.009386
0.015503
0.009659
0.009462
0.009440
0.009303
0.009347
0.009370
0.011428
0.011111
0.009456
0.009466
0.009368
0.009328
0.009447
0.009329
0.009474
0.009350
0.009347
0.009430
0.009334
0.009300
0.009257
0.009434
0.009238
0.009284
0.009248
0.009267
0.009469
0.013937
0.010022
0.009342
0.009420
0.011098
0.009229
0.009306
0.009255
0.009819
0.009315
0.009265
0.011041
0.009145
0.015384
0.009335
0.009299
0.011200
0.009340
0.009283
0.009366
0.009297
0.009390
0.010992
0.009347
0.009410
0.009493
0.015586
0.009295
0.009345
0.009494
0.009533
0.014465
0.011048
0.009454
0.009516
0.011610
0.009554
0.009497
0.009677
0.009596
0.011390
0.009416
0.009551
0.009631
0.009397
0.009489
0.009478
0.009560
0.009683
0.009536
0.009766
0.009742
0.009566
0.009567
0.009641
0.009672
0.009680
0.009732
0.009723
0.009711
0.009648
0.009755
0.009735
0.009739
0.011992
0.009675
0.009629
0.009831
0.009848
0.009716
0.009706
0.009763
0.009723
0.009750
0.009772
0.009837
0.010009
0.009821
0.009827
0.009761
0.011411
0.009914
0.009776
0.009819
0.011591
0.009781
0.009754
0.010001
0.009889
0.009949
0.012285
0.009961
0.009933
0.009961
0.010192
0.009992
0.010116
0.010171
0.010078
0.009995
0.013407
0.011922
0.009990
0.010039
0.010040
0.010162
0.010196
0.010126
0.009955
0.010138
0.011222
0.010032
0.010169
0.012460
0.012106
0.010236
0.010086
0.010454
0.011512
0.012280
0.010083
0.010042
0.012115
0.010061
0.010104
0.015476
0.010232
0.010012
0.010269
0.010168
0.011348
0.010212
0.010068
0.010051
0.010022
0.009982
0.009939
0.010107
0.010002
0.010151
0.015000
0.009700
0.009981
0.009846
0.011405
0.009819
0.009793
0.009634
0.009637
0.009827
0.009880
0.009675
0.009991
0.009738
0.011631
0.010901
0.009852
0.009635
0.009716
0.012542
0.014957
0.009697
0.009368
0.015010
0.009786
0.011639
0.009794
0.009814
0.010606
0.014857
0.009613
0.009692
0.009669
0.009842
0.009762
0.009781
0.009905
0.009697
0.009803
0.009779
0.009948
0.011627
0.010562
0.009798
0.009811
0.009859
0.009810
0.009785
0.010023
0.010008
0.012530
0.010137
0.010131
0.009884
0.009830
0.009836
0.009958
0.010202
0.009910
0.009801
0.009852
0.009986
0.009967
0.009993
0.009965
0.010082
0.010053
0.009962
0.010101
0.010018
0.009957
0.010045
0.011323
0.012241
0.014649
0.013743
0.013848
0.015405
0.018578
0.017398
0.017280
0.017530
0.016728
0.013207
0.012470
0.014449
0.014036
0.015857
0.016241
0.019276
0.014785
0.014336
0.014411
0.017569
0.012064
0.013071
0.012603
0.013588
0.014069
0.014501
0.014855
0.014874
0.014482
0.017003
0.014573
0.014459
0.016758
0.015191
0.015071
0.018112
0.017071
0.016418
0.016603
0.017256
0.015729
0.015309
0.019931
0.016176
0.015137
0.015444
0.015051
0.017375
0.015544
0.015513
0.016444
0.017236
0.017452
0.017425
0.017697
0.017768
0.017983
0.015540
0.014281
0.015139
0.014926
0.017767
0.018258
0.019231
0.016787
0.023628
0.017575
0.018069
0.019808
0.016874
0.018957
0.013716
0.014534
0.014738
0.016805
0.015905
0.015411
0.015395
0.020146
0.017986
0.015292
0.013720
0.013679
0.015461
0.016805
0.015338
0.015965
0.015278
0.016320
0.021114
0.016435
0.015474
0.015498
0.015921
0.016826
0.016158
0.016250
0.016018
0.015709
0.016995
0.017268
0.017037
0.018898
0.017088
0.016951
0.017849
0.018148
0.018299
0.019187
0.018569
0.019010
0.023052
0.019244
0.019298
0.018335
0.018582
0.018535
0.019078
0.020406
0.020468
0.020658
0.019765
0.018829
0.017456
0.020719
0.017432
0.017803
0.017738
0.015309
0.014532
0.015628
0.015459
0.016650
0.014550
0.014368
0.016035
0.015558
0.014700
0.017029
0.018067
0.017339
0.017069
0.023250
0.015424
0.015981
0.016130
0.017457
0.017171
0.022185
0.020104
0.015554
0.016132
0.023373
0.017296
0.017494
0.021023
0.017644
0.014005
0.013862
0.014775
0.015435
0.015838
0.016098
0.017440
0.017781
0.020842
0.028497
0.017902
0.017414
0.020151
0.016831
0.017139
0.017317
0.016890
0.014419
0.013207
0.012524
0.013368
0.018351
0.014892
0.015581
0.018071
0.015745
0.023306
0.015376
0.015322
0.020333
0.015434
0.015590
0.016194
0.015694
0.015792
0.016264
0.016522
0.015068
0.015352
0.018081
0.015889
0.016472
0.015667
0.015600
0.016753
0.016943
0.018166
0.018154
0.019100
0.019434
0.018649
0.018855
0.019188
0.021029
0.019472
0.019681
0.019470
0.020415
0.020890
0.020651
0.020179
0.022374
0.020799
0.020026
0.020583
0.020019
0.021096
0.021029
0.020345
0.020777
0.020726
0.023049
0.031026
0.019781
0.019798
0.019845
0.020373
0.025206
0.019417
0.023674
0.019468
0.020629
0.019471
0.019406
0.023121
0.019029
0.019279
0.019885
0.019755
0.019429
0.020655
0.019282
0.022866
0.022952
0.022611
0.020165
0.020208
0.020379
0.030762
0.020579
0.021167
0.020432
0.023636
0.022160
0.022357
0.022798
0.024781
0.022296
0.022719
0.027399
0.021945
0.022683
0.022166
0.022228
0.022186
0.023746
0.023185
0.021997
0.022207
0.028004
0.022338
0.022408
0.021984
0.025583
0.022319
0.022345
0.021945
0.026242
0.021807
0.021715
0.021883
0.022877
0.021062
0.020984
0.021101
0.022480
0.022225
0.022365
0.023059
0.023137
0.022224
0.024478
0.022359
0.021963
0.026217
0.022752
0.028841
0.023608
0.021536
0.022202
0.020938
0.021284
0.022858
0.036534
0.021697
0.022223
0.022382
0.022605
0.023873
0.022437
0.023182
0.022348
0.022797
0.022179
0.022367
0.027470
0.021955
0.030605
0.022344
0.021576
0.017897
0.017560
0.016176
0.022554
0.014763
0.021577
0.015416
0.014906
0.014791
0.015923
0.013046
0.013238
0.012849
0.013316
0.015738
0.013012
0.012906
0.013000
0.013015
0.013117
0.012913
0.013228
0.012925
0.012509
0.012810
0.013300
0.013088
0.013130
0.013487
0.013362
0.015538
0.013394
0.013387
0.013727
0.015598
0.014133
0.013717
0.013741
0.013896
0.016295
0.014065
0.013582
0.015165
0.014223
0.013966
0.014278
0.016394
0.014341
0.014607
0.014648
0.015961
0.014262
0.014269
0.014518
0.014415
0.021023
0.014583
0.020239
0.014940
0.014919
0.015055
0.015139
0.014922
0.014059
0.014610
0.014541
0.014514
0.014255
0.013716
0.020256
0.013033
0.012784
0.013263
0.013191
0.013577
0.014531
0.013634
0.015298
0.013404
0.015049
0.015646
0.013919
0.013391
0.013342
0.013309
0.013162
0.013549
0.015077
0.015300
0.013179
0.013285
0.013221
0.013018
0.012861
0.012949
0.012922
0.018461
0.019025
0.012974
0.018196
0.012969
0.012644
0.012760
0.014910
0.012582
0.012536
0.012166
0.017958
0.013307
0.012603
0.011689
0.013722
0.012816
0.012668
0.012613
0.012131
0.014357
0.012499
0.011999
0.011822
0.011566
0.011848
0.010681
0.010495
0.010444
0.012513
0.010370
0.010286
0.010414
0.010242
0.010388
0.010447
0.011260
0.011247
0.011394
0.010361
0.010614
0.009790
0.010272
0.013745
0.010256
0.010316
0.010240
0.010321
0.010268
0.010224
0.010212
0.010185
0.010147
0.010340
0.010283
0.015111
0.010427
0.010403
0.011366
0.011175
0.010115
0.010161
0.011109
0.010336
0.012046
0.009995
0.013650
0.010067
0.009974
0.009984
0.010058
0.009938
0.009961
0.010774
0.011279
0.009997
0.010252
0.011981
0.009985
0.009904
0.012864
0.009900
0.010046
0.011783
0.009941
0.010008
0.010040
0.010005
0.013850
0.012360
0.009938
0.009913
0.009970
0.010492
0.015410
0.016460
0.009892
0.011774
0.010084
0.010173
0.009930
0.009913
0.011619
0.018552
0.012171
0.010003
0.009910
0.010952
0.017254
0.010222
0.009960
0.009897
0.009811
0.009900
0.010095
0.012399
0.009838
0.010001
0.009906
0.010037
0.012225
0.009860
0.011558
0.009934
0.009948
0.009896
0.009937
0.009945
0.009976
0.011420
0.009990
0.009974
0.009936
0.014021
0.009857
0.009853
0.014720
0.009933
0.009913
0.011574
0.009793
0.009898
0.009780
0.009847
0.009973
0.009934
0.009986
0.009906
0.010754
0.011309
0.011606
0.009708
0.009681
0.009746
0.009739
0.014390
0.017541
0.009554
0.009715
0.010487
0.014385
0.009579
0.011969
0.010348
0.011795
0.011432
0.009591
0.010328
0.010325
0.009604
0.009469
0.011386
0.009503
0.009515
0.009523
0.009519
0.009467
0.010080
0.009974
0.009421
0.009420
0.009393
0.009371
0.011871
0.009347
0.009784
0.009649
0.009317
0.009259
0.009447
0.009543
0.009366
0.009441
0.009316
0.009735
0.009294
0.018768
0.009406
0.010338
0.009309
0.011088
0.013179
0.009326
0.009210
0.009293
0.011161
0.009363
0.009556
0.013193
0.009362
0.009327
0.009278
0.009290
0.009329
0.009310
0.009309
0.015382
0.009230
0.009181
0.009327
0.009100
0.009218
0.009194
0.009259
0.010988
0.009228
0.009264
0.009193
0.009230
0.009235
0.012902
0.009261
0.009218
0.009236
0.011289
0.009246
0.009274
0.009229
0.009283
0.009315
0.009473
0.009192
0.009152
0.009171
0.009237
0.009172
0.011255
0.009679
0.011107
0.009156
0.014889
0.009188
0.009111
0.010623
0.009119
0.009081
0.009033
0.008965
0.009080
0.009070
0.009225
0.009200
0.009174
0.009144
0.009173
0.009029
0.009017
0.009199
0.009115
0.009100
0.009753
0.009093
0.009119
0.009057
0.009142
0.009212
0.010602
0.012305
0.021289
0.009671
0.009148
0.009113
0.009252
0.009781
0.009329
0.009257
0.009268
0.009357
0.011393
0.009407
0.009360
0.009295
0.011221
0.009379
0.009376
0.009579
0.009420
0.009602
0.009425
0.009539
0.009496
0.009461
0.009506
0.009519
0.009402
0.009529
0.010395
0.011857
0.009759
0.009684
0.008853
0.008845
0.009577
0.009544
0.011625
0.009646
0.009665
0.009679
0.009660
0.009987
0.009862
0.009687
0.009732
0.009708
0.009928
0.009830
0.009907
0.009814
0.009889
0.009806
0.009777
0.009859
0.009764
0.009792
0.011769
0.014393
0.009809
0.009879
0.009804
0.012388
0.009891
0.009973
0.011759
0.009907
0.009888
0.011544
0.009920
0.009939
0.010007
0.009971
0.009953
0.011704
0.009940
0.009985
0.011861
0.010011
0.011457
0.009891
0.010026
0.009979
0.010044
0.010192
0.010147
0.010213
0.010107
0.009975
0.010007
0.010132
0.010274
0.010046
0.010117
0.010106
0.010152
0.011277
0.010440
0.010082
0.010225
0.010167
0.010127
0.010325
0.010243
0.010140
0.010271
0.010206
0.010043
0.011619
0.010030
0.011958
0.010334
0.009928
0.009924
0.010110
0.009885
0.010003
0.009958
0.009899
0.009818
0.009790
0.009709
0.009747
0.011161
0.009990
0.009793
0.010697
0.009909
0.009728
0.010654
0.009928
0.009725
0.009756
0.009623
0.013895
0.009860
0.009903
0.009851
0.013308
0.009868
0.009685
0.009672
0.009825
0.009777
0.009700
0.010014
0.009857
0.009867
0.009948
0.009859
0.009705
0.011695
0.009896
0.009916
0.009905
0.009828
0.009979
0.009964
0.009960
0.009947
0.010105
0.009960
0.009928
0.010000
0.010093
0.010009
0.011841
0.009951
0.009860
0.009993
0.009975
0.012771
0.009940
0.010051
0.010012
0.010942
0.010388
0.010283
0.010184
0.010158
0.010155
0.010128
0.010102
0.010128
0.010259
0.010616
0.010159
0.010176
0.010233
0.010275
0.010213
0.010215
0.010372
0.019032
0.010312
0.012160
0.010158
0.014448
0.010214
0.010126
0.010157
0.010382
0.010057
0.012758
0.010465
0.012515
0.010181
0.010227
0.010342
0.019398
0.010130
0.010304
0.010205
0.013037
0.013026
0.014060
0.012825
0.012978
0.012668
0.017645
0.014069
0.012921
0.013128
0.016345
0.012497
0.012500
0.011824
0.012356
0.012129
0.015164
0.011830
0.011683
0.012997
0.011889
0.011816
0.012980
0.012441
0.013008
0.013151
0.012969
0.013786
0.014192
0.013741
0.014936
0.014818
0.014061
0.014945
0.015217
0.023818
0.016132
0.017718
0.017020
0.018447
0.020093
0.016880
0.018828
0.017461
0.016961
0.017102
0.016914
0.016498
0.017975
0.017632
0.018044
0.017898
0.017546
0.017123
0.017341
0.017081
0.017074
0.019027
0.019944
0.019624
0.021394
0.019768
0.019586
0.019480
0.017469
0.016391
0.016840
0.018633
0.018158
0.017264
0.017410
0.017353
0.018188
0.018660
0.018582
0.018273
0.018402
0.018195
0.019583
0.018584
0.019027
0.018586
0.019572
0.020815
0.022957
0.021092
0.020691
0.020785
0.020794
0.020914
0.020028
0.022642
0.020112
0.020559
0.019917
0.019987
0.020135
0.020748
0.020850
0.020839
0.020805
0.022644
0.023021
0.020834
0.020970
0.020809
0.020577
0.021287
0.020373
0.020393
0.023899
0.020383
0.020773
0.021261
0.020936
0.020716
0.021118
0.021729
0.021758
0.021450
0.021746
0.021690
0.021659
0.022054
0.021871
0.022318
0.021763
0.022022
0.020987
0.021193
0.021206
0.015135
0.018977
0.030930
0.014685
0.015782
0.014038
0.014638
0.014594
0.014900
0.015042
0.016115
0.014362
0.013480
0.014999
0.013805
0.017957
0.016432
0.013256
0.018131
0.013286
0.013036
0.012784
0.012069
0.012122
0.012230
0.014053
0.012905
0.010361
0.011213
0.015656
0.010218
0.010020
0.010118
0.013544
0.011600
0.013842
0.012722
0.010271
0.010316
0.010249
0.010274
0.010272
0.010066
0.010152
0.010134
0.024172
0.010217
0.011325
0.010086
0.010055
0.012019
0.010122
0.010111
0.010107
0.012765
0.010139
0.010059
0.010299
0.010138
0.010060
0.010139
0.010129
0.010055
0.011288
0.010095
0.009969
0.010026
0.016655
0.010160
0.010247
0.010076
0.010218
0.010093
0.010082
0.010398
0.014808
0.010064
0.010250
0.010131
0.010136
0.010256
0.010247
0.010328
0.010235
0.010055
0.010158
0.010138
0.010210
0.015062
0.010126
0.010236
0.010242
0.010214
0.010688
0.018270
0.016592
0.010231
0.010217
0.010144
0.010126
0.010109
0.010247
0.010333
0.010425
0.010288
0.011406
0.010437
0.010424
0.010352
0.010494
0.010474
0.011450
0.013229
0.010437
0.011535
0.012194
0.012923
0.013149
0.016386
0.015175
0.018723
0.015375
0.016019
0.016533
0.016546
0.017005
0.017439
0.017856
0.018382
0.018549
0.019052
0.025776
0.020579
0.022555
0.022850
0.020709
0.021407
0.025034
0.021642
0.021164
0.022720
0.024396
0.023776
0.023317
0.023974
0.021123
0.020907
0.020725
0.024657
0.021414
0.021364
0.026667
0.021933
0.022044
0.022290
0.024549
0.038573
0.027996
0.029857
0.033467
0.034684
0.026540
0.026735
0.028102
0.027430
0.031728
0.030997
0.031050
0.033379
0.030325
0.031757
0.031273
0.030581
0.034960
0.034065
0.033633
0.033380
0.033106
0.033307
0.054281
0.049423
0.033726
0.033414
0.057133
0.033974
0.033601
0.033074
0.033968
0.034677
0.036948
0.051983
0.040446
0.033499
0.032903
0.042172
0.032809
0.038822
0.035774
0.030402
0.032756
0.033726
0.027905
0.029270
0.028792
0.035393
0.029066
0.029057
0.043642
0.029142
0.029329
0.030257
0.028924
0.029180
0.034812
0.029146
0.029260
0.029448
0.029417
0.028476
0.028028
0.028256
0.028216
0.028778
0.028362
0.028822
0.028596
0.028520
0.028989
0.028672
0.028939
0.030008
0.029391
0.049888
0.032700
0.041915
0.037530
0.030848
0.029714
0.025218
0.032223
0.030468
0.026122
0.025376
0.029208
0.031873
0.030099
0.025996
0.037585
0.027133
0.028639
0.027817
0.031340
0.028484
0.028981
0.029334
0.029359
0.030724
0.029832
0.037596
0.034081
0.047830
0.036569
0.029883
0.029905
0.034898
0.038565
0.030576
0.029955
0.032733
0.034831
0.035940
0.046831
0.034458
0.034871
0.040299
0.034221
0.034922
0.034939
0.035338
0.035550
0.035505
0.035600
0.035916
0.037952
0.041115
0.035556
0.034790
0.035095
0.034908
0.043064
0.048588
0.043377
0.036050
0.034588
0.038064
0.035188
0.033465
0.033571
0.034533
0.034576
0.033991
0.034712
0.034436
0.034467
0.047809
0.041694
0.040905
0.042964
0.034222
0.033835
0.032670
0.032243
0.036021
0.053502
0.037607
0.029635
0.029012
0.032547
0.028102
0.027538
0.026472
0.026644
0.035509
0.027861
0.029483
0.031426
0.033463
0.027771
0.027914
0.032377
0.032105
0.028998
0.030183
0.035989
0.029171
0.028805
0.028797
0.028076
0.028680
0.027673
0.029571
0.027549
0.026609
0.030214
0.025448
0.025356
0.026224
0.024362
0.024720
0.022834
0.022380
0.021974
0.023446
0.022083
0.021276
0.022552
0.022206
0.020552
0.019890
0.019695
0.019440
0.019348
0.019779
0.020243
0.022414
0.019058
0.019674
0.018543
0.020877
0.018199
0.023213
0.017775
0.019824
0.021118
0.020229
0.021857
0.017436
0.017596
0.017338
0.017680
0.016925
0.019064
0.017025
0.017767
0.017385
0.022170
0.016999
0.017296
0.017077
0.020090
0.022145
0.016846
0.017267
0.019556
0.018587
0.017344
0.025156
0.017545
0.018553
0.018160
0.023100
0.019504
0.018790
0.018783
0.019280
0.019668
0.022144
0.020865
0.019771
0.021020
0.022099
0.022600
0.023925
0.024068
0.024596
0.025631
0.026684
0.026512
0.026553
0.028048
0.028486
0.031948
0.026659
0.026021
0.025094
0.027207
0.026849
0.024880
0.024501
0.029296
0.030398
0.028449
0.037343
0.034812
0.028443
0.028678
0.028662
0.029595
0.029395
0.033496
0.028299
0.028162
0.025179
0.026471
0.026369
0.027231
0.032783
0.027774
0.028681
0.028856
0.032135
0.030156
0.031061
0.030870
0.035551
0.034806
0.031306
0.031655
0.037570
0.033419
0.031250
0.031493
0.030835
0.031407
0.032663
0.024608
0.024789
0.024949
0.025666
0.026110
0.026470
0.028610
0.027083
0.027145
0.026926
0.027380
0.026814
0.026016
0.028449
0.024734
0.029135
0.024626
0.022859
0.022944
0.027024
0.022072
0.022987
0.022851
0.024988
0.023452
0.021372
0.021675
0.021421
0.021441
0.021804
0.021841
0.022231
0.021343
0.022024
