744	99	406	239
736	94	411	238
736	93	413	238
738	94	412	238
739	97	411	237
738	99	412	237
738	101	411	236
740	100	411	236
741	101	409	236
741	100	407	235
744	99	405	235
744	101	404	234
744	101	403	234
745	102	402	234
747	104	399	234
748	106	397	235
748	109	395	236
749	108	394	238
751	110	391	242
752	111	389	245
756	109	386	246
753	109	384	248
756	106	382	249
754	107	383	250
753	102	380	250
751	104	378	248
753	104	376	247
751	104	375	245
749	106	375	244
751	106	373	242
747	108	374	241
755	109	372	241
745	110	373	240
755	112	372	240
746	114	372	239
754	116	371	238
750	117	371	237
752	119	372	235
751	120	372	234
749	119	371	232
751	122	371	232
750	122	371	231
749	122	371	231
749	122	371	231
747	122	372	230
747	121	372	231
747	121	372	231
749	120	372	232
750	119	371	233
750	118	370	235
751	117	369	236
751	117	368	237
755	115	366	237
755	113	365	237
757	113	364	236
758	110	363	235
759	110	362	233
762	110	362	230
764	109	362	228
765	107	362	226
768	107	360	224
770	107	360	222
771	108	360	220
774	109	360	218
779	112	358	216
781	112	357	215
785	115	356	214
788	117	355	213
789	120	355	213
794	120	353	213
792	122	353	213
796	122	351	214
795	122	351	214
803	121	348	215
801	122	348	215
806	121	347	217
807	121	346	218
808	121	345	218
812	121	344	220
811	120	344	221
815	119	344	222
814	120	344	223
815	120	344	224
815	118	345	224
820	116	343	225
819	114	342	225
818	116	343	225
819	114	343	225
817	113	342	224
819	113	341	223
817	112	341	222
821	111	340	220
820	113	339	220
824	112	339	218
825	114	339	217
825	115	339	216
826	117	339	215
827	120	338	214
829	122	337	214
829	123	336	214
830	124	336	214
831	126	335	214
831	127	335	213
831	129	335	213
833	130	335	213
832	131	334	213
832	132	334	213
834	132	334	214
833	131	333	215
833	131	333	216
834	129	332	217
834	129	332	218
835	128	331	218
836	127	331	219
835	124	331	218
838	126	330	219
836	124	330	218
837	123	330	218
839	122	329	217
840	123	329	216
841	123	328	215
842	122	327	214
842	122	327	213
844	122	326	211
845	121	325	210
844	123	324	209
846	123	323	207
846	126	323	206
850	127	322	204
849	129	321	203
850	130	321	201
849	132	321	201
850	134	320	200
850	136	320	199
850	138	319	198
852	139	318	198
852	140	317	198
852	139	317	197
850	140	318	197
852	139	316	197
851	139	316	198
852	139	315	199
852	138	314	200
854	138	313	200
853	138	312	201
853	136	312	201
853	135	312	201
852	135	313	201
852	133	313	201
851	132	312	201
850	131	312	200
851	130	311	200
852	130	311	200
852	130	310	199
853	131	310	198
856	132	309	198
856	131	308	196
855	133	308	196
856	135	306	196
856	136	305	195
855	138	305	195
855	139	304	195
854	139	305	195
853	141	305	195
853	142	304	194
854	143	304	194
854	144	303	194
855	145	302	194
855	146	301	194
857	146	299	195
856	146	298	196
857	148	297	197
858	148	296	198
858	146	295	199
858	145	294	201
859	145	294	202
857	144	293	204
858	144	293	205
857	144	293	206
859	144	293	207
856	143	293	207
859	142	293	208
858	145	293	208
860	143	293	208
860	142	294	207
862	142	293	206
862	141	294	205
864	141	294	205
865	140	293	204
866	139	293	204
867	140	292	203
865	139	293	202
867	141	291	201
867	141	290	200
868	141	290	199
868	142	290	198
868	143	289	196
869	144	289	195
870	144	288	194
870	147	288	193
871	145	286	191
870	148	285	191
873	146	283	190
874	147	281	190
876	149	279	189
875	149	277	189
878	150	275	188
879	151	272	187
880	152	270	187
882	153	267	186
884	153	263	185
885	155	260	185
886	156	258	184
887	155	256	183
889	156	253	182
889	156	252	181
889	156	250	180
889	155	248	178
888	155	245	176
888	156	243	175
887	155	241	173
886	155	239	171
886	155	238	169
885	155	236	167
887	156	233	165
886	156	231	164
886	156	228	162
887	157	225	160
886	157	223	158
887	159	220	155
887	160	217	152
887	162	214	150
888	163	211	148
889	166	208	146
888	167	204	145
888	169	201	143
888	169	198	141
887	170	195	140
883	169	193	139
880	168	192	138
882	168	189	136
879	167	188	136
880	166	185	135
880	165	183	133
878	164	180	132
877	162	178	131
878	161	176	130
876	162	174	129
873	161	172	128
873	160	171	128
871	159	169	127
871	158	167	127
869	157	166	126
868	155	164	126
866	154	163	125
863	153	162	125
861	152	162	124
858	151	162	124
856	151	162	123
854	151	162	123
852	152	163	123
850	153	164	123
847	153	166	124
845	153	167	124
842	152	167	124
842	152	167	124
839	152	167	125
838	153	166	125
838	152	166	126
835	152	165	127
833	151	164	129
832	152	164	130
830	151	163	131
832	153	164	132
825	154	164	134
829	155	164	135
821	154	164	136
824	154	164	138
815	142	164	139
811	146	163	139
816	150	163	140
810	139	163	140
812	141	163	141
808	145	163	142
805	150	162	143
801	137	162	143
804	140	162	144
799	143	162	144
799	131	162	144
800	134	163	144
796	139	162	144
799	143	163	145
794	135	162	145
786	142	163	145
794	132	163	145
784	139	163	145
761	120	164	144
758	121	165	143
790	147	165	143
804	183	165	145
801	194	165	146
801	188	165	148
799	182	166	151
796	191	166	153
793	180	167	156
789	174	168	158
784	157	169	158
779	158	171	159
777	158	173	160
771	157	176	160
764	157	181	159
761	156	185	160
761	156	187	160
761	155	188	159
762	154	188	158
761	155	188	158
760	155	189	158
761	155	188	158
762	154	187	158
763	153	186	158
764	152	185	157
767	152	183	156
770	153	180	155
767	153	178	154
769	152	178	153
769	152	176	152
770	152	175	151
770	152	174	150
768	151	175	149
767	151	174	148
767	152	174	147
765	152	174	147
762	152	174	147
762	153	175	146
762	153	174	146
760	154	175	146
755	156	176	147
749	157	179	148
757	157	178	150
747	158	181	151
756	159	180	154
746	160	183	156
755	162	183	160
746	163	185	162
754	164	186	166
745	164	188	169
744	165	191	172
745	164	194	175
743	161	196	177
744	160	197	179
743	159	198	180
743	158	198	181
743	157	199	182
746	156	199	183
750	156	197	183
755	155	194	184
756	155	191	185
759	155	189	184
760	155	187	183
762	155	186	182
763	155	184	181
763	154	184	179
763	155	184	177
763	158	184	175
762	159	186	173
762	160	187	172
763	160	189	170
762	162	190	169
760	163	192	169
759	164	194	170
759	164	196	170
758	164	198	170
757	166	199	171
757	166	201	171
753	166	204	171
752	166	206	171
749	166	209	171
748	165	211	171
745	164	212	172
744	164	213	172
742	163	214	172
741	162	215	172
741	163	216	171
740	162	216	171
739	162	217	170
739	161	218	169
738	162	219	169
737	162	220	168
736	162	221	168
734	163	222	167
732	161	223	166
731	160	224	166
728	160	225	165
728	159	226	165
725	159	227	165
723	158	228	164
722	159	229	164
721	160	230	164
718	159	231	163
718	161	231	163
718	160	231	163
717	161	231	163
716	163	231	163
717	163	231	162
716	164	231	162
717	164	231	162
717	166	231	162
717	167	230	162
719	169	230	161
721	168	229	160
720	169	229	160
721	170	228	160
723	170	228	160
723	169	227	160
723	169	227	160
725	170	227	160
725	169	226	160
727	169	226	161
727	168	226	161
728	166	226	161
730	166	226	160
729	165	226	160
730	163	225	160
731	162	224	159
732	162	223	158
733	161	223	157
734	161	222	155
734	162	223	154
734	162	223	152
736	163	223	151
735	163	223	149
736	165	224	148
735	166	224	147
735	166	224	146
736	168	225	145
737	169	225	145
736	170	225	144
737	171	225	144
738	172	223	143
738	173	223	143
739	174	222	143
738	174	222	143
738	174	222	143
738	174	222	143
737	174	222	144
737	174	222	144
738	173	223	145
737	172	223	146
739	172	224	146
735	171	224	146
740	172	225	146
736	171	225	147
741	171	225	148
737	169	225	148
741	170	224	148
741	170	224	147
743	169	222	147
741	168	221	146
744	169	220	146
743	169	219	145
744	171	219	145
744	170	218	145
748	171	218	144
746	171	217	144
751	174	216	144
750	174	216	143
754	176	215	144
751	176	215	144
754	178	214	144
751	178	215	144
756	178	215	145
754	178	214	145
757	180	214	144
759	180	214	145
759	179	214	146
760	180	214	146
761	179	214	147
762	179	214	148
763	177	213	148
764	177	213	149
765	176	212	149
766	176	212	150
766	176	212	150
767	175	212	150
768	175	212	151
768	175	212	151
767	174	212	151
767	173	212	151
767	172	213	151
766	171	213	151
766	170	212	152
766	170	212	152
766	170	212	152
767	170	212	152
767	170	211	151
765	170	212	151
766	170	212	151
767	171	211	151
766	172	211	151
766	172	210	151
766	174	210	151
765	174	210	150
764	175	209	150
764	176	209	149
761	176	209	149
761	177	209	149
759	177	209	149
760	177	209	150
757	175	209	150
756	176	210	150
755	177	210	151
753	176	211	151
751	175	211	152
751	175	211	153
748	174	211	153
751	175	210	153
747	174	211	154
749	174	210	154
746	173	210	154
749	172	210	153
746	173	210	153
746	173	210	153
744	172	210	153
745	171	210	153
743	171	210	153
745	170	210	153
743	171	210	153
744	170	209	153
743	170	209	153
743	170	209	153
743	170	209	153
743	169	209	153
744	170	208	153
743	169	208	153
744	168	207	153
744	168	206	152
744	167	205	152
743	168	204	151
744	168	202	150
744	168	201	150
743	168	199	150
744	168	198	149
744	169	196	148
744	168	193	148
742	168	191	147
744	169	189	146
744	170	187	146
745	170	184	145
746	168	182	145
747	167	177	146
748	165	173	147
749	165	170	147
746	171	167	147
752	166	164	146
750	164	162	145
744	175	159	146
748	167	157	146
749	165	155	146
747	174	154	146
745	174	152	145
747	173	151	144
745	172	150	142
743	157	150	141
743	160	150	139
743	164	152	137
739	168	154	135
734	171	157	133
729	173	160	131
716	154	169	124
714	155	177	120
707	156	181	116
705	156	187	114
693	160	189	112
691	162	191	110
685	164	194	108
682	168	194	107
678	170	194	106
669	172	191	105
664	174	188	105
663	176	185	104
661	177	182	103
652	187	173	107
657	183	170	109
656	182	168	106
655	183	165	104
654	185	162	103
652	186	159	101
651	189	156	99
658	189	156	99
654	190	154	97
653	192	151	95
654	193	148	94
652	193	145	92
655	192	144	91
655	199	142	94
656	195	141	96
657	193	141	97
655	192	141	98
657	193	142	98
655	193	143	99
648	194	140	100
650	194	138	100
652	195	137	101
653	196	137	101
652	197	138	102
652	197	138	102
652	198	139	102
651	198	141	103
650	205	141	105
650	202	142	106
654	201	146	106
647	201	146	106
652	199	149	107
651	197	153	108
653	197	156	109
652	195	159	110
648	195	159	111
652	194	162	111
648	194	162	112
652	192	165	113
647	191	165	113
655	189	167	115
661	189	170	117
652	185	173	119
652	183	176	120
651	181	177	121
649	181	180	122
647	180	181	122
646	179	182	122
647	171	186	118
644	176	189	116
643	179	190	114
643	180	191	113
639	181	192	113
640	183	193	111
640	184	194	111
637	184	195	110
636	185	197	110
635	186	198	109
634	186	201	109
631	187	204	108
630	187	206	108
629	187	209	108
626	188	212	109
623	187	214	110
622	188	216	110
620	188	216	110
618	187	218	111
616	186	219	111
614	185	219	112
615	184	220	113
613	182	221	113
611	182	222	113
614	179	224	113
611	179	224	113
609	178	224	113
607	178	223	112
604	179	222	112
603	179	221	111
602	180	220	111
602	179	221	111
601	180	220	111
600	179	219	111
599	179	217	111
600	179	217	111
598	180	215	111
598	178	215	111
598	179	214	111
596	178	214	111
596	176	215	110
595	177	215	110
595	177	216	110
592	175	216	111
593	174	219	111
591	173	220	110
590	174	220	109
589	175	221	109
589	176	220	109
587	177	222	109
585	177	221	109
581	178	221	109
582	180	222	109
580	180	222	108
580	181	224	107
580	183	225	106
578	184	226	106
578	183	226	106
577	182	226	105
577	181	227	105
578	181	228	105
574	183	228	104
575	184	228	103
574	185	228	102
574	185	228	102
575	185	227	102
573	186	226	102
575	185	225	103
575	183	225	103
576	181	225	102
577	179	225	102
576	180	225	102
576	178	224	103
575	178	225	103
575	178	225	102
573	178	226	102
573	178	227	101
571	178	227	102
571	178	229	101
570	180	230	101
570	179	232	101
566	179	233	101
567	179	234	101
564	179	236	101
561	178	236	102
565	179	237	102
562	180	238	102
559	182	240	103
558	184	240	104
558	185	241	105
557	186	242	105
555	187	243	106
553	188	243	107
552	187	243	107
553	187	244	107
550	187	243	107
550	185	243	108
548	185	243	108
548	184	243	110
547	182	243	110
546	183	243	110
546	183	242	112
543	182	241	113
542	180	239	114
541	179	237	114
515	191	230	115
520	185	224	115
532	183	222	116
547	181	223	116
540	179	222	116
536	178	221	117
537	179	220	118
544	178	221	118
539	177	221	118
532	176	219	118
545	176	222	118
540	175	223	117
532	174	223	117
531	175	223	116
530	175	222	116
532	176	222	115
528	176	221	114
540	175	223	112
537	178	223	111
532	181	222	109
529	182	222	109
544	180	224	107
536	182	227	105
531	185	226	105
527	186	225	105
539	182	225	105
538	183	228	103
533	184	228	102
543	182	226	103
540	183	229	102
535	184	230	101
529	184	228	102
541	181	226	103
553	178	224	104
544	178	224	103
555	177	226	102
546	177	225	103
556	175	224	104
546	176	226	103
555	176	229	101
545	178	230	100
537	180	230	100
526	183	224	103
536	181	221	105
545	178	219	106
531	177	216	107
511	189	210	107
515	184	205	108
567	166	207	106
561	168	207	105
571	168	206	105
560	169	211	102
571	170	213	99
564	171	214	98
556	172	216	97
565	173	216	95
556	174	218	95
568	173	217	94
513	201	210	95
513	205	196	101
516	200	189	101
515	205	179	104
508	209	172	102
516	213	168	99
523	205	163	102
514	212	159	100
520	207	153	102
511	213	151	100
515	217	150	98
513	209	144	99
514	212	138	101
513	212	135	102
514	213	132	102
514	213	130	102
513	214	128	101
514	208	127	101
513	214	126	99
512	216	125	99
513	212	125	98
513	219	125	96
512	211	124	96
511	218	125	94
510	212	124	94
509	219	125	92
506	214	126	90
511	212	125	91
507	210	124	92
503	215	126	91
508	212	125	92
502	217	126	91
502	212	126	91
499	218	127	89
503	214	127	91
501	211	126	92
499	216	127	92
500	212	126	93
498	218	127	92
500	215	126	92
497	222	129	91
495	225	130	90
496	218	131	90
495	223	132	90
496	219	132	90
494	223	133	90
495	218	132	90
493	221	133	90
494	216	134	91
494	214	133	91
494	211	132	92
494	209	132	94
494	206	132	94
491	212	134	94
490	207	134	93
491	203	133	94
497	205	133	95
493	202	133	95
492	199	133	95
492	207	134	93
490	204	135	91
490	202	136	90
493	200	134	91
491	197	134	92
490	194	134	92
490	192	133	92
491	191	133	93
492	200	134	91
489	197	135	90
492	196	136	89
490	203	135	88
489	200	137	87
489	207	137	88
486	204	138	87
486	202	139	86
486	208	138	87
485	206	139	86
484	203	138	87
486	210	137	87
483	206	137	87
482	203	136	88
483	210	136	88
485	206	135	90
482	205	135	91
482	203	134	92
480	211	136	91
483	208	135	93
480	205	134	94
478	212	136	92
481	208	135	94
479	214	136	92
480	210	138	91
481	210	138	90
480	209	139	89
479	213	140	90
479	208	140	89
479	203	140	90
485	200	138	93
479	205	140	93
480	200	140	94
482	205	141	93
481	198	141	95
479	204	142	94
480	197	142	96
480	205	143	95
479	200	142	96
481	208	143	95
480	203	142	96
482	211	143	95
481	206	142	96
483	214	143	95
483	218	143	95
486	213	143	95
486	218	143	94
482	212	143	94
485	217	143	94
487	214	143	94
489	219	143	94
492	214	143	94
488	211	143	94
492	215	143	94
489	210	143	94
493	213	143	94
490	208	143	94
490	206	143	94
490	205	143	94
492	203	143	94
491	209	143	94
490	203	143	94
490	208	143	94
490	201	144	94
488	206	144	94
491	200	144	94
488	205	144	94
491	200	144	95
490	206	144	95
493	202	144	95
491	208	144	95
489	202	144	95
489	208	144	95
489	213	144	95
489	211	144	94
488	210	144	95
489	215	144	94
489	219	144	94
487	216	144	95
489	220	144	95
486	221	144	97
488	218	144	98
483	220	145	99
481	222	146	100
484	218	146	101
481	221	147	102
482	217	146	104
481	216	145	107
480	217	145	108
479	218	145	109
480	212	146	110
480	212	146	112
477	215	149	111
479	208	149	112
477	212	151	111
478	205	151	111
478	206	150	113
478	201	150	112
475	206	152	112
478	204	153	108
475	199	153	109
475	205	154	107
476	203	156	104
473	207	156	103
477	203	157	102
474	208	157	101
476	206	158	99
473	212	157	99
476	208	158	97
476	213	158	98
479	211	159	97
474	214	158	98
478	214	159	97
481	213	159	97
475	217	159	98
479	216	159	97
477	219	159	98
483	217	159	97
486	216	159	97
477	220	158	98
483	217	158	98
487	216	158	98
481	220	158	98
488	216	158	98
482	219	158	99
487	223	157	99
492	217	157	99
486	220	157	100
491	215	156	100
485	218	156	100
484	212	156	101
482	217	155	102
488	212	155	101
486	209	155	102
488	213	155	102
491	210	155	101
488	206	155	102
492	211	155	103
488	205	155	103
495	203	154	106
485	207	157	105
487	211	159	105
488	207	161	103
483	209	163	105
486	206	165	104
481	211	166	105
478	213	166	106
484	210	167	106
478	216	168	106
476	218	169	107
479	212	171	108
477	219	172	108
474	222	174	107
477	216	175	107
474	221	175	108
477	214	177	108
473	221	176	108
476	215	177	107
473	219	177	109
476	215	178	108
477	213	178	108
473	217	177	110
480	213	179	108
477	208	179	109
474	212	179	111
480	207	181	110
479	203	181	110
476	209	181	111
478	201	182	112
477	205	182	112
478	197	182	113
481	201	182	114
484	195	183	114
484	199	182	115
487	192	182	116
485	199	182	116
488	193	182	115
486	200	183	115
488	195	184	114
485	202	184	114
491	197	185	114
489	204	184	114
491	200	184	113
490	207	184	113
495	201	183	113
493	205	183	114
498	200	181	114
496	206	182	115
508	200	177	119
504	207	178	118
509	198	176	119
513	208	176	117
512	199	175	119
517	206	175	117
518	212	175	116
523	209	175	114
525	216	173	112
531	213	172	111
525	216	172	111
534	213	171	110
529	216	171	110
530	209	170	111
529	205	169	112
531	202	169	113
532	208	167	115
533	201	169	116
535	196	170	117
535	201	169	119
538	195	170	119
539	190	172	119
541	186	175	120
542	182	176	122
541	180	178	123
542	177	180	124
544	177	182	125
542	186	183	125
544	182	182	126
546	182	182	126
543	181	182	127
540	192	181	126
543	185	180	127
545	184	179	127
541	193	178	127
546	188	177	128
549	196	176	129
551	191	176	129
552	199	175	130
550	203	173	131
552	206	172	131
555	202	172	130
552	209	171	130
554	206	170	129
554	212	169	129
552	209	168	128
552	214	167	129
555	208	165	129
559	215	164	131
559	208	162	132
563	204	162	132
564	213	161	134
566	210	162	135
564	208	163	135
562	213	164	137
563	210	164	138
560	206	165	139
559	204	165	139
555	208	166	138
558	204	166	138
559	204	167	135
561	204	169	133
558	206	171	130
559	207	175	126
555	211	177	122
555	212	179	118
554	213	181	115
553	215	182	112
553	217	183	110
553	218	183	108
553	217	182	107
553	216	182	106
552	217	182	105
553	217	182	105
554	218	182	106
556	218	183	106
556	215	182	107
557	213	182	107
558	210	183	109
560	207	185	111
561	204	186	112
562	201	188	114
563	198	190	116
564	195	191	118
566	191	193	120
564	187	197	121
562	184	200	122
561	183	202	124
561	180	204	125
565	178	205	126
565	177	206	128
567	175	207	129
567	174	208	130
570	172	208	130
571	172	208	129
574	171	208	129
572	170	208	128
571	170	207	126
578	171	207	125
572	180	205	126
735	94	212	122
726	93	223	118
710	94	237	115
698	97	248	112
689	98	257	110
682	99	262	108
674	100	267	106
675	102	271	105
669	104	276	103
675	106	282	104
671	107	285	106
666	106	286	109
657	104	285	112
660	103	287	114
667	102	287	115
673	103	288	117
653	100	296	113
657	100	302	111
635	99	303	110
640	97	306	108
631	97	298	112
640	97	292	115
623	77	297	112
627	82	299	110
634	86	294	112
635	85	295	110
632	81	289	112
653	78	288	113
641	75	293	110
646	75	297	108
655	76	303	107
643	75	306	107
636	75	309	106
654	75	314	105
651	73	317	106
645	73	322	107
643	74	325	108
644	75	326	109
636	79	329	109
648	82	332	111
669	86	324	117
672	86	319	119
675	86	315	122
676	86	312	123
679	84	312	124
680	86	312	125
707	94	305	131
704	94	304	132
705	94	303	132
709	92	302	131
708	93	303	131
707	92	303	130
713	194	296	135
695	204	278	148
700	200	264	157
708	192	251	166
713	188	240	173
709	181	233	178
720	175	223	184
724	175	217	187
726	172	211	191
736	168	204	195
735	166	199	196
739	174	193	201
833	123	200	190
836	122	206	178
840	133	209	169
849	131	209	158
837	139	210	151
850	137	207	144
842	145	204	141
863	140	197	136
870	139	191	132
878	138	184	129
864	147	181	127
875	145	174	124
873	152	169	122
871	156	163	122
871	160	160	122
887	154	152	124
881	154	146	127
888	155	142	129
892	152	138	129
894	150	135	129
896	149	133	129
897	138	129	128
896	142	126	127
901	143	126	126
898	143	124	126
899	127	123	126
898	126	122	125
901	126	123	123
894	124	122	123
897	122	124	121
892	119	122	122
898	119	122	122
896	118	119	125
904	117	119	126
900	106	117	125
907	110	117	124
908	113	116	126
916	115	116	126
915	116	115	128
919	118	114	131
920	118	114	132
922	118	114	132
922	119	113	133
924	120	113	133
926	121	112	132
928	123	111	131
929	125	111	130
930	129	110	128
930	131	110	124
931	135	109	121
932	139	109	119
933	142	108	117
932	144	107	115
933	148	106	112
933	151	106	110
935	153	105	107
937	155	105	104
941	157	104	102
940	161	103	99
947	161	101	98
949	162	100	96
949	164	99	94
950	165	98	93
952	160	98	92
953	165	98	90
954	160	98	89
954	164	98	88
954	166	98	87
953	166	99	87
954	160	100	86
953	164	101	85
953	166	101	84
954	167	102	84
954	168	103	84
954	169	103	84
955	170	103	84
956	172	103	84
958	173	103	84
962	168	102	83
965	171	100	83
968	173	99	83
969	174	97	83
970	176	96	82
970	178	94	81
970	181	93	80
970	183	93	80
969	185	93	79
961	191	94	77
961	193	94	75
959	195	95	75
956	205	95	75
954	206	95	75
952	206	95	75
949	207	96	75
947	208	96	75
990	183	94	74
987	182	93	73
986	183	93	72
987	182	92	72
986	180	92	72
985	180	93	73
995	178	91	74
993	177	90	76
990	176	90	76
1001	176	89	77
999	176	89	77
994	178	91	77
1004	179	91	77
1002	181	91	77
1000	182	92	76
997	184	94	75
984	188	97	74
984	190	101	72
944	204	102	71
939	207	102	71
939	211	101	70
939	209	100	69
943	214	99	68
937	220	99	66
939	220	98	65
945	227	98	63
936	222	96	65
948	231	96	63
944	226	94	65
1008	222	98	62
1009	224	99	61
1007	223	102	61
1004	223	105	63
1002	222	108	66
1007	220	109	70
1007	218	111	72
1014	219	110	75
1016	220	109	77
1021	225	108	76
1022	227	107	77
1029	227	105	78
1025	228	105	78
1023	230	105	78
1022	227	105	78
1021	225	105	78
1020	224	105	78
1020	221	105	78
1017	219	105	78
1013	217	105	78
1009	213	105	78
1002	208	105	78
996	200	105	78
993	187	105	78
978	132	103	80
974	137	102	82
983	126	101	83
980	145	101	84
976	138	100	85
985	142	99	86
981	133	99	87
976	135	100	87
982	136	99	88
976	138	100	89
984	141	99	90
980	132	100	90
989	136	99	90
987	126	98	90
987	130	97	90
985	120	97	90
987	124	96	89
989	115	94	90
991	120	92	89
992	113	91	88
985	103	91	88
989	108	89	87
989	115	90	84
982	98	89	83
985	104	89	82
980	98	89	81
974	90	89	81
978	94	89	81
981	100	89	79
976	93	90	79
981	99	91	78
975	94	91	78
977	98	91	77
977	101	91	75
970	96	90	76
974	100	90	75
976	104	90	74
969	101	90	74
973	107	90	72
973	109	90	71
974	112	90	71
975	114	91	70
974	112	91	70
980	115	93	69
976	112	93	70
973	108	93	72
980	104	94	73
977	100	95	75
983	96	96	76
979	92	96	77
982	87	96	77
976	83	96	78
968	77	96	79
970	73	95	79
973	68	95	80
975	64	95	80
978	59	95	81
1040	42	95	81
1040	44	96	81
1040	46	97	82
1038	37	97	82
1038	38	98	83
1039	39	99	83
1039	40	100	83
1042	40	100	84
1045	33	100	84
1047	35	99	85
1042	37	100	85
1045	37	100	86
1047	37	99	86
1047	36	98	86
1039	36	99	87
1039	34	98	87
1039	34	98	87
1037	35	97	88
972	45	97	88
963	43	97	88
958	53	98	86
959	53	98	84
956	60	98	83
953	57	98	82
953	64	98	81
951	61	98	80
951	68	97	79
948	72	96	80
946	69	95	79
945	75	95	79
947	73	94	78
942	91	94	80
940	86	93	83
940	83	92	84
942	95	93	85
936	93	93	86
935	91	93	87
938	105	93	87
933	111	94	87
935	126	93	88
929	109	94	88
932	114	94	88
925	108	95	89
927	113	95	89
922	117	95	89
923	108	95	89
919	111	95	90
919	102	95	90
921	106	95	90
912	109	95	90
914	103	96	90
907	105	96	90
902	104	96	91
899	102	96	91
897	100	96	91
895	29	96	90
889	13	98	90
894	21	99	89
895	30	99	89
896	23	99	88
898	18	100	88
898	22	100	86
899	19	101	85
900	16	101	85
898	23	101	84
899	20	100	83
901	17	99	83
902	25	98	81
905	23	97	80
907	20	96	80
910	17	95	80
912	25	93	80
914	22	90	80
918	28	87	80
921	26	85	81
922	24	83	82
923	23	81	83
923	22	80	84
924	31	79	84
925	29	78	85
926	26	77	87
926	23	77	89
925	31	78	89
919	33	80	89
926	33	80	88
923	57	80	88
930	81	80	91
932	85	80	92
932	89	80	91
932	96	82	90
929	121	84	94
926	126	88	96
928	133	91	95
925	140	94	94
924	149	96	90
933	144	98	89
942	133	96	91
938	134	97	93
943	138	98	93
943	142	98	92
944	148	96	90
944	159	97	87
937	161	101	81
944	158	101	78
952	155	99	77
959	154	96	76
965	151	95	76
973	146	94	78
982	143	92	81
985	141	91	84
989	138	91	86
994	137	90	89
996	136	89	92
1004	124	88	92
1010	129	87	93
1018	134	84	96
1035	134	81	100
1061	134	80	102
1086	125	79	103
1113	125	78	104
1127	125	77	106
1188	1	80	104
1193	0	83	102
1203	7	80	105
1215	17	74	112
1213	20	74	113
1215	28	73	113
1217	32	73	113
1217	35	73	113
1218	39	73	113
1218	42	73	113
1218	46	73	113
1219	50	73	113
1220	54	73	113
1219	57	73	114
1220	60	73	114
1217	65	73	114
1216	71	73	114
1214	77	73	114
1214	84	73	114
1217	89	73	114
1217	93	73	114
1218	95	73	114
1218	98	73	114
1217	100	73	114
1215	104	73	114
1214	110	73	114
1214	117	73	114
1215	123	73	114
1217	127	73	114
1218	131	73	115
1218	133	73	115
1215	137	72	115
1215	143	72	115
1216	149	72	115
1217	154	72	115
1218	157	72	115
1219	160	72	115
1220	163	72	115
1218	166	72	115
1218	171	72	115
1218	175	72	115
1217	181	72	115
1216	186	72	115
1217	191	72	115
1217	196	72	115
1217	200	72	115
1216	205	72	116
1216	210	72	116
1215	216	72	116
1214	223	72	116
1212	231	72	116
1210	236	72	116
1209	241	71	117
1209	247	71	117
1218	251	71	117
1217	254	71	118
1216	256	71	118
1216	259	71	118
1215	262	71	118
1210	265	71	118
1203	257	70	118
1201	250	70	119
1202	254	70	119
1216	245	68	123
1218	247	67	126
1218	249	66	126
1218	252	66	126
1218	257	66	126
1218	262	66	126
1219	265	66	126
1220	267	66	126
1220	269	66	126
1219	271	66	127
1219	271	66	127
1218	272	66	127
1217	273	66	127
1216	275	66	127
1202	266	66	127
1201	270	66	127
1212	273	66	128
1213	275	65	129
1213	278	65	130
1214	282	65	130
1214	286	65	131
1214	291	65	131
1215	296	64	131
1217	300	64	131
1220	304	64	131
1220	306	64	131
1220	309	64	131
1220	312	64	131
1220	315	64	131
1220	319	64	131
1220	323	64	131
1219	328	64	131
1219	332	64	131
1219	337	64	131
1219	341	64	131
1217	343	64	131
1216	336	64	132
1213	337	64	132
1206	333	64	132
1197	331	64	132
1193	327	64	132
1188	325	64	132
1182	322	64	132
1175	321	64	132
1169	319	64	132
1163	318	64	132
1156	316	64	132
1150	313	64	132
1142	311	64	132
1017	396	66	130
1015	396	67	129
1014	396	67	128
1015	397	68	127
1008	401	68	126
1010	402	69	125
1040	391	77	119
1037	396	86	113
1037	400	90	109
1035	403	94	107
1035	403	96	105
1033	403	98	104
1033	402	99	103
1033	401	99	103
1033	399	100	103
1037	397	100	103
1040	397	100	103
1046	396	100	103
1054	397	100	103
1055	397	100	103
1056	397	100	103
1054	397	100	103
1054	396	100	103
1053	394	100	103
1053	392	101	103
1054	390	101	103
1053	388	101	103
1054	385	101	103
1052	382	101	103
1048	382	101	103
1048	380	101	103
1046	380	101	103
1045	379	101	103
1044	379	101	103
1045	379	101	103
1045	380	101	103
1046	382	101	103
1050	383	101	103
1051	385	101	103
1053	387	101	103
1052	389	101	102
1051	391	101	102
1047	394	101	102
1045	396	101	102
1043	398	101	102
1042	400	101	102
1042	401	102	102
1040	402	102	102
1037	403	102	102
1038	404	102	102
1037	404	102	102
1035	405	103	101
1030	404	103	101
1029	404	103	101
1030	403	103	101
1027	404	103	101
1025	404	103	101
1027	404	103	101
1025	406	104	101
1026	406	104	101
1026	404	105	100
1024	403	105	100
1026	401	105	100
1027	398	105	100
1026	395	106	99
1028	392	107	99
1027	390	109	98
1025	388	111	96
1029	387	114	95
1029	385	115	94
1031	384	115	94
1029	394	116	93
1031	393	117	92
1033	391	118	92
1031	400	119	92
1029	411	120	91
1030	409	121	91
1032	421	121	90
1033	421	122	90
1024	432	123	90
1022	430	123	89
1016	429	123	89
1012	442	124	89
1012	441	125	88
1012	452	126	87
1015	452	127	87
1019	450	127	87
1022	448	128	86
1023	445	129	86
1024	440	129	86
1025	451	129	86
1025	447	130	86
1023	443	131	85
1019	452	132	85
1027	449	133	85
1022	446	134	84
1030	442	135	84
1023	453	136	84
1028	449	136	83
1027	433	137	83
1027	431	137	82
1039	442	138	82
1026	438	139	81
1024	434	140	81
1024	429	140	81
1023	424	141	80
1021	420	141	80
1019	417	141	80
1012	416	141	80
1007	414	141	80
1004	404	141	80
964	331	132	89
971	328	124	98
978	327	116	106
984	319	112	109
988	325	108	112
992	329	107	114
997	332	107	113
993	337	109	113
997	339	111	111
1002	334	114	107
1001	349	118	106
1001	340	125	101
1003	346	130	97
1003	351	136	94
1003	354	143	92
1006	357	149	90
1007	360	156	88
1008	363	161	88
1012	365	166	88
1012	365	170	87
1019	363	175	86
1023	361	179	84
1025	360	181	83
1028	360	179	84
1030	358	175	85
1030	348	172	84
1036	350	167	84
1029	349	165	85
1038	340	162	85
1034	345	159	87
1032	347	158	88
1031	348	157	89
1030	347	156	89
1019	342	156	90
1013	338	156	90
1009	349	156	90
1000	341	156	90
991	338	156	90
985	338	156	90
979	338	156	90
972	340	156	90
966	342	156	90
961	345	156	90
957	349	156	90
951	351	156	90
946	352	156	90
940	353	156	90
934	353	156	90
928	353	156	90
924	352	156	90
921	351	156	90
918	349	156	90
916	347	156	90
914	344	156	90
914	340	156	90
912	337	156	90
911	334	156	90
910	330	156	91
908	327	156	91
907	325	156	91
906	323	156	91
905	321	156	91
903	318	155	91
901	315	155	91
899	311	155	91
896	307	155	91
895	304	155	91
893	300	155	91
890	284	155	91
886	272	155	92
883	274	155	92
882	276	154	92
877	263	154	92
888	267	154	93
884	270	153	93
880	270	153	94
876	268	153	94
886	271	153	94
880	271	153	95
876	270	153	95
872	269	152	95
870	268	152	96
867	267	152	96
877	271	152	97
875	273	151	98
873	275	151	99
872	276	150	100
871	277	150	101
871	278	149	102
869	278	148	103
867	278	148	105
866	277	147	106
878	280	146	108
876	281	146	109
875	279	145	111
874	279	144	114
872	277	143	116
871	275	143	118
869	272	142	120
866	269	142	122
859	266	142	124
872	265	141	125
869	263	141	126
864	260	140	127
875	261	140	128
871	259	140	128
874	264	139	129
869	260	139	130
864	256	139	131
839	259	140	131
851	260	141	132
842	254	141	132
835	258	142	132
815	235	143	132
813	229	145	132
812	223	146	133
815	231	147	133
813	223	148	133
813	217	148	133
814	212	148	134
815	207	148	135
828	219	149	135
825	212	151	136
825	207	153	137
827	204	154	138
831	201	155	139
836	200	157	140
838	202	159	140
843	200	161	140
848	197	162	141
850	195	163	142
874	79	177	141
878	79	191	141
872	82	205	142
877	83	218	144
874	84	229	144
874	85	239	145
871	86	246	145
875	86	249	144
874	87	254	146
873	87	255	146
874	86	255	146
876	85	256	147
873	85	257	149
874	84	257	150
875	81	256	150
877	80	256	151
875	79	256	151
875	78	257	151
875	76	258	152
874	75	259	152
879	75	260	149
875	74	261	150
879	77	262	148
881	77	262	149
882	77	262	149
882	77	262	149
882	77	262	150
881	76	262	149
882	77	261	149
882	78	261	150
881	79	261	150
873	77	261	152
872	77	259	151
872	77	258	151
873	77	258	150
872	77	256	151
871	76	255	153
871	76	256	154
868	76	256	155
867	76	256	156
866	76	255	156
866	77	254	156
867	78	253	157
869	79	252	157
871	67	252	155
872	76	252	154
875	86	248	157
878	78	245	157
881	85	243	159
884	77	240	157
885	78	240	155
889	80	239	152
890	82	237	150
892	84	235	148
895	90	230	149
897	92	226	150
899	94	222	150
902	97	218	152
901	99	215	152
900	101	213	152
898	101	210	152
890	97	210	149
885	97	210	146
892	99	209	144
887	101	211	142
884	103	211	140
896	110	206	141
888	113	203	143
909	113	197	145
910	114	193	146
922	117	191	147
918	118	188	148
923	119	187	149
927	121	187	150
927	124	186	150
965	206	185	153
975	213	180	160
970	209	179	163
977	204	177	165
964	210	177	167
965	205	176	168
963	198	176	169
962	208	176	170
963	202	176	171
960	205	175	173
956	210	175	175
953	185	175	176
941	160	175	176
946	185	175	177
945	187	175	178
944	189	175	179
944	191	175	180
941	192	175	181
936	193	176	180
933	192	177	180
932	197	179	181
928	191	179	182
926	188	180	182
921	187	181	182
921	186	182	182
920	187	182	182
919	187	181	181
920	187	181	182
920	187	180	182
919	188	180	182
917	187	179	182
916	184	178	183
916	184	177	183
915	184	176	183
914	182	174	183
913	178	173	184
915	178	172	184
916	174	170	185
918	177	169	185
918	180	168	185
918	182	168	185
917	180	168	185
915	179	167	185
915	176	167	185
913	177	167	184
912	177	167	184
910	176	167	184
911	174	167	184
908	174	167	183
918	177	167	184
910	177	166	184
904	176	166	183
915	176	165	184
908	175	165	184
917	178	165	184
908	177	164	183
916	180	164	183
904	180	164	183
912	180	164	182
909	179	163	182
907	179	163	181
765	101	177	168
761	109	189	157
762	114	198	148
754	118	206	141
752	121	214	135
749	122	216	133
746	122	220	131
752	124	222	129
752	125	223	127
756	125	224	126
756	127	225	124
756	127	226	123
758	129	227	122
757	131	227	122
759	131	228	121
759	132	228	121
759	133	229	120
760	134	231	119
762	134	232	117
760	134	232	116
761	135	234	115
759	135	235	113
760	136	237	112
759	135	238	112
760	135	240	111
761	136	240	110
762	137	240	109
764	138	240	109
762	138	239	108
764	138	239	108
763	138	240	107
765	137	240	106
765	138	239	105
766	138	239	104
764	138	239	104
766	138	240	104
766	138	239	104
767	138	240	105
768	138	239	106
769	138	239	107
768	139	239	108
768	139	241	109
770	141	244	110
767	142	244	112
767	142	245	114
769	144	247	117
770	145	250	121
766	146	256	122
766	146	263	124
762	148	267	127
762	147	271	131
762	147	274	135
760	148	276	139
759	146	280	142
759	146	284	146
758	146	289	149
755	145	293	153
754	145	297	157
756	144	302	160
754	144	307	163
755	143	313	166
757	143	320	169
762	143	329	173
767	144	342	177
769	145	354	183
761	147	361	191
756	148	367	197
752	146	371	201
751	143	374	203
750	142	375	204
748	141	377	205
750	140	377	205
750	140	378	205
750	140	378	205
751	140	379	205
753	140	379	205
753	140	380	204
754	141	379	204
755	142	379	203
758	143	378	203
758	144	378	202
760	145	377	202
763	146	377	203
765	147	377	204
767	148	378	204
769	148	378	205
771	149	379	206
773	150	379	207
776	150	379	207
778	150	379	208
779	150	379	208
782	150	378	209
784	149	378	209
788	148	377	210
790	147	377	211
792	147	377	211
795	148	376	212
796	147	376	212
797	147	375	212
800	148	374	212
800	148	374	212
802	149	373	212
805	150	372	212
807	150	371	211
808	150	371	211
810	151	369	210
811	151	368	209
812	151	367	208
815	151	366	207
818	151	364	206
821	151	362	205
823	151	361	204
825	151	360	204
826	153	360	204
828	155	359	203
829	157	359	202
831	157	359	202
831	158	361	202
833	160	361	202
834	161	362	202
835	162	363	202
839	148	358	205
844	158	350	215
847	161	345	222
849	158	341	229
852	156	338	235
853	153	336	239
854	151	334	242
856	151	332	244
857	149	332	246
859	147	331	248
859	146	330	249
861	144	328	250
864	143	327	251
864	143	326	251
865	142	325	250
867	141	323	250
868	141	321	249
869	141	320	248
870	141	320	247
871	141	319	246
870	141	319	245
874	140	318	244
873	140	318	243
875	141	316	242
877	140	315	241
877	140	315	239
878	140	315	238
879	141	315	236
880	139	317	234
879	141	318	232
879	139	320	230
879	140	322	228
877	141	325	227
878	142	327	225
879	143	329	223
879	144	331	222
879	145	332	221
880	147	333	219
881	148	334	218
882	150	335	217
883	151	335	217
887	152	334	217
890	154	333	217
892	155	332	216
895	155	331	216
896	156	330	216
898	156	329	216
901	156	328	216
902	156	328	216
903	155	327	216
905	154	326	216
906	154	326	215
907	153	325	215
910	153	324	215
911	152	323	215
913	151	323	214
914	151	322	214
916	151	322	213
918	150	321	212
919	151	320	211
920	151	319	210
920	152	318	209
922	151	318	207
924	151	317	206
924	151	315	205
926	152	315	203
924	152	314	202
926	153	313	201
926	154	312	200
927	154	311	199
927	155	310	198
928	157	309	197
929	158	308	196
928	159	307	195
928	161	306	194
929	162	305	194
929	164	304	193
929	165	303	193
929	167	301	193
928	167	300	193
929	169	299	193
927	169	298	193
926	169	297	192
924	169	295	192
923	169	295	192
922	170	294	192
922	168	293	192
920	168	292	192
920	168	291	193
920	167	290	193
920	166	290	193
920	166	289	193
920	166	288	194
921	166	288	194
920	166	287	195
920	165	287	196
921	164	287	197
919	164	286	197
919	163	286	197
919	163	285	197
919	162	284	197
917	162	282	197
918	162	281	197
918	162	280	196
917	162	279	195
916	164	277	195
917	166	277	194
918	166	275	193
919	168	274	192
917	168	271	192
919	170	269	191
918	169	267	190
918	170	267	189
923	171	264	189
920	171	263	187
921	172	261	186
922	173	259	186
924	173	256	186
928	175	251	187
930	176	247	187
933	176	243	187
935	176	239	187
938	177	235	187
937	176	233	188
939	176	231	188
940	176	229	187
941	175	227	186
943	175	225	186
945	175	223	186
945	175	222	186
944	175	221	186
942	175	221	186
939	174	221	186
938	172	221	185
941	183	221	184
938	175	221	184
937	172	220	183
940	185	219	182
937	178	219	183
935	175	219	183
937	187	219	181
935	180	219	180
934	178	219	180
933	176	218	180
924	177	217	182
929	176	216	183
921	178	215	184
929	179	215	184
924	179	213	185
923	179	212	185
929	175	210	184
924	175	209	184
926	177	208	185
926	178	207	185
927	177	205	185
930	194	203	182
926	192	202	182
929	187	200	181
930	186	197	179
926	186	196	180
928	183	193	180
927	183	192	179
927	183	191	180
927	183	189	180
926	182	186	180
927	181	184	179
928	181	182	178
929	181	178	178
928	180	175	175
929	179	171	173
928	180	168	172
926	180	165	171
925	181	163	170
921	183	162	169
928	183	158	169
923	188	158	167
919	193	158	167
921	195	157	164
917	204	158	161
920	204	157	158
914	190	157	157
913	205	156	154
907	191	157	155
901	195	158	155
894	180	159	156
887	182	162	158
891	184	163	157
884	184	164	158
888	184	165	158
880	183	168	159
873	181	171	160
877	180	172	160
868	180	178	161
861	167	181	159
853	170	185	160
861	174	188	160
851	175	191	162
855	175	191	163
846	177	194	165
840	177	195	168
843	174	196	168
844	173	196	166
842	173	197	166
839	173	198	164
841	174	196	166
840	172	195	165
839	171	194	166
837	170	194	165
837	168	194	165
836	169	194	164
833	168	195	163
833	169	195	163
831	167	196	162
827	167	196	161
826	167	196	161
825	167	197	161
824	167	197	161
825	166	197	161
820	166	197	161
822	166	197	161
818	165	197	161
819	166	197	161
818	166	197	162
817	167	197	162
816	168	197	163
815	168	197	164
813	170	197	166
809	168	197	169
812	169	196	171
808	171	197	174
806	171	198	176
806	171	199	179
806	172	200	180
802	170	201	180
801	170	202	180
799	168	203	180
795	168	204	180
796	165	206	179
787	169	208	178
790	168	209	177
781	171	211	176
782	169	212	176
783	169	213	175
779	172	212	175
780	170	212	174
774	173	212	174
777	170	213	173
772	173	212	174
774	169	213	173
774	169	211	174
773	168	210	175
773	168	209	175
774	168	207	174
774	167	206	174
774	168	203	173
774	169	201	172
778	168	197	170
779	170	193	168
781	169	190	167
779	167	188	166
783	169	184	166
781	168	182	167
783	159	180	166
783	165	178	165
784	167	175	165
787	166	172	164
787	165	169	165
787	166	167	164
788	167	165	163
790	167	162	161
790	166	160	160
790	166	158	159
791	167	157	158
791	167	156	156
790	168	156	154
790	169	155	153
790	169	155	152
790	171	154	150
791	172	153	149
791	173	152	147
789	175	151	146
788	176	151	144
788	177	151	143
786	177	151	141
785	178	151	140
782	179	151	139
782	179	150	139
782	179	151	139
780	180	151	139
778	181	152	140
776	182	153	139
774	184	154	139
772	185	156	138
771	184	158	137
767	184	160	137
764	184	162	136
762	183	165	136
759	183	167	136
755	182	170	136
752	181	173	138
749	181	175	140
745	181	178	143
744	180	182	145
741	179	185	148
738	178	188	151
735	178	191	153
733	177	194	156
731	177	196	158
729	177	199	160
728	176	202	161
727	175	204	163
724	173	206	165
723	173	209	166
722	172	210	167
721	172	211	168
720	171	212	169
720	170	214	171
719	169	216	171
719	170	217	172
719	172	219	172
719	172	220	173
720	172	222	174
719	172	224	175
719	173	225	176
721	172	226	177
720	173	228	177
721	174	229	177
721	174	230	176
721	175	231	175
721	174	232	175
721	175	231	174
722	175	231	173
723	174	231	172
724	175	230	172
725	176	230	172
725	175	230	172
724	175	230	173
724	174	230	174
721	174	231	175
721	174	231	176
718	174	233	177
717	175	234	177
715	174	234	178
712	174	235	179
711	173	236	180
710	173	236	181
708	174	236	182
707	173	236	183
708	174	235	183
708	175	234	184
708	175	233	184
711	174	232	183
710	174	231	184
714	174	230	183
713	173	230	183
716	174	229	183
718	175	228	182
719	175	228	182
721	175	229	182
725	176	228	181
728	178	229	181
729	179	228	181
731	180	228	181
734	180	228	182
735	181	228	181
738	181	228	181
737	180	228	180
741	181	226	179
741	182	225	178
743	183	225	177
746	184	224	176
747	184	224	175
749	184	225	174
751	184	225	173
753	186	224	173
752	186	224	172
754	185	224	172
755	185	224	172
757	184	224	173
757	182	224	173
757	181	224	172
758	180	224	171
759	181	224	170
760	180	225	170
761	180	225	169
762	179	224	168
763	180	225	167
764	179	225	167
765	179	225	166
766	179	225	166
767	179	224	165
768	180	224	163
768	180	224	163
769	180	223	162
770	180	223	161
771	179	223	160
770	179	224	159
771	179	224	158
771	180	225	157
770	180	226	156
771	181	226	156
770	181	227	155
771	182	227	155
771	183	228	155
772	182	228	155
771	183	227	156
772	183	227	156
772	184	227	156
772	183	227	157
772	183	228	158
773	183	227	158
774	183	227	159
774	183	227	160
775	183	227	160
775	183	226	161
776	182	226	161
777	185	227	161
776	184	227	162
777	185	227	162
777	185	228	162
777	185	228	161
778	186	228	161
778	185	228	161
777	185	228	161
778	185	228	162
778	184	228	162
779	185	227	162
780	184	227	163
779	184	226	163
780	184	226	162
781	183	225	162
781	182	223	162
782	183	222	162
782	183	221	163
783	183	220	163
782	182	219	163
782	182	218	163
782	183	217	163
779	182	216	162
778	183	216	162
777	185	215	162
777	186	215	161
777	186	214	161
776	185	213	161
777	185	212	160
777	185	211	159
771	185	211	158
776	185	208	157
771	186	206	156
774	186	204	155
773	186	203	155
772	187	202	154
772	187	200	154
772	187	199	154
769	188	197	155
765	189	196	154
764	190	194	153
763	191	193	152
762	191	192	151
761	191	188	152
762	192	185	152
761	193	182	151
760	192	180	151
759	190	177	150
760	191	175	150
759	191	172	149
761	192	169	148
761	191	166	148
761	190	162	148
763	189	159	148
764	189	155	148
765	188	152	149
766	189	150	149
767	179	147	149
766	182	145	151
766	172	143	150
766	177	141	149
763	179	140	148
760	179	139	147
757	180	139	147
752	178	139	146
750	176	140	146
754	175	139	147
746	172	140	147
749	169	138	148
750	167	137	149
749	166	136	149
748	167	136	149
746	167	136	149
744	167	135	149
741	167	136	149
739	167	137	148
735	167	139	148
727	167	143	147
725	168	145	147
721	168	148	147
716	168	151	147
713	168	153	147
707	169	155	147
701	171	157	149
694	174	159	150
689	178	159	152
683	180	160	154
680	180	159	155
676	180	158	156
678	177	159	157
671	179	158	158
667	179	158	158
662	168	158	158
662	173	158	159
659	175	157	160
656	176	158	160
650	162	159	159
644	166	160	158
638	166	162	157
646	169	161	157
641	171	161	157
638	173	161	157
640	161	161	156
634	166	160	155
640	171	159	154
634	174	158	152
636	161	157	150
637	166	157	150
635	170	157	149
630	153	158	148
625	157	160	144
619	195	160	143
612	195	160	143
600	194	160	141
619	209	160	140
602	194	160	139
602	199	161	139
589	195	161	138
593	194	161	137
590	198	162	136
588	198	163	136
586	197	164	135
584	198	164	135
581	197	164	135
566	185	162	135
563	188	161	135
557	177	160	135
556	184	162	135
553	173	162	134
549	175	162	135
545	171	162	136
545	166	162	135
541	166	162	135
535	165	162	133
531	165	161	131
528	165	159	128
519	168	155	127
515	175	151	126
510	184	147	124
502	193	143	123
497	202	142	120
490	212	142	118
483	221	140	114
475	228	139	111
472	234	140	106
465	241	143	103
455	257	144	99
444	264	146	96
428	278	143	93
421	283	138	94
418	290	134	94
414	300	129	95
412	296	126	95
373	301	126	96
385	297	126	96
398	299	126	96
409	298	126	96
420	325	127	95
419	321	130	96
419	315	130	97
427	308	130	99
375	272	120	110
378	261	114	117
379	251	111	121
380	241	109	123
386	211	108	124
390	206	108	124
403	188	110	122
409	174	112	119
412	171	114	117
410	159	115	114
415	158	118	113
425	147	119	112
424	226	124	113
420	216	129	115
416	204	135	118
411	194	141	122
409	183	147	125
410	173	152	128
412	163	156	132
417	151	162	138
425	142	170	143
423	137	179	146
425	131	190	148
424	128	200	149
424	126	209	148
423	124	216	146
424	120	221	143
426	117	226	140
428	115	229	136
430	113	231	133
433	112	232	131
437	111	234	128
439	113	236	126
441	113	237	125
441	115	237	124
443	116	237	124
445	118	237	125
447	121	237	127
449	125	236	128
451	131	236	129
453	133	234	130
456	134	231	131
463	134	227	131
471	133	222	130
477	132	217	129
478	132	215	127
478	132	215	127
475	133	214	126
475	135	213	126
477	137	211	126
475	135	214	120
474	139	217	115
472	141	219	112
462	152	220	111
471	146	224	110
462	147	229	107
472	146	230	107
463	157	230	108
472	154	233	108
467	151	233	109
474	151	233	111
472	149	234	111
473	149	235	110
474	149	237	111
475	149	237	111
475	149	239	111
475	149	240	112
477	148	241	113
480	147	241	114
484	148	240	114
478	162	243	115
484	160	242	115
483	160	242	115
484	175	241	116
488	173	239	116
493	174	238	115
496	178	237	115
498	177	236	117
504	177	235	118
512	178	233	119
518	179	232	121
521	180	232	123
525	181	231	124
527	180	229	125
528	180	228	126
532	180	227	127
536	181	226	128
537	164	226	129
541	170	226	129
543	172	226	131
544	175	226	131
547	175	225	132
544	161	226	130
544	167	225	132
546	170	225	132
549	172	225	133
554	173	225	134
554	173	225	134
559	174	225	134
559	174	225	135
561	174	226	135
563	174	225	136
565	174	225	136
572	176	225	136
568	179	219	142
573	166	221	140
570	176	216	143
564	181	210	146
578	166	215	143
569	176	209	146
576	181	206	149
584	166	212	143
576	169	215	139
585	175	217	136
576	184	210	142
584	170	214	139
589	174	217	137
579	182	210	143
586	167	215	139
586	171	217	136
588	173	219	135
581	180	211	142
584	165	214	138
586	168	216	136
587	170	218	135
585	171	218	134
574	178	209	140
582	182	202	146
585	171	198	149
588	175	194	152
588	165	194	152
588	172	191	153
584	157	199	146
583	167	198	146
581	172	196	148
579	156	201	142
591	161	207	137
585	166	213	132
579	167	215	130
577	169	216	129
572	178	213	133
584	159	216	129
572	161	218	127
586	163	219	127
577	165	220	125
575	167	220	125
569	179	217	128
584	188	211	134
584	165	213	133
585	164	214	132
586	162	215	131
587	160	217	130
591	159	218	128
564	158	217	127
587	157	218	125
588	155	218	124
592	154	219	123
594	155	220	121
594	156	221	120
595	154	221	120
595	151	222	119
593	148	222	119
584	147	220	117
579	148	216	116
572	146	210	116
583	146	206	114
573	146	200	113
580	145	194	111
588	145	189	109
578	144	182	108
587	143	175	107
589	149	169	106
590	144	164	105
594	144	160	104
596	145	158	103
591	152	153	103
590	150	149	102
589	155	141	103
590	160	136	104
595	156	131	105
595	161	128	105
602	165	126	105
596	162	125	104
603	168	123	104
597	166	122	104
604	172	120	104
607	177	119	104
600	173	119	104
606	177	118	104
602	173	117	104
601	170	115	103
601	167	114	103
603	166	114	103
603	164	113	103
604	162	112	103
607	170	111	103
604	166	110	103
607	171	109	104
607	166	108	104
608	163	108	104
605	162	107	104
607	163	106	105
608	163	105	105
608	163	105	106
608	163	104	106
608	163	103	105
605	163	103	105
607	165	103	105
607	166	103	105
606	167	103	105
608	170	103	105
609	171	102	105
609	173	102	106
610	174	102	106
610	176	101	107
610	177	101	107
610	177	101	107
609	179	101	107
611	179	101	107
610	181	102	107
613	181	102	107
612	181	102	106
612	181	103	105
615	180	102	105
615	181	103	104
617	170	102	104
618	172	102	103
619	172	101	102
683	122	109	97
679	124	115	91
678	125	120	87
677	126	123	84
675	127	127	82
673	127	130	80
672	127	132	79
671	127	134	78
669	127	135	77
668	127	136	76
667	126	138	76
666	126	139	76
665	126	140	75
665	126	141	75
664	126	142	76
664	126	142	76
664	126	143	76
662	126	145	76
669	135	147	77
667	133	149	78
668	132	151	79
667	132	152	79
665	132	154	79
663	133	156	79
661	133	159	79
660	133	160	79
658	134	161	79
655	133	163	78
649	132	163	78
652	133	163	78
647	133	164	78
643	132	164	78
644	131	164	77
640	131	165	77
639	129	164	77
639	129	163	77
642	130	164	77
633	127	164	77
634	125	165	77
632	124	164	77
633	124	165	76
628	123	166	76
628	123	167	76
627	122	169	75
625	123	170	74
623	122	171	74
620	122	172	74
612	122	171	74
625	122	174	74
622	122	176	74
609	118	177	74
594	116	177	74
622	129	179	75
628	129	180	76
622	127	182	76
617	125	183	76
615	122	183	77
625	137	184	77
622	136	184	77
618	134	185	78
629	135	185	78
621	134	186	78
616	133	186	79
613	132	187	79
610	131	187	79
596	111	187	79
599	108	188	80
593	120	189	81
572	203	180	91
582	204	174	100
577	199	166	109
574	196	158	116
576	196	152	123
577	194	149	128
578	193	147	131
577	193	146	133
577	193	145	134
577	194	144	134
575	195	144	133
573	197	144	132
579	192	144	131
572	198	144	130
576	194	144	129
579	193	146	128
571	195	145	128
573	194	145	127
575	194	145	128
576	195	146	129
577	196	147	130
567	204	146	130
569	203	146	130
569	203	146	130
569	202	146	131
569	203	146	133
559	204	145	134
561	207	146	134
560	207	146	135
552	206	145	136
555	207	146	137
555	207	146	138
547	205	145	139
550	207	146	140
543	205	145	141
546	206	145	141
541	211	145	142
539	207	144	142
539	211	144	142
538	207	145	143
534	213	145	142
534	210	145	142
532	212	146	142
530	214	146	141
528	214	147	140
527	215	148	139
525	215	148	138
522	217	149	136
522	218	149	135
519	217	150	134
518	219	150	132
517	220	151	131
515	221	151	130
514	223	151	130
512	225	152	129
512	227	152	128
511	228	153	127
511	230	153	126
510	230	153	126
510	231	154	125
509	233	154	125
509	234	154	125
506	234	154	125
507	234	154	125
503	235	154	125
508	231	154	125
503	233	155	126
502	234	155	126
504	230	155	126
502	228	155	127
500	232	156	128
499	228	156	128
496	231	157	128
493	227	157	129
492	225	157	129
490	232	157	129
497	237	157	130
489	231	157	130
497	240	157	130
514	224	157	131
643	175	153	134
640	178	150	136
644	170	149	136
646	174	146	138
645	176	144	140
645	177	143	141
618	109	151	132
624	114	154	128
637	171	153	129
641	172	151	130
646	174	151	130
634	198	148	134
638	193	146	135
645	190	145	136
628	201	144	137
626	200	141	140
624	199	139	142
623	197	138	143
622	197	138	143
619	198	137	144
604	92	147	135
607	94	156	126
595	96	164	119
599	96	171	114
585	95	178	108
599	109	181	105
597	106	184	103
589	104	189	99
621	121	188	99
621	120	188	99
623	119	188	99
622	117	188	99
609	115	190	99
610	111	191	98
605	109	192	97
601	107	193	97
567	104	197	94
575	104	201	91
562	104	204	89
575	102	205	88
567	100	206	88
563	101	206	87
561	101	207	87
554	115	207	87
569	111	208	86
565	109	209	86
559	109	210	86
545	122	210	86
536	118	210	86
540	115	210	85
527	117	211	85
523	117	212	85
530	115	213	84
521	112	214	84
520	110	214	84
515	109	214	83
517	106	215	83
600	173	211	87
593	181	209	89
595	174	208	91
602	171	207	94
602	169	206	95
599	178	206	97
636	177	201	101
636	175	198	104
635	156	197	104
633	173	193	107
657	176	187	110
646	171	182	114
651	174	176	118
655	175	172	120
661	170	168	122
671	170	162	125
683	166	157	127
676	171	151	129
688	168	148	130
679	173	143	131
672	175	140	131
680	177	137	131
685	180	135	131
689	177	134	131
679	180	133	130
683	181	133	130
686	169	132	130
678	173	131	131
673	172	129	132
670	172	128	133
666	170	127	135
660	169	127	136
664	167	127	137
651	166	128	137
654	165	128	138
656	162	128	138
643	161	129	138
644	160	130	138
645	159	130	139
647	157	131	139
633	156	132	139
636	154	132	139
639	153	133	139
641	152	133	140
642	142	134	139
645	143	134	139
638	144	134	140
633	146	134	140
646	143	133	141
643	142	131	141
641	140	130	141
640	141	129	140
638	143	128	140
634	144	127	140
626	144	128	140
637	145	127	139
628	147	128	138
637	147	126	138
626	150	126	137
634	151	125	137
622	152	125	137
625	152	125	136
628	153	125	136
631	130	126	134
640	127	126	133
620	137	128	130
619	131	129	127
620	128	130	126
622	125	131	124
619	134	131	122
621	130	132	121
623	125	132	120
551	61	141	113
529	63	156	104
523	65	168	96
519	67	179	90
518	68	188	85
522	69	193	83
522	71	197	82
519	70	201	80
515	70	205	79
512	68	209	79
533	67	212	78
530	67	216	77
531	68	219	76
531	67	222	76
532	68	224	76
533	69	227	77
534	70	229	77
534	71	232	78
524	72	233	78
530	74	235	78
537	76	235	80
528	77	236	80
541	91	235	81
531	85	235	82
532	83	235	82
532	82	235	83
534	82	235	83
506	80	237	82
527	80	239	82
502	78	241	82
495	76	245	81
484	73	251	80
474	72	255	80
476	71	257	81
469	68	259	81
479	66	261	82
472	63	263	83
474	62	263	83
487	60	264	83
480	60	264	83
474	59	264	83
484	59	265	84
477	59	264	85
484	60	265	85
480	59	264	85
478	58	265	86
485	58	266	85
478	57	267	86
491	57	266	87
484	55	266	87
481	55	270	86
490	57	268	88
480	57	273	86
493	59	272	88
484	60	274	89
476	61	279	89
489	64	279	91
481	64	284	91
482	64	288	92
481	66	291	94
485	66	293	95
487	66	296	95
489	67	298	96
484	68	303	95
480	69	307	95
478	68	311	95
491	70	312	97
489	69	312	98
489	68	314	98
492	66	315	99
488	65	318	99
506	66	317	100
509	62	316	103
508	61	317	103
511	58	317	105
513	57	317	105
528	77	310	113
536	70	303	119
543	61	297	125
549	57	294	128
545	55	294	131
547	53	295	133
547	53	296	135
543	55	299	136
550	53	297	138
555	54	298	139
559	53	297	140
564	52	293	141
565	53	291	143
566	52	291	144
574	55	291	145
566	55	296	146
573	57	297	148
558	55	303	149
568	54	308	151
569	52	313	152
571	53	319	153
551	53	328	153
557	51	331	154
551	51	336	154
547	56	341	156
552	54	344	157
550	52	347	159
552	51	349	160
552	52	352	161
554	51	352	163
554	46	352	163
556	46	354	163
558	47	355	162
557	48	355	162
546	44	362	162
551	49	361	163
553	49	361	165
550	43	364	166
543	42	367	166
542	39	368	168
545	37	369	169
542	32	369	171
541	29	365	172
538	24	362	171
530	22	357	171
538	18	353	172
537	14	346	173
536	11	341	173
545	8	335	173
541	7	330	173
540	7	325	172
537	10	323	173
555	10	315	175
560	11	309	178
562	11	304	180
566	12	301	183
575	18	295	191
583	19	288	197
591	15	284	197
600	14	281	197
605	14	280	197
615	13	284	199
618	14	290	201
625	16	297	203
625	17	302	207
631	19	306	212
642	21	311	216
650	19	314	220
658	19	320	223
670	20	325	227
681	20	328	231
692	19	332	235
697	16	337	237
693	17	346	236
693	19	357	236
696	22	368	236
696	24	378	237
697	27	387	238
702	28	396	240
705	28	404	241
709	27	411	243
712	28	419	244
718	28	425	244
725	29	430	245
733	28	433	245
741	29	435	246
752	30	437	246
763	29	437	246
770	31	440	245
778	33	442	245
785	33	447	245
793	33	448	245
799	31	450	244
805	31	452	243
814	30	452	243
821	26	451	243
825	24	452	241
830	19	452	240
832	17	453	239
831	14	456	237
828	13	458	236
827	7	460	235
829	4	461	234
829	0	462	232
830	0	461	231
836	-1	458	229
843	-1	454	228
846	-3	451	227
848	-2	449	225
849	-4	447	224
857	-3	441	223
859	-4	438	222
862	-7	434	220
866	-6	429	219
868	-6	426	218
871	-4	421	217
872	-3	418	216
876	-4	414	216
889	-3	408	214
894	-4	403	212
900	-3	398	209
904	-4	395	207
905	-3	392	203
904	-4	389	200
912	-2	385	197
913	0	381	195
917	2	378	192
919	5	377	190
921	5	375	189
922	7	372	187
925	8	369	186
926	12	367	184
927	14	365	183
928	18	363	181
931	19	359	181
933	24	357	180
936	28	354	180
937	31	352	180
936	35	350	180
933	39	351	181
938	42	350	183
939	46	350	185
938	51	350	186
938	54	351	187
941	57	351	189
937	60	352	187
941	63	352	187
938	63	352	187
940	65	352	189
939	67	351	190
935	66	353	191
932	66	355	193
932	65	357	195
931	60	357	198
926	56	359	201
931	51	357	207
931	45	356	210
936	39	354	213
939	29	353	215
943	23	350	216
945	20	349	216
945	17	347	217
944	13	344	216
948	11	341	214
950	9	338	211
953	9	337	209
954	7	334	208
956	5	333	206
955	5	334	204
955	3	334	201
956	0	333	197
957	4	333	194
954	25	333	194
953	22	334	192
954	25	336	189
952	28	337	186
951	31	338	184
952	29	338	182
952	30	339	180
952	29	339	180
953	24	338	179
953	21	337	177
951	17	337	175
953	17	337	173
953	17	337	170
955	19	336	168
956	19	335	166
958	21	333	164
959	23	332	162
960	27	332	160
963	29	330	158
967	32	327	156
970	32	324	155
971	33	323	154
973	35	321	152
974	35	319	151
976	35	317	149
978	34	315	148
979	33	314	147
980	33	313	146
981	32	312	146
981	32	311	145
981	33	309	145
981	32	308	145
982	33	306	145
982	35	305	146
981	35	304	147
980	37	303	148
980	40	304	149
980	41	304	149
979	46	304	151
980	51	305	152
978	54	306	153
976	56	308	155
973	59	309	157
968	63	312	159
964	64	314	161
960	68	318	163
956	72	320	164
953	73	322	166
950	74	325	168
936	78	333	165
927	82	341	162
921	84	349	160
915	86	356	159
914	85	360	159
910	85	364	159
901	83	367	158
892	81	369	158
885	79	369	159
877	76	367	159
870	74	366	159
863	74	361	159
856	74	357	158
850	74	352	158
840	76	349	158
833	77	346	156
822	80	343	155
810	80	344	153
794	82	347	150
784	86	349	148
772	91	351	147
769	97	351	147
766	105	352	145
758	110	353	145
763	117	352	145
766	122	346	146
768	127	340	148
767	129	336	150
757	131	336	150
742	132	340	151
729	131	345	152
725	135	344	162
725	116	343	160
719	123	344	163
713	129	346	168
706	134	348	176
695	112	355	173
692	125	355	175
682	102	357	172
686	117	355	173
677	96	357	173
682	112	357	177
677	96	357	179
682	106	352	186
688	114	340	207
702	108	332	226
703	85	326	242
711	65	318	256
716	63	311	270
730	55	309	280
738	44	315	287
728	36	319	292
732	30	324	295
728	28	329	296
726	24	330	296
723	24	331	297
723	26	333	294
721	29	335	290
724	34	337	285
716	40	341	281
721	48	344	277
711	55	345	273
719	64	345	268
715	72	345	262
713	81	346	257
714	90	344	254
711	103	343	253
721	113	341	248
717	124	337	243
723	128	331	240
724	129	324	236
731	129	316	232
732	129	307	229
744	125	303	226
737	122	298	221
736	120	289	218
753	114	289	214
743	111	286	211
755	105	290	203
752	104	292	196
759	103	294	190
757	100	295	185
760	103	297	180
760	105	299	176
761	108	301	172
760	115	305	170
760	119	309	168
760	121	314	168
757	126	319	167
755	130	325	167
751	135	328	169
747	139	329	171
746	142	332	174
740	140	336	175
736	141	339	176
731	142	341	178
726	141	342	181
722	141	344	183
719	139	347	186
716	137	350	190
711	133	353	193
707	130	356	196
704	127	358	198
703	125	361	200
701	122	364	202
698	120	366	204
694	120	369	206
692	120	370	207
691	121	371	207
686	122	373	209
684	124	373	210
683	126	375	212
678	128	377	214
677	129	378	215
675	130	380	216
675	133	381	217
673	135	382	218
673	137	383	219
672	138	385	220
671	141	386	221
670	144	388	223
669	145	389	223
670	147	390	223
672	150	390	223
672	151	390	223
673	152	390	222
675	153	390	222
676	153	390	222
688	154	377	233
695	149	366	243
703	142	357	250
713	138	348	254
719	134	340	257
727	131	332	259
735	128	325	259
742	125	319	258
748	124	313	255
751	124	307	252
755	124	302	249
759	124	298	245
759	124	293	240
758	126	289	237
760	127	284	233
763	127	280	229
764	128	277	227
768	133	271	226
773	134	266	226
780	132	262	224
782	130	261	218
775	129	264	213
777	134	268	211
785	137	269	208
789	136	266	205
790	132	264	200
794	128	262	196
800	128	255	194
795	124	250	191
803	125	246	189
801	123	242	186
805	123	238	185
809	123	233	183
808	121	230	181
818	123	227	181
818	120	224	180
819	117	222	178
820	113	219	177
820	110	217	175
822	108	215	173
822	107	213	170
823	106	210	168
822	105	208	165
821	105	207	163
820	106	206	160
819	106	205	157
816	107	205	154
813	109	204	150
808	112	203	147
803	114	202	145
798	115	201	144
792	116	200	142
788	116	199	141
784	117	201	140
778	120	204	140
773	121	209	139
766	122	215	138
760	124	221	139
755	126	226	140
746	122	235	141
740	125	243	144
733	130	253	149
727	134	262	156
718	139	271	164
707	142	278	173
699	144	282	182
694	143	287	190
690	141	290	197
686	138	293	203
680	133	294	208
675	127	297	214
669	127	298	218
665	122	300	222
661	120	301	224
658	118	301	225
657	116	299	226
655	114	298	227
656	113	298	227
657	113	299	227
654	112	298	227
651	113	297	227
650	112	296	227
648	114	295	226
647	115	294	225
646	117	292	224
645	119	291	223
644	120	290	221
644	122	288	220
642	124	287	219
640	127	285	219
639	128	283	218
638	130	282	218
637	132	278	218
637	132	275	220
635	132	273	221
635	131	271	222
635	130	269	222
634	130	268	222
633	129	266	222
634	127	266	221
631	126	265	221
632	126	265	220
632	124	265	219
633	123	266	218
632	123	267	216
631	124	267	215
632	123	268	213
632	124	268	212
632	125	267	210
631	125	267	208
633	128	267	205
632	128	266	203
633	130	266	201
633	132	266	199
633	134	266	197
634	135	265	196
633	138	266	194
635	140	266	193
631	142	267	192
632	143	266	191
633	145	265	191
633	147	265	191
630	148	265	191
630	151	265	191
630	151	266	193
630	151	267	194
628	153	268	195
626	153	269	196
624	153	269	197
624	153	268	198
623	153	267	200
621	152	266	201
620	150	265	202
618	150	265	203
617	148	265	204
616	146	264	205
615	145	263	205
616	143	262	205
615	142	261	204
616	142	259	203
614	141	257	202
615	142	255	201
613	141	253	200
614	141	251	199
613	142	250	197
612	142	248	196
613	144	246	194
613	145	245	193
615	148	243	192
617	149	242	191
617	150	242	189
618	153	243	187
618	154	244	186
618	155	246	184
620	155	248	182
621	155	249	180
624	156	249	178
625	156	249	176
628	155	250	176
629	156	250	174
631	154	251	174
633	154	251	173
634	155	251	173
634	154	252	173
636	154	253	173
637	153	254	173
638	153	254	173
638	152	254	174
640	151	254	174
640	150	253	174
642	150	252	174
642	148	252	173
643	148	251	172
643	147	251	171
644	147	251	170
643	146	250	169
645	147	250	168
644	147	251	167
645	148	251	166
645	148	251	164
646	150	251	163
646	152	251	161
646	154	251	160
646	154	252	158
647	155	253	157
647	156	253	156
648	157	254	156
647	159	254	155
647	160	255	155
648	160	255	154
648	162	255	155
648	161	254	155
648	162	254	155
648	162	254	156
649	163	253	156
649	162	252	157
649	162	252	157
649	162	251	158
649	162	250	159
650	161	249	161
652	161	248	163
654	160	247	165
653	159	247	165
654	157	246	166
656	156	245	166
657	155	245	166
657	153	245	166
660	151	244	166
659	151	244	166
661	151	244	165
664	151	243	165
666	151	243	165
668	151	243	165
671	152	243	165
674	152	242	164
677	154	242	164
679	155	242	164
682	156	242	163
684	158	242	164
687	160	242	164
690	160	242	164
693	162	242	164
696	163	243	164
698	164	243	164
699	165	243	164
703	164	243	164
705	165	244	164
709	165	244	165
711	166	244	166
714	165	243	167
717	165	243	167
719	164	243	168
721	163	243	169
723	163	242	169
726	162	242	169
728	162	241	169
730	162	241	168
732	161	240	168
732	161	240	168
734	161	239	167
736	161	238	166
738	161	238	166
740	162	237	165
740	162	237	165
742	160	236	164
744	159	235	164
745	160	234	164
746	160	233	163
747	162	232	163
748	161	232	162
750	163	231	161
750	163	231	160
751	165	230	159
752	167	229	158
751	168	229	157
751	168	230	156
754	169	230	156
752	170	230	155
754	171	230	155
752	172	230	155
753	172	229	155
753	172	230	155
753	173	230	156
753	174	230	157
751	173	230	157
754	174	229	158
753	174	229	160
753	173	229	160
753	172	228	161
751	170	229	163
753	171	228	163
752	169	228	163
752	169	228	164
752	167	227	164
752	168	227	164
752	167	226	163
752	167	226	163
753	166	225	162
751	167	225	162
751	166	225	161
750	165	226	161
752	166	225	161
752	167	225	160
752	166	225	160
752	167	224	159
752	167	224	159
753	167	225	158
752	168	225	158
751	168	225	157
751	169	225	156
750	170	225	155
750	171	226	155
749	171	226	154
748	171	227	154
748	172	227	154
749	172	227	154
748	172	227	153
747	173	228	153
747	173	228	153
747	173	229	154
747	173	229	155
747	174	230	155
747	173	230	155
746	175	230	155
746	175	230	156
746	174	230	156
746	174	230	157
745	173	229	157
746	172	229	158
746	171	229	158
746	171	228	158
746	171	228	158
746	170	227	157
746	170	226	157
746	168	226	156
746	169	225	155
745	169	225	154
745	169	225	152
745	169	224	151
745	169	223	150
745	169	222	149
744	170	222	147
743	170	222	146
743	169	222	145
742	169	222	143
741	170	222	142
739	169	223	141
737	170	223	140
735	171	223	139
734	170	224	138
732	171	225	137
729	171	224	137
729	171	225	136
728	170	225	136
726	171	224	136
724	169	224	136
722	171	224	137
720	170	224	137
719	171	224	138
716	172	225	138
713	171	225	139
711	171	225	140
710	171	226	141
706	171	226	142
704	171	227	143
701	171	227	144
699	171	226	145
697	170	226	145
695	171	226	146
695	170	226	147
693	170	226	148
690	170	226	148
689	170	226	148
686	170	226	148
685	170	226	148
684	170	226	149
683	170	225	150
683	170	224	150
682	170	222	151
681	171	221	151
681	171	220	152
680	171	219	152
680	171	218	152
680	171	217	153
679	172	216	153
678	171	214	152
678	171	214	152
677	172	213	151
677	173	211	150
677	173	210	149
677	172	209	148
678	173	207	146
677	174	206	145
679	175	205	144
680	174	202	143
680	175	201	142
681	174	200	142
681	174	198	141
682	173	196	140
682	172	195	138
683	172	194	136
682	172	193	134
682	172	194	132
682	172	194	130
682	175	194	128
681	175	193	127
682	175	192	127
682	174	191	126
684	175	189	125
687	175	188	124
689	174	186	122
690	174	184	120
691	174	183	118
694	175	180	116
696	177	178	114
700	178	175	112
702	178	172	110
703	178	170	109
705	178	167	108
706	179	164	106
706	180	162	105
705	178	160	104
707	178	158	103
705	178	157	100
704	178	156	96
701	181	156	93
701	181	156	91
701	183	155	89
700	182	154	88
705	182	150	89
708	180	146	90
708	180	142	91
708	179	140	91
707	177	137	92
708	177	135	92
710	176	133	93
709	177	131	94
707	179	130	95
704	202	130	97
704	191	129	98
701	201	128	99
700	191	128	101
697	200	127	102
697	187	127	103
693	186	127	104
695	186	127	105
695	185	127	106
694	184	127	106
694	184	127	106
694	184	127	107
692	183	127	107
691	181	128	107
691	180	128	107
694	167	127	108
697	169	127	108
620	157	135	101
620	159	141	96
618	161	145	92
617	164	150	88
608	166	150	85
613	169	152	83
637	183	154	84
635	182	156	85
635	181	159	86
632	180	162	87
631	180	165	87
630	180	168	87
628	180	173	87
625	182	177	87
622	181	181	86
619	181	185	87
616	181	189	87
613	180	193	86
611	179	196	85
611	178	200	84
610	177	204	84
607	176	208	84
606	174	212	84
607	172	215	85
607	171	217	86
607	173	218	87
605	174	219	89
609	174	219	90
609	175	219	91
609	174	219	91
611	175	218	92
612	175	217	92
613	175	217	93
613	174	216	94
615	175	215	94
617	173	213	95
618	173	213	95
619	173	213	94
622	172	211	93
624	171	211	92
624	171	211	92
624	172	210	92
624	172	210	92
625	172	210	92
626	171	209	92
627	169	208	92
628	169	207	92
629	167	206	92
631	167	205	92
630	168	203	92
631	167	202	92
632	167	201	91
632	167	200	91
634	168	197	91
637	170	195	92
639	172	193	91
637	175	191	90
636	177	190	90
637	178	189	89
635	179	190	89
632	182	190	88
633	183	191	88
633	182	191	88
633	182	192	88
633	182	193	88
630	180	194	88
627	178	196	88
626	177	198	88
625	174	200	88
624	173	201	88
621	173	201	88
619	170	203	89
618	171	203	89
616	171	204	90
612	172	206	90
608	170	207	90
608	169	208	91
608	168	209	91
606	167	209	92
605	167	210	92
605	167	211	92
605	167	213	92
603	166	214	93
603	165	215	93
600	166	215	93
599	166	216	93
599	166	215	93
600	167	214	93
601	168	214	93
602	168	214	94
602	169	214	94
605	169	214	95
606	169	213	96
608	168	213	97
610	169	212	98
610	169	211	99
612	170	209	100
613	170	208	101
614	170	206	102
616	170	205	103
618	170	204	104
619	171	204	106
619	170	204	106
620	170	204	107
620	169	204	108
620	168	204	108
619	167	205	108
621	165	206	108
622	163	207	107
621	161	208	107
622	160	209	107
621	172	211	109
621	167	212	110
621	164	214	110
622	175	215	114
625	169	214	116
622	164	213	116
627	162	211	116
631	177	209	120
631	173	207	123
631	168	207	122
634	170	204	122
634	170	204	123
633	171	203	124
633	170	203	124
633	170	203	124
632	172	203	124
631	172	204	125
630	172	206	126
630	174	206	126
628	175	207	126
627	176	207	126
628	177	207	126
627	178	207	126
628	178	206	127
629	178	205	126
628	179	205	127
625	179	205	127
619	178	208	129
619	178	209	130
618	179	210	131
614	179	213	132
615	177	214	133
611	175	215	133
610	175	217	133
608	173	218	134
609	171	219	134
604	171	222	132
602	170	224	130
601	170	227	128
601	170	229	126
598	170	230	125
602	169	229	124
599	169	230	122
598	170	231	121
598	170	232	120
597	169	233	119
594	168	234	117
594	169	234	117
583	167	232	117
589	169	230	116
592	169	229	116
592	169	230	116
591	169	231	116
589	170	232	115
590	170	231	114
590	170	230	114
587	170	230	113
586	171	230	112
585	170	230	112
585	171	231	111
585	171	231	111
585	171	231	111
585	172	231	110
587	172	231	110
588	171	231	110
586	171	230	110
588	171	228	110
588	169	227	110
590	168	226	110
590	168	224	110
589	168	223	110
591	168	221	110
591	168	219	111
592	167	218	111
592	165	217	111
592	164	216	111
591	163	214	111
593	163	213	111
593	162	211	111
595	161	210	111
595	160	210	111
594	159	210	110
594	158	211	109
592	158	210	109
593	157	209	108
592	156	208	107
591	156	207	107
591	156	204	106
592	156	202	105
592	155	200	104
593	156	198	103
593	156	196	102
592	156	194	100
590	156	193	98
587	155	192	97
578	155	193	94
580	155	193	92
581	156	193	90
580	156	193	87
573	157	194	86
577	158	194	84
578	157	193	83
580	156	192	83
580	155	192	83
580	154	191	83
580	153	191	83
578	153	191	83
575	153	192	83
575	152	193	84
574	152	193	84
570	152	194	85
570	152	195	85
567	152	196	84
564	151	198	84
559	152	200	84
546	153	203	84
546	151	205	84
546	150	205	84
548	150	205	85
555	150	205	84
542	151	205	84
546	149	205	85
551	151	203	86
556	150	202	87
540	151	201	88
539	152	201	88
539	153	201	89
537	154	199	89
554	153	199	90
550	153	198	89
549	155	198	90
572	155	198	90
578	156	198	90
564	157	198	90
571	155	198	90
581	156	197	90
580	158	198	90
592	170	197	91
590	165	196	92
581	160	197	92
570	158	199	91
574	157	202	90
573	158	205	89
574	159	207	88
574	157	209	88
574	157	210	87
575	158	211	87
575	157	212	86
578	157	213	86
581	157	212	85
589	157	210	85
578	155	211	86
583	155	211	86
587	155	211	86
588	154	211	87
588	153	212	87
589	153	213	88
591	153	213	88
593	152	213	88
592	152	214	88
595	152	214	88
596	151	216	88
597	151	217	87
598	151	218	86
602	152	218	85
596	152	219	84
601	152	219	83
607	152	217	83
602	152	217	83
608	153	215	83
613	152	213	83
614	152	211	83
611	151	210	83
609	151	210	82
608	150	211	81
608	150	212	81
611	150	211	81
613	151	210	82
609	151	211	83
610	151	210	85
607	150	213	86
609	149	214	87
611	148	215	89
610	146	218	90
610	146	219	91
609	145	222	92
609	145	224	94
608	144	226	96
608	145	228	97
606	145	230	99
603	143	232	100
603	143	234	102
602	143	235	104
603	142	236	105
602	143	237	107
601	143	239	108
599	142	240	109
596	141	242	110
593	139	244	110
592	140	246	111
590	139	247	111
589	139	249	112
588	138	250	111
587	138	252	111
586	138	254	112
586	139	255	112
585	139	257	112
583	140	259	113
585	139	260	113
585	139	263	114
582	139	265	115
583	138	267	115
583	138	268	116
579	137	270	117
576	137	272	117
577	135	274	118
576	136	275	119
578	136	275	119
580	134	274	119
579	135	274	120
582	132	273	121
579	135	274	121
578	133	276	122
580	132	275	122
582	132	276	122
583	131	276	123
583	131	277	123
580	131	278	123
578	128	278	124
574	128	279	123
574	128	280	121
577	128	279	121
580	129	278	120
583	130	277	120
587	132	275	119
591	134	273	119
594	136	269	118
597	137	265	118
600	139	262	118
599	141	261	117
603	142	258	118
602	144	257	119
601	143	256	120
602	141	255	121
604	141	255	119
605	140	255	119
608	138	254	118
612	136	254	118
610	132	251	119
605	128	253	119
604	126	253	118
603	123	254	118
594	121	257	117
586	121	259	117
586	118	262	117
606	213	252	126
622	201	242	133
617	203	236	139
626	194	229	143
619	199	227	146
625	190	223	148
619	196	224	150
619	189	225	146
629	196	222	148
604	192	230	145
571	104	242	138
569	108	251	133
562	110	261	130
563	114	266	128
553	116	273	127
550	117	277	126
544	119	282	126
536	121	287	126
532	121	292	125
533	122	294	125
533	123	295	124
534	124	296	123
536	126	296	122
538	127	295	121
537	128	296	121
533	127	296	120
534	126	296	119
530	127	297	118
524	126	299	117
523	126	300	117
522	126	301	116
522	124	302	116
523	123	299	117
523	122	297	117
522	123	295	118
520	121	293	119
513	121	292	120
528	104	291	117
520	112	290	116
522	114	288	116
525	115	284	117
520	116	281	118
519	117	279	118
519	117	278	118
523	116	281	118
534	115	278	118
536	114	275	118
539	115	274	118
538	116	273	117
541	117	273	117
541	121	273	116
547	122	270	117
563	122	267	117
557	123	265	117
552	125	265	118
551	127	264	119
555	127	265	119
549	128	267	119
551	129	269	120
550	131	270	120
549	132	272	121
550	134	273	122
550	134	273	123
550	134	273	123
549	134	271	124
550	134	267	126
557	131	261	127
549	130	257	127
553	128	251	128
551	126	249	127
557	124	245	127
551	105	251	119
554	106	251	115
553	108	254	109
559	109	251	107
563	108	249	105
564	108	246	103
563	106	247	100
544	106	252	96
543	105	255	93
527	105	259	90
526	105	265	87
523	106	270	84
519	108	274	83
514	110	276	81
512	111	277	80
510	112	278	79
508	115	278	79
508	116	278	78
508	118	275	80
524	119	277	80
520	119	279	81
516	119	280	81
513	122	282	81
517	123	285	81
592	138	279	88
625	133	274	92
635	131	269	95
638	130	266	98
618	128	266	98
625	128	264	98
632	129	260	98
669	126	248	101
676	122	241	103
681	121	235	104
682	118	231	104
684	116	229	105
692	115	225	106
691	113	222	106
688	112	220	107
688	111	220	107
685	109	220	107
689	107	219	108
681	105	222	108
677	103	224	108
670	100	227	109
665	100	230	110
659	99	235	111
660	99	237	112
663	101	237	113
673	101	232	115
652	83	237	115
654	88	242	116
654	98	244	116
657	101	244	118
661	101	242	121
652	98	243	122
645	100	246	123
633	100	253	122
625	102	261	120
614	103	267	119
584	102	267	119
565	99	268	118
562	98	270	117
557	97	271	115
554	96	273	114
546	97	275	113
542	97	278	112
540	96	282	111
670	206	265	119
681	205	247	125
683	206	233	132
702	196	221	137
699	197	212	142
706	193	206	143
700	201	202	146
700	196	198	147
700	194	196	148
700	192	194	149
704	190	190	150
707	190	187	151
703	190	186	152
695	198	183	154
690	197	180	155
694	197	179	155
688	204	178	156
690	203	177	156
695	203	176	155
700	205	175	154
704	212	176	153
678	87	182	147
672	88	190	142
650	74	199	135
644	78	206	130
637	80	213	126
605	83	224	122
583	87	233	118
583	90	240	116
588	91	244	115
599	90	251	114
593	91	257	114
570	91	261	113
588	91	266	113
604	92	269	115
604	92	272	117
605	93	274	120
603	92	276	124
603	94	276	129
602	94	276	133
608	91	275	136
615	88	274	141
622	87	273	144
603	83	276	147
606	84	280	150
602	84	286	153
599	82	290	157
596	80	293	162
596	80	297	165
596	79	300	167
589	79	304	169
590	78	307	171
586	77	309	173
584	76	312	173
579	75	315	174
574	74	318	174
570	74	321	175
562	74	325	176
560	73	328	176
556	74	330	176
576	78	328	176
567	77	327	175
556	79	329	174
545	78	332	174
547	78	331	173
543	79	333	172
535	79	335	171
525	77	340	169
515	75	346	166
508	74	353	164
503	73	357	162
495	71	363	160
492	68	366	159
487	68	370	157
483	66	374	157
479	66	375	157
484	65	373	157
475	63	375	157
476	62	375	157
478	62	376	159
474	63	376	160
470	62	379	161
467	62	381	161
462	62	383	162
459	63	384	163
454	65	386	164
453	65	386	165
451	66	387	166
451	69	389	167
450	72	390	169
453	73	390	170
453	74	392	172
448	76	395	173
446	77	396	172
446	80	396	174
444	83	398	176
445	84	399	176
443	86	399	177
445	88	398	179
445	89	399	181
445	89	398	181
442	89	398	182
443	87	397	182
443	86	397	183
445	84	397	183
443	82	398	184
445	81	397	185
446	80	397	186
440	79	400	186
438	76	401	187
433	74	405	187
433	71	408	188
431	67	411	189
430	65	413	189
428	64	417	190
421	62	423	190
422	61	427	189
414	61	433	189
412	59	437	190
400	59	444	190
392	55	449	190
394	54	450	189
388	53	454	188
386	52	455	188
379	55	457	188
376	55	460	189
370	57	464	190
364	58	467	190
369	59	469	191
374	62	471	192
375	63	473	192
386	65	471	193
363	66	469	195
384	67	468	196
364	68	470	197
346	69	474	198
364	69	477	198
348	68	480	198
364	68	482	200
382	65	478	201
355	64	481	202
373	62	478	204
350	57	478	204
357	54	480	205
361	55	481	206
367	56	481	209
356	53	487	212
353	50	490	215
353	48	493	217
351	47	496	219
352	46	498	221
353	43	500	223
355	42	500	225
355	43	501	225
359	43	502	225
351	44	505	226
360	40	503	227
358	43	503	226
362	43	503	227
352	42	506	228
358	40	502	228
364	42	502	228
355	43	504	228
359	38	504	229
361	40	503	230
363	43	502	230
366	44	501	230
374	45	500	230
358	41	505	229
359	42	506	228
366	44	505	227
366	47	506	225
376	50	503	225
381	47	501	225
381	48	501	226
384	47	501	226
385	48	501	226
419	77	495	236
442	72	486	242
439	67	482	245
431	59	481	245
446	58	477	247
428	52	479	246
425	46	482	243
394	38	489	237
391	35	494	234
388	35	498	231
386	36	503	229
390	37	505	229
393	38	504	230
401	36	502	232
377	34	504	231
402	35	504	232
417	35	500	234
404	33	498	234
455	34	490	238
455	33	486	241
458	31	482	244
458	30	480	247
