546	250	92	77
529	251	96	75
514	250	107	74
511	240	108	81
517	236	104	82
514	229	117	85
511	225	124	85
522	222	116	83
536	222	108	78
545	221	103	80
549	228	100	85
546	237	94	85
532	243	110	93
522	248	117	89
502	252	134	90
490	255	147	89
486	236	170	106
466	239	182	107
475	148	223	151
482	230	151	124
487	238	161	118
488	214	169	142
513	240	117	97
524	253	108	80
529	261	117	76
522	257	140	75
545	256	112	73
577	262	79	70
581	262	79	69
576	259	99	72
548	255	128	82
562	247	123	89
587	244	110	90
591	232	114	107
588	236	130	107
591	243	137	106
629	259	107	97
648	269	88	96
637	276	97	97
597	268	133	111
583	277	135	102
586	268	133	107
591	265	126	110
604	256	117	118
599	260	126	121
574	252	165	136
607	94	227	231
666	0	239	274
544	0	304	239
663	5	334	292
437	7	354	277
503	0	343	271
510	0	323	278
521	24	234	281
516	83	177	261
540	10	151	317
520	0	255	257
459	0	340	251
579	28	289	255
403	0	333	268
467	0	230	226
453	0	235	228
457	0	211	249
442	0	251	255
451	0	271	255
421	0	240	253
462	0	277	261
424	0	245	276
519	0	306	269
344	0	277	283
533	12	281	318
411	13	218	238
459	0	157	271
429	0	172	283
419	0	248	264
389	0	284	251
439	0	240	260
535	0	287	266
331	0	321	272
560	19	281	327
287	0	404	316
436	0	363	329
585	0	397	302
262	0	461	407
614	0	390	427
269	0	484	398
475	0	555	414
632	36	532	419
274	0	610	453
412	0	555	375
747	0	481	417
284	0	602	487
392	0	586	375
756	0	483	460
306	0	566	462
573	0	587	455
251	0	512	387
703	0	331	476
266	0	543	443
670	0	448	475
199	0	614	422
504	0	591	401
187	0	514	357
504	0	447	523
454	6	599	504
407	0	660	472
465	36	458	334
483	0	546	452
501	42	577	447
317	0	702	489
696	0	583	532
236	0	690	525
382	32	502	353
390	0	571	421
353	0	659	464
572	0	634	518
206	0	613	428
470	0	648	479
574	26	668	501
218	0	657	463
624	0	575	487
142	0	691	524
398	47	400	345
393	0	557	485
608	36	563	461
282	5	438	372
516	0	463	379
237	12	443	322
402	0	498	429
366	0	602	417
547	0	536	382
205	0	537	413
625	0	406	426
240	0	493	433
624	21	410	428
302	25	399	339
509	136	388	340
536	20	446	417
464	46	360	259
579	123	306	259
492	166	209	213
546	241	220	182
572	243	240	172
492	246	220	180
513	257	221	156
548	239	223	184
537	241	209	161
583	249	198	167
517	239	217	176
481	0	247	239
429	0	460	408
409	0	537	360
532	0	499	378
315	0	584	402
452	0	613	395
577	0	545	375
258	0	625	439
411	5	457	328
446	5	374	283
559	0	347	277
331	0	393	307
566	0	371	396
285	0	490	346
604	4	414	392
230	0	557	414
463	0	458	349
450	0	548	376
443	0	592	369
542	0	561	365
229	0	626	417
367	0	473	319
389	0	603	472
444	10	473	348
425	0	550	400
386	0	569	406
173	0	602	363
417	0	561	417
360	0	568	383
362	0	602	354
403	0	626	464
460	0	450	356
407	0	548	390
329	0	621	379
371	0	665	485
582	0	615	395
186	0	669	446
369	0	520	370
329	0	738	572
390	0	720	478
472	37	482	352
410	0	633	501
534	0	610	424
173	0	630	428
628	1	474	474
219	0	643	459
482	14	560	432
580	0	488	337
234	0	720	548
460	58	385	319
441	0	599	509
457	0	511	374
385	0	604	424
408	0	608	448
519	0	612	446
216	0	545	370
392	0	627	505
417	0	565	382
370	0	618	383
474	0	577	398
448	0	632	384
446	0	630	351
440	0	638	412
469	0	689	484
509	43	475	294
423	0	507	384
433	0	598	454
471	0	605	415
458	0	582	381
433	0	645	428
431	0	535	328
434	0	568	430
265	0	657	419
324	0	705	474
485	0	595	370
383	0	636	378
430	0	666	475
474	14	418	308
485	0	482	378
435	0	584	404
395	0	665	459
444	0	497	342
422	0	560	395
429	0	632	453
478	0	516	343
460	0	565	389
392	0	642	400
545	0	522	343
357	0	557	324
495	0	538	398
369	0	610	324
464	0	585	415
490	0	598	378
377	0	627	323
466	0	587	447
536	0	515	328
379	0	568	403
311	0	643	380
314	0	671	414
475	0	536	328
452	0	569	408
275	0	622	384
418	0	465	304
487	0	510	415
307	0	643	374
313	0	671	434
647	0	591	418
180	0	688	473
455	18	312	319
507	0	404	354
440	0	483	323
438	0	525	396
341	0	584	369
328	0	617	394
474	0	502	304
448	0	525	420
353	0	606	367
358	0	640	446
557	0	613	443
338	0	673	423
435	0	515	320
511	0	524	407
409	0	573	364
348	0	595	388
412	0	652	455
451	0	604	395
368	0	516	297
445	0	521	413
401	0	563	410
392	0	639	403
272	0	636	391
438	0	494	323
460	0	553	446
474	0	453	311
518	0	510	428
441	0	561	358
375	0	597	341
400	0	588	415
376	0	664	444
607	0	559	368
263	0	633	466
598	0	559	428
307	0	543	359
484	0	570	448
490	4	362	290
391	0	575	439
401	0	603	368
669	0	528	353
334	0	524	389
376	0	577	398
343	0	606	353
336	0	598	392
501	0	555	421
511	0	612	384
245	0	626	361
687	4	434	465
304	0	480	364
427	0	551	420
462	0	458	308
440	0	499	382
414	0	587	445
451	0	580	414
349	0	569	345
395	0	589	425
354	0	653	412
489	0	528	319
398	0	551	382
432	0	604	416
614	0	523	343
221	0	580	407
522	0	564	410
419	0	596	335
499	0	542	375
351	0	599	356
353	0	584	338
353	0	597	422
263	0	648	346
499	0	482	350
427	0	557	382
445	0	626	453
477	0	514	321
446	0	551	418
400	0	576	426
311	0	659	398
444	9	421	301
486	0	464	376
406	0	550	360
464	9	447	308
487	0	465	360
648	0	464	349
327	0	551	451
477	21	345	305
500	0	440	393
381	0	548	314
524	0	498	404
525	18	380	275
507	19	388	341
652	27	394	332
327	0	496	423
466	0	519	418
413	0	578	407
504	37	379	303
577	0	403	364
457	0	535	440
405	0	614	420
498	35	410	298
674	23	374	328
379	7	407	375
617	4	428	418
343	2	446	336
484	0	505	431
491	24	432	286
527	28	454	417
513	19	358	284
554	56	407	374
419	0	468	378
646	0	450	368
243	0	541	437
594	0	495	426
336	13	449	329
494	0	501	432
415	0	558	365
497	51	271	282
527	35	390	379
424	0	511	384
701	74	457	381
328	83	506	457
479	77	307	320
549	256	278	221
561	304	242	194
574	296	150	189
600	299	118	207
601	314	124	192
610	323	119	190
612	319	139	204
609	334	149	209
613	355	150	212
608	337	167	253
597	334	209	269
592	327	257	273
620	328	266	266
654	345	264	257
686	374	288	261
718	396	297	301
678	385	332	328
632	384	374	314
589	378	425	331
546	385	347	298
516	403	445	273
373	238	527	450
304	264	730	425
274	270	851	429
75	135	843	584
173	0	979	720
0	71	1140	648
510	133	769	586
0	64	883	655
566	71	694	505
733	12	546	572
581	0	698	536
560	0	719	512
553	0	665	506
459	8	628	469
246	0	694	438
368	0	640	454
531	13	717	527
172	194	954	525
434	195	845	524
306	237	973	408
626	265	653	454
239	213	795	497
273	245	787	443
264	256	847	423
263	207	898	460
214	175	990	520
219	207	870	505
193	205	821	484
379	165	830	554
12	165	973	539
278	91	831	557
442	109	568	586
422	136	684	541
0	126	841	593
353	125	755	580
235	127	837	592
421	89	858	588
115	0	963	719
278	84	879	532
598	88	681	631
278	179	880	540
319	185	935	534
507	255	772	464
539	149	740	570
134	0	915	720
6	0	1111	720
138	75	898	536
276	114	832	552
530	113	442	512
41	131	689	577
506	129	625	590
641	0	638	604
504	0	744	663
204	0	934	704
562	30	677	581
87	0	884	720
661	23	618	696
0	0	822	720
327	25	933	694
0	0	915	720
740	91	539	628
0	7	726	683
0	0	837	720
101	12	901	627
0	18	509	539
313	32	560	608
4	29	494	548
161	15	597	624
0	14	616	629
777	9	268	495
243	46	461	375
814	0	151	449
329	199	300	334
751	125	103	433
823	242	229	284
390	176	373	509
495	190	557	466
0	175	605	491
157	141	555	505
170	156	531	490
127	179	652	493
88	201	673	518
183	257	608	462
264	257	532	456
341	246	482	469
345	230	496	446
456	175	522	472
500	163	654	460
489	104	701	529
503	80	738	556
468	79	802	560
438	120	725	542
470	93	744	580
428	149	848	514
74	102	964	542
166	134	792	518
175	139	761	485
188	133	705	483
249	129	730	471
251	94	673	497
314	121	664	505
401	107	687	536
386	158	610	443
403	154	610	549
479	124	687	528
215	71	802	566
235	193	914	483
333	188	823	468
281	152	874	509
297	152	792	522
321	158	738	503
0	81	727	580
64	114	864	516
318	117	732	522
133	52	790	597
220	124	788	519
445	122	751	584
463	169	699	483
0	120	651	553
479	143	555	576
0	134	658	509
409	144	604	558
299	95	727	560
419	122	674	516
22	116	754	523
224	113	802	507
348	139	757	557
385	169	712	483
417	109	765	527
407	146	671	530
405	175	575	529
373	193	662	496
358	199	560	500
380	136	635	546
365	153	553	537
347	92	668	576
371	102	550	599
404	136	546	546
390	36	627	648
367	58	582	640
433	81	557	597
423	53	587	617
439	45	572	620
466	10	606	645
464	0	603	648
510	0	628	664
577	0	623	649
513	0	766	595
488	0	731	594
506	0	618	517
511	0	612	521
512	0	633	479
647	0	632	474
646	0	633	563
718	0	561	442
815	10	461	409
635	0	555	451
728	7	551	502
218	50	618	535
622	8	585	547
299	6	509	428
454	96	499	383
479	0	571	440
481	0	640	381
541	0	632	349
524	0	563	319
505	0	509	373
661	0	449	315
358	165	397	348
410	158	272	247
426	210	230	172
426	230	176	163
425	260	151	131
509	241	157	152
431	221	200	159
491	179	233	207
477	52	298	304
613	0	369	490
424	0	588	504
929	0	350	462
331	0	514	455
125	4	587	347
440	22	512	447
107	0	561	405
410	8	491	323
202	17	541	426
269	59	507	282
531	6	439	449
262	49	550	307
557	0	396	291
203	24	377	319
644	0	158	304
676	48	246	243
488	0	320	271
343	0	365	303
520	19	312	247
472	0	369	334
146	0	467	367
318	14	502	367
450	0	437	325
175	0	442	303
442	25	387	358
294	33	495	310
366	0	486	319
155	0	622	389
245	0	648	449
250	25	492	323
589	0	380	409
350	0	504	377
799	0	318	346
602	0	454	387
542	38	481	432
757	50	404	315
296	0	461	360
791	0	218	374
324	0	380	294
753	0	157	359
598	0	337	271
366	0	422	359
830	0	208	386
444	0	388	295
646	0	393	336
552	0	502	398
766	0	513	448
670	0	600	428
545	0	641	390
824	0	455	454
688	0	581	438
700	0	579	460
697	0	582	402
506	0	612	413
547	0	676	506
471	0	801	517
356	0	857	549
441	0	838	531
509	0	770	480
519	0	760	530
863	0	416	386
818	0	461	405
663	0	553	404
635	0	644	495
829	0	450	355
792	0	487	405
558	0	556	415
953	0	326	431
801	0	478	360
827	0	452	411
708	0	545	383
621	0	602	404
521	0	675	508
38	0	733	519
249	0	652	377
114	11	704	582
146	40	651	375
205	32	690	522
179	56	564	329
189	100	573	471
256	0	691	483
177	73	444	294
294	15	504	462
336	0	611	433
284	0	483	341
237	0	567	460
398	0	566	354
95	0	608	479
298	0	640	420
7	52	642	365
351	0	549	523
253	21	489	335
263	28	555	481
276	10	559	357
203	0	617	513
230	0	617	371
293	14	630	499
225	57	490	329
390	94	518	398
220	0	604	386
98	0	686	392
351	4	575	419
86	122	512	288
486	0	310	429
82	98	471	419
304	0	539	497
409	0	554	368
224	0	636	529
214	103	439	302
432	48	432	418
214	0	594	427
180	86	565	315
240	93	561	473
269	65	571	349
227	0	624	501
222	80	488	320
393	16	542	470
332	18	513	322
205	0	568	512
219	28	534	337
174	106	576	465
196	60	628	378
120	43	604	362
213	2	634	549
196	20	639	369
165	63	608	348
125	7	660	444
212	22	529	339
94	51	563	397
275	1	568	413
177	0	657	459
217	55	508	315
339	22	522	449
225	80	391	246
75	101	392	291
385	68	286	344
112	116	393	336
241	150	379	265
214	49	439	410
221	97	454	271
181	85	471	361
210	97	452	279
165	86	454	338
258	0	522	449
264	70	397	284
76	101	386	267
330	40	318	394
90	93	425	295
296	3	425	443
48	93	504	283
323	0	424	449
89	34	569	398
216	45	509	310
59	90	488	353
344	102	449	389
70	104	469	283
227	0	509	463
258	77	405	266
73	97	398	282
249	123	407	297
129	98	476	354
183	0	557	482
256	76	412	277
161	134	445	339
230	18	511	456
213	67	554	302
29	94	453	304
385	94	310	373
228	57	492	368
316	22	488	310
411	3	564	396
346	70	394	265
326	45	456	422
467	2	560	389
251	42	609	347
320	76	455	317
353	133	362	262
424	94	422	382
271	53	534	445
409	44	464	337
433	51	526	428
434	22	563	377
521	0	571	365
304	61	584	333
369	18	558	362
523	51	522	381
427	12	599	448
441	52	507	331
666	0	513	456
377	0	548	339
441	66	484	304
547	66	515	405
355	0	578	433
407	25	613	372
549	40	585	405
592	0	552	368
361	11	635	441
462	0	600	367
460	95	490	281
645	0	499	462
623	0	608	392
351	0	668	429
494	0	587	352
484	43	604	320
531	0	590	517
514	46	454	317
641	30	494	445
402	0	649	489
518	58	477	316
745	32	471	430
409	0	611	380
492	62	484	346
850	14	368	443
452	0	558	487
770	9	509	496
583	0	531	354
541	0	599	372
499	79	542	320
774	0	380	330
884	0	374	279
636	0	430	323
324	0	554	388
672	28	478	454
143	0	656	508
445	55	414	286
453	17	485	435
370	41	431	251
559	0	417	372
277	14	514	323
325	31	516	276
423	0	512	414
389	6	516	288
192	0	594	325
304	28	487	298
252	71	521	397
280	72	516	297
153	50	546	388
274	61	444	288
256	45	537	425
267	37	448	311
61	104	458	336
191	101	486	327
286	0	541	451
213	68	580	335
0	78	507	413
359	0	436	492
55	0	580	365
421	0	468	492
64	0	494	375
377	5	444	477
0	0	633	404
433	8	482	501
68	0	622	456
127	0	701	468
94	0	777	523
30	0	765	441
39	0	773	551
133	8	383	374
377	1	395	430
51	0	527	408
361	0	502	631
0	0	631	540
114	0	640	397
0	51	439	335
152	102	455	375
243	0	577	493
35	49	417	292
192	34	459	364
212	0	581	486
112	32	367	291
188	74	431	358
0	10	473	348
160	34	503	376
7	0	613	391
56	0	671	500
79	20	438	317
155	0	486	367
49	0	595	512
157	51	345	295
0	52	449	387
70	0	522	358
211	2	524	440
0	0	490	401
98	0	555	360
41	0	630	516
115	47	357	312
109	62	440	300
47	40	503	374
76	0	526	367
125	0	608	525
80	24	390	317
104	0	468	332
79	0	494	329
56	25	468	315
213	11	496	376
0	17	459	428
48	3	491	346
66	35	468	317
162	26	478	352
0	7	442	412
185	0	534	423
66	17	427	309
216	23	474	360
0	0	554	407
76	0	663	517
145	26	336	313
109	25	440	402
91	0	570	416
0	0	635	466
38	0	603	358
392	0	497	547
128	39	387	306
24	0	471	429
269	0	522	459
0	0	477	367
182	12	497	404
48	0	625	452
109	22	402	326
72	32	496	439
208	0	608	426
0	0	517	337
38	0	523	362
196	0	533	372
0	0	513	498
135	0	573	372
0	9	353	403
214	71	409	389
0	3	443	380
198	41	508	428
0	0	474	430
241	42	530	465
141	39	363	317
68	68	460	403
49	20	516	376
12	0	609	499
149	0	619	384
0	0	507	380
251	39	515	418
0	0	507	434
416	0	391	496
87	16	436	333
35	56	522	442
645	0	219	501
130	32	424	406
644	0	189	445
214	134	367	329
214	11	490	454
0	14	488	473
643	0	169	544
192	187	312	261
224	190	358	279
0	109	414	317
257	0	378	356
181	0	527	450
125	0	552	323
250	0	579	392
28	0	559	343
311	0	514	432
105	41	485	282
177	12	449	280
0	2	442	287
200	32	390	316
0	28	399	265
214	0	369	372
185	29	430	261
22	0	450	342
169	0	445	313
195	13	448	263
54	0	452	331
142	0	444	270
304	2	397	302
235	0	475	405
201	0	549	372
202	0	578	455
382	51	414	281
285	7	467	423
447	60	353	255
564	127	219	176
614	161	164	133
657	155	175	144
667	167	172	131
709	186	141	123
710	187	160	120
713	187	167	121
722	178	152	119
754	172	144	114
795	163	125	122
814	153	128	131
809	152	135	131
801	154	170	132
808	179	192	123
624	143	203	170
860	145	85	184
845	185	204	99
896	159	205	124
908	156	154	112
906	159	153	112
925	164	169	114
933	165	167	121
934	169	173	121
942	170	191	111
993	176	143	116
999	178	151	107
1002	176	155	113
992	171	166	114
994	167	165	127
996	164	168	130
1010	164	155	133
1012	167	142	133
1005	173	145	127
1001	176	147	124
1001	183	134	118
1002	184	125	117
996	185	110	118
961	187	116	110
945	182	105	117
919	172	113	125
906	175	107	121
881	173	145	126
875	182	164	136
1095	167	39	219
1177	146	47	202
1135	150	109	212
1008	170	185	267
882	221	307	325
762	164	404	441
692	96	462	523
652	124	474	481
594	45	536	573
606	148	506	520
569	158	502	495
584	170	540	468
556	159	491	505
507	136	617	487
513	177	515	479
645	259	473	434
738	255	541	437
695	243	514	419
708	250	429	423
709	187	484	456
747	236	404	404
816	235	463	432
747	193	532	444
720	178	462	469
712	204	498	413
728	189	497	443
711	207	551	428
667	172	612	437
640	118	639	479
633	74	627	526
644	94	532	532
699	101	580	534
675	68	573	530
872	72	407	568
541	78	639	539
590	38	681	520
710	1	569	528
821	69	458	600
685	86	594	492
831	76	448	494
470	106	632	497
849	155	336	379
629	175	489	410
819	139	460	432
785	44	494	517
694	63	585	586
777	155	474	382
418	45	577	527
741	68	538	568
827	169	425	389
220	0	515	485
814	5	254	502
250	40	438	419
640	0	335	511
185	0	518	426
240	0	760	572
376	0	886	575
0	23	499	679
611	26	326	676
276	0	318	276
275	0	367	284
689	195	151	328
849	41	180	314
428	38	242	289
610	50	252	314
353	37	378	330
512	35	447	447
139	0	601	414
99	0	651	439
310	0	641	496
0	0	599	377
626	81	235	601
152	0	515	414
76	0	596	434
366	0	544	354
143	0	618	409
214	0	696	399
340	0	701	534
871	72	408	558
145	7	591	523
656	0	442	636
328	73	685	567
822	134	457	422
257	5	579	510
800	109	390	432
757	23	522	498
763	10	516	525
699	40	580	509
654	0	625	526
664	28	615	524
658	13	621	540
671	9	608	574
664	47	523	570
639	16	527	591
638	54	546	561
619	79	541	541
711	79	473	543
681	38	489	588
650	56	517	566
581	48	579	579
589	70	566	581
630	104	524	561
606	99	558	544
574	81	583	547
664	87	530	545
639	76	539	553
607	80	563	548
589	76	587	558
573	91	589	544
592	73	583	547
579	49	574	530
605	38	554	511
637	55	534	465
739	38	429	429
761	38	391	391
848	17	373	459
800	35	410	410
715	51	455	385
793	39	437	338
799	71	426	361
851	97	389	286
800	90	426	296
790	84	426	334
755	32	524	389
396	113	530	341
654	121	466	310
508	274	466	362
616	223	412	289
825	258	387	302
549	197	379	330
940	47	217	461
915	0	364	437
793	86	486	338
696	37	550	375
607	21	604	320
477	30	539	390
595	31	472	293
121	45	412	339
609	76	161	239
668	121	133	140
663	82	130	173
660	91	117	161
656	95	120	160
650	106	128	150
643	111	150	154
638	130	157	151
631	147	168	138
623	155	183	131
619	156	191	138
599	162	197	144
605	166	167	147
605	169	141	151
597	179	122	141
593	184	118	143
593	199	107	134
587	205	106	128
584	184	122	152
582	203	126	135
580	200	123	131
580	184	131	141
584	172	135	140
587	166	134	139
587	160	137	141
591	150	134	145
598	129	140	149
599	120	147	144
602	100	148	144
613	82	149	147
617	83	143	137
622	87	148	128
609	90	152	129
595	93	150	135
584	97	145	134
577	101	142	133
569	101	141	136
570	98	139	138
574	95	141	135
575	85	139	142
571	86	145	140
577	73	149	149
579	55	153	155
579	58	159	149
571	55	161	157
556	56	132	163
533	57	148	165
494	59	143	163
475	52	147	167
468	53	151	162
463	56	157	155
453	53	169	159
452	50	184	160
458	47	193	166
472	43	196	168
479	41	189	168
477	40	193	165
466	38	200	172
449	29	209	170
439	46	201	167
429	36	218	177
434	49	197	169
413	49	222	167
425	54	198	160
405	54	228	158
406	48	223	168
383	58	220	164
365	55	231	169
338	51	224	170
307	46	229	183
270	62	222	176
256	67	232	178
231	78	225	178
204	74	230	185
178	77	240	183
169	83	232	180
166	87	224	176
156	91	228	176
140	95	230	178
120	93	235	185
103	89	234	188
82	97	235	183
66	99	235	187
52	101	232	183
35	97	234	183
27	98	222	184
24	103	211	179
19	103	208	177
19	103	203	175
19	101	194	179
16	102	194	180
17	103	193	180
17	100	187	180
19	98	185	175
21	94	176	178
16	92	171	178
14	89	164	180
13	91	163	179
11	90	156	181
7	96	153	177
6	101	144	170
8	76	135	196
0	89	146	176
0	80	142	186
0	85	151	182
0	81	159	188
0	86	160	187
0	88	163	181
0	88	170	183
1	92	170	180
3	89	171	180
3	87	172	179
4	89	176	178
1	94	180	175
2	100	176	171
19	103	159	170
14	108	161	161
1	114	166	149
18	123	156	133
46	119	118	133
54	113	113	136
35	114	110	136
0	102	100	132
0	112	99	124
0	0	133	113
0	0	80	80
0	0	81	63
0	0	74	72
0	0	123	122
0	125	107	82
0	44	165	233
251	147	64	110
193	86	188	215
389	203	136	121
566	189	43	144
628	209	53	103
691	205	52	114
770	215	39	114
831	210	37	112
776	177	151	166
988	181	51	180
1070	76	58	148
1001	27	207	233
634	14	200	189
316	176	137	162
294	233	159	157
274	239	205	163
294	244	225	167
289	235	255	179
279	223	282	184
247	160	372	223
243	176	297	210
257	163	258	205
220	153	243	186
232	157	213	172
240	152	192	167
237	157	197	159
245	162	180	164
253	174	193	157
283	174	213	159
274	150	259	185
245	138	283	220
167	113	348	313
133	40	375	431
161	39	351	440
171	36	359	456
196	30	348	459
217	34	339	464
245	57	331	435
255	45	331	435
270	48	332	416
275	55	339	412
291	26	336	429
309	45	332	416
294	9	349	417
293	37	373	408
279	45	382	371
306	58	363	339
312	88	384	306
257	106	461	295
245	117	462	298
198	114	504	305
325	111	343	291
157	95	420	288
198	129	463	286
280	132	389	256
276	127	404	264
221	113	434	268
245	98	383	289
217	89	412	295
231	94	387	305
217	84	390	309
197	74	398	312
183	81	391	299
185	77	388	321
180	80	391	317
176	76	390	321
189	92	384	305
192	78	379	330
200	94	364	309
201	89	367	302
245	112	339	291
237	109	381	291
256	123	321	278
256	57	351	355
268	114	345	331
263	101	375	308
293	143	319	293
308	81	351	351
326	145	316	311
307	78	372	352
359	129	302	325
341	78	343	348
367	115	297	329
359	94	347	318
384	126	286	290
390	94	331	323
405	100	298	320
411	69	335	351
434	82	304	366
436	37	313	392
455	53	315	411
503	46	296	409
535	49	304	445
561	39	302	432
583	51	320	462
621	34	321	471
684	75	345	426
754	67	355	440
837	37	366	479
931	122	348	431
324	190	480	445
514	0	567	410
110	39	591	415
177	102	665	484
166	164	407	310
252	197	413	241
260	180	469	226
289	131	476	263
341	141	351	235
354	122	348	240
391	124	328	234
413	113	340	231
402	114	322	230
409	100	262	230
427	102	244	212
426	82	261	243
420	84	263	253
426	95	242	242
445	123	221	212
444	138	257	206
461	135	249	207
457	139	240	193
452	142	267	199
446	132	286	189
442	117	301	197
347	106	404	210
327	96	379	250
302	79	430	237
320	71	371	237
326	72	360	228
307	58	366	235
293	56	299	245
328	64	272	229
333	67	270	221
336	68	290	214
340	66	283	218
331	48	324	243
302	33	325	260
277	40	349	254
256	33	369	260
261	41	360	242
232	41	351	223
245	57	296	204
231	71	282	189
227	65	277	196
221	65	286	201
219	58	300	209
224	47	304	225
208	39	324	225
221	37	293	226
205	42	292	221
207	32	298	225
216	28	291	223
228	19	279	226
232	16	278	229
241	21	267	231
244	19	269	233
250	16	261	241
258	15	252	256
260	19	255	262
259	24	243	266
246	26	255	269
239	33	249	263
226	33	254	264
213	39	257	263
201	44	254	244
181	35	267	234
153	17	283	225
116	10	346	240
118	27	248	241
98	15	258	249
83	20	258	255
47	29	274	281
31	34	257	297
14	4	263	321
38	20	227	295
29	14	223	348
48	0	192	365
15	0	214	358
27	0	206	355
6	3	201	356
4	5	202	363
5	23	212	343
0	3	219	352
0	18	202	322
13	58	193	283
11	19	226	326
23	43	219	304
27	39	212	310
39	35	204	318
43	57	212	289
45	12	210	336
58	34	198	312
62	36	207	308
63	37	211	310
63	51	213	293
61	60	222	284
69	66	219	275
85	81	208	260
112	85	194	270
140	79	170	287
140	68	173	297
125	26	186	334
129	59	192	316
115	26	225	331
134	76	192	288
152	75	172	288
155	50	174	305
166	39	168	316
171	48	198	316
178	38	241	320
181	23	261	363
186	14	269	373
207	38	256	355
212	30	319	346
136	63	433	308
113	120	309	290
211	185	340	238
224	125	390	267
245	76	443	341
292	37	436	426
289	90	427	365
93	147	577	273
225	116	523	300
283	94	646	330
164	77	693	355
152	90	738	349
234	84	623	357
334	70	529	351
327	91	393	314
274	73	454	307
255	122	502	278
373	21	575	341
208	68	705	317
324	58	389	296
712	54	208	332
506	109	332	271
404	59	454	286
286	17	686	333
290	57	624	337
313	55	562	353
348	85	505	325
366	66	513	322
371	87	440	318
331	44	552	312
302	63	525	314
356	17	567	333
218	57	499	306
205	15	586	341
204	43	449	332
246	0	545	344
25	0	576	424
220	35	587	406
0	7	550	496
170	48	490	374
273	38	525	380
33	28	583	390
366	72	522	429
0	12	650	506
75	68	718	389
149	67	579	379
247	96	592	433
0	72	660	522
112	86	712	421
159	65	685	421
177	49	672	420
178	97	631	381
197	100	588	441
0	26	635	564
10	32	773	461
90	89	591	373
28	108	582	423
298	90	608	459
151	132	572	303
0	64	528	445
217	88	582	417
0	44	692	482
4	49	746	407
73	99	575	373
80	102	616	362
78	115	660	382
110	179	615	353
148	208	529	346
338	262	519	352
211	257	552	418
310	289	508	276
518	117	488	463
443	155	639	521
730	74	549	556
339	148	526	382
576	249	362	274
81	204	230	275
379	104	115	302
543	293	114	182
658	314	113	204
460	120	247	220
656	89	204	292
799	148	248	325
570	46	374	318
467	0	450	330
409	22	412	316
335	23	457	311
281	24	437	329
211	29	465	346
112	28	513	350
0	29	489	359
664	60	76	443
860	244	60	228
912	233	116	206
891	214	153	221
817	223	178	204
863	148	266	221
729	102	297	240
786	22	310	317
530	49	352	286
655	103	244	281
660	65	253	236
693	67	300	249
667	123	214	199
686	89	248	183
679	85	244	219
712	103	172	187
732	79	185	209
726	108	189	210
718	116	211	200
699	129	225	207
727	150	197	194
735	162	186	181
743	175	184	177
752	187	177	170
763	202	149	165
739	220	158	166
751	228	131	163
746	215	139	179
769	236	113	162
761	209	148	184
777	227	125	162
790	218	91	163
792	226	82	165
781	213	85	172
773	201	84	181
763	197	83	180
751	195	89	187
734	207	100	171
720	210	117	165
711	236	98	133
709	217	104	161
688	214	129	161
680	215	156	152
683	222	100	142
683	202	103	158
662	207	148	143
674	228	95	120
680	227	110	113
691	216	104	116
707	214	98	115
716	212	91	115
725	207	93	115
736	210	95	111
743	206	92	118
748	214	102	113
750	214	111	116
747	217	119	113
736	218	133	116
724	219	123	117
716	216	145	119
713	204	149	125
715	190	159	129
720	165	166	138
707	157	182	142
682	149	195	140
668	158	192	129
671	169	190	121
708	166	148	111
709	187	147	95
703	186	164	97
686	187	177	112
682	185	189	115
695	180	193	125
719	177	170	140
737	180	161	123
735	182	173	130
752	184	163	151
744	179	168	151
744	181	172	158
744	180	161	151
750	185	153	159
751	187	146	161
751	182	146	160
750	180	141	173
748	176	141	176
736	173	152	179
734	177	148	183
732	178	150	187
756	181	133	188
764	164	128	209
759	172	132	194
764	170	121	197
747	153	155	210
777	172	124	198
744	159	195	203
792	148	241	223
775	189	239	190
765	186	206	192
990	154	114	234
777	181	160	196
919	172	148	215
736	171	216	193
1004	155	82	240
765	208	161	156
747	175	209	195
975	158	116	235
776	170	163	207
919	174	156	209
735	176	205	193
928	181	145	215
729	188	201	182
914	186	142	220
755	180	240	201
760	179	261	186
751	179	307	181
750	195	265	160
790	172	306	215
728	204	368	167
745	206	340	174
727	187	302	175
751	199	230	170
961	164	139	230
772	180	171	199
753	168	238	204
748	194	224	173
872	164	221	218
746	198	221	172
774	171	244	198
763	197	181	178
750	175	218	204
740	188	242	176
757	184	242	183
754	211	195	159
763	191	163	191
763	189	170	196
760	196	176	183
765	188	173	192
758	171	193	214
742	190	233	180
748	199	209	169
761	196	193	179
738	178	223	199
727	181	264	184
732	197	239	169
735	176	273	194
708	200	339	174
696	210	416	177
693	205	347	177
684	205	382	174
665	200	364	172
647	197	405	173
644	199	373	165
654	190	360	181
646	176	380	186
641	175	361	180
637	167	380	186
628	166	375	184
653	160	383	191
670	138	407	219
662	126	448	257
694	124	416	270
638	127	481	275
696	87	484	332
670	79	502	340
639	74	528	355
635	86	520	345
639	85	536	353
649	73	528	369
647	71	541	380
590	46	573	408
559	46	561	403
527	34	558	415
534	70	515	377
508	79	494	379
510	80	474	395
463	89	491	390
484	94	479	393
415	90	499	391
461	99	455	374
509	96	403	371
467	98	434	363
423	81	461	378
477	89	425	370
414	86	460	372
404	65	475	367
465	67	425	370
438	79	435	352
439	90	439	342
475	72	414	353
406	68	484	339
429	72	470	349
398	49	481	359
398	42	477	363
364	59	494	342
346	40	520	359
311	60	535	332
302	54	517	346
299	32	513	375
261	69	526	326
258	46	508	362
219	57	542	346
228	59	537	345
219	55	528	353
216	39	513	372
203	69	518	336
199	93	512	321
205	72	491	301
167	91	522	311
211	39	504	289
183	73	578	303
251	31	508	273
217	64	588	286
273	23	514	267
190	39	604	271
321	41	454	274
270	6	534	267
280	54	581	285
271	9	579	249
231	13	575	253
278	4	532	263
328	16	498	249
244	1	538	216
391	41	467	240
339	7	502	205
371	3	456	243
163	10	491	243
254	0	491	230
358	30	478	228
428	17	456	215
479	5	441	228
267	2	431	232
485	0	371	232
535	0	364	229
554	0	373	215
321	0	369	224
542	13	304	221
571	0	318	217
585	0	333	217
585	0	330	220
341	0	355	228
514	0	341	242
390	0	390	266
567	39	349	273
595	13	367	278
486	46	487	300
423	50	498	314
361	66	516	320
469	70	419	313
478	31	425	349
392	63	517	311
403	29	497	304
437	62	497	294
424	8	493	299
584	70	365	270
585	3	353	287
594	21	357	274
616	0	347	267
578	0	436	255
499	21	478	269
539	23	389	276
604	14	325	278
593	0	388	266
538	0	385	274
560	8	351	288
564	9	353	282
525	9	395	280
508	30	395	286
489	40	412	276
487	36	409	294
477	23	430	303
469	60	419	287
478	26	457	317
402	63	481	298
517	57	385	301
508	24	382	311
459	43	431	301
476	51	428	301
445	55	473	290
535	73	357	285
541	35	366	299
477	27	427	311
356	67	542	295
484	56	407	292
380	57	535	305
477	65	427	306
401	56	495	306
434	60	462	305
404	35	479	313
359	48	526	298
336	45	537	304
338	48	528	301
309	51	566	301
316	54	560	301
337	48	531	305
327	52	546	304
316	48	543	308
308	62	560	298
325	54	533	309
325	59	535	296
320	65	561	306
350	65	519	297
341	73	523	302
342	62	519	306
324	57	546	301
330	63	555	301
323	57	555	299
328	61	553	292
351	53	529	298
375	56	508	295
471	60	424	298
523	59	380	292
521	69	387	278
533	78	377	278
564	72	346	295
568	72	346	350
595	73	354	400
613	80	363	427
556	40	436	426
598	150	472	349
621	185	445	317
675	244	529	299
741	241	467	337
584	92	243	310
643	27	262	358
637	13	284	372
612	11	318	347
652	88	255	316
634	15	263	375
559	28	279	348
551	14	276	358
540	19	262	357
522	9	295	371
491	24	268	350
812	126	175	403
384	0	323	410
857	227	118	403
944	242	231	297
946	232	297	311
784	156	404	416
813	127	401	406
727	202	332	326
724	201	335	309
722	203	298	315
706	203	299	287
686	211	317	260
671	220	319	236
653	226	333	218
646	232	334	200
670	246	304	179
690	237	280	182
717	257	268	177
720	256	233	176
705	246	254	187
700	236	267	199
698	232	265	205
680	230	279	209
667	217	274	221
659	207	273	228
657	209	280	225
659	209	278	216
669	208	284	211
644	190	291	217
647	213	272	193
608	189	284	221
609	200	291	212
591	198	308	214
563	193	328	218
544	196	321	220
520	173	339	228
521	170	331	232
519	169	318	228
526	145	305	235
534	125	283	245
537	157	254	206
523	133	268	230
507	131	259	220
504	124	262	224
488	118	256	218
470	106	271	228
443	115	272	217
435	105	267	228
429	122	267	209
425	111	265	222
414	139	257	193
408	133	264	209
398	132	263	208
403	131	263	211
402	116	264	224
377	103	305	222
382	94	299	224
392	107	290	209
408	107	266	205
405	108	278	198
402	112	282	193
408	110	271	197
377	90	305	217
377	90	289	211
349	85	322	219
322	68	336	232
306	70	350	222
287	45	389	244
263	57	418	237
257	76	411	230
244	85	437	228
239	99	445	231
243	121	414	230
207	122	426	229
178	129	461	224
231	160	386	209
318	189	282	193
334	193	274	197
351	203	261	188
371	215	231	179
382	232	204	162
383	241	192	159
365	233	210	166
354	242	168	158
329	227	211	168
308	200	275	192
307	153	282	246
309	124	337	271
310	81	379	311
323	60	439	322
355	82	363	304
201	46	477	373
509	33	429	434
214	0	563	445
455	0	581	404
149	0	613	446
555	29	518	593
255	114	694	542
855	246	424	440
632	115	597	546
957	236	322	461
709	113	538	508
867	181	412	443
563	211	535	390
924	183	355	351
437	201	396	345
889	188	183	347
439	170	141	184
374	200	172	151
359	189	173	167
340	183	193	173
321	170	202	186
297	164	230	192
291	165	234	195
276	165	239	195
273	171	245	191
262	169	235	198
263	177	233	194
306	190	225	186
303	181	202	189
322	188	189	181
285	193	212	174
298	206	208	168
306	211	200	161
314	209	206	166
302	185	220	186
290	156	277	206
465	158	246	246
314	148	250	237
311	129	305	235
336	113	339	266
367	111	376	262
242	89	414	282
519	108	334	312
306	86	468	286
686	108	286	353
363	105	448	332
706	143	337	327
466	193	333	225
431	193	364	193
443	185	287	211
422	196	285	202
407	199	316	207
417	201	293	227
367	205	326	225
384	221	290	240
390	244	279	220
376	243	304	243
375	260	287	223
362	259	297	221
345	248	311	237
347	255	315	227
378	266	286	227
387	245	262	239
416	236	281	258
450	217	295	263
447	216	313	269
431	213	337	273
421	142	384	332
411	162	405	331
420	130	401	382
405	141	413	367
422	145	391	366
403	153	385	346
399	110	395	371
350	64	529	399
313	118	522	336
375	158	475	316
424	178	475	288
471	185	444	285
441	159	483	311
534	207	384	257
532	256	373	266
454	215	457	300
550	253	377	266
464	289	508	247
495	272	522	277
506	305	506	253
487	309	504	266
369	282	602	315
333	279	545	363
330	244	534	406
334	183	522	462
305	194	493	436
259	210	484	399
201	305	487	361
262	341	454	339
267	320	430	353
195	332	477	330
303	397	388	269
281	382	396	261
267	385	411	256
272	385	389	271
288	383	385	271
272	370	443	261
293	348	390	293
283	334	401	291
255	317	464	294
239	323	515	279
238	322	396	302
204	305	496	261
352	246	521	319
174	244	490	287
236	215	538	293
167	246	602	280
192	250	471	283
217	261	400	262
301	268	304	241
311	264	279	243
323	269	282	238
321	252	321	263
408	268	231	258
437	250	188	296
447	243	184	298
446	232	183	300
448	230	183	288
434	223	198	285
454	232	167	275
456	217	173	280
432	215	187	288
394	210	224	278
375	211	218	283
291	196	315	285
248	231	313	274
242	210	340	278
230	224	317	285
231	228	313	266
213	235	301	271
217	232	294	257
208	222	294	280
185	219	322	285
203	241	261	264
212	246	288	243
161	218	317	276
126	238	305	278
133	216	357	266
101	215	333	281
114	203	351	275
114	222	308	268
106	227	318	266
112	237	311	254
119	220	323	268
180	260	226	226
227	284	177	200
248	307	172	204
265	313	158	190
262	316	174	181
244	323	193	179
240	288	203	206
239	275	211	208
232	249	219	227
218	237	244	238
238	248	217	223
228	226	250	244
232	228	245	242
204	208	280	260
206	214	271	250
204	209	278	251
218	198	269	259
203	189	296	275
156	187	346	305
107	207	390	335
84	227	424	358
86	267	412	346
83	300	379	340
84	337	351	351
15	347	380	352
0	373	385	305
0	368	414	299
0	360	449	317
45	359	462	320
0	392	335	326
0	299	274	405
0	291	331	404
0	344	364	329
31	367	365	271
0	386	286	266
0	395	297	227
55	355	366	271
159	304	435	386
16	196	546	492
118	271	655	448
0	132	712	587
581	0	540	566
293	107	584	440
457	1	648	615
0	0	613	577
459	0	551	588
643	0	636	469
245	61	485	370
663	73	326	437
386	137	340	236
11	213	399	362
313	174	347	362
0	150	383	439
2	105	551	471
229	0	651	638
0	147	434	395
0	84	269	410
33	71	325	429
9	25	340	433
2	55	381	391
4	37	397	392
26	20	396	391
32	4	406	401
44	2	389	373
68	8	387	353
86	0	362	352
98	0	363	360
113	0	344	372
124	2	336	373
134	11	319	374
120	3	342	383
125	0	349	382
150	0	333	370
178	9	321	366
184	12	331	362
186	15	343	352
201	8	335	358
227	18	330	357
221	12	340	367
242	9	323	374
229	9	335	362
241	6	332	386
237	0	322	371
243	17	325	370
241	6	330	379
257	4	318	402
237	0	345	419
234	0	362	421
230	0	361	432
254	0	361	431
253	7	365	432
257	25	352	419
276	37	351	416
291	44	368	413
310	40	366	422
317	55	359	431
351	73	354	431
312	63	382	443
314	62	456	456
302	33	452	494
260	0	604	493
297	45	584	477
311	19	613	516
306	91	609	433
428	11	676	495
424	44	747	498
428	60	660	485
475	71	620	524
433	48	676	565
438	78	604	580
460	110	617	563
435	112	661	561
397	104	779	572
453	100	749	592
477	115	703	581
442	78	734	617
279	102	834	617
412	89	720	533
252	0	832	596
316	65	734	440
176	119	527	356
285	92	384	373
455	109	434	360
320	106	531	402
336	0	651	583
731	47	548	672
234	317	704	372
765	341	427	378
793	187	486	530
723	85	370	251
703	114	215	211
957	260	105	211
1115	352	72	191
1173	398	99	165
1142	423	113	145
1146	483	97	100
1231	500	48	106
1160	444	119	194
980	228	226	181
683	254	245	240
938	122	155	336
865	179	352	310
488	177	448	357
794	161	376	334
726	59	508	402
713	51	460	401
683	53	509	397
642	51	522	387
608	43	510	352
557	34	497	326
510	33	473	310
465	16	454	274
395	27	465	253
331	27	488	255
246	15	488	276
149	17	479	277
144	31	475	299
759	0	68	366
816	66	165	228
758	60	195	241
705	74	206	229
653	74	224	219
611	73	222	211
566	67	234	217
532	75	236	206
496	85	241	195
480	74	250	213
462	71	237	216
450	66	260	222
457	72	266	213
480	87	264	199
495	93	257	194
511	93	245	198
523	96	241	195
527	119	249	195
533	132	256	196
537	147	260	201
546	176	260	191
550	192	253	192
535	218	247	172
512	230	301	167
521	248	278	172
514	271	263	165
511	293	261	163
498	301	267	164
499	300	281	158
495	304	294	159
495	309	218	158
464	317	199	160
442	315	209	167
438	310	220	178
434	313	258	181
435	298	276	177
401	308	297	179
423	282	292	180
406	287	335	182
417	274	342	184
407	270	370	183
408	245	408	214
410	262	409	204
254	223	453	271
525	225	370	292
120	133	468	429
487	71	397	514
0	49	571	524
69	16	707	500
0	69	520	426
380	0	436	532
489	62	559	345
515	136	418	263
502	153	368	238
510	163	351	220
496	137	366	232
484	92	426	255
455	102	404	240
269	58	447	305
361	65	429	270
485	25	395	288
285	22	426	290
331	42	445	266
310	66	408	260
325	41	387	272
335	32	414	266
333	64	416	256
382	75	409	251
389	62	460	263
413	78	458	263
495	109	462	281
495	111	479	267
391	108	471	364
501	93	405	275
532	47	388	270
543	32	384	266
579	18	354	258
329	0	387	276
431	42	367	264
483	59	333	252
584	14	393	306
480	43	402	285
486	69	388	260
550	53	348	286
270	59	420	305
431	69	415	280
624	66	418	338
213	7	529	480
371	67	487	283
525	57	435	319
187	45	520	433
383	80	483	266
473	80	407	271
532	71	338	277
588	93	335	259
365	94	369	304
597	96	349	354
260	10	491	413
474	102	393	287
371	69	443	395
531	63	442	311
470	72	459	295
553	92	336	259
635	109	311	254
518	106	330	279
516	86	388	340
509	84	441	331
369	83	488	394
554	55	498	349
344	70	489	320
483	89	397	284
488	63	451	289
523	83	349	264
578	67	419	304
436	88	424	275
482	81	419	272
478	96	392	264
484	72	444	293
492	90	372	282
465	56	457	296
510	92	355	264
482	83	379	283
487	73	419	265
482	65	430	278
483	95	392	266
471	95	408	299
451	79	447	328
478	102	299	324
508	112	284	317
473	97	309	341
456	88	292	343
432	93	276	330
423	83	288	331
452	86	266	310
427	15	258	378
456	48	244	322
464	50	234	333
482	11	218	382
488	35	298	328
562	18	330	342
278	17	456	421
435	54	257	383
394	39	258	434
408	54	222	437
408	112	223	427
378	50	246	524
349	16	271	609
319	42	270	572
324	34	267	590
331	17	269	595
349	36	271	595
347	12	277	587
341	0	279	588
347	22	269	475
359	11	266	434
339	45	284	341
354	7	284	386
309	0	354	535
274	27	454	494
264	24	519	550
249	11	599	585
252	15	641	571
310	22	639	576
326	46	656	522
300	22	710	549
359	25	692	554
403	49	686	525
368	82	657	501
320	60	763	486
317	30	755	508
312	63	719	476
249	70	702	481
264	73	652	470
255	96	541	404
207	82	604	414
219	78	574	417
248	100	530	396
147	104	621	388
372	155	314	301
419	80	361	316
236	157	520	295
351	119	399	307
426	120	347	287
388	114	404	264
461	146	306	242
513	117	288	245
562	100	270	229
570	80	292	208
499	102	341	238
531	90	301	256
561	86	279	250
582	103	272	237
571	115	265	229
545	132	273	215
509	131	287	211
478	152	341	202
466	159	309	202
472	165	267	189
182	153	255	208
444	184	138	153
501	195	136	148
495	189	167	156
470	211	172	141
436	204	195	146
415	214	199	152
407	228	186	147
402	230	175	151
398	224	170	159
383	226	184	154
389	199	174	176
397	197	155	173
410	204	156	169
422	220	159	155
429	206	162	174
437	220	162	158
438	238	182	144
447	248	183	137
466	241	180	143
486	245	171	138
503	243	170	142
529	246	167	138
546	241	168	135
551	233	167	143
583	230	135	143
580	224	143	145
585	223	143	151
592	223	144	146
615	225	132	144
633	213	128	158
654	208	119	163
667	211	118	156
655	202	143	163
674	215	124	152
673	213	125	152
695	227	122	149
687	233	136	150
695	234	128	167
687	239	149	170
661	236	189	175
781	251	190	204
1022	124	87	290
1011	131	197	243
846	163	305	302
1053	143	226	360
724	120	369	362
903	166	376	357
836	94	443	421
706	117	456	406
696	110	555	387
760	41	519	454
815	95	443	386
679	70	469	431
641	90	522	404
618	57	551	443
653	76	509	406
568	46	599	397
744	90	420	362
708	55	468	331
755	55	405	344
766	74	414	307
823	110	381	260
716	94	341	242
908	49	318	281
906	0	373	337
748	83	375	273
851	76	358	267
904	55	323	298
902	4	348	332
897	58	368	302
858	94	396	248
895	37	359	294
946	85	322	263
703	48	357	277
831	66	336	262
660	37	360	290
860	29	363	278
937	42	323	294
924	31	355	286
788	23	395	287
927	103	294	246
627	35	284	273
775	36	323	258
747	62	316	241
547	41	331	256
757	54	300	269
531	31	356	274
741	69	338	289
937	53	342	269
635	48	336	257
741	37	357	261
1006	35	273	302
672	54	353	296
804	36	426	316
609	92	364	229
687	66	343	241
509	39	371	274
64	70	387	274
469	66	174	242
657	81	142	187
642	59	196	213
897	50	85	229
661	130	171	166
650	56	147	215
643	74	167	200
631	68	200	207
839	57	133	231
768	85	226	203
611	76	221	210
901	48	76	250
643	84	149	183
637	72	205	196
788	56	188	220
720	75	273	233
634	52	353	270
733	77	330	221
558	39	342	275
748	55	344	268
669	21	364	289
807	33	407	258
632	89	330	224
960	43	159	287
594	85	215	220
698	61	258	227
870	50	243	266
609	49	255	245
961	7	71	333
665	113	147	175
638	70	178	193
743	71	203	203
1021	106	63	270
1119	179	89	159
1110	153	169	161
972	147	258	215
626	88	271	271
944	45	137	304
627	87	259	237
1018	10	32	349
1102	111	58	155
1025	60	218	241
653	66	260	260
919	66	173	272
630	76	243	243
986	12	54	333
1090	187	82	148
1158	166	104	145
1019	79	193	181
1012	157	256	217
683	42	302	289
825	43	359	274
631	89	351	220
653	96	370	210
629	76	357	226
636	95	370	203
644	96	358	197
885	85	253	270
618	59	293	259
677	79	284	212
754	76	336	291
532	61	379	265
588	117	289	194
955	65	58	300
1072	225	69	147
1129	277	97	62
1145	243	121	94
1068	122	186	143
1079	202	196	155
1101	183	178	205
1070	148	204	224
1045	111	234	231
766	67	316	288
683	49	358	267
727	64	384	238
866	8	367	300
897	14	382	285
668	21	435	284
719	61	431	243
625	33	418	304
651	86	414	237
505	85	376	233
664	119	289	220
706	99	273	214
662	82	303	246
544	111	285	188
598	117	257	178
659	110	240	181
786	85	239	223
621	93	289	259
629	107	307	207
742	88	329	257
487	52	398	273
578	84	379	211
629	81	398	214
656	84	399	217
643	110	341	203
827	73	299	289
599	113	448	222
673	86	412	222
724	105	367	209
780	75	445	253
725	82	455	240
735	88	440	254
665	92	485	240
666	77	454	258
677	84	437	259
697	76	434	272
715	102	399	260
724	113	449	248
825	83	405	283
735	100	446	251
808	88	428	271
611	71	408	253
726	75	436	251
792	61	432	263
830	76	444	242
880	63	381	265
874	83	385	236
868	54	390	252
849	27	429	286
829	40	448	269
838	38	426	281
833	36	433	289
836	55	434	277
852	69	427	266
610	47	444	295
713	42	486	292
807	44	418	305
837	55	405	303
833	17	416	338
794	62	435	293
819	40	419	326
781	37	453	323
756	52	474	309
722	35	480	335
709	23	491	366
660	55	497	342
788	62	414	350
730	52	482	338
717	35	494	352
679	51	490	332
712	47	442	347
772	65	419	332
766	40	438	350
758	45	424	342
805	15	402	363
765	75	434	319
815	20	427	359
792	90	362	291
836	39	402	335
830	104	388	282
849	28	414	349
797	82	392	293
863	90	367	300
863	74	398	312
840	76	382	308
622	130	380	246
751	80	423	287
874	109	341	286
627	104	371	277
828	48	364	322
879	105	375	277
867	108	382	265
754	110	386	261
867	94	381	278
861	117	378	254
652	113	384	267
809	111	363	271
842	53	414	320
914	131	308	247
923	33	356	327
877	115	387	271
836	0	419	368
803	90	389	271
882	80	347	297
845	26	415	322
836	95	362	291
859	82	398	288
853	92	358	278
874	73	387	284
854	62	406	289
863	71	344	295
834	97	412	262
567	136	373	227
787	77	311	296
862	85	348	281
552	131	384	224
598	146	348	245
801	92	316	301
479	112	414	257
518	103	426	289
390	90	490	339
629	88	489	335
628	53	538	391
734	25	532	365
757	96	425	299
879	0	400	360
751	0	490	356
776	40	425	343
792	0	393	369
798	0	467	347
647	0	530	382
681	47	505	340
829	0	450	362
541	0	553	363
681	33	497	316
405	101	413	268
480	147	213	217
448	165	210	193
445	158	234	210
459	164	240	237
457	126	259	293
484	116	302	255
489	112	336	264
504	103	389	288
527	75	419	288
536	113	408	303
559	94	450	339
649	99	433	367
687	41	515	385
728	63	429	418
775	16	436	486
721	52	529	451
792	59	407	382
840	94	308	396
887	195	301	355
831	183	397	350
814	21	389	350
786	108	443	255
830	128	346	407
796	2	343	392
827	19	334	387
809	28	319	314
790	10	326	343
755	19	358	323
724	15	363	332
691	16	313	326
641	3	313	333
615	12	312	307
584	11	319	307
566	12	310	298
545	9	309	301
519	7	306	298
466	20	315	296
419	20	319	295
365	18	324	300
326	20	309	293
260	27	318	282
190	26	324	281
150	20	323	291
82	12	344	292
29	0	335	294
56	2	262	303
20	12	220	308
0	0	201	312
73	66	297	291
0	15	343	380
0	0	599	604
673	260	298	274
986	272	175	261
961	265	304	251
945	249	303	274
923	249	297	270
907	265	292	248
880	268	316	231
874	270	317	226
833	245	335	223
838	242	314	232
779	219	342	243
798	226	304	229
729	216	351	224
720	213	322	223
660	208	371	210
669	199	331	214
639	197	337	208
612	186	339	204
582	173	346	212
566	179	336	209
553	175	328	211
527	170	336	213
526	170	328	206
506	177	339	193
521	179	300	187
491	179	315	179
511	177	288	186
506	172	311	181
505	166	307	183
547	167	266	185
568	169	255	194
567	163	229	188
561	164	225	184
535	165	226	186
510	163	235	190
489	158	237	193
476	153	248	192
462	137	248	188
452	120	239	194
444	101	242	202
446	92	248	208
442	88	234	210
430	94	226	205
410	97	227	202
400	94	226	201
395	90	225	200
390	84	225	202
385	81	217	200
375	83	215	201
371	90	209	198
373	93	199	199
371	93	195	197
370	88	192	197
366	89	187	190
360	87	185	192
356	87	182	187
350	78	180	190
345	61	178	195
333	48	183	197
332	35	176	196
325	18	179	198
320	10	177	194
316	7	172	191
309	5	170	196
300	7	169	193
294	8	170	194
295	3	166	194
295	0	164	190
298	4	166	170
312	0	151	168
312	2	156	164
321	2	153	161
335	0	149	159
346	0	147	163
367	0	158	160
374	0	149	154
379	0	160	153
387	0	153	166
396	3	147	181
395	3	153	183
394	4	160	186
392	4	162	178
393	1	159	181
396	0	157	182
401	0	155	179
402	0	150	173
400	0	149	177
402	0	150	168
412	4	143	162
423	5	137	155
423	7	137	143
427	0	138	144
425	0	155	143
442	0	146	145
448	0	150	153
443	0	162	163
447	2	159	184
443	4	161	192
437	0	161	204
427	0	166	213
421	12	172	221
422	23	180	213
445	31	174	217
447	35	175	216
465	38	172	220
467	41	173	221
470	43	173	220
475	45	171	219
476	45	171	219
477	45	172	220
476	48	173	218
480	34	177	220
493	22	173	222
495	7	174	225
495	8	178	217
496	5	179	218
490	2	173	214
485	5	168	213
484	10	165	205
482	1	166	218
482	0	174	221
486	0	184	217
499	0	185	210
521	0	182	209
530	0	189	213
540	0	183	221
539	0	191	214
536	0	193	212
536	0	192	208
530	0	198	205
504	0	208	196
510	0	195	194
500	0	198	198
497	0	196	196
489	0	200	197
472	0	209	196
475	0	206	200
463	0	209	207
466	0	206	225
459	0	214	235
451	11	219	231
448	5	226	235
449	13	231	234
451	20	243	234
459	33	255	227
469	45	257	220
476	51	261	220
483	54	263	219
492	59	269	216
496	59	277	217
502	55	272	224
508	53	289	228
511	59	295	224
510	62	309	225
505	63	316	227
508	67	322	231
507	78	334	227
504	83	338	226
498	90	339	227
493	101	337	224
473	108	359	222
471	118	369	221
486	123	354	212
498	135	361	203
472	112	442	212
479	97	432	224
475	65	442	239
487	52	432	254
554	52	380	277
553	45	347	279
574	41	349	288
561	43	352	281
563	35	353	296
557	33	346	295
574	38	350	287
570	31	339	294
590	41	338	292
581	38	328	299
588	39	302	302
612	39	303	311
618	41	296	312
657	57	266	306
666	108	256	256
680	91	271	274
672	49	317	309
673	63	335	286
666	52	323	290
686	84	360	276
675	76	378	292
638	73	416	307
573	71	419	321
585	101	422	273
595	121	381	252
481	112	461	275
496	95	432	315
488	97	448	303
494	122	466	278
533	161	404	235
569	181	342	213
506	180	380	218
492	198	379	225
463	199	374	240
484	208	387	242
457	200	395	247
506	196	359	265
483	186	334	270
472	163	368	290
437	140	490	315
404	80	554	384
329	66	584	409
217	109	554	376
195	98	524	411
146	84	520	387
135	82	486	369
155	143	464	298
186	145	499	276
255	170	446	242
253	204	407	227
340	249	293	194
374	239	255	199
280	175	380	253
185	159	477	291
252	201	506	282
296	192	478	295
430	211	475	274
421	214	551	301
429	198	532	345
419	213	548	341
342	201	603	332
372	219	642	298
612	292	388	245
740	256	245	225
533	229	328	227
639	249	331	227
596	251	354	250
558	270	260	299
632	356	360	273
913	0	270	405
554	67	423	371
640	3	594	558
10	0	586	369
301	0	552	632
459	51	624	362
254	0	1025	720
0	0	1280	720
585	92	694	625
18	0	1261	720
0	57	880	662
377	106	886	577
0	0	957	662
80	47	467	363
349	49	252	333
478	0	253	388
632	33	257	396
776	34	279	404
896	24	306	429
1038	147	232	265
1095	224	174	171
836	0	278	148
539	44	135	156
532	97	136	89
620	87	110	83
700	83	89	76
790	90	52	68
854	59	32	92
884	47	52	79
946	46	40	78
1003	58	29	83
1043	50	33	88
953	54	76	72
959	45	113	101
1000	12	143	176
947	42	234	197
782	0	314	212
385	142	121	205
237	163	220	203
319	112	276	284
86	45	442	300
101	41	480	285
166	0	506	303
121	21	588	306
119	34	570	304
120	43	549	282
259	0	539	311
195	25	609	294
211	16	563	303
232	41	485	285
463	22	427	325
223	3	476	311
293	42	462	266
395	0	443	278
367	27	422	256
332	0	438	313
119	0	570	304
381	0	505	395
54	0	589	341
347	0	496	355
83	0	603	323
146	4	581	345
154	0	596	362
184	27	472	345
181	34	558	337
181	37	560	334
217	55	462	321
215	18	528	327
239	49	449	319
279	10	460	311
230	35	434	306
232	30	418	304
225	22	409	321
287	15	378	293
279	17	425	278
145	6	489	291
269	37	389	261
404	4	278	270
266	0	347	295
330	0	413	254
378	7	423	249
444	16	364	309
0	33	336	329
413	0	147	343
4	6	196	226
0	0	168	198
0	3	159	200
0	0	158	188
8	34	105	137
18	44	86	122
15	33	83	118
4	29	73	106
0	24	63	94
0	18	52	88
0	10	53	90
6	0	61	99
12	0	71	103
30	0	74	117
48	1	76	126
62	6	83	140
77	14	93	153
84	17	95	168
90	28	97	158
122	40	126	158
10	0	209	160
16	14	222	179
0	0	254	191
10	2	250	201
11	5	252	237
12	21	258	232
15	50	275	249
35	91	283	266
47	137	279	254
57	187	275	243
61	206	277	256
77	218	264	267
100	229	246	263
99	237	272	256
96	236	306	251
103	238	315	246
122	225	305	254
48	217	352	269
26	201	373	281
71	179	329	274
86	170	294	306
75	165	297	332
70	170	287	324
69	160	278	334
80	174	254	314
66	160	265	339
68	184	258	317
61	184	265	321
55	195	281	312
40	206	301	305
51	211	312	297
59	215	310	294
67	235	303	279
69	259	311	258
68	254	321	270
74	268	326	257
77	260	336	272
82	260	331	272
89	254	329	274
100	233	329	286
91	206	344	308
83	206	348	293
60	201	358	296
67	194	344	289
57	189	341	284
68	180	320	288
68	195	309	269
60	178	309	282
47	172	296	289
53	135	271	317
41	113	244	313
22	84	227	340
0	31	196	362
0	2	211	355
0	25	265	293
0	24	273	284
26	31	341	290
0	0	278	323
28	0	398	339
148	0	513	417
276	0	610	448
61	0	702	515
0	0	550	497
0	0	696	587
0	0	578	557
108	0	718	468
0	0	419	436
18	0	569	355
0	0	253	322
0	0	274	226
0	0	188	190
6	0	155	178
1	0	156	188
2	0	150	174
5	0	149	168
0	0	145	168
4	0	151	183
0	0	173	169
0	0	190	157
8	0	153	154
30	0	157	131
136	0	140	94
222	0	117	87
225	0	109	85
218	0	132	81
124	0	191	123
69	0	240	143
60	0	244	153
42	0	252	161
20	0	276	158
42	0	254	152
53	0	259	147
42	0	272	215
44	0	385	296
0	0	337	419
73	0	500	424
0	0	706	672
0	0	1014	720
0	0	949	512
0	0	916	607
0	0	844	533
0	0	917	640
0	0	884	566
0	0	1057	720
0	0	1048	697
96	0	936	623
312	0	836	517
435	0	844	392
111	0	908	584
191	0	798	516
93	0	787	380
6	0	971	637
632	0	647	500
0	0	797	603
0	0	594	479
0	0	608	299
0	0	296	259
9	0	245	197
62	0	223	195
23	6	267	191
26	15	262	191
33	10	254	213
26	0	270	265
0	0	271	288
0	0	262	311
0	0	308	314
0	0	356	330
37	0	460	320
40	0	450	433
102	0	386	497
76	12	491	463
220	142	547	379
0	68	421	422
274	189	434	407
204	78	630	553
347	82	601	632
219	65	731	562
0	0	640	503
251	0	740	700
364	168	516	422
705	182	469	530
372	0	754	712
831	228	448	491
686	86	593	569
912	193	287	363
907	146	325	413
804	193	411	473
680	186	477	437
577	128	512	477
502	139	535	425
475	113	435	435
458	96	363	420
464	64	372	403
467	62	298	373
436	34	348	339
424	18	372	331
430	22	362	307
435	18	356	308
452	2	419	307
506	60	281	252
513	70	330	226
520	75	342	210
536	57	349	213
542	55	313	228
558	60	289	223
572	67	271	218
577	71	264	216
570	84	268	208
564	98	240	200
555	111	220	186
532	122	206	177
507	122	204	182
492	134	196	168
490	115	180	190
473	118	183	183
449	115	193	184
427	118	192	180
415	105	189	186
396	87	196	193
379	79	206	193
369	76	208	185
362	70	210	179
367	57	205	179
356	54	220	175
355	56	225	174
351	56	230	178
354	63	235	177
356	65	237	178
364	65	236	179
368	63	233	185
367	62	236	184
359	63	239	185
354	64	239	192
352	64	246	193
352	55	233	196
359	40	214	200
357	15	197	224
381	5	189	220
384	2	170	261
353	0	201	226
338	14	180	242
316	0	191	249
285	1	196	256
247	0	207	266
206	0	242	273
151	0	258	283
117	0	306	260
89	0	268	253
123	0	190	224
147	0	167	230
176	0	171	229
189	0	194	214
216	0	191	213
229	0	189	218
230	0	194	222
244	0	181	218
264	0	166	207
259	0	194	207
287	0	154	220
270	0	151	224
243	0	166	207
236	0	162	180
229	0	181	165
233	0	194	167
233	0	202	191
218	0	244	197
190	0	298	209
171	0	322	204
174	0	368	205
203	0	362	198
250	0	325	188
292	0	297	193
345	1	306	187
410	0	256	178
411	0	254	169
462	0	184	200
438	21	217	215
404	12	282	231
457	0	256	253
455	0	293	255
332	0	417	262
324	43	284	276
271	44	351	281
265	65	451	254
321	53	331	304
294	51	373	306
161	30	419	295
154	76	482	238
340	61	247	256
97	0	362	323
147	3	365	276
0	0	366	319
83	19	307	236
0	27	271	207
0	0	119	241
0	0	191	230
0	0	344	364
0	0	590	600
0	0	999	720
0	0	1280	720
0	0	1280	720
0	0	1280	720
0	0	1280	720
0	0	1280	720
0	0	1280	720
0	0	1280	720
0	0	1280	720
0	0	1280	720
0	0	1280	720
0	0	1280	720
0	0	1280	720
0	0	1280	720
0	0	1280	720
0	0	1280	720
0	0	1280	720
0	0	1280	720
0	0	1280	720
0	0	1280	720
0	0	1280	720
0	0	1280	720
0	0	1280	720
0	0	1280	720
0	0	1280	720
0	0	1280	720
0	0	1280	720
0	0	1280	720
0	0	1280	720
0	0	1280	720
0	0	1280	720
0	0	1280	720
0	0	510	720
0	0	394	309
63	0	259	276
132	0	241	259
160	0	254	271
152	0	253	281
100	7	278	299
61	20	298	301
37	1	305	340
0	0	314	363
0	39	309	370
0	41	316	375
0	34	332	395
0	17	363	439
0	37	356	442
31	50	378	476
8	9	404	498
50	34	404	486
18	32	433	485
24	45	448	484
2	12	492	486
36	29	433	465
22	55	475	428
16	61	523	393
51	78	456	373
30	69	494	381
37	111	470	345
44	77	457	383
25	59	486	410
56	64	448	413
93	77	432	393
87	68	478	398
108	66	449	409
107	78	453	414
105	34	452	486
91	55	452	470
74	11	487	511
94	70	449	449
106	5	451	533
137	45	480	505
169	52	469	488
208	50	467	499
219	83	485	485
238	83	455	487
236	85	448	491
201	77	490	526
199	73	503	569
217	83	495	586
245	100	478	583
275	100	468	578
282	136	482	543
301	85	480	607
320	97	479	577
331	109	507	576
364	98	507	578
403	123	473	537
361	140	506	480
348	88	546	527
367	153	497	462
338	169	506	456
326	82	570	520
253	204	582	426
302	142	552	494
378	128	470	477
321	129	543	512
321	149	522	461
312	153	525	454
298	143	528	471
319	76	521	514
361	196	472	499
297	146	583	488
294	95	584	528
279	125	536	492
297	114	529	489
294	171	517	458
411	124	584	546
376	100	471	515
365	150	559	488
404	71	620	525
414	138	461	476
220	117	599	531
341	123	478	471
491	65	538	550
133	125	625	504
340	81	512	497
317	51	540	553
321	140	492	449
87	123	576	527
343	90	467	510
116	292	362	369
76	355	381	295
134	348	390	320
120	377	267	285
123	371	255	317
123	387	252	297
130	381	264	300
144	379	261	297
138	363	276	312
148	376	287	303
152	368	296	300
132	361	311	319
130	330	316	337
108	314	323	358
112	314	310	355
97	299	355	368
94	335	278	330
109	309	273	336
82	290	344	355
88	334	246	301
89	302	241	319
82	283	246	329
77	279	241	323
87	283	226	299
87	241	220	325
98	267	216	286
95	213	208	328
113	244	215	324
122	222	220	320
117	246	252	325
111	246	250	299
110	273	246	279
99	254	232	294
94	263	255	286
76	253	307	296
71	274	275	272
200	277	332	300
0	277	341	300
123	280	392	317
0	253	391	322
240	236	375	375
318	55	509	499
261	39	611	558
419	95	464	441
0	54	585	502
396	69	537	509
396	35	593	477
260	49	673	562
457	102	409	457
332	52	581	485
385	36	547	471
424	84	469	450
435	7	449	515
426	36	458	508
432	87	453	441
435	20	425	524
412	27	480	530
426	106	414	473
394	17	468	543
422	95	447	526
409	84	455	493
400	32	451	544
384	56	446	517
348	5	444	538
294	36	440	504
247	16	424	503
138	42	458	512
11	31	479	517
14	21	364	513
0	0	375	552
0	60	458	570
493	0	340	596
550	8	528	287
349	0	640	414
271	0	739	427
154	0	1077	679
0	0	1280	720
0	0	1280	720
0	0	1280	720
0	0	1280	720
0	0	1280	720
935	30	344	689
902	42	254	235
779	15	267	270
715	19	245	284
609	29	244	262
519	43	248	248
438	59	226	236
366	13	241	304
337	44	226	293
271	62	245	299
215	76	247	314
170	17	258	418
109	71	252	368
27	22	282	422
5	0	270	435
0	32	250	402
0	0	206	418
0	42	217	368
0	4	188	380
0	0	218	343
0	0	258	306
3	0	256	272
26	0	244	242
36	0	266	218
109	0	264	217
190	5	259	206
279	0	250	222
360	2	236	227
447	21	242	214
538	14	229	235
615	43	233	239
696	35	240	289
781	37	244	326
850	23	265	342
930	16	274	361
1000	18	263	361
1050	125	184	245
1075	163	197	186
1112	213	150	127
1111	224	155	119
1108	235	171	124
1110	232	167	125
1136	243	143	139
948	83	207	192
983	68	296	296
905	0	374	432
230	0	388	335
597	0	254	396
966	188	132	194
1078	167	144	176
1054	121	210	208
1043	126	204	201
1023	35	230	302
989	47	258	296
958	6	278	335
928	5	294	318
906	0	292	323
878	8	292	329
853	9	279	332
828	14	282	329
809	3	282	334
788	12	268	324
763	31	257	319
749	17	258	340
729	31	255	340
714	38	253	334
702	0	254	390
688	25	259	366
684	10	261	385
693	27	252	372
722	28	259	367
757	49	270	358
818	48	280	373
880	35	295	396
946	45	298	392
1040	195	187	192
1121	272	158	141
889	36	208	164
1002	0	210	194
901	0	300	186
544	135	104	175
566	215	120	93
613	215	87	84
623	210	87	74
634	210	85	66
644	203	74	69
640	206	76	65
637	207	77	66
639	206	74	62
634	205	75	64
634	209	72	69
618	207	78	69
609	206	73	64
583	211	79	61
561	218	80	53
542	195	76	73
522	198	81	73
522	197	72	74
512	193	73	72
494	192	77	73
493	189	67	71
485	186	67	72
474	189	75	58
462	165	71	73
442	160	79	79
440	157	68	77
437	157	68	70
426	154	69	68
418	148	67	72
414	149	67	71
398	153	70	60
385	139	76	73
387	146	72	69
390	146	69	71
394	147	69	70
393	150	70	65
394	150	70	59
399	151	70	65
404	151	68	69
409	152	72	70
417	168	76	59
430	172	72	65
434	179	71	66
436	185	72	67
438	188	74	70
442	188	70	66
446	194	72	66
448	198	71	50
448	178	73	75
451	188	69	58
446	173	70	68
446	183	74	58
449	178	72	60
452	158	73	71
455	158	77	71
458	161	74	64
462	161	74	64
463	161	76	58
473	149	73	75
482	151	73	65
490	147	74	70
490	145	73	69
493	140	74	73
497	141	71	71
500	142	70	71
501	160	71	63
501	150	73	79
501	162	75	82
515	178	67	77
528	188	76	71
555	206	87	53
611	207	68	47
656	209	55	47
680	201	65	57
692	198	91	61
708	198	85	73
727	203	82	65
754	204	83	64
768	210	88	62
771	207	101	63
792	203	86	76
811	210	79	68
816	213	80	72
812	226	90	79
828	240	84	65
829	238	89	79
832	241	91	73
836	241	94	73
849	244	87	68
853	244	91	73
861	245	78	67
860	245	85	74
863	244	90	64
866	240	95	67
871	228	93	70
871	220	103	68
881	214	90	65
887	208	86	75
889	203	89	78
886	204	102	82
908	200	85	67
914	163	78	92
909	166	79	79
915	172	81	80
905	181	96	76
909	178	98	64
916	169	93	84
927	168	82	72
918	170	93	79
925	172	82	75
932	174	78	71
934	172	77	78
931	171	79	82
922	179	91	71
930	174	78	76
932	175	77	79
931	178	77	74
924	187	88	73
930	189	79	76
931	193	75	73
924	199	88	76
924	200	82	79
929	200	78	73
930	195	82	82
925	194	89	80
928	210	83	64
932	205	88	77
942	206	75	75
937	202	87	81
931	204	97	76
932	208	85	72
930	206	96	76
934	207	89	74
945	206	73	76
946	207	79	77
949	215	72	67
932	210	94	86
937	220	76	65
940	222	83	77
937	228	83	60
937	218	84	76
939	224	79	69
934	225	84	69
935	224	80	69
929	226	84	69
919	225	87	73
899	229	91	62
876	234	92	56
844	232	90	53
816	237	89	55
783	232	92	63
764	237	90	62
739	240	93	60
728	240	87	62
709	247	87	58
686	245	86	58
663	249	85	56
635	250	84	57
601	247	86	63
579	253	82	58
558	239	81	70
542	243	77	64
522	245	81	62
512	244	77	62
499	231	77	71
497	225	79	73
493	221	86	74
486	207	91	87
483	218	90	70
376	215	96	93
450	202	86	93
481	201	89	69
489	189	90	78
491	203	95	66
409	191	101	81
508	191	59	89
509	192	81	75
505	196	98	71
512	200	86	63
515	194	89	70
522	199	74	66
517	189	101	78
536	198	101	74
531	204	85	63
498	195	92	74
515	198	99	69
524	201	79	67
529	196	78	70
456	191	95	75
533	213	71	55
528	202	93	64
534	203	71	65
437	190	87	86
535	209	48	61
547	216	76	56
536	198	83	66
537	202	69	62
463	188	93	70
538	215	67	47
535	206	87	61
543	204	68	61
449	182	86	84
542	214	51	49
463	190	74	61
540	194	40	69
446	207	65	65
546	182	10	89
568	187	19	47
567	179	45	62
532	212	85	58
481	204	97	65
539	206	76	59
542	210	77	56
538	205	84	60
540	205	69	62
538	209	74	56
490	198	93	68
530	208	90	66
424	191	110	73
537	224	48	48
458	168	62	64
414	177	102	84
523	198	52	83
551	206	76	69
558	217	90	62
573	221	93	71
589	239	100	80
624	262	100	81
632	278	90	65
660	292	72	55
671	282	89	64
685	291	88	54
694	263	103	86
710	276	103	69
714	274	94	64
647	257	103	75
731	252	72	89
721	266	83	59
703	253	99	75
720	247	90	74
747	247	97	80
716	242	108	76
755	255	106	81
701	252	115	67
733	254	93	61
737	241	94	76
739	254	93	62
746	251	79	68
749	253	69	66
750	262	73	63
749	265	74	59
743	264	82	58
745	269	76	55
745	249	77	78
752	258	66	65
747	264	72	56
743	261	79	64
744	267	74	57
744	257	73	69
743	264	76	61
747	263	71	55
743	256	77	67
743	266	77	58
746	257	72	60
746	259	73	64
744	262	79	58
745	264	76	57
749	258	70	56
746	250	75	67
748	258	74	64
749	260	73	54
741	244	84	72
745	256	74	58
745	255	76	64
749	254	67	50
738	245	89	59
748	250	68	59
732	247	83	64
738	255	73	57
733	242	75	63
737	248	69	57
721	236	86	71
727	245	74	54
715	226	83	72
718	236	71	58
705	223	79	64
707	230	69	60
693	231	76	59
691	227	71	62
680	229	75	57
667	219	74	64
660	226	73	56
643	214	74	59
642	218	67	57
623	204	82	64
627	211	70	58
612	201	76	62
618	200	66	63
601	192	74	65
604	201	66	56
587	181	78	74
592	192	72	64
594	193	71	61
589	195	73	53
582	186	80	60
589	193	68	52
576	174	82	67
581	184	71	58
573	178	82	62
579	181	72	54
569	169	89	66
579	175	72	54
576	169	81	53
582	164	75	57
583	148	80	61
596	132	80	64
610	128	82	70
629	122	85	67
648	121	86	65
664	128	90	61
686	118	94	68
721	126	87	60
748	129	86	63
769	127	97	63
802	131	92	63
818	131	93	68
819	126	106	71
833	123	101	84
849	124	99	85
860	119	103	84
876	115	103	79
889	109	103	70
892	97	104	69
902	82	102	79
910	73	102	82
912	59	105	88
915	55	110	91
916	46	112	94
921	39	116	96
929	22	120	111
937	18	125	106
950	16	120	103
957	21	119	97
970	28	115	91
977	37	116	83
996	23	112	101
1002	28	120	96
1016	30	122	96
1025	26	124	104
1031	16	129	118
1036	10	137	125
1056	21	132	120
1080	31	128	116
1105	46	122	113
1132	68	121	98
1145	70	118	108
1164	70	99	122
1189	98	82	99
1037	106	125	113
844	92	119	133
641	220	138	89
521	162	190	198
455	177	276	228
429	169	298	229
440	173	300	238
414	176	328	223
376	173	307	229
365	159	304	246
363	162	303	250
355	168	316	244
371	172	297	239
368	176	288	219
371	183	282	200
383	170	291	198
371	190	263	188
368	193	246	203
441	165	286	222
412	182	276	213
457	177	260	218
661	167	208	261
307	111	280	274
529	138	245	350
222	148	352	325
321	128	436	361
30	110	503	420
9	30	539	467
290	78	583	498
0	50	501	463
311	110	509	478
87	77	418	373
52	24	499	432
197	44	533	448
47	50	459	459
101	49	569	491
59	58	434	475
114	39	444	474
46	0	593	478
153	49	430	472
184	53	417	435
196	69	455	394
212	76	464	381
228	84	466	362
250	91	429	364
308	96	402	355
310	85	419	360
285	126	451	349
343	118	404	368
352	119	427	377
365	144	440	345
374	126	432	361
382	68	427	443
367	95	425	459
359	121	427	467
419	84	401	506
412	106	429	488
451	97	412	501
453	120	415	522
446	167	425	491
466	101	387	536
449	111	410	553
453	131	403	521
444	102	401	544
453	134	402	512
427	104	420	544
429	106	411	530
413	95	420	554
414	124	421	510
405	135	423	496
393	118	424	514
378	99	426	529
359	64	421	570
357	53	402	568
337	54	405	568
331	98	413	532
316	87	421	531
308	66	407	562
310	76	405	543
296	58	410	569
304	114	416	529
277	76	434	563
286	33	412	606
301	34	398	606
247	53	410	583
265	68	414	574
