740	387	54	62
736	383	54	61
736	385	53	60
738	392	51	56
739	386	53	57
737	392	52	55
741	386	51	56
744	387	48	56
747	381	48	63
746	386	49	57
748	382	51	63
744	386	51	58
742	383	51	65
740	382	52	62
741	387	49	58
742	383	49	61
742	387	49	56
745	382	48	59
745	387	47	58
746	381	48	63
747	383	49	62
748	382	50	60
749	383	49	64
748	379	52	65
746	387	51	59
746	384	52	60
747	390	50	57
750	383	52	63
751	389	48	60
750	386	51	59
750	391	51	57
751	389	51	56
752	388	50	60
753	389	50	57
754	389	50	58
752	387	53	59
752	383	54	62
749	386	54	61
748	386	55	56
750	389	49	55
752	389	48	57
750	388	51	56
752	388	49	61
749	386	51	57
748	385	52	62
748	385	51	57
746	385	50	61
745	385	51	56
744	385	50	60
743	385	51	59
743	384	52	60
743	384	50	59
742	384	50	59
740	383	52	61
737	382	53	63
739	383	51	60
739	386	49	57
739	386	50	57
740	386	49	58
738	385	51	57
737	385	50	60
735	386	52	58
734	386	51	57
734	385	51	60
734	385	50	61
734	385	50	62
733	385	51	60
733	386	50	60
732	387	50	59
732	386	49	61
732	387	49	60
731	386	50	59
730	385	50	61
729	387	52	59
727	386	51	61
725	387	53	61
725	386	53	62
724	388	53	61
723	391	54	59
723	390	55	58
723	391	55	59
721	392	56	59
722	391	55	57
721	394	56	58
720	390	56	59
719	396	57	58
721	392	56	55
721	396	53	58
722	392	54	57
722	397	52	56
722	393	52	57
723	395	54	60
723	390	53	61
722	392	55	62
723	390	54	63
721	395	59	62
724	393	55	59
724	396	54	62
724	395	54	58
727	397	51	61
727	394	52	58
728	395	51	62
730	393	50	61
731	393	52	62
730	395	53	58
731	395	53	59
732	396	53	60
732	395	53	59
732	398	54	57
733	397	53	55
734	396	53	57
737	400	53	56
735	396	53	57
735	394	55	59
738	397	55	56
738	391	54	60
738	394	58	61
740	391	57	59
742	393	54	59
742	390	54	58
744	390	51	61
746	391	50	61
747	390	49	60
747	391	48	59
748	391	50	59
748	390	50	61
748	392	51	59
747	391	53	58
747	391	52	60
746	390	54	60
748	391	51	60
746	391	54	61
748	389	53	62
746	389	55	63
747	390	54	62
746	390	54	64
747	391	54	62
747	390	53	62
746	391	55	63
745	390	57	62
746	390	55	60
746	389	53	61
746	390	53	64
746	389	52	62
747	389	52	62
747	387	52	65
746	387	52	65
746	379	55	70
746	388	50	62
745	385	52	63
745	387	51	60
745	387	49	64
746	388	48	61
745	388	49	62
740	388	52	60
740	390	55	60
675	376	68	72
721	372	71	94
620	361	115	112
627	300	186	252
521	247	368	371
313	35	804	684
0	0	1280	720
97	0	1182	720
82	0	1197	720
0	0	1280	720
0	0	1280	720
0	0	1280	720
0	0	1280	720
0	0	1280	720
0	0	1280	720
0	0	1280	720
0	0	1280	720
0	0	1280	720
0	0	1280	720
0	0	1280	720
0	0	1280	720
0	0	1280	720
0	0	1280	720
0	0	1280	720
0	0	1280	720
0	0	1280	720
0	0	1280	720
0	0	1280	720
0	0	1280	720
0	0	1280	720
0	0	1280	720
0	0	1280	720
0	0	1280	720
0	0	1280	720
0	0	1280	720
0	0	1280	720
0	0	1280	720
0	0	1280	720
0	0	1280	720
0	0	1280	720
0	0	1280	720
0	0	1280	720
0	0	1280	720
0	0	1280	720
0	0	1280	720
0	0	1280	720
0	0	1280	720
0	0	1280	720
0	0	1280	720
0	0	1280	720
0	0	1280	720
0	0	1280	720
0	0	1280	720
0	0	1280	720
0	0	1280	720
0	0	1280	720
0	0	1280	720
0	0	1280	720
0	0	1280	720
0	0	1280	720
0	0	1280	720
0	0	1280	720
0	0	1280	720
0	0	1280	720
0	0	1280	720
0	0	1280	720
0	0	1280	720
0	0	1280	720
0	0	1280	720
0	0	1280	720
0	0	1280	720
0	0	1280	720
0	0	1280	720
0	0	1280	720
0	0	1280	720
0	0	1280	720
0	0	1280	720
0	0	1280	720
0	0	1280	720
0	0	1280	720
0	0	1280	720
0	0	1280	720
0	0	1280	720
0	0	1280	720
0	0	1280	720
0	0	1280	720
0	0	1280	720
0	0	1280	720
0	0	1280	720
0	0	1280	720
0	0	1280	720
0	0	1280	720
0	0	1280	720
0	0	1280	720
47	0	1232	720
167	0	1112	720
0	0	1280	720
0	0	1280	720
0	0	1280	720
0	0	1280	720
0	0	1280	720
0	0	1280	720
0	0	1280	720
0	0	1280	720
0	0	1280	720
0	0	1280	720
0	0	1280	720
0	0	1280	720
0	0	1280	720
0	0	1280	720
0	0	1280	720
0	0	1280	720
0	0	1280	720
0	0	1280	720
0	0	1280	720
0	0	1280	720
0	0	1280	720
0	0	1280	720
0	0	1280	720
0	0	1280	720
0	0	1280	720
0	0	1280	720
0	0	1280	720
0	0	1280	720
0	0	1280	720
0	0	1280	720
0	0	1280	720
0	0	1280	720
0	0	1280	720
0	0	1273	720
0	0	1231	720
0	0	1280	720
47	0	1214	720
137	0	1142	720
267	131	756	437
215	16	795	697
172	2	913	717
403	157	823	485
168	166	799	552
218	0	1014	720
242	66	924	512
199	0	1077	720
205	0	1074	720
211	92	1043	627
338	0	941	720
204	0	1075	720
141	0	1138	720
57	0	1222	720
541	159	738	560
312	0	967	720
52	0	1227	720
146	0	1133	720
320	0	959	720
0	0	1280	720
59	0	1220	720
0	0	1007	720
0	0	888	700
0	0	1181	720
0	0	1091	720
67	0	1086	667
0	0	1151	720
179	11	783	522
618	0	661	553
338	0	939	699
138	0	1035	716
405	50	797	527
301	0	905	709
646	0	633	720
730	198	549	466
474	0	805	720
387	0	892	720
202	0	1077	720
174	0	1105	720
0	0	1280	720
410	0	869	720
748	26	531	546
751	114	407	379
332	71	564	523
343	25	737	673
65	0	927	720
258	36	863	564
0	0	878	720
290	200	808	497
0	0	1146	720
0	0	1280	720
0	0	1148	720
0	59	629	660
0	0	1034	720
0	0	1280	720
0	0	1280	720
0	0	1280	720
0	0	1261	720
0	0	1048	720
0	0	837	720
0	0	1205	720
0	0	1241	720
0	0	1208	720
0	0	1134	720
0	0	1129	709
0	0	1027	720
0	0	1047	720
0	0	1063	718
0	0	1097	639
249	21	830	524
291	82	765	568
198	0	997	720
262	0	983	599
430	15	849	670
270	0	974	632
426	87	604	440
504	22	612	531
428	0	714	553
577	85	352	369
681	183	192	258
634	157	306	303
789	200	329	297
576	139	335	302
660	131	411	382
631	61	542	516
976	138	303	483
771	188	329	279
808	144	380	376
848	123	431	390
767	59	512	486
598	0	681	720
159	0	1120	720
153	0	1126	720
89	0	1190	720
0	0	1280	720
0	0	1280	720
0	0	1280	720
0	0	1280	720
0	0	1280	720
0	0	1280	720
0	0	1280	720
84	0	1195	720
182	0	1097	720
0	0	1280	720
234	0	1045	720
832	0	447	720
542	0	737	720
347	0	932	720
350	0	929	720
438	89	800	480
366	59	759	581
448	104	606	433
488	125	461	354
379	52	574	564
367	161	416	386
563	133	460	407
152	18	610	553
8	0	803	709
110	134	649	393
31	0	844	720
0	0	998	720
30	57	818	453
0	35	572	555
84	0	705	575
0	0	775	625
0	0	847	708
116	98	748	515
0	0	488	709
0	0	839	720
0	0	1278	720
0	0	1280	720
0	0	1280	720
0	0	1280	720
0	0	1280	720
0	0	1280	720
0	0	1280	720
0	0	1280	720
0	0	1280	720
0	0	1280	720
0	0	1280	720
0	0	1280	720
0	0	1280	720
0	0	1280	720
0	0	1280	720
0	0	1280	720
0	0	1280	720
0	0	1280	720
0	0	1280	720
0	0	1280	720
0	0	1280	720
0	0	1280	720
0	0	1280	720
0	0	1280	720
0	0	1280	720
0	0	1280	720
0	0	1280	720
0	0	1280	720
0	0	1280	720
0	0	1280	720
0	0	1280	720
0	0	1280	720
0	0	1280	720
0	0	1280	720
0	0	1280	720
0	0	1280	720
0	0	1280	720
0	0	1280	720
0	0	1280	720
0	0	1280	720
0	0	1280	720
0	0	1280	720
0	0	1280	720
0	0	1280	720
0	0	1280	720
0	0	1280	720
0	0	1280	720
0	0	1280	720
0	0	1280	720
0	0	1280	720
0	0	1280	720
0	0	1280	720
0	0	1280	720
0	0	1280	720
0	0	1280	720
0	0	1280	720
0	0	1280	720
0	0	1280	720
0	0	1280	720
0	0	1280	720
0	0	1280	720
0	0	1280	720
0	0	1280	720
0	0	1280	720
0	0	1280	720
0	0	1280	720
0	0	1280	720
0	0	1280	720
0	0	1280	720
0	0	1280	720
0	0	1280	720
0	0	1280	720
0	0	1280	720
0	0	1280	720
0	0	1280	720
0	0	1280	720
0	0	1280	720
0	0	1280	720
0	0	1280	720
0	0	1280	720
0	0	1280	720
97	0	1182	720
94	0	1185	720
297	0	982	720
28	0	1251	720
166	0	1113	720
217	0	1062	720
242	0	1037	720
238	0	1041	720
337	0	942	705
220	0	1059	720
210	0	1069	720
718	0	561	720
382	0	897	720
418	0	861	720
352	0	927	720
780	153	499	566
438	0	841	720
347	0	932	720
468	0	811	720
302	0	977	720
371	0	908	720
9	0	1270	720
328	168	885	551
30	0	1249	720
687	95	592	624
259	0	1020	720
184	43	1061	676
158	0	1121	720
141	86	1054	633
46	0	1233	720
449	158	830	561
33	0	1246	720
0	0	1183	720
0	0	1280	720
0	0	1280	720
0	0	1280	720
0	0	1280	720
0	0	1280	720
0	0	1280	720
0	0	1280	720
0	0	1280	720
0	0	1280	720
0	0	1280	720
0	0	1280	720
0	0	1280	720
0	0	1280	720
0	0	1280	720
0	0	1280	720
0	0	1280	720
0	0	1280	720
0	0	1280	720
0	0	1280	720
0	0	1280	720
0	0	1280	720
0	0	1280	720
0	0	1280	720
0	0	1280	720
0	0	1280	720
0	0	1280	720
0	0	1280	720
0	0	1280	720
0	0	1280	720
22	0	1257	720
0	0	1280	720
134	0	1145	720
300	0	979	720
0	0	1280	720
585	230	694	489
466	0	813	720
579	276	618	439
567	92	712	627
536	36	743	683
375	0	904	720
392	0	887	720
790	85	489	634
451	0	828	720
227	0	1052	720
726	162	553	557
421	0	858	720
47	0	1232	720
720	134	559	585
438	215	783	504
433	104	846	615
533	276	668	414
323	0	956	720
516	215	763	487
298	0	981	720
62	0	1217	720
165	0	1114	720
0	0	1280	720
422	0	857	718
223	0	1056	720
235	0	1044	720
86	0	1193	720
2	0	1208	720
200	0	1079	720
12	0	1267	720
68	0	1211	720
12	0	1181	720
0	0	1280	720
0	0	1280	720
0	0	1280	720
0	0	1280	720
0	0	1280	720
0	0	1280	720
0	0	1280	720
0	0	1280	720
0	0	1280	720
0	0	1280	720
0	0	1280	720
0	0	1280	720
0	0	1280	720
0	0	1280	720
0	0	1280	720
0	0	1280	720
0	0	1280	720
0	0	1280	720
0	0	1280	720
0	0	1280	720
0	0	1280	720
0	0	1280	720
0	0	1280	720
0	0	1280	720
0	0	1280	720
0	0	1280	720
0	0	1280	720
0	0	1280	720
0	0	1280	720
0	0	1280	720
0	0	1280	720
0	0	1280	720
0	0	1280	720
0	0	1280	720
0	0	1280	720
22	0	1257	720
472	32	807	687
0	334	863	385
0	0	1053	720
295	15	984	704
143	0	1136	720
82	0	1144	720
283	225	733	485
0	0	1269	720
94	0	1184	720
345	187	842	532
11	0	1268	720
279	181	834	510
319	0	877	720
174	0	1105	720
583	158	696	561
390	44	864	675
290	0	989	720
572	135	707	584
260	0	1019	720
610	177	669	542
336	0	943	720
288	0	991	720
0	0	1280	720
9	0	1239	720
0	0	1280	720
0	0	1280	720
0	0	1280	720
0	0	1280	720
0	0	1273	720
0	0	1280	720
0	0	1280	720
72	0	1207	720
367	161	912	535
219	0	1060	720
95	0	1184	720
9	0	1155	720
0	0	1237	720
0	0	1254	720
0	0	1280	720
84	0	1195	720
97	0	1182	720
0	0	1280	720
0	0	1280	720
0	0	1280	720
0	0	1280	720
0	0	1280	720
0	0	1280	720
134	0	1145	720
312	0	967	719
259	19	1020	700
357	288	922	431
231	0	1048	720
49	0	1230	720
193	0	1086	720
0	0	1280	720
272	230	726	489
173	0	1106	720
431	0	848	720
77	0	1202	720
504	185	775	534
226	0	1053	720
612	185	667	534
468	76	809	643
559	253	706	442
414	0	865	720
411	0	868	720
501	242	721	474
432	0	847	720
577	213	468	387
621	83	610	605
764	287	269	332
910	218	304	265
760	97	493	482
502	0	777	720
136	0	1143	720
0	0	1280	720
0	0	1280	720
0	0	1280	720
0	0	1280	720
0	0	1280	720
0	0	1280	720
0	0	1280	720
0	0	1280	720
0	0	1280	720
0	0	1280	720
0	0	1280	720
0	0	1280	720
0	0	1280	720
0	0	1280	720
9	0	1226	720
116	49	968	661
0	0	836	720
232	0	900	558
0	0	540	710
121	0	808	720
0	0	1000	684
75	0	1057	716
180	115	816	487
297	0	880	720
391	127	799	487
120	140	814	579
282	0	922	720
506	111	773	573
273	169	816	538
695	176	584	518
418	0	861	720
341	150	873	565
381	0	898	720
480	0	799	720
263	29	999	690
412	230	779	454
139	0	1140	720
847	0	432	698
473	0	806	720
386	0	893	720
316	0	963	720
783	171	496	548
641	69	638	626
529	238	725	481
650	145	629	523
393	0	886	720
395	0	884	720
761	64	518	655
531	0	748	720
500	0	779	682
363	0	916	720
341	0	938	720
367	23	912	696
341	0	938	720
281	0	998	720
511	145	768	574
251	0	1028	720
144	0	1135	720
154	0	1125	720
31	0	1248	720
0	0	1280	720
0	0	1280	720
0	0	1280	720
0	0	1280	720
0	0	1280	720
0	0	1280	720
0	0	1280	720
0	0	1280	720
0	0	1280	720
0	0	1280	720
0	0	1280	720
0	0	1280	720
0	0	1280	720
0	0	1280	720
0	0	1280	720
0	0	1280	720
0	0	1280	720
0	0	1280	720
0	0	1280	720
0	0	1280	720
0	0	1280	720
0	0	1280	720
0	0	1280	720
0	0	1280	720
0	0	1280	720
0	0	1280	720
0	0	1280	720
22	0	1257	720
0	0	1280	720
159	0	1120	720
153	0	1126	720
536	120	743	599
295	95	922	624
219	0	1039	720
633	141	646	578
291	0	988	720
572	92	707	627
367	0	911	720
513	0	766	720
408	85	871	634
559	0	720	699
425	0	854	720
256	0	1023	720
271	0	1008	720
616	100	663	619
552	0	727	708
491	0	788	720
901	100	378	609
581	2	663	619
391	0	888	720
404	0	875	720
445	0	834	720
778	0	501	700
562	0	717	720
636	0	643	720
529	0	750	720
268	0	1011	720
35	0	1244	720
0	0	1280	720
0	0	1280	720
0	0	1280	720
0	0	1280	720
0	0	1280	720
0	0	1248	720
0	0	1280	720
0	0	710	720
0	0	986	720
0	0	1280	720
0	0	1280	720
184	92	938	525
0	0	944	718
521	140	758	579
94	0	942	720
314	119	590	429
377	0	689	647
631	111	648	505
535	0	744	720
579	165	649	429
529	0	750	715
700	96	579	554
515	0	764	720
806	114	473	599
589	0	690	720
296	0	983	720
0	0	1280	720
0	0	1280	720
0	0	1280	720
0	0	1280	720
0	0	1280	720
0	0	1280	720
0	0	1280	720
0	0	1280	720
0	0	1280	720
0	0	1280	720
0	0	1280	720
0	0	1280	720
0	0	1280	720
0	0	1280	720
0	0	1280	720
0	0	1280	720
0	0	1280	720
0	0	1280	720
0	0	1280	720
0	0	1280	720
0	0	1280	720
0	0	1280	720
0	0	1280	720
0	0	1280	720
0	0	1280	720
0	0	1280	720
0	0	1280	720
0	0	1280	720
0	0	1280	720
0	0	1280	720
0	0	1280	720
0	0	1280	720
0	0	1280	720
0	0	1280	720
0	0	1280	720
0	0	1280	720
0	0	1280	720
0	0	1280	720
0	0	1280	720
0	0	1280	720
0	0	1280	720
0	0	1280	720
0	0	1280	720
0	0	1280	720
0	0	1280	720
0	0	1280	720
0	0	1280	720
0	0	1280	720
0	0	1280	720
0	0	1280	720
0	0	1280	720
0	0	1280	720
0	0	1280	720
0	0	1280	720
0	0	1280	720
0	0	1280	720
0	0	1280	720
0	0	1280	720
0	0	1280	720
0	0	1280	720
0	0	1280	720
0	0	1280	720
0	0	1280	720
0	0	1280	720
0	0	1280	720
0	0	1280	720
0	0	1280	720
0	0	1280	720
0	0	1280	720
0	0	1280	720
0	0	1280	720
0	0	1280	720
0	0	1280	720
0	0	1280	720
0	0	1280	720
0	0	1280	720
0	0	1280	720
0	0	1280	720
0	0	1280	720
0	0	1280	720
0	0	1280	720
0	0	1280	720
0	0	1280	720
0	0	1280	720
0	0	1280	720
0	0	1280	720
0	0	1280	720
0	0	1280	720
0	0	1280	720
0	0	1280	720
0	0	1280	720
0	0	1280	720
0	0	1280	720
0	0	1280	720
0	0	1280	720
0	0	1280	720
0	0	1280	720
0	0	1280	720
0	0	1280	720
0	0	1280	720
0	0	1280	720
0	0	1280	720
0	0	1280	720
0	0	1280	720
0	0	1280	720
0	0	1280	720
0	0	1280	720
0	0	1280	720
0	0	1280	720
72	0	1207	720
355	0	924	720
239	0	1040	720
620	107	659	564
748	180	531	477
361	2	722	643
595	196	337	409
408	0	790	720
593	120	686	599
490	191	393	376
374	6	722	713
320	125	655	402
464	117	522	341
288	0	892	720
0	0	678	720
0	0	919	720
0	0	943	720
0	0	1231	720
0	0	1280	720
0	0	1280	720
0	0	1280	720
22	0	1257	720
0	0	1280	720
0	0	1280	720
0	0	1280	720
0	0	1280	720
0	0	1280	720
0	0	1280	720
0	0	1280	720
0	0	1280	720
0	0	1280	720
0	0	1280	720
0	0	1280	720
0	0	1280	720
0	0	1280	720
0	0	1280	720
0	0	1280	720
0	0	1280	720
0	0	1280	720
0	0	1280	720
0	0	1280	720
0	0	1280	720
234	0	1045	720
86	0	1193	720
231	0	1048	720
264	0	1015	720
378	0	901	720
184	0	1095	720
623	135	656	579
675	205	297	297
683	236	290	217
621	189	331	272
620	175	368	277
699	171	375	304
647	202	343	229
513	180	388	347
538	137	474	417
564	36	614	551
171	119	774	600
403	229	666	462
350	31	774	688
363	172	695	409
256	33	702	598
97	0	829	659
132	85	703	414
51	8	746	690
290	125	749	505
28	182	513	361
159	57	595	550
0	0	1006	720
0	0	1265	720
0	0	1280	720
0	0	1280	720
0	0	1280	720
0	0	1280	720
0	0	1280	720
0	0	1280	720
0	0	1280	720
0	0	1280	720
0	0	1280	720
0	0	1280	720
0	0	1280	720
0	0	1280	720
0	0	1280	720
0	0	1280	720
0	0	1280	720
0	0	1280	720
0	0	1280	720
0	0	1280	720
0	0	1280	720
0	0	1280	720
0	0	1280	720
0	0	1280	720
0	0	1280	720
0	0	1280	720
0	0	1280	720
0	0	1280	720
0	0	1280	720
0	0	1280	720
0	0	1280	720
0	0	1280	720
0	0	1280	720
0	0	1280	720
0	0	1280	720
0	0	1280	720
0	0	1280	720
0	0	1280	720
0	0	1280	720
0	0	1280	720
0	0	1280	720
0	0	1280	720
0	0	1280	720
109	0	1170	720
0	0	1280	720
397	0	882	720
3	0	1276	720
0	0	1280	720
0	0	1280	720
0	0	1280	720
0	0	1148	720
0	0	1280	720
0	0	1280	720
0	0	1223	720
0	0	1219	720
31	0	1197	720
44	0	1235	720
350	0	929	720
277	0	1002	720
221	0	1058	720
404	48	751	489
674	148	605	466
794	212	485	443
563	0	716	720
468	0	811	720
282	0	997	720
0	0	1280	720
0	0	1280	720
0	0	1280	720
22	0	1257	720
0	0	1280	720
197	130	1082	589
0	0	1280	720
0	0	1280	720
0	0	1086	720
0	0	1092	720
0	0	1224	720
0	0	1244	720
0	0	1086	720
0	0	1280	720
510	92	769	627
475	248	362	317
539	131	517	566
287	122	705	543
565	149	670	570
340	165	790	554
646	51	633	638
570	185	472	406
639	49	640	628
774	87	505	513
433	129	657	524
713	235	566	484
871	174	408	443
501	167	538	433
970	192	309	503
649	236	401	298
613	63	627	636
809	197	470	522
576	0	703	720
275	0	1004	720
0	0	1280	720
0	0	1280	720
0	0	1280	720
0	0	1280	720
0	0	1280	720
0	0	1280	720
0	0	1280	720
0	0	1280	720
0	0	1280	720
0	0	1280	720
0	0	1280	720
0	0	1280	720
34	0	1245	720
0	0	1280	720
0	0	1280	720
0	0	1280	720
0	0	1280	720
0	0	1280	720
0	0	1280	720
0	0	1280	720
0	0	1280	720
0	0	1280	720
0	0	1280	720
0	0	1280	720
0	0	1280	720
0	0	1280	720
0	0	1280	720
0	0	1280	720
0	0	1280	720
0	0	1280	720
0	0	1280	720
0	0	1280	720
0	0	1280	720
0	0	1280	720
0	0	1280	720
0	0	1280	720
0	0	1280	720
0	0	1280	720
0	0	1280	720
0	0	1280	720
0	0	1280	720
0	0	1280	720
0	0	1280	720
0	0	1280	720
0	0	1280	720
0	0	1280	720
0	0	1280	720
0	0	1280	720
0	0	1280	720
0	0	1280	720
0	0	1280	720
0	0	1280	720
0	0	1236	720
0	0	1280	720
0	0	1236	720
0	0	1280	720
259	0	1020	655
0	0	872	697
0	0	1205	720
197	51	1082	668
0	27	956	692
166	178	828	467
74	0	1184	720
445	90	834	629
113	0	1029	720
556	131	723	588
285	0	994	720
569	91	710	628
502	0	777	720
283	0	996	720
258	0	1021	720
463	143	704	447
483	0	796	720
581	158	631	483
563	30	713	620
431	0	848	720
556	0	723	720
500	0	779	720
457	0	822	720
483	0	796	720
572	0	707	720
354	0	925	720
217	0	1062	720
0	0	1280	720
0	0	1280	720
0	0	1280	720
0	0	1280	720
0	0	1280	720
0	0	1280	720
0	0	1280	720
385	0	894	720
12	0	1267	720
604	0	675	720
202	0	1077	720
254	0	1025	720
23	0	1256	720
697	132	582	587
390	0	889	720
299	0	980	720
84	0	1195	720
302	162	871	520
0	0	981	720
0	0	990	684
8	0	1095	720
134	0	1145	720
63	0	1216	720
484	13	795	634
26	0	944	642
231	0	955	602
0	0	903	673
132	0	1147	720
0	0	1280	720
159	0	1120	720
528	0	751	720
267	0	1012	720
302	0	977	720
0	0	1280	720
0	0	1280	720
0	0	1280	720
47	0	1232	720
44	0	1235	720
0	0	1280	720
84	0	1195	720
0	0	1280	720
0	0	1280	720
0	0	1280	720
0	0	1280	720
0	0	1280	720
0	0	1280	720
0	0	1280	720
0	0	1280	720
0	0	1280	720
0	0	1280	720
0	0	1280	720
0	0	1280	720
0	0	1280	720
0	0	1280	720
0	0	1280	720
0	0	1280	720
0	0	1280	720
0	0	1280	720
0	0	1280	720
0	0	1280	720
0	0	1280	720
0	0	1280	720
0	0	1280	720
0	0	1280	720
0	0	1280	720
0	0	1280	720
0	0	1280	720
0	0	1280	720
0	0	1280	720
0	0	1280	720
0	0	1280	720
0	0	1280	720
0	0	1280	720
0	0	1280	720
0	0	1280	720
0	0	1280	720
0	0	1280	720
0	0	1280	720
0	0	1280	720
0	0	1280	720
0	0	1280	720
0	0	1280	720
0	0	1280	720
0	0	1280	720
0	0	1280	720
0	0	1280	720
0	0	1280	720
0	0	1280	720
0	0	1280	720
0	0	1280	720
0	0	1280	720
0	0	1280	720
0	0	1280	720
0	0	1280	720
0	0	1280	720
0	0	1280	720
0	0	1280	720
0	0	1280	720
0	0	1280	720
0	0	1280	720
0	0	1280	720
0	0	1280	720
0	0	1280	720
0	0	1280	720
0	0	1280	720
0	0	1280	720
0	0	1280	720
0	0	1280	720
0	0	1280	720
0	0	1280	720
0	0	1280	720
0	0	1280	720
0	0	1280	720
0	0	1280	720
0	0	1280	720
0	0	1280	720
0	0	1280	720
0	0	1280	720
0	0	1280	720
0	0	1280	720
0	0	1280	720
0	0	1280	720
0	0	1280	720
0	0	1280	720
0	0	1280	720
0	0	1280	720
0	0	1280	720
0	0	1280	720
0	0	1280	720
0	0	1280	720
0	0	1280	720
0	0	1280	720
0	0	1280	720
0	0	1280	720
0	0	1280	720
0	0	1280	720
0	0	1280	720
0	0	1280	720
0	0	1280	720
0	0	1280	720
0	0	1280	720
0	0	1280	720
0	0	1280	720
0	0	1280	720
0	0	1280	720
0	0	1280	720
0	0	1280	720
0	0	1280	720
0	0	1280	720
0	0	1280	720
0	0	1280	720
0	0	1280	720
0	0	1280	720
0	0	1280	720
0	0	1280	720
0	0	1280	720
0	0	1280	720
0	0	1280	720
0	0	1280	720
0	0	1280	720
0	0	1280	720
0	0	1280	720
0	0	1280	720
0	0	1280	720
0	0	1280	720
0	0	1280	720
0	0	1280	720
0	0	1280	720
0	0	1280	720
0	0	1280	720
0	0	1280	720
0	0	1280	720
0	0	1280	720
0	0	1280	720
0	0	1280	720
0	0	1280	720
0	0	1280	720
0	0	1280	720
0	0	1280	720
0	0	1280	720
0	0	1280	720
0	0	1280	720
0	0	1280	720
0	0	1280	720
0	0	1280	720
0	0	1280	720
0	0	1280	720
0	0	1280	720
0	0	1280	720
0	0	1280	720
0	0	1280	720
0	0	1280	720
0	0	1280	720
0	0	1280	720
0	0	1280	720
0	0	1280	720
0	0	1280	720
0	0	1280	720
0	0	1280	720
0	0	1280	720
0	0	1280	720
0	0	1280	720
0	0	1280	720
0	0	1280	720
0	0	1280	720
0	0	1280	720
0	0	1280	720
0	0	1280	720
0	0	1280	720
0	0	1280	720
0	0	1280	720
0	0	1280	720
0	0	1280	720
0	0	1280	720
0	0	1280	720
0	0	1280	720
0	0	1280	720
0	0	1280	720
0	0	1280	720
0	0	1280	720
0	0	1280	720
0	0	1280	720
0	0	1280	720
0	0	1280	720
0	0	1280	720
0	0	1280	720
0	0	1280	720
0	0	1280	720
0	0	1280	720
0	0	1280	720
0	0	1280	720
0	0	1280	720
0	0	1280	720
0	0	1280	720
0	0	1280	720
0	0	1280	720
0	0	1280	720
0	0	1280	720
0	0	1280	720
0	0	1280	720
0	0	1280	720
0	0	1280	720
0	0	1280	720
0	0	1280	720
0	0	1280	720
0	0	1280	720
0	0	1280	720
0	0	1280	720
0	0	1280	720
0	0	1280	720
0	0	1280	720
0	0	1280	720
0	0	1280	720
0	0	1280	720
0	0	1280	720
0	0	1280	720
0	0	1280	720
0	0	1280	720
0	0	1280	720
0	0	1280	720
0	0	1280	720
0	0	1280	720
0	0	1280	720
0	0	1280	720
0	0	1280	720
0	0	1280	720
0	0	1280	720
0	0	1280	720
0	0	1280	720
0	0	1280	720
0	0	1280	720
0	0	1280	720
0	0	1280	720
0	0	1280	720
0	0	1280	720
0	0	1280	720
0	0	1280	720
0	0	1280	720
0	0	1280	720
0	0	1280	720
0	0	1280	720
0	0	1280	720
0	0	1280	720
0	0	1280	720
0	0	1280	720
0	0	1280	720
0	0	1280	720
0	0	1280	720
0	0	1280	720
0	0	1280	720
0	0	1280	720
0	0	1280	720
0	0	1280	720
0	0	1280	720
0	0	1280	720
0	0	1280	720
0	0	1280	720
0	0	1280	720
0	0	1280	720
0	0	1280	720
0	0	1280	720
0	0	1280	720
0	0	1280	720
0	0	1280	720
0	0	1280	720
0	0	1280	720
0	0	1280	720
172	0	1107	720
547	0	732	635
430	0	849	720
239	0	1040	720
676	130	603	589
228	118	723	544
489	93	621	433
466	57	663	568
354	0	833	659
429	142	667	473
540	0	674	567
575	167	467	371
557	166	527	488
514	31	681	635
526	148	506	369
478	49	626	609
635	85	644	483
365	0	793	702
496	94	783	625
44	75	821	547
574	127	647	551
171	88	701	514
550	0	681	663
63	0	850	618
381	97	709	520
368	0	815	592
256	0	970	720
465	40	814	621
99	59	742	500
157	0	914	720
314	112	645	454
578	0	692	556
160	0	1019	720
387	110	838	592
352	0	927	651
346	88	820	617
252	0	937	663
347	60	812	586
291	0	864	629
296	0	983	720
619	81	660	625
242	0	1037	720
126	0	1153	720
81	0	1198	720
22	0	1223	720
164	0	1115	720
121	0	1158	720
113	0	1166	720
0	0	1218	720
0	0	1264	720
179	0	1100	720
40	0	1195	720
41	0	1238	720
0	0	1247	720
0	0	1280	720
0	0	1148	720
356	0	923	720
0	0	1280	720
97	0	1182	720
648	66	631	653
90	0	912	720
109	0	1057	720
0	0	1280	720
59	0	1220	720
54	0	1225	720
0	0	1280	720
9	0	1270	720
0	0	1280	720
0	0	1280	720
0	0	1280	720
9	0	1270	720
241	68	885	548
99	0	972	639
365	0	894	604
0	0	1010	672
437	85	752	537
105	0	1174	720
460	0	819	679
438	63	710	437
209	0	785	607
427	30	756	567
102	0	922	643
479	77	733	502
162	0	1117	720
38	0	1204	720
381	100	874	582
191	0	996	705
653	53	626	666
205	72	775	530
246	0	878	720
464	97	777	560
0	0	850	528
710	51	507	620
281	95	673	482
243	0	795	617
418	0	831	670
129	0	944	720
285	76	720	462
199	0	933	720
469	35	810	609
0	43	789	568
557	0	628	673
87	0	874	613
435	150	592	468
372	0	707	622
194	0	873	585
600	37	679	596
0	0	829	681
666	0	613	621
229	0	942	720
438	87	841	632
37	0	1170	720
295	0	984	720
212	59	944	660
0	0	959	695
167	0	1096	720
0	0	1024	720
127	0	1086	720
0	0	700	667
26	0	1025	720
299	0	862	568
0	0	809	619
364	56	646	498
470	96	606	384
362	40	680	573
438	177	366	399
365	6	663	678
396	115	595	525
626	39	568	466
525	216	624	503
652	195	577	438
498	149	656	570
903	144	376	566
349	100	632	577
197	0	819	575
227	0	931	720
252	0	1025	708
471	72	808	622
0	93	742	626
234	0	907	720
842	0	437	672
931	15	348	452
653	37	538	377
714	18	488	405
707	74	307	354
441	52	422	379
509	88	380	375
461	91	409	370
420	87	380	355
542	66	446	340
509	179	355	249
682	278	163	174
676	319	154	165
674	315	149	178
673	306	147	190
667	308	155	190
670	302	152	192
658	297	176	198
665	310	158	190
667	304	154	201
669	301	151	200
665	323	145	188
661	317	147	188
660	313	147	197
657	315	149	193
654	315	150	192
652	320	151	187
650	325	149	186
650	326	148	185
644	331	151	179
641	336	148	180
640	343	153	172
635	343	152	178
633	348	152	172
631	348	152	173
632	349	150	171
633	351	145	172
628	349	140	169
629	339	140	184
627	338	143	181
629	339	140	180
630	338	141	182
631	338	144	180
629	335	143	178
633	338	137	181
631	335	142	183
631	333	139	183
629	327	143	187
634	334	141	179
633	329	139	185
633	333	140	182
634	326	143	191
633	332	147	186
635	329	149	190
636	333	151	184
637	338	152	181
639	341	152	175
639	338	151	179
639	341	154	176
643	338	148	178
640	344	153	176
647	337	143	182
644	341	147	179
645	342	148	180
648	340	143	183
649	338	141	186
649	337	141	184
648	334	143	187
646	335	145	186
645	337	145	184
646	332	145	188
645	328	146	192
643	332	149	186
641	333	152	182
635	336	156	180
636	336	153	182
636	332	150	189
635	334	152	189
635	341	148	184
635	344	144	174
636	342	138	184
634	343	139	179
633	343	138	181
633	345	138	182
634	342	134	186
630	345	142	184
631	346	141	186
631	347	146	184
632	350	145	177
633	352	142	176
633	351	142	179
633	350	137	179
631	353	143	182
633	357	147	177
634	360	141	173
633	361	139	177
634	363	141	178
635	368	140	178
637	376	134	173
639	372	139	181
640	392	134	163
641	380	145	182
643	392	140	161
645	373	145	184
649	386	147	171
653	384	151	171
661	389	151	166
670	384	153	169
680	389	153	166
688	379	152	169
694	371	152	173
699	361	157	178
707	360	159	177
714	347	160	173
724	335	162	186
731	339	163	177
739	327	160	173
749	324	158	182
756	316	159	182
764	313	160	182
772	310	158	183
780	303	155	191
782	301	157	191
783	307	160	183
789	306	156	177
797	303	154	180
797	307	152	178
797	310	155	170
800	307	150	171
790	306	153	180
799	307	147	182
795	313	153	173
794	308	151	176
795	310	153	183
792	311	153	164
787	316	153	176
783	311	154	167
778	310	157	178
777	313	159	174
774	315	156	174
769	313	157	168
760	311	155	171
750	311	155	176
742	304	179	181
741	316	155	165
745	301	152	196
742	302	148	182
725	300	172	195
731	311	153	165
728	301	147	189
729	297	150	191
728	295	148	190
723	303	155	177
722	303	156	182
722	298	156	184
724	299	155	190
727	295	150	188
724	318	153	173
728	308	140	172
724	312	146	180
722	309	150	180
722	314	148	182
722	306	148	189
717	321	150	179
719	311	147	186
716	319	147	184
716	320	148	182
714	325	150	178
714	324	149	179
711	331	153	175
712	328	152	175
712	336	151	174
713	334	150	174
714	338	150	173
716	329	145	176
713	335	144	175
714	333	145	176
717	333	143	179
717	329	142	178
717	332	145	176
720	326	146	177
721	332	145	176
724	326	146	175
725	321	146	185
728	314	143	193
730	316	145	187
731	317	146	187
732	314	144	185
731	312	147	190
736	315	146	188
737	313	145	190
740	316	149	188
741	311	146	186
738	322	153	181
743	318	147	182
736	318	152	180
734	321	157	174
738	321	155	177
740	314	154	182
735	319	159	181
741	320	157	177
742	314	152	181
738	319	160	180
742	316	155	179
736	320	157	181
739	319	151	180
736	320	151	185
734	318	153	181
732	321	156	184
734	322	153	177
730	321	157	183
726	319	157	179
723	323	155	183
722	323	156	176
722	320	156	186
717	323	160	180
716	319	155	186
709	319	159	186
707	323	159	180
704	319	157	179
698	329	155	177
695	324	155	171
696	324	151	181
689	323	159	177
691	325	158	180
688	326	160	171
687	331	156	175
684	325	155	181
676	334	157	177
675	324	159	185
665	339	150	183
663	335	145	171
661	336	144	181
658	335	141	185
659	342	139	179
653	341	138	175
655	336	140	191
653	335	143	183
654	337	131	177
652	344	121	171
646	346	127	171
636	344	135	171
635	339	139	168
638	329	137	171
642	322	136	184
643	318	140	190
634	302	151	203
626	322	171	176
641	314	149	174
641	314	147	181
644	321	152	173
647	320	150	173
647	320	152	177
650	318	152	173
653	321	154	180
658	321	156	169
663	324	153	181
669	325	152	173
673	328	154	171
673	326	155	170
669	330	156	167
670	330	154	167
680	331	155	165
681	330	152	171
689	335	151	164
697	327	146	175
702	331	152	167
711	328	152	172
716	321	154	173
727	325	153	175
730	322	156	175
738	323	155	175
744	321	153	176
749	319	154	178
756	318	153	181
763	317	152	178
767	313	148	187
769	308	157	189
768	314	148	182
772	312	150	182
773	312	149	183
776	308	149	187
775	311	146	181
775	314	148	182
778	310	144	183
775	312	144	180
779	315	142	176
779	313	145	176
778	313	145	175
784	312	141	181
777	296	146	198
784	325	148	180
783	318	151	175
790	329	149	183
795	309	153	209
791	336	158	184
805	334	151	189
809	361	146	168
816	347	145	188
815	377	157	161
837	357	193	175
836	358	199	173
846	378	186	155
885	377	164	155
895	379	177	166
914	378	186	152
929	384	180	155
964	371	174	159
974	387	174	150
1001	373	162	147
1023	369	164	170
1035	362	172	157
1062	353	165	165
1077	345	168	163
1093	339	155	168
1126	340	135	160
1132	328	132	184
1146	319	130	188
924	355	194	194
1163	340	88	210
940	384	173	176
887	273	246	248
841	164	306	300
1013	182	266	308
748	125	385	340
745	0	534	634
425	0	854	720
10	0	1269	720
0	0	1280	720
0	0	1280	720
0	0	1280	720
0	0	1280	720
0	0	1280	720
0	0	1280	720
0	0	1280	720
0	0	1280	720
0	0	1280	720
0	0	1280	720
0	0	1280	720
0	0	1280	720
0	0	1280	720
0	0	1280	720
0	0	1280	720
0	0	1280	720
0	0	1280	720
0	0	1280	720
0	0	1280	720
0	0	1280	720
0	0	1280	720
0	0	1280	720
0	0	1211	720
0	0	1280	720
0	0	1280	720
0	0	1280	720
0	0	1280	720
0	0	1280	720
0	0	1280	720
0	0	1280	720
0	0	1280	720
0	0	1280	720
0	0	1280	720
0	0	1280	720
0	0	1280	720
0	0	1280	720
0	0	1280	720
0	0	1280	720
134	0	1145	720
430	0	849	720
708	30	571	689
647	0	632	584
612	0	667	720
635	85	644	434
775	93	504	379
900	75	379	507
630	0	649	687
524	0	755	698
510	0	769	677
713	0	566	570
645	60	634	615
544	0	735	609
454	0	825	668
321	0	958	720
406	74	834	519
417	0	862	614
655	0	624	626
499	0	780	702
625	9	654	569
551	0	728	649
661	0	618	492
191	42	661	575
712	85	402	346
644	47	515	501
435	0	689	574
514	46	648	467
563	169	351	316
516	108	443	361
469	135	370	307
450	120	387	335
412	117	404	333
459	124	397	306
661	203	241	204
694	290	174	156
702	270	157	185
698	269	158	180
692	272	158	182
684	265	159	175
676	260	148	187
671	262	154	185
668	257	152	181
666	255	149	188
661	255	148	183
659	253	149	190
656	257	149	184
651	260	149	186
656	267	145	182
651	268	149	179
653	276	149	176
663	273	142	178
663	293	136	165
659	286	135	177
660	303	129	165
659	299	135	174
660	311	130	164
661	307	139	177
669	311	127	170
676	319	130	175
673	316	136	156
682	322	129	169
686	313	137	166
689	309	135	177
699	305	141	176
710	304	133	168
715	301	135	178
715	303	140	166
717	290	147	185
729	293	148	183
732	291	150	180
733	286	152	193
744	293	152	170
763	293	136	191
763	287	133	190
758	288	157	195
767	284	160	178
778	310	141	174
785	298	135	178
781	286	163	190
795	295	142	158
791	297	149	170
777	279	185	189
801	305	149	166
803	290	143	180
800	290	149	183
801	288	161	187
806	301	147	177
813	298	143	173
806	298	160	185
809	306	150	157
805	306	156	174
816	310	144	168
810	306	142	177
817	307	141	184
813	317	147	162
813	308	141	185
815	314	143	175
808	307	144	188
815	317	142	178
812	314	143	183
816	316	143	179
813	315	146	182
822	320	145	179
814	314	143	183
819	329	141	175
817	321	137	184
815	325	147	176
816	325	147	177
817	324	147	179
814	322	148	180
811	326	151	179
810	322	150	184
813	322	147	189
814	318	146	191
810	324	148	187
812	319	145	191
812	324	146	189
813	323	139	191
811	328	138	187
808	333	136	186
809	336	137	187
810	341	136	176
811	347	137	173
818	355	125	161
808	352	133	164
810	358	131	160
812	356	132	162
811	354	136	165
810	350	138	166
813	351	136	162
809	346	136	161
806	341	141	166
808	339	140	166
806	330	143	169
808	325	146	181
810	321	146	180
808	317	150	186
811	318	148	177
812	317	150	182
813	314	149	183
814	310	153	190
820	306	146	195
822	310	148	190
823	306	146	195
821	306	156	198
827	317	151	170
831	309	149	193
834	310	150	174
832	324	152	173
833	317	152	161
837	313	151	184
840	315	152	166
843	312	151	176
844	310	153	172
849	312	153	178
852	310	153	172
858	313	150	175
856	309	152	174
863	306	151	185
866	306	152	172
878	315	150	178
