0.014403
0.223483
0.212332
0.218288
0.201639
0.212301
0.220900
0.229732
0.224819
0.220276
0.196591
0.196506
0.219167
0.215069
0.211653
0.231809
0.223856
0.209546
0.215294
0.205959
0.204028
0.198551
0.212119
0.218358
0.215220
0.213120
0.207308
0.198719
0.215399
0.236049
0.219254
0.235327
0.219413
0.226110
0.215333
0.242087
0.230821
0.230246
0.228079
0.221722
0.232621
0.231686
0.219543
0.227047
0.219666
0.214697
0.216243
0.223825
0.216845
0.207184
0.237341
0.206471
0.246886
0.204269
0.228448
0.214367
0.228242
0.204364
0.200018
0.199222
0.223801
0.225318
0.231475
0.234784
0.230067
0.260271
0.217095
0.220008
0.235371
0.221913
0.240002
0.195894
0.202350
0.219449
0.230559
0.210084
0.218219
0.202105
0.229974
0.215019
0.226079
0.202029
0.216277
0.222959
0.221392
0.228942
0.225337
0.222243
0.226367
0.196298
0.235896
0.237507
0.214931
0.220741
0.221555
0.231031
0.239121
0.227201
0.204225
0.211920
0.217333
0.225879
0.229491
0.230275
0.223813
0.220631
0.249463
0.203786
0.232692
0.252438
0.222337
0.211185
0.238075
0.237072
0.223470
0.196585
0.208437
0.222054
0.219586
0.225364
0.212949
0.217689
0.198689
0.223659
0.215174
0.221217
0.214431
0.222856
0.220859
0.230236
0.190958
0.233164
0.216436
0.227542
0.217596
0.234634
0.209715
0.208422
0.207931
0.202818
0.209747
0.212441
0.231740
0.216291
0.212151
0.218873
0.247099
0.218230
0.226935
0.206630
0.202069
0.204804
0.236670
0.228963
0.226437
0.218852
0.223841
0.229884
0.211247
0.207400
0.217115
0.219276
0.214911
0.216868
0.210593
0.230757
0.218711
0.222568
0.228575
0.233992
0.227266
0.222460
0.212664
0.211236
0.207765
0.223592
0.221408
0.221650
0.215826
0.217631
0.245552
0.208180
0.247376
0.226344
0.216148
0.214450
0.222346
0.221163
0.238481
0.208750
0.214230
0.206716
0.242348
0.221221
0.210867
0.213629
0.232601
0.219318
0.226842
0.194213
0.204466
0.223108
0.223246
0.219616
0.221880
0.219984
0.226065
0.216737
0.247658
0.218101
0.308039
0.217821
0.199414
0.263993
0.239510
0.266747
0.210628
0.204795
0.221325
0.230404
0.211729
0.244478
0.242946
0.243045
0.226080
0.230432
0.217496
0.227533
0.219453
0.221097
0.214297
0.196700
0.225158
0.233569
0.239523
0.242599
0.204342
0.204935
0.199428
0.213888
0.228492
0.202340
0.208333
0.234028
0.216944
0.226479
0.238760
0.221398
0.206779
0.208658
0.220371
0.215657
0.235034
0.221422
0.216518
0.204385
0.223323
0.223271
0.246378
0.244765
0.215622
0.221777
0.254125
0.255452
0.233014
0.222314
0.210571
0.216420
0.223529
0.222223
0.202811
0.230757
0.219859
0.223581
0.255220
0.208709
0.200309
0.218954
0.218646
0.234358
0.244426
0.219465
0.226115
0.228228
0.221772
0.226515
0.226020
0.242840
0.228134
0.230525
0.245585
0.235445
0.214859
0.228040
0.203714
0.201747
0.217232
0.211946
0.236530
0.204288
0.231363
0.219966
0.222531
0.220887
0.236635
0.250967
0.253009
0.225454
0.212169
0.239323
0.224529
0.221625
0.216611
0.208302
0.214401
0.217905
0.235338
0.226385
0.218107
0.230512
0.228443
0.225174
0.235522
0.226505
0.223575
0.228581
0.207054
0.226874
0.231860
0.239080
0.249230
0.252689
0.242349
0.228776
0.227028
0.200416
0.214837
0.219642
0.225388
0.218664
0.227754
0.220723
0.234423
0.246323
0.231689
0.233519
0.237189
0.225890
0.221883
0.217332
0.211456
0.214233
0.205563
0.204263
0.201220
0.203471
0.201880
0.235158
0.221112
0.221047
0.212587
0.241333
0.213765
0.233426
0.214839
0.229904
0.236440
0.223009
0.242057
0.229063
0.245287
0.236476
0.210576
0.211616
0.235734
0.206525
0.223229
0.219606
0.214671
0.248784
0.229574
0.218389
0.222893
0.242063
0.251814
0.247702
0.232133
0.220150
0.215602
0.194919
0.204550
0.200951
0.230418
0.216577
0.213002
0.222211
0.211952
0.254522
0.215248
0.220525
0.239470
0.200248
0.204823
0.236523
0.246274
0.231440
0.237889
0.239459
0.240842
0.236558
0.211265
0.213954
0.233848
0.205783
0.206734
0.247577
0.219780
0.213733
0.212842
0.237835
0.212836
0.231919
0.216740
0.214631
0.205768
0.211186
0.196383
0.217528
0.215236
0.212460
0.222638
0.224894
0.226212
0.232696
0.245003
0.261098
0.216850
0.260655
0.210579
0.210589
0.251416
0.249477
0.227755
0.224500
0.215539
0.222186
0.212561
0.227782
0.220382
0.227397
0.229970
0.203006
0.256101
0.231140
0.216790
0.217445
0.215425
0.220110
0.216895
0.220285
0.226685
0.194939
0.221716
0.220528
0.259923
0.266313
0.216802
0.234298
0.213519
0.242644
0.253607
0.230863
0.225406
0.213300
0.202822
0.231788
0.219387
0.209682
0.223344
0.205042
0.226886
0.211075
0.216588
0.218262
0.245001
0.244558
0.224777
0.219976
0.215819
0.221280
0.221101
0.246340
0.239664
0.254803
0.235751
0.239049
0.242843
0.246602
0.247709
0.248123
0.249402
0.260340
0.235427
0.243064
0.224174
0.202330
0.216144
0.233384
0.261228
0.264250
0.243137
0.231765
0.229373
0.221959
0.214175
0.225380
0.213970
0.228488
0.233714
0.230328
0.216930
0.253328
0.218833
0.236125
0.220786
0.239771
0.226473
0.244339
0.252867
0.229129
0.226964
0.223614
0.235037
0.229970
0.243619
0.237689
0.231524
0.232964
0.219029
0.241694
0.217589
0.238888
0.230079
0.240170
0.242903
0.208951
0.208996
0.259574
0.225964
0.239119
0.212576
0.210037
0.235334
0.232632
0.242788
0.237873
0.234772
0.233313
0.235547
0.227579
0.227606
0.225950
0.240259
0.238008
0.213340
0.223010
0.225968
0.248085
0.208649
0.232124
0.219152
0.235323
0.211771
0.223176
0.218444
0.230116
0.215508
0.215371
0.243169
0.217987
0.217082
0.213684
0.210772
0.270396
0.212230
0.214900
0.208577
0.232694
0.220490
0.218145
0.214486
0.228502
0.226154
0.228171
0.202348
0.234943
0.219855
0.228984
0.198636
0.225918
0.222531
0.243045
0.226821
0.228188
0.232168
0.239684
0.270818
0.241566
0.232691
0.243267
0.235982
0.223685
0.254693
0.244422
0.250954
0.209081
0.211056
0.233245
0.204422
0.237658
0.238984
0.251269
0.208342
0.206380
0.237567
0.218886
0.217793
0.255109
0.238293
0.236996
0.216758
0.237360
0.223281
0.229589
0.222598
0.205579
0.222170
0.216005
0.229754
0.207564
0.215039
0.199005
0.226296
0.241205
0.237570
0.234279
0.230115
0.236746
0.196013
0.238405
0.237408
0.234225
0.249858
0.244106
0.237985
0.238822
0.246951
0.219369
0.223247
0.208748
0.231857
0.220019
0.230330
0.216781
0.210652
0.250360
0.210164
0.258268
0.228767
0.235189
0.228523
0.235161
0.226145
0.220690
0.215751
0.232555
0.220442
0.211555
0.224002
0.232136
0.215774
0.202662
0.228039
0.211270
0.222809
0.239035
0.213008
0.210622
0.215082
0.216550
0.225794
0.232921
0.225550
0.216603
0.244627
0.217587
0.225362
0.211751
0.202543
0.223674
0.238963
0.220900
0.237529
0.216341
0.217758
0.222512
0.233138
0.243606
0.238944
0.236486
0.217314
0.213541
0.234909
0.221041
0.203181
0.231423
0.214085
0.214339
0.221456
0.232426
0.231339
0.228594
0.233583
0.246029
0.235927
0.217702
0.216085
0.249361
0.204246
0.241665
0.228030
0.216098
0.232997
0.212409
0.208039
0.219787
0.232033
0.207527
0.242954
0.247722
0.249556
0.252033
0.244164
0.217376
0.231618
0.225188
0.252123
0.219319
0.220770
0.223089
0.261588
0.233338
0.211674
0.212849
0.226101
0.223017
0.255378
0.232490
0.229952
0.225727
0.250246
0.201232
0.217093
0.207220
0.240501
0.230525
0.241503
0.235197
0.219555
0.246495
0.228934
0.222430
0.236931
0.214732
0.210735
0.234024
0.217054
0.228929
0.252617
0.224098
0.246630
0.218536
0.213265
0.221425
0.219078
0.246702
0.237622
0.238795
0.198735
0.220286
0.203512
0.218163
0.231057
0.221631
0.234496
0.221774
0.207532
0.223189
0.200543
0.199255
0.227283
0.209277
0.212540
0.241062
0.233394
0.218527
0.227461
0.225985
0.234967
0.215623
0.218555
0.224862
0.235127
0.210061
0.198704
0.224380
0.234957
0.240701
0.223752
0.209199
0.233839
0.234380
0.204271
0.211662
0.227344
0.240413
0.245709
0.220971
0.224544
0.221197
0.201934
0.251269
0.201397
0.247407
0.228613
0.222120
0.201116
0.224453
0.226738
0.235107
0.230187
0.201847
0.199548
0.198068
0.216938
0.238367
0.234676
0.238763
0.216432
0.213103
0.220249
0.215695
0.223510
0.210201
0.207099
0.236703
0.292578
0.252584
0.257210
0.230849
0.239761
0.214745
0.221117
0.207988
0.219490
0.244221
0.207873
0.219155
0.199751
0.230273
0.219995
0.252334
0.237066
0.220522
0.237900
0.270142
0.246403
0.226371
0.224677
0.223873
0.235930
0.235157
0.245868
0.221546
0.220162
0.224039
0.228312
0.213001
0.232644
0.210873
0.199018
0.225203
0.226597
0.215563
0.264056
0.210223
0.203335
0.254461
0.262443
0.226836
0.225213
0.215152
0.249517
0.238314
0.213697
0.199389
0.216611
0.219852
0.206021
0.236327
0.238041
0.239530
0.226282
0.227080
0.237137
0.212087
0.218354
0.221433
0.219208
0.214555
0.206062
0.222003
0.251652
0.227600
0.223527
0.250368
0.239910
0.213778
0.211364
0.226765
0.221601
0.305918
0.237137
0.247602
0.250752
0.222211
0.208863
0.257612
0.239401
0.235298
0.214232
0.214905
0.222060
0.228568
0.210060
0.202334
0.206327
0.243830
0.232487
0.236603
0.228198
0.223841
0.219741
0.232730
0.201228
0.226333
0.209155
0.210456
0.202598
0.212608
0.213916
0.213151
0.231771
0.213971
0.231617
0.218978
0.238611
0.233818
0.221043
0.212605
0.222397
0.216309
0.233950
0.262295
0.239795
0.224684
0.203083
0.214674
0.204696
0.218727
0.222846
0.232208
0.219941
0.266401
0.210721
0.226937
0.221219
0.257942
0.206838
0.239060
0.235824
0.247504
0.225162
0.236506
0.241783
0.210052
0.222056
0.197452
0.217835
0.211010
0.215485
0.212877
0.200200
0.199824
0.199882
0.233810
0.227820
0.214795
0.220811
0.248961
0.235239
0.231657
0.238997
0.251350
0.221270
0.203274
0.230010
0.252079
0.228462
0.223259
0.213942
0.218165
0.208311
0.226706
0.218450
0.219113
0.230174
0.234272
0.216608
0.214669
0.205286
0.208091
0.206422
0.230635
0.242503
0.211398
0.219273
0.252045
0.221278
0.203290
0.231467
0.219111
0.223490
0.219780
0.229143
0.232519
0.262013
0.228204
0.212448
0.223191
0.218435
0.221599
0.233513
0.225179
0.226688
0.240052
0.231696
0.240792
0.242867
0.223548
0.237010
0.216503
0.208768
0.207610
0.227307
0.226990
0.219543
0.226321
0.217979
0.225539
0.208344
0.203632
0.205167
0.234818
0.226012
0.231232
0.235652
0.217748
0.223180
0.202364
0.220268
0.229259
0.223540
0.220489
0.209573
0.242284
0.208740
0.221112
0.215055
0.227199
0.215141
0.206402
0.227751
0.221672
0.205681
0.248129
0.204474
0.201333
0.202882
0.237796
0.224973
0.219507
0.229280
0.209940
0.226578
0.226935
0.227041
0.242626
0.233789
0.231454
0.219051
0.235142
0.210516
0.243187
0.227733
0.223320
0.220769
0.228038
0.239173
0.219927
0.211861
0.221852
0.228525
0.219766
0.213743
0.233733
0.240739
0.256097
0.245198
0.236042
0.226217
0.221666
0.240914
0.218121
0.228961
0.204908
0.207480
0.281183
0.213804
0.257104
0.268526
0.273627
0.257620
0.238279
0.225625
0.216719
0.206511
0.224188
0.229423
0.241942
0.260000
0.232964
0.230359
0.228940
0.219590
0.216022
0.216801
0.234754
0.240949
0.259224
0.244246
0.252478
0.237021
0.249680
0.258341
0.226456
0.219697
0.215362
0.239669
0.227582
0.212243
0.212250
0.226609
0.249243
0.258489
0.220821
0.196060
0.227472
0.249840
0.228238
0.221906
0.226483
0.197497
0.252041
0.234358
0.221289
0.238623
0.243644
0.254259
0.235860
0.226464
0.234767
0.253917
0.219602
0.241998
0.245692
0.225284
0.206939
0.206685
0.214944
0.261784
0.212477
0.242183
0.222416
0.222265
0.220896
0.235237
0.215082
0.274969
0.225958
0.237353
0.234686
0.252138
0.203843
0.214732
0.242748
0.237613
0.216863
0.220064
0.224135
0.227546
0.241608
0.220924
0.216922
0.224920
0.212590
0.241022
0.213373
0.218481
0.241143
0.215410
0.227949
0.255831
0.251897
0.222767
0.195603
0.223763
0.218290
0.240684
0.232106
0.237972
0.231107
0.242354
0.226047
0.217270
0.220282
0.239419
0.239209
0.254203
0.212986
0.220342
0.216691
0.218710
0.211611
0.233242
0.216018
0.222962
0.257831
0.266698
0.215737
0.206422
0.241302
0.238441
0.224112
0.257193
0.235141
0.227983
0.221440
0.223242
0.237611
0.190136
0.220047
0.236690
0.216049
0.218380
0.247281
0.224214
0.203523
0.230162
0.257224
0.225175
0.234993
0.240288
0.221607
0.218361
0.220225
0.214777
0.220247
0.234292
0.247846
0.221889
0.225313
0.254251
0.221760
0.237117
0.266573
0.241070
0.207117
0.201241
0.245634
0.233323
0.231574
0.219567
0.255623
0.230255
0.223005
0.235411
0.216111
0.218990
0.201102
0.208773
0.227370
0.265406
0.227360
0.229671
0.250086
0.209500
0.233447
0.231725
0.251829
0.249724
0.226376
0.203295
0.250122
0.250832
0.223809
0.242657
0.225295
0.228940
0.209801
0.227087
0.226574
0.208717
0.243026
0.220871
0.205052
0.206057
0.217741
0.228912
0.232857
0.221044
0.216338
0.224817
0.249219
0.215683
0.225140
0.230439
0.208802
0.209837
0.224666
0.222179
0.223248
0.226693
0.215187
0.208857
0.217754
0.229166
0.254641
0.233754
0.224787
0.215919
0.235568
0.234957
0.225862
0.223502
0.205466
0.242599
0.229451
0.215492
0.229842
0.225771
0.231205
0.227247
0.214928
0.204942
0.220634
0.212632
0.230118
0.211332
0.200498
0.203149
0.210557
0.219219
0.236555
0.253426
0.239938
0.224715
0.217361
0.225101
0.219807
0.214307
0.232749
0.212720
0.233379
0.250020
0.247093
0.221442
0.206165
0.219493
0.216821
0.242414
0.222561
0.225921
0.236696
0.237871
0.221393
0.236282
0.240315
0.218250
0.239932
0.224210
0.208061
0.209200
0.219732
0.243077
0.250428
0.239106
0.230184
0.239709
0.222464
0.233428
0.239022
0.228180
0.222630
0.223530
0.207781
0.206690
0.218651
0.228161
0.229814
0.244728
0.252270
0.229890
0.234451
0.232071
0.212296
0.204137
0.246814
0.224374
0.211066
0.210678
0.242099
0.236133
0.231998
0.219639
0.225714
0.223173
0.219617
0.218497
0.217404
0.225061
0.264019
0.245686
0.217320
0.215124
0.236368
0.241310
0.222631
0.264127
0.255119
0.227894
0.241881
0.237553
0.235446
0.208683
0.200075
0.218110
0.220181
0.203452
0.208765
0.203173
0.234451
0.216127
0.246968
0.220862
0.232906
0.206758
0.218560
0.285648
0.216280
0.247281
0.218893
0.226462
0.208442
0.208608
0.223048
0.214802
0.260996
0.235812
0.244602
0.209269
0.210251
0.223170
0.209580
0.220643
0.201898
0.204762
0.225598
0.222357
0.215938
0.209901
0.238607
0.224653
0.229490
0.232353
0.193940
0.214790
0.220771
0.226520
0.275970
0.265345
0.244495
0.222196
0.209395
0.228053
0.226324
0.224097
0.205109
0.204788
0.217667
0.220076
0.230526
0.236910
0.204833
0.227845
0.217404
0.225559
0.235141
0.228376
0.248857
0.224830
0.209990
0.200701
0.231933
0.243940
0.259579
0.263689
0.245450
0.221946
0.240531
0.229526
0.234160
0.242689
0.207816
0.213827
0.229107
0.255964
0.236398
0.207226
0.234386
0.220737
0.225401
0.211944
0.218063
0.204529
0.226492
0.222830
0.211946
0.212790
0.229414
0.225874
0.217551
0.193957
0.222257
0.228741
0.209330
0.241873
0.214473
0.225341
0.253461
0.220764
0.233749
0.220212
0.234864
0.224504
0.211231
0.222153
0.229869
0.217040
0.214360
0.206425
0.256533
0.241303
0.208685
0.201812
0.203742
0.198929
0.220584
0.222851
0.204695
0.230449
0.224112
0.226124
0.229192
0.234273
0.223613
0.212642
0.215034
0.255894
0.227307
0.209992
0.231193
0.236018
0.219350
0.210480
0.227061
0.254054
0.244781
0.253955
0.212635
0.209869
0.210244
0.200212
0.221081
0.214178
0.234612
0.239363
0.239604
0.231356
0.210053
0.198920
0.232556
0.216272
0.230997
0.225652
0.225629
0.218443
0.237697
0.207439
0.203170
0.212946
0.219409
0.226905
0.226868
0.200784
0.209031
0.200484
0.211318
0.198124
0.226238
0.209843
0.229631
0.212285
0.207922
0.232808
0.232973
0.197265
0.220943
0.253694
0.219916
0.236066
0.211034
0.252248
0.223792
0.228517
0.247530
0.206395
0.227609
0.212113
0.219928
0.261773
0.217352
0.210233
0.227786
0.219314
0.225862
0.255153
0.245316
0.218802
0.236030
0.256491
0.209669
0.214257
0.220459
0.216506
0.215530
0.215493
0.251665
0.249269
0.214607
0.222182
0.225797
0.255914
0.233157
0.224897
0.221626
0.213476
0.227283
0.226500
0.241965
0.232781
0.239259
0.242357
0.218337
0.201024
0.233774
0.228375
0.234344
0.224551
0.220298
0.260314
0.245023
0.242671
0.225880
0.242585
0.239563
0.214031
0.224078
0.232784
0.246318
0.215778
0.229410
0.205436
0.206742
0.210695
0.234236
0.227628
0.217956
0.212677
0.242321
0.225976
0.227181
0.246865
0.207536
0.241577
0.250858
0.220995
0.236238
0.227896
0.194785
0.235297
0.215289
0.198702
0.232573
0.207137
0.222139
0.215999
0.205900
0.230855
0.242810
0.218154
0.236250
0.220389
0.232664
0.241951
0.227072
0.198673
0.226975
0.243662
0.209410
0.244449
0.221767
0.236772
0.250825
0.250908
0.221582
0.232041
0.235493
0.230911
0.238212
0.235621
0.239317
0.248282
0.270190
0.236354
0.227342
0.253040
0.223108
0.235371
0.228926
0.204242
0.213798
0.226662
0.221212
0.239817
0.242167
0.239328
0.235183
0.222751
0.233268
0.203840
0.252621
0.216728
0.216038
0.216379
0.226150
0.215156
0.232238
0.219311
0.210306
0.230459
0.222425
0.237720
0.247722
0.213223
0.231028
0.242169
0.230073
0.234102
0.266417
0.242380
0.216024
0.236513
0.265917
0.240373
0.248712
0.247392
0.221778
0.227597
0.209291
0.223538
0.249451
0.237252
0.230104
0.237635
0.245936
0.221172
0.236094
0.223653
0.209161
0.232396
0.218435
0.211963
0.229849
0.225509
0.242525
0.245359
0.220160
0.231614
0.226021
0.212583
0.228370
0.228135
0.233225
0.208062
0.249138
0.249278
0.220725
0.212973
0.225943
0.212372
0.220752
0.229353
0.236050
0.209480
0.252638
0.210716
0.223606
0.219996
0.228616
0.224047
0.225576
0.216011
0.231004
0.257053
0.243589
0.232237
0.206273
0.210157
0.208117
0.231950
0.223279
0.237248
0.219487
0.212144
0.206560
0.206706
0.217515
0.208724
0.217191
0.233626
0.229017
0.215454
0.223361
0.208405
0.213529
0.228000
0.229695
0.208642
0.247885
0.217164
0.204783
0.222067
0.221179
0.230576
0.242282
0.218105
0.239918
0.225348
0.207927
0.206159
0.237147
0.235420
0.243520
0.215593
0.258788
0.251773
0.219519
0.249590
0.221934
0.243345
0.245306
0.232970
0.216585
0.209020
0.224107
0.204713
0.208178
0.218952
0.216383
0.241367
0.218095
0.204551
0.261134
0.233642
0.236241
0.199373
0.205623
0.194799
0.216115
0.213906
0.202210
0.203396
0.224987
0.214437
0.205302
0.239069
0.228612
0.220025
0.240332
0.205801
0.201444
0.218033
0.220093
0.232073
0.238756
0.224011
0.231270
0.236383
0.216238
0.228564
0.253803
0.230010
0.253264
0.249608
0.223709
0.220530
0.275038
0.221280
0.242775
0.246152
0.245273
0.210437
0.233183
0.231697
0.210142
0.194048
0.208797
0.208454
0.204095
0.196233
0.225238
0.204799
0.227025
0.218750
0.224414
0.231736
0.246978
0.258379
0.216250
0.218713
0.225351
0.224601
0.207098
0.244806
0.230844
0.221146
0.233290
0.198579
0.200709
0.219079
0.231821
0.280334
0.232971
0.231730
0.214772
0.229472
0.224571
0.247468
0.272347
0.275723
0.233476
0.221644
0.217571
0.192369
0.224833
0.210927
0.204211
0.223743
0.211431
0.216942
0.243032
0.226815
0.213877
0.228833
0.212776
0.226341
0.223254
0.227017
0.224271
0.209400
0.235543
0.230691
0.226195
0.230696
0.235305
0.219504
0.218915
0.231494
0.206720
0.242348
0.235256
0.222078
0.201193
0.230183
0.239049
0.236099
0.243378
0.225339
0.254142
0.221720
0.231210
0.248790
0.250247
0.194346
0.241917
0.251508
0.223598
0.236945
0.226760
0.252717
0.239939
0.223788
0.214428
0.215826
0.201335
0.237410
0.224117
0.211819
0.223941
0.216150
0.255305
0.228751
0.232052
0.237265
0.215319
0.224795
0.214744
0.214040
0.223175
0.215758
0.225243
0.234852
0.232197
0.224260
0.213225
0.205437
0.223004
0.242507
0.213769
0.206204
0.219023
0.205781
0.220828
0.256713
0.214378
0.224559
0.213825
0.219493
0.222326
0.203101
0.197247
0.217976
0.204208
0.219844
0.191670
0.223880
0.247077
0.208913
0.240805
0.222901
0.229340
0.246906
0.210840
0.221905
0.201061
0.214514
0.221081
0.224041
0.221058
0.232684
0.229617
0.247891
0.230832
0.207250
0.224595
0.214034
0.214491
0.209406
0.259570
0.233813
0.220298
0.206130
0.283774
0.214976
0.221725
0.218418
0.234524
0.206459
0.217403
0.232896
0.228681
0.240664
0.222414
0.214555
0.229284
0.230767
0.202967
0.211250
0.224034
0.223843
0.216344
0.230916
0.209591
0.219858
0.254025
0.230093
0.218427
0.205905
0.224721
0.214300
0.232686
0.222188
0.213883
0.204198
0.221625
0.247005
0.214838
0.207494
0.211999
0.205780
0.229755
0.231903
0.216359
0.206565
0.217848
0.215918
0.263254
0.196448
0.218390
0.242797
0.239144
0.234027
0.214726
0.227439
0.210382
0.214356
0.241220
0.208182
0.213143
0.223400
0.191822
0.248811
0.217513
0.221597
0.223565
0.222922
0.216815
0.221491
0.233574
0.248901
0.241457
0.218297
0.224203
0.222980
0.221534
0.221766
0.236719
0.229400
0.200884
0.204604
0.201733
0.232810
0.248062
0.235084
0.227797
0.222865
0.240836
0.205094
0.219639
0.224512
0.224808
0.237758
0.230800
0.225604
0.244355
0.230597
0.223382
0.202523
0.206621
0.218960
0.233070
0.233937
0.222892
0.221938
0.214776
0.249702
0.215605
0.212491
0.200147
0.210314
0.216990
0.244596
0.214007
0.221647
0.198736
0.224088
0.233515
0.213764
0.228516
0.257753
0.218893
0.225133
0.231194
0.210904
0.227376
0.208349
0.224339
0.240529
0.226053
0.250631
0.241562
0.226457
0.233695
0.216079
0.250276
0.246075
0.233276
0.223051
0.224961
0.230868
0.227755
0.224304
0.220797
0.227533
0.207872
0.219449
0.222960
0.194679
0.206225
0.228312
0.201544
0.218619
0.225164
0.222318
0.219964
0.223966
0.218725
0.230871
0.268602
0.252045
0.249327
0.221273
0.242538
0.216489
0.216171
0.246624
0.212964
0.232729
0.226127
0.251281
0.217992
0.224897
0.225257
0.226584
0.213205
0.213136
0.258054
0.229911
0.221764
0.245800
0.220859
0.248016
0.256319
0.207306
0.251444
0.241925
0.205220
0.198856
0.215858
0.217756
0.191357
0.205695
0.202881
0.231800
0.204850
0.223333
0.211101
0.232926
0.204707
0.201782
0.223077
0.230440
0.210137
0.260236
0.257019
0.245336
0.227555
0.239974
0.239802
0.217989
0.212060
0.206405
0.241477
0.241082
0.226684
0.235865
0.236753
0.203377
0.230304
0.275357
0.230786
0.210023
0.190549
0.244534
0.223802
0.239627
0.223845
0.252571
0.246961
0.247132
0.232469
0.223590
0.215267
0.201187
0.231581
0.216606
0.239166
0.211399
0.200663
0.212217
0.210470
0.209575
0.211035
0.209427
0.215813
0.238327
0.215555
0.223389
0.240881
0.223478
0.219139
0.221952
0.229964
0.255445
0.208633
0.247825
0.232034
0.237927
0.236771
0.232132
0.230553
0.226590
0.222126
0.231788
0.218337
0.246834
0.251320
0.213711
0.237506
0.217031
0.213222
0.214973
0.247331
0.231395
0.225513
0.218230
0.204222
0.201767
0.233560
0.232766
0.221016
0.246341
0.227022
0.218323
0.227704
0.263642
0.256881
0.262463
0.248230
0.240470
0.216905
0.244298
0.235600
0.221252
0.223180
0.222253
0.242772
0.210743
0.239767
0.243490
0.249425
0.222133
0.215504
0.213480
0.222430
0.232592
0.218237
0.213824
0.239602
0.220885
0.230064
0.230709
0.220442
0.225686
0.227579
0.210450
0.217830
0.211945
0.245126
0.241040
0.234663
0.248832
0.238373
0.213845
0.219834
0.208932
0.211800
0.223313
0.249000
0.210269
0.224423
0.234371
0.227707
0.230852
0.233721
0.223104
0.252696
0.258055
0.227973
0.247901
0.236697
0.256167
0.239710
0.221714
0.242083
0.229738
0.269635
0.229344
0.232813
0.250691
0.248257
0.241056
0.277871
0.223783
0.258071
0.232466
0.253802
0.243281
0.244598
0.229377
0.213850
0.220968
0.209468
0.219739
0.243412
0.227279
0.245646
0.229371
0.241544
0.234045
0.228164
0.214347
0.219403
0.210321
0.223378
0.258251
0.234916
0.236183
0.225753
0.208784
0.232792
0.213169
0.212745
0.241548
0.249968
0.237315
0.240238
0.244844
0.265863
0.288744
0.231826
0.225032
0.259033
0.230165
0.225994
0.214086
0.260142
0.233746
0.224958
0.230624
0.216412
0.213567
0.246287
0.229694
0.231683
0.251203
0.228879
0.217769
0.231485
0.286258
0.231321
0.223965
0.236396
0.226794
0.203333
0.241989
0.219570
0.205659
0.234258
0.235505
0.208480
0.218451
0.221292
0.251021
0.224726
0.204736
0.241536
0.297454
0.208359
0.252770
0.223571
0.221646
0.201891
0.221121
0.216492
0.218405
0.251513
0.242444
0.230282
0.226968
0.215602
0.226587
0.231251
0.210459
0.224206
0.227081
0.252144
0.213717
0.239756
0.227793
0.225542
0.228471
0.237920
0.263866
0.232109
0.208316
0.202967
0.227510
0.219641
0.217067
0.206989
0.208106
0.251567
0.218696
0.235406
0.247832
0.229641
0.233861
0.211817
0.235670
0.205115
0.225777
0.209479
0.239388
0.251434
0.254342
0.218230
0.211652
0.233605
0.221708
0.229964
0.231678
0.214511
0.220473
0.236418
0.230044
0.245109
0.282681
0.215278
0.215890
0.214552
0.215202
0.235464
0.224733
0.221119
0.300583
0.269898
0.231993
0.229812
0.237554
0.227282
0.227825
0.273711
0.214077
0.221211
0.247416
0.250941
0.215675
0.222201
0.211378
0.207334
0.217511
0.254986
0.236312
0.222218
0.224094
0.279137
0.243212
0.233629
0.248183
0.246706
0.288852
0.249177
0.240002
0.219008
0.252656
0.228256
0.227523
0.236520
0.214005
0.204089
0.224210
0.231824
0.218359
0.227797
0.217587
0.242614
0.236580
0.207978
0.217250
0.206890
0.227836
0.226272
0.240503
0.249231
0.237577
0.229603
0.233626
0.231485
0.254361
0.228634
0.255079
0.235116
0.219549
0.223735
0.255531
0.252283
0.222927
0.219654
0.237032
0.231572
0.219759
0.225812
0.239733
0.231231
0.228117
0.257639
0.219380
0.255545
0.210201
0.218135
0.229962
0.220551
0.223400
0.226902
0.212924
0.237040
0.228990
0.220600
0.207849
0.200290
0.241459
0.206666
0.236363
0.222159
0.219656
0.250156
0.215931
0.207951
0.257919
0.225072
0.236959
0.230863
0.219191
0.222533
0.241290
0.206192
0.222090
0.250217
0.241138
0.223594
0.203869
0.261754
0.224442
0.244070
0.230834
0.219815
0.214921
0.240030
0.235674
0.226075
0.224139
0.228703
0.223416
0.221393
0.221613
0.228738
0.238083
0.210927
0.262048
0.224829
0.220263
0.215102
0.200705
0.215140
0.226188
0.219172
0.215831
0.225317
0.250638
0.246352
0.212232
0.226714
0.224213
0.245050
0.217631
0.220023
0.238042
0.203246
0.202573
0.221410
0.216388
0.219463
0.212422
0.228740
0.237997
0.212731
0.214440
0.234333
0.265325
0.226804
0.256202
0.237965
0.210907
0.205567
0.225403
0.234780
0.221893
0.223952
0.241748
0.217376
0.232189
0.229873
0.222864
0.236058
0.264844
0.246090
0.232880
0.233526
0.218649
0.209904
0.247922
0.218276
0.229329
0.230351
0.217088
0.251868
0.209755
0.224491
0.235453
0.240061
0.226384
0.220520
0.229292
0.230253
0.237234
0.242290
0.214888
0.204636
0.234842
0.203660
0.225144
0.208576
0.248330
0.237239
0.261382
0.240422
0.215354
0.213995
0.233294
0.214754
0.219166
0.232469
0.222906
0.245873
0.225076
0.260761
0.237684
0.236469
0.226207
0.235347
0.241772
0.225933
0.224314
0.230847
0.204962
0.239439
0.226763
0.217570
0.226056
0.239323
0.232739
0.211093
0.208864
0.230361
0.228349
0.235770
0.236067
0.232686
0.237603
0.226768
0.226276
0.213030
0.228096
0.219015
0.217144
0.214612
0.213794
0.220942
0.221369
0.196348
0.214390
0.206637
0.213450
0.212472
0.227779
0.244576
0.235423
0.234332
0.266366
0.225891
0.209239
0.282545
0.242420
0.207624
0.248309
0.216017
0.238597
0.223206
0.222613
0.257913
0.236443
0.224685
0.229446
0.215940
0.212412
0.232621
0.232388
0.214861
0.223874
0.199976
0.232435
0.231510
0.245125
0.220622
0.215513
0.207708
0.249933
0.214162
0.216559
0.209774
0.213793
0.200216
0.230454
0.254017
0.227773
0.217481
0.224793
0.232174
0.206980
0.250070
0.228670
0.223740
0.228832
0.233205
0.218736
0.218068
0.219498
0.233967
0.214494
0.217938
0.232393
0.219699
0.217604
0.230947
0.218900
0.235061
0.227321
0.225245
0.211208
0.233803
0.261107
0.233905
0.217525
0.201207
0.240093
0.244870
0.216898
0.255363
0.221831
0.239754
0.228687
0.246670
0.234378
0.234944
0.218828
0.212150
0.226604
0.239548
0.232346
0.232082
0.264530
0.246529
0.239290
0.247940
0.226238
0.220979
0.216045
0.229977
0.228937
0.230392
0.224800
0.303367
0.228507
0.210529
0.218770
0.228750
0.253613
0.241813
0.215800
0.233138
0.216677
0.215847
