546	250	92	77
527	259	95	64
510	249	111	80
510	245	111	83
501	228	131	88
518	226	116	92
515	215	120	99
519	218	120	83
542	211	99	92
543	221	102	85
546	217	101	97
544	232	99	91
536	238	111	94
520	241	124	99
502	243	138	98
491	242	152	100
500	239	147	106
487	239	148	107
502	235	147	111
511	238	120	108
527	243	111	97
538	247	111	94
536	250	101	92
543	255	112	92
537	258	118	86
525	259	139	85
561	254	106	94
598	259	59	82
595	264	71	74
588	255	88	95
561	251	110	91
574	237	119	102
587	240	125	101
598	242	117	108
600	232	120	119
605	240	133	116
582	244	146	123
603	248	139	123
596	253	147	126
601	258	140	130
593	264	123	126
584	264	131	113
605	259	106	122
604	254	119	130
592	265	130	124
593	262	141	117
721	74	10	304
639	266	56	63
621	261	65	78
603	258	73	87
580	263	93	84
552	240	113	105
555	245	124	95
543	239	113	105
525	225	134	124
567	21	82	327
538	0	119	338
532	0	150	323
532	0	165	330
534	0	175	331
519	0	186	321
506	0	164	328
488	0	180	301
481	0	163	316
471	0	185	320
464	0	183	323
453	0	184	297
448	0	195	317
449	0	193	321
449	0	173	311
444	0	187	312
454	0	188	328
458	0	194	330
445	0	184	344
430	1	181	340
427	0	200	336
473	0	169	348
478	3	179	323
464	0	176	336
460	21	171	318
465	19	177	328
459	0	197	355
463	0	208	361
473	0	212	373
488	0	211	386
546	153	171	242
530	64	189	297
555	215	172	160
588	256	142	109
627	256	110	107
634	263	95	95
633	266	107	102
636	268	96	94
603	257	122	107
614	262	108	102
620	267	94	93
613	270	95	92
616	274	92	89
615	274	86	85
616	272	100	97
615	275	93	87
611	270	89	89
615	273	102	90
623	276	84	84
622	276	86	85
628	280	98	80
632	282	84	79
638	287	94	70
629	287	100	69
631	285	85	66
636	285	74	74
633	286	10	41
633	308	23	23
637	337	31	20
639	334	55	29
585	267	137	99
603	297	131	96
590	295	133	94
583	283	148	107
569	283	140	105
580	285	113	100
577	290	112	94
560	271	117	112
563	278	111	106
554	286	127	96
550	277	128	109
554	287	116	98
562	287	112	102
562	286	103	108
552	278	120	113
551	286	126	105
549	288	130	106
548	283	134	110
544	286	137	107
544	278	137	117
545	281	137	111
546	281	140	113
543	271	131	123
553	277	129	114
561	279	128	112
564	280	119	112
569	282	123	110
562	278	120	124
569	286	131	112
571	281	118	119
579	289	116	115
584	291	106	113
587	270	100	134
585	245	103	172
546	76	148	338
553	105	162	276
539	16	184	363
540	32	199	349
530	17	218	378
523	29	229	383
530	32	228	398
516	13	230	413
540	39	220	371
524	11	224	414
510	2	246	416
513	14	234	381
528	23	224	387
516	7	233	384
506	0	251	411
520	12	521	513
542	35	273	312
542	50	189	329
525	0	222	392
512	8	279	382
512	0	323	369
524	22	270	298
526	0	495	529
551	26	383	364
515	10	388	374
542	23	336	353
534	19	219	283
531	0	216	339
524	0	336	429
525	0	354	356
537	9	510	514
565	37	345	342
467	0	579	506
522	19	321	317
518	0	480	488
544	37	314	379
543	17	421	425
548	42	373	372
549	52	209	308
531	0	228	392
518	5	263	409
512	0	548	536
548	43	374	403
557	51	452	465
526	50	376	401
545	36	291	379
537	28	236	365
527	1	303	436
521	8	450	452
549	36	416	434
556	51	434	377
519	29	519	477
560	54	377	379
527	16	482	490
556	48	350	364
454	24	553	444
508	38	322	389
505	0	482	482
532	26	469	397
534	34	519	465
561	42	252	335
553	3	386	453
559	45	335	396
546	27	279	348
541	0	461	465
554	31	405	372
559	33	451	435
561	43	308	314
543	0	336	401
546	15	380	408
563	35	292	338
552	11	194	347
479	37	376	416
548	40	222	326
407	8	587	477
547	46	254	346
549	0	285	422
548	0	472	497
564	35	275	338
568	0	243	400
540	0	542	496
582	31	296	403
573	0	177	334
559	0	419	494
567	37	251	295
503	0	577	539
549	23	333	359
536	0	473	468
555	23	269	331
572	0	453	518
580	46	231	302
573	0	345	447
572	0	335	390
575	12	221	325
528	3	492	488
562	27	284	327
568	0	488	505
592	27	209	332
578	1	266	404
565	0	348	407
566	3	237	325
558	0	507	552
577	39	283	354
580	11	180	367
514	0	503	500
542	27	378	384
563	0	220	328
571	0	363	465
572	32	325	371
534	0	381	410
553	7	224	275
558	0	521	579
574	37	319	360
572	0	272	388
566	14	208	317
557	0	510	537
578	39	285	345
574	15	184	360
557	0	330	435
538	0	495	473
556	7	367	372
561	18	208	315
558	0	445	494
561	27	242	292
537	3	370	445
549	0	252	316
586	0	338	454
581	12	239	308
581	0	413	493
570	38	330	377
499	0	339	342
562	0	301	357
558	0	465	489
578	20	270	352
577	0	409	474
582	38	309	382
535	0	302	360
573	0	384	425
555	0	258	308
581	0	536	563
600	38	267	391
575	0	340	399
578	5	372	419
540	0	544	514
582	23	301	427
511	0	251	288
579	0	526	573
586	37	296	358
582	0	452	490
571	25	225	368
576	0	432	477
574	25	243	366
577	0	435	480
573	33	282	387
571	0	240	365
522	0	435	442
548	0	302	340
507	0	433	413
542	0	247	281
476	0	607	560
529	11	345	360
550	0	382	414
562	4	179	301
554	0	524	582
561	36	255	321
575	0	456	482
575	32	224	370
581	0	440	475
570	21	330	410
553	0	377	411
566	0	209	279
572	0	527	578
581	45	225	330
471	0	515	476
519	24	282	310
424	4	641	508
530	71	309	367
569	0	340	400
558	0	306	350
567	0	457	487
568	19	223	332
537	0	518	525
550	8	258	298
565	0	541	574
591	40	297	361
586	20	220	277
583	0	438	520
543	2	233	341
595	0	416	504
569	37	209	356
522	10	420	375
558	0	284	331
572	3	431	481
577	29	206	318
492	12	539	511
533	7	307	360
583	20	262	350
582	40	197	365
602	38	147	355
576	70	212	335
600	43	167	338
601	45	166	331
583	52	171	329
577	40	290	408
571	31	194	307
580	50	191	376
608	45	164	358
589	55	182	341
605	49	161	353
598	59	180	337
588	51	197	355
573	69	210	347
594	55	179	376
586	41	193	384
596	35	178	392
582	82	178	343
601	44	171	388
587	48	206	391
591	36	210	412
574	43	236	420
559	18	217	456
602	31	200	440
582	40	206	428
586	31	223	437
597	107	189	375
591	68	209	420
614	121	208	371
617	140	215	378
616	157	192	355
630	231	183	286
623	274	132	263
611	285	155	251
607	300	160	229
608	319	158	206
617	336	143	189
615	325	163	212
618	352	174	212
613	342	178	245
606	330	226	273
610	343	246	253
631	335	253	266
649	350	266	254
702	358	268	286
726	377	293	314
719	375	306	341
688	393	340	318
622	380	390	318
568	392	329	226
601	417	249	283
339	0	487	648
358	134	689	585
263	119	769	573
129	36	932	654
108	85	982	611
107	62	1036	657
501	270	689	449
68	85	924	583
588	210	675	478
534	84	745	606
506	97	700	547
466	70	647	545
500	60	539	510
306	0	684	553
207	24	626	506
230	56	544	475
201	41	543	510
14	23	690	503
149	65	915	564
321	138	766	523
466	288	698	390
395	140	589	506
441	231	758	488
320	93	666	529
373	204	729	483
320	182	723	416
388	247	681	423
281	123	662	421
234	97	728	514
335	112	679	564
317	174	629	485
303	151	602	525
273	96	657	607
219	42	737	663
395	0	577	659
367	3	578	593
236	35	671	525
423	0	575	592
289	94	740	585
357	146	684	552
368	156	716	563
407	256	652	452
410	16	706	695
466	148	714	571
90	21	927	627
180	144	731	509
108	20	861	681
212	151	821	557
172	14	905	705
205	57	769	631
184	0	872	720
337	0	727	667
307	0	727	719
240	0	722	703
412	0	710	661
378	0	671	719
237	47	898	614
252	12	889	647
188	71	914	598
80	0	900	676
27	64	850	642
67	82	591	593
100	23	419	651
99	0	434	710
95	0	453	701
89	0	441	698
70	0	460	720
79	0	437	720
181	0	272	720
844	18	296	315
518	2	63	392
331	189	277	208
120	142	184	321
183	168	145	311
220	208	153	315
309	227	89	301
208	311	144	232
201	333	191	227
209	306	234	253
234	320	212	240
303	299	199	243
322	300	233	221
418	278	182	246
521	270	98	278
494	338	150	225
473	316	314	238
698	240	78	315
579	329	207	233
239	308	539	214
665	177	422	430
559	124	576	491
644	143	494	467
753	156	388	458
773	149	466	451
227	187	614	496
289	212	639	477
300	219	544	458
402	235	524	430
351	239	517	428
310	223	526	429
406	237	501	420
319	246	534	419
246	172	657	489
202	185	699	490
248	185	662	465
180	173	637	506
159	200	584	480
292	209	554	456
226	216	557	442
147	188	567	458
214	196	551	451
130	195	567	445
195	202	506	439
104	200	551	427
178	202	542	429
101	184	562	451
168	191	577	465
94	176	584	477
193	184	571	471
109	124	585	529
210	202	525	445
114	163	563	481
203	213	549	462
116	132	599	519
211	196	537	451
144	172	553	473
130	168	602	480
288	246	473	407
104	118	662	489
301	225	599	392
217	187	461	456
223	195	482	435
259	177	434	438
446	106	531	382
339	139	371	496
483	80	520	370
437	76	339	454
449	51	450	422
486	0	357	498
493	53	522	474
472	0	521	609
480	0	501	601
495	0	540	652
496	0	530	626
545	0	580	677
545	0	563	676
576	0	609	712
607	0	560	695
615	0	432	612
711	0	342	508
717	0	344	477
821	0	242	522
829	0	264	514
890	0	239	541
915	0	259	468
953	0	244	453
944	11	278	441
872	2	346	482
597	47	162	561
528	330	302	254
481	396	281	170
465	397	211	174
481	402	171	156
471	410	192	138
473	393	209	153
496	369	196	126
481	359	181	113
467	313	180	124
451	278	186	139
431	275	186	136
439	238	198	160
421	244	213	155
415	237	224	162
432	242	205	158
407	226	197	172
407	242	131	143
402	256	124	116
395	260	121	104
406	262	114	104
403	255	136	113
414	260	145	109
433	262	128	106
448	268	99	112
461	279	93	91
469	284	87	82
476	289	70	67
478	277	51	75
470	278	58	71
455	265	71	76
459	250	63	67
461	236	58	75
461	238	58	64
446	227	79	72
432	217	193	75
664	0	88	304
650	6	132	309
622	0	173	318
251	146	513	193
547	16	256	357
401	41	598	342
237	115	520	261
224	16	771	329
248	106	530	270
220	89	571	265
213	139	504	304
602	9	582	365
168	96	525	386
220	90	434	360
978	19	194	366
849	12	417	438
879	0	361	405
854	0	364	416
912	6	291	424
830	0	363	388
847	0	324	444
850	0	284	374
407	0	518	329
884	0	292	388
506	0	468	366
846	0	317	373
821	0	324	404
824	0	365	343
749	0	288	367
870	0	322	401
860	0	300	359
854	0	388	411
928	0	262	351
966	0	243	382
540	0	342	386
379	19	419	320
835	0	433	430
803	0	165	285
1080	0	199	389
1072	20	149	352
1106	8	152	380
1090	0	130	312
1116	0	131	276
1101	0	113	233
1130	0	135	136
1138	8	117	119
1147	8	100	110
1152	23	91	88
1157	37	86	92
1158	39	74	83
1159	59	67	73
1161	61	61	64
1165	65	60	68
1165	53	74	74
1183	58	88	71
1194	59	73	69
1209	34	69	87
1202	40	74	73
1082	6	62	125
951	2	322	226
548	4	145	440
171	162	789	61
253	147	591	64
266	151	327	128
361	103	152	180
457	64	218	212
313	120	521	113
301	120	408	124
319	105	316	183
315	91	324	179
308	111	276	154
287	146	144	207
605	0	74	188
620	13	42	171
633	17	86	139
629	18	93	140
626	15	96	145
624	12	100	140
624	9	99	147
623	14	101	151
621	16	103	147
621	19	103	137
622	29	100	140
622	20	100	142
622	31	101	133
623	35	98	134
623	30	98	142
622	38	100	175
616	35	107	249
610	52	129	170
598	44	132	154
615	61	107	246
576	65	170	258
293	185	314	111
439	119	277	293
135	162	799	79
143	222	464	102
189	218	428	155
228	171	407	146
167	167	345	156
142	188	433	170
164	227	266	171
162	210	355	218
146	192	320	190
139	191	358	204
134	195	461	201
149	171	716	139
187	191	330	178
178	224	525	186
146	172	343	194
157	187	476	186
181	146	669	154
193	175	228	208
210	157	486	219
208	134	340	220
184	166	558	232
206	134	329	210
183	165	249	223
218	169	521	184
183	120	443	178
208	160	287	188
188	163	579	220
223	124	299	213
195	183	437	192
206	145	263	190
234	143	506	237
233	123	335	212
210	175	306	194
190	172	359	207
203	155	308	204
184	153	433	207
187	155	313	222
223	151	496	203
203	118	358	202
190	172	235	189
220	186	478	224
226	154	227	197
285	131	443	254
200	168	293	202
177	165	434	213
189	134	451	215
193	170	265	209
200	175	547	217
226	136	339	217
202	185	235	197
207	192	471	213
216	154	372	182
216	197	237	181
542	50	175	323
194	182	308	173
282	139	496	273
262	135	451	280
310	128	436	287
292	125	528	289
325	107	509	307
300	94	442	272
355	157	419	221
348	114	501	241
350	150	381	277
323	136	508	268
316	197	518	263
319	165	456	262
323	143	391	252
355	212	247	208
644	69	256	332
372	169	515	220
390	195	456	226
409	138	568	262
416	177	327	225
741	33	258	352
397	159	548	237
413	174	252	189
835	6	108	314
863	1	127	329
866	16	145	271
844	17	177	369
698	73	326	281
768	24	260	375
770	16	261	391
834	0	201	369
494	164	480	239
485	147	453	202
831	9	243	396
768	26	298	307
703	30	344	349
447	149	578	232
476	113	479	227
707	53	342	393
502	174	529	268
497	148	404	233
495	98	564	285
490	153	516	219
526	73	522	296
504	155	405	223
497	122	444	242
494	171	532	207
496	105	466	235
556	127	384	222
820	5	235	377
848	1	215	383
859	10	208	420
645	90	436	322
800	0	229	412
856	0	191	415
837	10	193	373
839	7	186	366
816	7	162	361
775	25	212	322
722	17	237	344
516	44	396	334
350	101	497	254
344	111	383	208
337	102	504	199
341	48	496	360
291	113	490	261
284	89	443	285
254	85	561	212
286	129	298	226
251	134	441	228
248	102	732	180
251	142	304	213
495	47	298	322
224	156	440	204
194	125	715	136
194	138	562	230
205	176	339	263
175	171	486	203
188	182	385	216
172	192	300	257
154	185	515	179
114	165	616	169
100	187	476	203
112	184	782	82
373	43	269	279
207	121	599	157
168	133	481	178
151	138	645	103
258	68	546	182
223	56	680	353
80	126	521	254
75	186	439	258
53	168	483	247
45	194	310	246
41	202	270	259
40	197	309	221
36	194	263	288
44	190	310	259
56	180	399	229
41	162	313	254
60	172	334	256
56	162	304	256
46	175	434	244
56	144	331	251
58	150	288	264
59	162	380	235
44	152	329	208
82	122	320	281
76	124	310	255
40	148	331	262
19	185	331	189
9	178	543	208
40	154	330	199
32	149	330	268
55	155	447	235
44	163	325	217
17	169	285	247
37	176	346	225
68	167	283	236
48	158	286	228
18	175	400	254
7	170	320	221
40	165	529	224
58	136	323	227
42	180	305	260
54	163	263	232
17	157	404	274
69	149	279	202
56	149	517	238
57	131	301	225
31	153	347	268
69	145	275	222
30	175	491	201
54	119	419	254
32	158	309	235
65	163	256	237
46	166	498	223
67	121	306	263
84	146	282	301
94	150	427	267
90	111	303	251
66	159	307	270
92	146	339	262
55	166	306	256
85	163	265	253
74	155	284	296
87	153	325	265
87	142	287	281
102	155	254	298
67	164	287	254
84	150	302	318
95	148	281	264
60	160	295	299
78	158	264	245
69	167	309	289
88	155	270	247
77	167	261	277
84	181	291	268
93	187	260	239
62	185	320	293
88	191	266	256
85	193	286	296
99	164	262	282
108	187	243	288
92	198	267	252
79	210	272	275
88	164	264	291
101	189	246	291
70	195	283	283
85	207	260	243
52	181	308	310
70	194	270	269
87	173	277	279
38	183	309	295
63	160	269	271
61	176	280	299
68	125	270	316
73	131	266	281
75	147	261	298
81	118	279	293
82	133	276	285
79	111	277	297
90	132	278	285
105	115	317	293
125	121	294	276
123	135	294	258
120	121	307	281
131	97	302	291
139	105	289	269
148	119	319	265
164	68	309	308
173	85	300	294
172	90	348	274
153	83	380	281
178	79	387	282
182	61	414	286
199	51	413	286
191	52	402	271
180	46	444	273
204	41	412	277
179	34	447	283
223	49	416	260
193	41	430	268
182	32	468	268
189	39	477	272
202	39	480	262
211	48	484	242
268	57	429	246
257	63	457	247
221	57	505	245
207	37	519	276
224	54	522	251
509	119	269	207
609	169	204	155
635	171	201	152
660	172	199	148
685	172	189	137
709	172	165	139
726	176	165	126
750	171	162	117
783	164	138	131
797	170	146	128
811	174	156	120
801	175	186	123
805	172	197	129
835	168	183	137
852	169	188	135
877	168	172	133
899	169	167	103
929	164	148	113
935	162	146	114
941	162	159	113
946	161	167	121
948	161	188	124
961	159	199	131
981	157	194	142
995	157	187	139
981	158	193	138
1000	159	179	138
1005	161	172	134
1004	163	170	133
1031	166	140	133
1023	174	138	128
1007	179	155	110
994	178	154	120
996	178	148	125
1008	178	126	114
1002	184	102	99
983	190	88	91
967	192	83	101
943	179	83	106
939	189	85	101
916	199	92	101
883	216	93	105
860	245	84	95
821	261	94	116
793	302	177	136
810	80	360	363
817	49	430	472
850	87	375	430
859	122	349	449
855	149	333	419
843	151	336	454
817	205	337	382
766	180	372	426
829	192	293	378
653	159	465	464
630	132	476	493
672	206	468	423
630	152	523	481
806	304	376	358
816	207	336	416
925	249	219	337
920	305	232	310
775	354	378	235
915	265	262	340
936	241	238	332
941	247	236	364
934	252	250	318
849	327	361	289
980	242	275	368
977	284	272	321
988	267	257	345
888	326	359	300
771	378	447	242
984	229	259	366
956	258	295	359
751	211	489	456
719	55	298	466
771	174	422	464
759	110	183	409
806	395	161	175
814	350	252	267
827	307	189	196
836	271	222	66
860	415	103	103
874	400	85	123
875	406	87	122
903	421	89	112
919	415	97	119
918	414	95	111
922	405	103	121
929	387	95	127
945	403	107	126
948	401	100	117
954	409	117	128
960	388	104	137
993	393	104	149
992	410	109	120
998	391	127	156
1003	402	117	130
1009	396	130	150
1014	410	116	125
1019	420	115	140
1021	435	121	147
1025	450	149	154
1035	461	135	139
1041	471	143	156
1048	484	131	146
1055	495	156	160
1065	493	135	146
1071	492	134	150
1068	472	136	166
1066	452	138	176
1066	462	135	147
1065	420	132	176
1064	419	133	153
1051	357	152	200
1044	366	131	164
1014	338	153	173
984	318	148	178
959	321	127	166
923	309	147	195
908	312	123	177
979	156	28	327
858	331	121	136
842	303	123	150
959	86	117	365
895	120	283	337
811	86	424	526
700	139	533	418
747	100	516	520
751	124	474	453
723	113	504	484
725	99	532	494
744	107	490	454
700	99	579	506
687	92	539	487
711	44	490	519
648	69	621	466
690	64	519	478
645	69	577	464
608	67	572	471
662	53	544	486
648	75	533	488
685	98	586	449
623	104	577	443
653	102	599	450
833	69	358	497
942	48	251	480
917	64	299	468
848	159	369	385
921	82	273	435
910	55	295	507
886	36	330	506
877	0	337	534
855	0	371	560
597	122	620	352
626	82	611	406
602	77	582	416
683	66	562	412
620	54	588	415
619	61	646	410
613	51	666	432
640	81	639	413
606	74	649	421
646	83	633	425
644	89	635	429
628	96	651	431
667	127	612	412
659	152	620	397
659	122	620	442
644	160	635	406
670	64	609	515
647	83	581	476
660	72	619	469
674	73	605	427
634	65	628	383
647	53	632	409
623	43	656	428
614	36	665	423
649	46	630	421
616	37	632	340
674	61	588	344
206	35	347	221
654	100	239	170
632	97	409	242
613	80	622	347
634	51	622	391
609	36	670	419
622	50	657	418
604	38	675	421
608	70	671	405
585	53	694	422
580	55	699	435
574	45	680	424
560	42	694	432
570	43	709	446
574	58	705	443
558	50	715	432
581	84	698	419
558	66	721	442
586	72	693	424
581	85	698	393
569	63	553	369
555	153	409	213
560	135	219	184
608	139	120	147
599	130	146	144
602	115	151	141
601	96	157	140
611	80	161	145
617	70	161	152
618	71	163	148
617	80	157	147
605	83	151	152
594	80	145	161
582	78	150	165
575	80	151	163
582	76	144	167
586	71	147	171
587	67	146	166
587	66	141	161
593	60	151	171
598	52	152	168
584	46	161	172
580	39	158	180
550	29	157	193
534	41	128	180
494	45	139	174
475	43	149	176
475	43	166	180
460	59	162	156
451	50	180	171
443	58	202	161
458	51	201	153
465	48	200	159
485	48	189	149
479	40	197	158
471	32	212	164
455	31	209	164
438	31	230	164
431	28	230	171
436	30	239	171
421	33	222	171
436	40	214	172
413	43	256	168
406	40	229	183
386	45	230	189
390	50	217	178
358	53	223	167
319	46	227	172
285	48	234	178
260	63	245	181
233	73	241	191
214	75	236	164
170	74	265	187
176	75	252	173
179	88	235	184
174	87	237	173
130	93	266	187
135	91	247	171
98	94	248	196
95	96	247	179
66	100	259	192
61	98	233	164
39	94	241	188
37	96	233	178
32	103	217	170
29	100	203	185
18	104	207	191
23	97	203	206
28	105	196	197
26	100	196	195
25	101	196	193
26	98	196	184
26	90	187	202
23	89	178	199
21	89	170	200
23	84	165	206
15	85	158	203
17	83	153	206
15	76	152	214
11	76	151	205
10	80	150	200
10	78	146	204
7	90	146	187
9	77	149	200
9	88	150	188
10	86	151	191
12	77	157	200
14	84	163	192
18	88	162	192
19	82	169	199
24	79	159	206
23	90	159	194
21	84	169	196
28	98	173	176
30	109	158	160
4	119	175	154
23	125	161	132
40	128	141	140
42	99	136	160
35	114	138	153
112	100	17	138
16	153	41	80
1	140	52	62
0	49	50	44
6	0	52	49
0	2	40	44
0	2	94	97
0	7	171	97
16	6	185	138
37	10	305	230
501	211	181	137
524	212	222	119
566	230	371	162
1056	79	151	399
697	216	575	236
205	39	371	311
894	79	127	282
977	240	120	59
1106	234	87	99
1029	161	250	160
724	98	64	144
718	119	136	98
777	117	158	95
832	112	155	100
875	66	162	133
950	25	141	149
960	29	165	154
1004	5	153	168
999	18	195	155
1011	19	206	160
1029	22	181	198
1069	18	146	191
1069	42	180	183
1106	47	141	161
1117	70	130	127
1158	100	115	99
1082	144	117	116
960	130	233	114
829	0	224	209
476	182	62	179
402	171	135	162
316	109	217	264
161	10	400	442
177	41	388	479
183	45	382	452
196	30	426	495
212	43	395	430
231	41	378	460
241	21	374	461
249	18	401	479
260	16	380	459
274	9	392	480
281	25	379	443
281	10	389	470
266	26	418	419
264	31	415	434
159	21	519	426
121	45	573	404
101	53	614	387
68	58	630	383
72	44	649	386
62	48	672	380
42	65	658	374
45	44	655	397
28	56	643	395
48	45	631	411
80	44	539	403
102	56	563	386
73	51	533	371
127	56	519	368
121	54	469	359
160	51	444	359
170	55	408	354
187	62	432	341
173	54	397	357
189	45	426	365
186	55	388	370
198	53	409	374
208	68	365	365
210	57	404	373
221	55	360	394
222	34	372	424
224	37	369	430
235	26	360	448
265	54	365	449
267	31	358	448
277	52	348	429
290	32	344	446
298	45	337	445
306	21	335	460
324	21	324	451
335	0	331	453
342	16	330	417
352	4	344	422
367	15	331	405
380	6	333	414
401	13	329	413
417	15	327	413
440	0	339	443
471	19	331	436
486	16	348	444
509	29	326	420
557	17	321	448
572	2	352	477
635	32	302	452
716	20	327	494
770	54	365	473
857	70	356	472
938	59	315	479
906	83	373	485
185	133	493	276
64	282	419	253
159	268	383	201
256	248	369	223
316	157	390	261
324	155	376	287
379	147	388	229
464	133	279	246
513	134	200	264
552	119	216	239
557	135	211	242
520	100	335	212
417	93	240	250
547	106	283	217
462	106	192	235
444	84	234	257
440	89	249	297
444	103	225	262
453	128	283	275
464	102	265	281
474	117	259	257
481	119	248	257
487	127	277	270
471	115	302	266
351	99	383	269
303	77	288	236
298	73	242	238
319	73	361	262
342	67	274	224
318	74	204	216
326	85	198	189
340	130	206	138
324	125	255	144
328	137	169	142
324	141	152	138
334	136	146	148
337	127	156	159
327	112	166	165
323	108	232	152
282	88	257	175
259	72	266	191
262	66	229	178
259	64	236	179
256	59	240	188
248	48	208	212
227	49	236	224
218	43	293	233
214	39	210	231
234	45	265	215
228	46	234	219
213	28	258	231
206	29	278	223
259	29	247	216
243	21	252	232
232	15	259	223
255	20	253	225
245	18	261	237
242	18	274	252
259	4	242	276
244	6	246	276
257	14	233	265
232	6	264	281
218	43	256	238
205	21	281	281
191	41	254	243
183	48	290	220
173	41	300	224
162	32	283	232
153	29	275	249
161	35	241	251
121	37	262	260
90	40	256	265
40	40	274	275
41	33	275	272
53	35	248	256
35	29	244	262
30	20	226	255
32	9	217	273
28	5	204	293
20	10	206	303
12	9	204	324
4	0	232	332
1	0	211	330
1	0	221	322
4	3	228	316
11	1	247	326
16	9	231	314
20	13	248	316
27	26	212	295
27	17	243	307
33	14	236	315
37	13	246	322
42	26	220	300
42	11	251	318
47	27	232	300
49	13	254	324
54	45	230	288
64	65	252	272
103	21	233	333
104	32	224	313
89	10	248	334
101	30	252	318
105	9	243	340
110	26	240	318
123	33	228	310
129	48	223	295
144	56	220	286
151	54	221	308
152	14	252	351
189	31	266	334
197	55	291	318
215	55	258	330
229	41	251	364
256	55	289	334
221	49	399	351
165	113	270	286
176	225	307	208
237	225	282	201
278	217	400	173
337	117	331	358
327	56	500	393
229	71	603	377
201	94	679	369
365	64	535	406
206	84	746	354
207	96	738	382
298	59	588	417
374	58	495	366
321	59	428	310
353	60	418	343
381	70	375	304
262	76	630	316
400	35	626	376
379	37	551	383
448	26	564	363
468	16	593	360
446	30	618	363
496	16	521	379
469	31	525	357
343	27	607	361
427	121	552	286
552	83	428	312
259	23	619	378
358	106	556	313
335	69	592	372
326	52	507	392
324	52	479	381
259	24	533	400
231	25	535	396
254	26	543	393
200	26	579	393
148	21	597	401
189	23	572	396
245	41	499	376
226	37	561	410
231	74	534	374
214	63	593	387
150	89	619	391
115	49	695	440
105	65	724	438
104	16	740	495
150	135	711	391
127	97	744	429
108	52	774	491
121	80	717	481
106	55	718	506
97	55	685	507
97	64	680	493
62	64	650	491
97	75	588	470
50	84	669	449
81	82	605	459
60	83	636	445
106	78	579	423
58	72	663	427
104	64	593	431
67	61	686	435
50	35	711	477
55	24	743	501
67	119	700	433
123	95	675	479
88	86	692	499
125	55	719	533
378	49	545	536
411	42	469	541
512	14	462	561
587	25	398	553
508	54	564	477
576	65	577	466
628	74	471	548
583	15	548	601
455	0	415	440
488	30	366	490
497	30	412	487
542	37	421	429
572	60	487	384
546	49	640	543
485	60	445	338
441	28	464	383
382	29	466	370
329	22	463	365
270	25	465	359
148	32	526	372
84	34	514	375
28	34	507	381
906	161	192	378
900	214	290	290
886	204	243	249
858	197	215	243
814	154	230	289
805	155	296	253
735	136	316	261
664	102	315	289
626	92	330	294
625	119	316	277
627	96	298	255
651	110	261	246
663	122	202	195
694	127	186	203
728	99	167	238
730	91	186	232
741	104	195	217
746	87	181	239
745	117	193	207
731	133	198	202
733	148	200	197
744	161	186	195
752	177	186	190
763	191	169	191
766	207	159	181
751	225	160	179
754	220	147	198
756	212	141	209
762	229	137	200
772	215	129	210
785	229	110	197
786	222	112	174
786	213	105	190
779	208	93	188
770	207	97	185
761	204	103	188
753	199	103	190
741	199	102	193
731	205	108	176
722	219	113	144
711	224	107	149
704	213	112	160
700	213	111	156
694	212	113	153
686	221	113	134
680	216	110	135
681	230	105	121
684	212	104	131
689	216	109	122
700	204	107	127
717	212	99	118
725	196	99	125
734	202	99	120
743	201	94	123
754	208	97	116
757	201	107	125
759	210	100	124
753	215	112	125
743	211	127	124
725	192	147	142
725	185	152	147
717	155	171	158
725	156	170	148
710	153	188	131
695	149	194	145
681	149	185	139
686	151	180	136
705	160	165	116
749	189	116	93
792	191	90	89
811	195	66	83
832	186	63	96
811	189	86	94
816	195	83	85
822	188	92	92
827	192	83	94
824	192	97	100
793	176	122	128
764	186	151	121
772	189	147	122
772	193	142	114
770	195	130	121
762	189	143	125
757	192	147	131
768	190	137	141
761	187	134	139
756	189	136	144
757	191	129	143
757	185	140	141
767	190	127	131
772	192	126	120
768	183	127	130
769	186	121	134
769	180	126	146
772	182	122	146
771	174	125	150
774	186	128	154
774	174	129	151
778	186	135	155
780	165	142	169
777	183	264	206
743	197	160	129
773	198	154	126
786	201	125	120
803	200	99	113
811	200	94	105
825	194	82	103
827	191	80	117
827	192	87	110
830	184	91	125
829	193	92	113
831	183	88	136
829	180	94	123
829	194	93	116
831	187	93	125
828	198	96	128
828	214	96	98
836	238	99	94
843	243	84	85
841	249	81	75
842	253	76	74
836	258	81	72
841	261	78	71
845	264	71	74
845	266	69	70
845	269	67	78
845	269	78	75
835	273	82	82
840	279	71	76
841	281	69	79
835	281	73	84
837	287	71	76
837	282	68	87
836	289	74	75
839	291	69	78
841	296	72	74
843	290	69	79
837	280	93	80
775	257	151	101
774	184	194	190
767	197	411	211
725	224	216	128
760	172	187	189
741	196	447	210
718	217	215	132
752	169	216	193
722	195	339	183
708	210	210	119
709	196	257	174
690	188	482	235
672	203	256	154
686	188	462	228
655	198	278	156
667	183	489	235
666	199	266	158
654	180	513	239
653	183	395	210
641	191	275	176
626	180	561	254
625	173	534	280
607	165	426	241
601	207	440	231
602	184	499	237
606	181	532	249
607	183	590	265
604	152	583	328
581	130	628	363
559	111	675	381
542	104	675	404
521	94	694	388
503	116	655	355
511	123	600	346
479	132	594	332
449	157	596	323
433	179	595	302
419	161	581	336
398	171	618	336
380	153	619	354
360	150	642	358
355	194	645	303
370	167	612	339
353	152	625	328
351	192	606	287
356	157	594	337
354	134	606	320
370	156	590	311
359	130	600	325
353	132	616	328
347	108	622	319
365	165	593	263
370	132	571	323
348	120	579	303
340	137	594	293
335	143	577	292
323	121	590	323
300	110	594	306
287	128	581	283
264	134	595	302
266	101	583	333
229	146	594	280
188	134	622	318
176	134	630	333
159	120	634	306
156	164	628	290
142	156	619	275
144	143	608	313
124	120	634	291
127	110	624	318
118	87	670	278
142	116	622	275
130	79	693	251
152	78	624	299
145	53	639	283
155	78	618	287
158	45	658	275
203	39	626	290
209	35	614	292
226	11	604	310
214	30	629	294
211	9	626	306
215	12	626	313
201	0	644	279
214	3	615	309
205	0	629	310
195	0	643	306
200	1	635	303
205	0	633	308
205	0	636	317
207	0	642	262
363	25	525	249
346	23	537	265
376	17	508	266
435	41	458	249
260	21	644	216
449	18	414	265
192	13	700	261
324	1	549	287
333	15	548	292
168	0	726	283
326	33	532	287
180	8	695	286
225	32	672	291
249	19	638	335
240	69	666	299
310	37	609	307
282	115	641	232
231	88	691	308
306	53	601	321
522	58	399	281
215	139	729	247
373	54	564	306
522	27	428	299
604	26	345	285
309	91	677	220
583	6	380	290
632	35	356	276
303	97	674	211
455	34	507	268
293	77	678	205
266	40	714	251
285	80	651	211
243	48	727	261
293	94	631	209
262	64	690	214
235	113	706	208
276	52	653	260
247	118	680	196
265	69	671	233
228	125	693	226
509	23	412	294
239	120	694	225
258	66	674	241
245	125	684	226
241	81	702	231
282	131	652	234
253	78	645	255
277	137	674	232
265	79	632	264
272	137	652	224
258	83	680	249
273	119	643	257
290	70	631	271
280	131	635	237
318	75	618	256
254	138	666	218
332	70	612	269
279	127	639	202
260	102	695	273
286	102	631	261
303	90	599	263
276	115	639	233
272	124	626	255
281	82	601	283
283	151	619	203
247	112	677	279
284	96	611	279
288	120	595	236
297	87	623	295
300	147	599	212
471	97	452	270
362	114	568	263
280	110	622	257
299	139	596	249
351	98	531	277
472	98	436	274
507	82	424	297
530	69	393	305
494	67	420	293
538	58	356	281
515	61	384	300
544	56	359	283
547	66	368	303
573	71	346	302
568	68	363	335
584	45	363	387
589	35	355	424
601	21	367	458
609	25	376	475
620	70	461	441
653	93	509	454
701	150	525	387
708	205	525	338
660	72	252	360
668	105	267	301
678	57	280	326
673	18	236	383
656	13	219	385
638	11	217	394
620	10	241	403
603	6	205	418
589	13	247	409
570	0	205	432
545	5	313	447
508	0	247	394
515	12	351	453
910	163	234	363
491	35	678	501
879	200	364	366
742	124	311	391
666	165	61	298
789	289	159	197
792	263	219	258
749	227	276	262
722	220	304	252
708	221	295	254
693	223	305	242
689	226	291	228
688	234	284	223
696	248	269	193
705	238	280	199
736	256	275	181
719	243	298	194
734	263	260	172
722	233	267	187
734	242	252	181
710	238	272	185
675	235	297	191
696	251	257	168
677	237	263	187
679	229	271	194
680	227	278	194
678	227	264	190
659	233	234	172
677	234	223	169
648	234	224	166
632	236	257	161
598	229	264	174
572	224	299	179
559	215	306	188
548	209	316	195
541	205	303	201
549	209	281	190
548	205	271	184
525	201	270	178
507	195	271	173
495	188	272	169
489	180	269	175
478	174	265	173
463	168	280	176
453	161	276	180
435	157	282	188
431	162	274	182
428	164	266	181
411	162	273	185
423	190	246	153
408	182	270	167
449	223	219	130
399	174	275	174
440	222	236	130
401	191	269	144
442	218	233	127
430	193	252	141
422	181	267	161
408	172	263	173
389	167	300	179
375	149	281	197
374	149	303	194
363	147	293	195
351	137	305	205
329	155	299	189
345	188	302	153
374	157	270	187
410	216	211	129
379	176	254	174
362	203	239	152
346	199	272	179
341	203	294	179
326	201	290	190
340	211	296	185
323	205	277	196
342	211	270	190
348	210	242	190
383	217	229	181
387	247	198	148
380	250	188	144
360	253	185	140
346	253	188	141
329	249	190	147
330	249	198	150
314	234	188	156
330	233	165	158
325	197	165	180
333	204	187	197
344	129	242	272
331	77	317	358
337	24	317	374
322	51	356	396
291	0	683	506
335	55	430	348
264	31	396	361
298	57	866	518
276	71	587	360
302	44	970	526
321	146	637	354
918	236	343	303
397	131	186	244
455	220	149	162
431	217	163	150
413	205	165	155
399	192	165	160
380	187	171	166
372	188	167	167
351	185	177	178
347	190	173	171
342	192	189	166
315	160	199	198
306	168	197	181
282	165	227	190
284	174	204	175
268	177	244	190
247	179	236	186
259	182	250	228
271	183	229	183
265	191	227	196
248	198	225	179
239	193	265	198
249	205	253	169
296	229	224	148
314	226	215	154
328	235	203	144
341	232	210	149
338	234	231	150
364	237	250	153
348	242	248	156
363	261	246	143
362	243	337	169
362	254	268	130
457	261	189	137
459	248	327	151
450	221	221	164
469	226	445	213
509	201	431	260
613	197	395	295
466	199	408	229
452	192	311	222
441	192	320	222
471	202	257	217
436	210	286	209
427	214	264	217
388	222	330	215
390	226	314	242
392	231	305	237
381	234	310	233
399	236	278	214
420	239	260	233
499	252	179	216
496	268	188	197
454	230	234	242
475	229	233	226
471	230	271	219
474	225	278	220
467	220	358	232
443	203	366	274
431	173	366	307
413	163	363	312
393	164	392	323
368	162	439	350
348	159	450	340
315	154	500	345
327	146	444	339
304	152	471	345
299	149	471	351
268	146	482	352
230	140	450	338
228	139	471	345
187	133	715	435
162	113	726	435
146	96	718	465
524	232	326	351
644	286	286	267
732	324	216	225
633	349	235	248
534	347	401	296
397	347	520	296
421	324	476	323
424	315	449	335
295	316	530	334
277	303	544	338
319	340	473	319
286	329	482	335
344	325	391	334
374	345	353	315
380	360	315	303
332	379	346	274
388	381	327	270
295	346	384	299
247	332	457	315
310	327	381	331
279	313	392	339
262	318	420	336
286	318	397	306
226	306	475	366
187	228	449	327
198	229	382	328
186	225	355	268
192	219	344	285
180	204	565	356
142	187	609	388
97	161	510	348
74	156	653	412
68	142	683	440
106	131	612	463
86	138	615	458
126	142	588	477
98	154	615	453
174	161	525	437
198	169	510	401
180	176	496	387
284	180	410	373
275	186	369	356
300	203	372	326
358	213	291	344
331	213	300	330
294	202	324	370
266	178	352	364
224	168	392	349
175	175	451	359
256	170	381	369
231	184	346	360
206	195	360	343
194	199	389	327
205	199	345	338
172	188	358	357
191	185	360	355
215	203	312	330
170	196	340	372
138	204	362	345
146	198	330	361
144	174	344	367
151	196	324	354
147	201	322	353
185	219	298	329
215	244	253	293
226	265	232	268
275	288	174	253
277	285	170	245
275	311	159	211
276	321	176	194
284	324	153	192
287	315	167	199
292	311	155	205
292	296	169	203
291	283	170	207
291	279	183	204
293	273	182	200
298	254	193	226
300	255	206	219
301	240	210	235
300	237	206	232
286	222	228	249
297	236	226	236
291	215	244	245
284	217	239	263
179	184	358	311
198	199	343	370
137	226	395	368
104	245	435	395
141	264	371	418
146	304	343	393
83	334	380	373
99	359	334	330
43	377	365	303
38	383	345	317
0	389	349	296
6	316	304	381
11	275	292	437
7	302	304	384
11	323	294	326
23	353	267	266
4	372	239	229
0	384	224	203
0	347	203	230
1	310	193	245
0	301	194	242
0	285	234	405
0	262	250	444
547	208	196	269
596	202	364	197
957	13	210	424
446	71	316	367
891	13	346	433
507	62	281	370
33	147	1020	292
235	0	590	448
281	0	592	392
36	16	651	483
0	10	753	571
0	0	379	549
0	57	351	516
0	36	254	501
0	51	279	491
0	30	296	477
0	52	310	432
0	27	321	444
4	43	372	417
16	25	348	390
32	17	367	410
46	0	378	398
62	0	364	370
88	0	365	389
105	0	345	375
116	0	358	396
108	0	314	407
110	10	348	407
116	14	353	408
122	16	349	369
130	9	363	400
159	22	347	357
178	28	348	368
195	30	339	360
214	39	330	344
211	9	358	389
230	20	340	350
187	0	366	394
215	13	365	388
232	3	326	405
232	9	351	396
240	0	333	413
243	15	366	391
250	19	337	395
261	48	324	379
271	16	346	419
279	37	287	398
261	0	354	430
268	9	348	444
270	5	364	452
279	21	321	439
279	26	375	430
296	14	386	470
306	35	363	441
327	42	384	470
340	53	381	470
350	80	401	464
362	56	418	503
373	80	458	485
383	82	472	486
389	91	502	468
426	122	555	428
395	118	643	431
403	102	620	464
468	96	606	472
414	95	622	530
475	94	646	529
490	105	561	582
498	140	576	505
464	88	643	580
499	179	558	512
534	189	619	475
493	190	694	529
530	165	572	538
474	100	710	619
438	71	695	648
478	88	770	631
555	61	724	635
218	0	895	635
331	0	705	653
304	21	440	410
343	57	367	419
358	90	424	339
353	84	289	244
675	470	297	229
694	127	241	43
741	74	122	87
777	109	132	86
893	168	72	164
719	120	235	215
840	107	412	436
137	28	239	244
590	56	10	232
571	149	61	73
687	43	40	112
562	126	33	61
542	144	120	49
472	68	110	210
467	194	254	263
540	137	534	324
97	224	889	299
87	151	1133	440
505	72	673	566
675	63	571	499
635	69	562	426
597	54	660	430
598	40	559	408
599	30	487	348
537	22	527	334
480	12	501	333
459	3	475	317
366	0	497	297
340	0	475	299
268	0	461	298
143	0	478	306
552	60	248	258
257	17	191	280
79	0	287	307
689	109	72	219
708	91	212	208
660	77	220	231
631	76	207	218
568	68	253	228
550	67	250	234
505	51	271	242
489	50	262	246
468	46	266	251
453	52	261	230
456	83	265	190
502	88	252	205
501	75	262	239
525	89	251	214
550	95	249	211
564	103	241	229
566	117	257	225
552	128	275	232
557	138	309	248
573	145	269	251
562	159	289	282
558	180	310	247
518	213	315	271
547	227	305	245
514	232	348	234
517	229	323	243
453	211	402	259
198	128	595	363
295	163	510	364
235	129	534	401
300	227	468	319
468	239	329	308
470	258	289	268
419	256	320	253
450	274	280	229
414	280	318	216
421	271	317	223
410	262	343	229
427	256	352	235
416	250	386	242
474	240	350	253
472	238	380	253
507	231	367	261
514	225	390	265
280	88	649	405
86	27	874	483
61	69	878	477
38	35	685	459
102	20	838	485
80	19	879	515
65	15	863	515
95	28	846	487
95	51	785	469
392	41	522	387
476	86	370	324
478	99	331	290
435	108	345	262
423	106	343	246
389	95	369	237
304	84	467	235
322	58	452	273
290	46	431	294
276	38	470	301
242	28	480	325
301	83	462	284
333	68	459	310
370	65	462	304
411	64	458	316
399	106	512	325
502	97	475	337
532	94	490	302
410	63	534	321
477	47	465	314
451	37	456	274
464	22	462	284
441	9	474	308
481	13	447	320
436	24	447	340
443	27	485	332
463	25	419	367
497	50	417	327
431	62	439	332
448	63	472	319
424	54	449	319
472	55	445	323
446	61	429	296
514	65	399	299
466	68	423	296
430	68	489	299
490	53	439	322
469	57	403	348
496	70	422	322
495	70	386	317
513	79	417	302
474	78	420	319
490	78	452	303
547	70	354	314
474	83	420	300
566	80	370	302
506	81	393	304
596	85	349	293
447	89	461	302
510	75	433	308
519	73	388	316
506	82	445	298
522	75	388	319
558	83	385	298
519	86	380	290
551	89	389	283
528	87	363	283
547	91	386	276
535	89	349	300
557	101	359	277
524	105	348	274
536	108	377	266
528	105	348	275
533	105	369	272
529	103	336	278
549	111	349	265
552	113	312	267
560	122	334	250
568	123	293	259
539	133	308	258
525	125	302	277
540	119	280	310
506	112	300	341
512	116	281	351
505	98	285	364
467	100	288	344
463	76	264	374
452	106	268	337
454	68	247	368
444	65	249	352
455	56	251	352
460	51	249	352
471	26	241	395
471	12	251	438
482	20	243	425
469	21	261	423
455	56	253	387
444	67	234	416
419	86	242	384
404	82	246	454
379	82	280	503
354	74	283	460
334	67	288	525
311	52	331	548
301	80	318	462
299	38	366	555
320	69	327	464
319	16	345	552
320	10	347	480
340	27	299	438
337	40	322	374
344	27	332	354
350	44	348	389
363	27	368	499
380	23	440	530
377	61	510	518
333	19	616	600
362	40	545	565
386	60	524	477
339	58	634	484
393	47	657	548
447	55	619	487
371	59	753	489
341	59	746	497
369	44	692	439
403	66	605	489
310	72	680	452
256	63	690	429
215	154	639	356
250	113	573	369
282	99	536	350
194	87	600	377
158	90	613	368
204	151	598	318
193	155	594	314
286	127	508	310
351	110	429	299
409	104	399	271
373	102	408	303
419	109	389	253
471	102	362	278
484	105	346	274
503	109	332	261
540	110	313	236
578	107	268	218
581	89	284	239
578	86	286	250
568	98	300	252
560	107	280	240
519	116	346	228
483	110	315	253
508	124	263	249
471	141	260	251
504	157	252	216
513	165	213	187
513	192	183	154
508	194	183	136
480	195	186	157
452	200	196	147
435	206	196	152
435	218	160	158
421	223	157	163
412	218	158	175
405	213	161	178
409	184	158	192
411	183	154	188
416	174	161	192
422	196	149	171
434	215	149	142
445	220	145	141
454	230	134	136
461	240	151	119
478	241	138	117
501	238	137	118
530	238	134	115
554	234	133	117
551	236	141	112
580	230	120	116
583	227	125	111
594	231	129	102
606	232	116	99
614	230	121	97
627	231	121	94
641	229	118	96
653	216	109	109
665	210	109	117
665	207	121	121
663	216	115	111
686	220	108	110
679	225	130	119
702	238	105	122
700	236	108	123
706	253	101	122
694	265	109	116
694	272	101	112
698	271	92	114
699	284	89	107
698	289	87	100
687	290	95	102
687	287	89	102
670	282	102	103
659	277	105	109
648	272	108	108
638	273	109	107
630	264	107	111
627	256	102	114
621	252	103	111
612	247	125	108
620	228	108	144
620	210	107	143
620	190	107	144
620	169	109	147
620	151	136	131
611	141	133	161
617	131	136	153
622	124	130	147
621	117	129	144
620	109	145	146
612	106	141	146
614	101	140	150
611	103	118	137
601	95	91	131
596	90	69	114
593	94	62	97
593	91	70	98
606	104	72	87
622	110	55	58
622	99	68	63
620	91	67	63
622	89	82	74
627	90	68	71
625	88	104	106
629	93	119	128
632	84	108	126
633	88	126	132
637	80	114	134
640	77	116	134
641	74	131	148
638	76	127	160
640	74	115	146
642	73	113	142
643	73	121	144
642	70	118	139
643	74	133	146
641	69	129	156
643	67	119	152
646	66	111	141
646	66	116	138
648	69	123	140
645	71	125	140
649	66	118	148
648	66	114	144
646	69	111	132
649	67	107	132
645	74	105	115
649	70	114	133
647	68	133	147
645	68	125	147
647	68	116	138
647	80	141	143
641	78	132	147
646	73	118	151
646	72	120	149
647	71	118	146
644	74	131	145
639	78	133	152
645	79	111	139
643	77	111	142
643	76	108	146
641	76	97	132
638	77	75	117
636	87	90	112
636	84	74	113
634	80	82	114
634	82	83	112
634	83	86	107
635	82	88	112
636	81	76	114
636	87	90	109
639	87	80	112
639	90	86	110
641	91	83	102
643	92	98	113
646	96	87	109
647	100	89	106
648	99	85	104
648	100	82	95
649	108	86	95
646	97	100	113
643	98	90	103
646	106	127	127
642	92	108	118
644	97	77	106
643	94	97	117
644	92	70	112
642	98	92	109
644	100	97	113
647	98	75	109
646	101	96	111
645	100	84	105
647	111	109	110
648	103	97	111
645	112	86	94
648	107	90	99
648	109	89	96
650	111	89	95
651	107	97	106
648	113	85	93
651	116	91	97
649	115	113	102
643	117	84	94
646	124	193	125
642	123	116	130
635	116	131	117
631	124	130	107
631	126	112	111
634	116	90	116
628	117	98	113
619	118	81	107
621	121	85	118
618	121	84	85
623	126	75	81
624	129	73	67
625	131	76	67
632	133	104	83
629	130	117	83
630	128	104	87
626	126	121	88
631	134	109	85
629	132	121	87
629	128	114	94
621	121	89	105
625	122	74	80
625	128	72	93
624	124	78	124
619	121	64	87
619	125	71	78
622	122	77	75
624	127	138	144
616	118	95	138
615	121	69	93
615	121	77	86
619	125	69	82
619	127	63	57
624	130	59	81
622	130	65	75
623	136	70	89
623	135	73	108
620	138	92	119
624	134	105	127
620	133	112	130
624	132	96	126
639	131	136	146
632	128	114	140
629	130	109	129
635	134	119	135
631	136	102	124
647	148	109	127
634	144	88	121
622	169	116	121
643	180	88	109
631	178	91	105
631	177	88	125
633	180	90	118
622	178	101	110
626	166	96	121
620	163	103	117
612	158	122	121
620	151	108	128
616	154	105	125
615	155	100	124
615	165	103	126
611	165	105	118
615	172	96	114
617	175	96	111
596	165	119	123
595	171	133	113
592	173	134	112
583	174	130	111
570	173	128	112
560	166	126	123
551	161	111	121
555	158	118	131
556	160	113	123
558	150	94	126
563	162	98	130
566	156	104	149
571	163	104	143
575	167	115	153
577	169	135	152
584	167	144	159
574	174	147	154
599	177	121	150
587	179	132	152
598	180	120	144
597	181	121	159
606	184	107	143
614	188	111	149
616	190	105	133
622	189	105	149
622	185	89	138
623	186	91	150
627	189	85	144
624	183	94	157
622	178	88	154
621	179	97	163
626	180	95	162
622	175	101	168
623	179	89	147
619	174	95	164
616	173	103	172
617	172	107	164
619	178	108	168
620	177	106	146
621	172	105	167
618	168	112	171
624	183	109	147
623	175	109	167
620	174	114	148
621	172	111	169
617	169	118	153
614	174	120	167
610	161	125	168
601	175	134	177
601	172	135	182
601	179	143	168
603	186	151	167
602	176	249	198
581	179	558	247
594	141	631	320
589	109	554	349
567	96	612	362
562	86	634	356
558	96	636	359
552	79	640	369
574	107	589	347
546	89	641	370
540	91	650	365
528	110	610	353
509	94	654	368
500	93	686	314
511	140	659	304
501	105	654	338
486	120	669	326
475	105	673	355
454	103	693	354
432	128	725	281
434	149	692	286
477	108	704	351
489	97	695	303
655	124	509	282
556	124	624	325
662	94	519	326
443	146	734	266
570	99	558	351
651	85	514	329
656	87	535	329
700	77	479	343
411	114	606	307
667	79	468	346
394	88	345	335
468	112	720	291
490	84	563	363
460	75	466	367
513	84	267	352
515	130	485	297
604	116	470	271
581	119	406	283
650	115	388	290
629	114	423	310
686	107	347	375
736	80	330	405
837	44	256	459
817	63	318	384
811	84	380	492
728	133	463	403
777	84	421	409
812	88	389	486
822	48	397	578
822	131	411	545
825	49	433	645
814	101	380	504
817	71	451	589
822	72	297	367
826	52	386	377
822	31	314	331
794	16	317	334
775	26	334	341
713	37	366	305
672	27	352	306
631	30	341	299
594	35	344	291
578	38	325	288
569	39	329	283
527	44	339	280
506	42	331	275
457	45	340	276
414	42	345	275
368	42	345	283
318	44	330	275
265	52	320	264
209	51	334	278
155	39	345	281
99	42	359	273
45	38	365	276
76	32	286	281
23	23	267	335
21	4	255	328
10	0	206	369
26	0	245	385
85	76	607	330
971	301	249	285
984	262	251	271
978	278	273	236
980	280	278	230
948	286	284	217
927	288	274	212
931	291	280	205
916	289	266	202
911	281	246	203
874	249	263	227
870	257	247	203
853	258	244	195
826	259	246	190
798	255	246	190
774	236	245	203
752	236	246	193
752	232	225	187
722	218	234	191
705	211	226	189
681	211	227	183
655	207	228	182
632	202	241	184
609	202	245	182
591	197	246	184
575	194	249	186
551	188	265	187
542	185	279	191
543	181	266	193
559	179	270	194
562	178	261	192
583	177	256	190
579	176	239	186
568	176	248	176
544	174	242	178
525	172	247	179
508	169	245	183
491	161	243	190
482	140	252	205
469	120	240	205
478	106	230	209
478	101	229	203
460	100	237	196
436	102	238	192
423	100	230	189
415	98	232	192
415	88	235	189
401	87	235	190
399	89	228	193
383	95	221	206
390	100	222	181
386	102	201	203
390	95	208	194
378	99	190	200
380	85	201	202
373	97	174	194
372	87	189	195
362	88	176	193
352	58	185	186
342	58	177	195
337	29	187	196
332	32	169	195
329	4	181	197
316	16	176	192
317	14	166	198
305	5	170	207
302	7	167	195
303	0	159	190
302	0	155	183
309	14	167	154
325	7	141	155
329	0	133	168
335	10	157	148
348	11	135	144
358	0	155	158
375	8	153	143
394	12	154	138
405	0	135	159
408	0	134	177
407	0	139	178
405	0	144	179
403	3	145	178
404	2	142	190
402	0	144	187
403	3	143	183
406	12	146	168
411	8	141	173
413	0	140	184
414	13	140	160
422	15	135	154
427	17	129	148
433	17	131	140
442	19	130	137
452	16	132	137
462	10	135	142
469	15	140	145
470	10	139	160
464	5	145	180
455	8	159	182
449	5	166	193
441	10	165	196
439	25	177	201
444	37	171	196
450	41	183	199
460	50	181	199
470	47	182	211
478	51	185	213
485	50	175	219
488	44	174	225
490	56	172	213
492	42	175	227
492	55	167	210
496	29	182	231
499	13	186	235
504	12	186	224
509	0	176	235
504	8	176	216
497	2	175	218
490	14	172	206
489	13	168	205
487	5	168	217
485	0	173	223
487	3	182	216
496	3	198	203
516	0	204	210
531	12	190	197
538	0	183	213
542	1	192	214
540	4	186	210
545	1	190	200
537	8	186	194
525	4	187	191
525	9	178	184
509	10	190	187
513	12	180	175
489	9	194	187
498	14	192	177
492	18	182	175
473	0	201	211
476	14	190	210
468	17	201	216
465	17	205	228
461	21	219	230
464	32	229	227
465	40	237	220
473	48	241	220
479	58	249	227
488	67	252	208
504	70	241	205
500	68	253	202
508	69	253	207
503	64	271	216
500	63	307	218
501	60	306	224
503	59	324	229
499	57	324	236
508	57	335	246
518	59	327	250
507	68	346	247
508	74	351	246
496	76	372	247
476	75	387	257
472	96	404	243
477	105	379	243
500	110	383	246
484	103	414	243
489	89	392	245
511	76	385	249
513	64	367	249
561	60	354	248
557	63	377	261
581	60	342	259
580	64	342	242
570	59	359	274
564	59	355	236
605	53	313	277
603	64	331	287
593	71	348	239
605	66	326	290
590	57	338	265
601	44	329	316
618	37	326	334
629	31	324	345
642	38	319	344
655	51	335	332
670	57	355	332
685	66	345	288
692	84	319	251
693	71	327	293
666	56	384	309
604	43	451	335
554	43	470	358
529	76	493	319
504	90	492	308
467	109	493	281
502	97	425	297
517	102	354	285
549	142	334	233
591	167	254	202
615	172	265	198
556	173	353	201
524	176	373	229
485	172	430	252
462	169	489	246
451	167	441	248
505	156	355	275
507	185	353	251
480	141	341	296
497	224	442	258
421	196	502	294
370	171	523	327
293	197	513	281
222	122	520	353
189	116	528	350
145	127	518	363
130	134	500	342
103	119	503	337
85	119	507	343
61	122	574	349
186	175	475	312
138	138	545	350
96	115	582	389
91	80	580	439
330	136	345	376
441	212	243	267
455	229	288	236
473	230	315	301
431	247	494	258
408	236	576	291
318	217	659	339
298	177	695	382
515	225	499	295
409	212	593	281
369	184	604	329
554	151	436	356
526	91	424	417
560	53	377	542
584	162	619	485
393	203	867	516
255	182	670	373
480	256	755	344
176	111	461	129
131	140	633	284
421	75	779	430
288	184	490	454
313	79	626	371
507	143	772	366
162	238	673	205
32	208	935	236
231	165	605	381
304	86	665	461
85	74	336	318
304	53	300	321
497	32	276	368
659	42	286	335
770	30	333	369
910	47	314	395
945	194	316	290
1061	230	218	235
831	46	275	262
393	63	160	183
534	118	131	79
637	83	111	93
712	85	112	89
761	86	126	83
852	83	104	87
915	66	113	100
995	70	115	91
1042	72	143	88
1116	92	143	87
1139	90	128	104
1170	125	109	132
974	45	189	172
871	86	372	163
829	0	286	219
434	219	71	155
321	182	182	182
257	86	286	273
254	0	340	360
285	0	294	413
126	0	483	360
68	0	597	358
53	2	633	372
36	0	656	391
18	0	691	403
99	0	637	412
78	0	675	411
134	0	642	416
118	0	594	416
129	0	635	414
117	0	583	417
110	0	650	407
80	0	700	404
77	0	684	417
54	0	728	392
48	0	744	413
38	0	713	423
117	0	646	429
72	0	619	435
158	0	584	434
107	1	599	433
170	13	563	421
143	13	551	415
171	12	569	408
184	14	501	402
160	16	586	377
175	13	556	383
167	10	542	378
158	10	584	370
160	6	531	377
137	6	589	374
147	4	558	379
137	0	568	380
112	0	586	378
106	0	627	382
177	0	589	384
182	0	605	385
170	0	646	389
199	0	640	389
196	0	670	381
115	0	772	385
37	0	848	371
0	0	858	367
128	0	775	323
225	0	668	332
444	0	486	272
93	0	853	288
458	0	506	293
687	36	293	225
720	18	225	210
700	10	254	204
689	4	277	192
691	11	275	177
720	1	261	190
746	7	257	183
770	11	254	190
801	27	248	190
800	24	271	205
444	0	649	237
98	0	962	272
370	39	409	205
317	5	487	310
410	0	549	355
419	0	293	483
458	0	685	363
444	0	376	488
190	0	963	419
68	0	868	296
27	0	843	394
46	3	1019	461
68	27	693	415
84	91	1006	443
190	32	937	549
212	50	941	553
150	49	951	562
111	63	1030	570
101	29	984	637
38	27	817	534
156	117	707	430
167	86	320	349
74	196	366	297
32	191	366	294
132	201	269	317
63	181	321	340
79	214	284	324
80	238	276	303
78	240	270	272
78	205	290	313
82	235	253	286
67	211	295	310
38	240	328	289
49	232	327	324
59	235	327	279
45	244	350	299
77	249	320	311
66	260	343	279
61	259	354	316
79	270	352	280
105	270	333	294
79	273	372	265
107	261	341	286
76	256	377	266
105	238	353	260
68	231	381	274
50	216	387	252
89	206	334	285
49	214	380	242
95	204	324	253
68	212	342	252
58	213	342	230
36	205	338	241
24	197	327	243
55	163	260	275
35	127	233	286
27	99	196	291
18	76	208	260
17	37	205	294
13	37	212	260
18	59	212	220
26	68	130	195
10	49	143	206
7	48	148	193
8	28	145	210
6	12	150	236
3	25	159	192
8	24	149	208
14	7	145	206
11	13	149	220
11	0	162	208
13	0	164	216
13	0	164	205
16	0	163	225
15	0	167	217
16	0	165	212
16	0	163	213
15	0	162	211
16	0	161	192
18	0	153	195
20	0	150	198
14	0	189	174
38	0	241	162
64	0	123	157
60	0	125	177
80	0	263	114
76	0	258	133
73	0	264	143
65	0	276	154
98	0	214	162
71	0	260	160
55	0	275	162
53	0	260	168
31	0	256	172
70	0	239	168
77	0	198	149
268	0	213	238
285	16	193	253
213	0	271	296
239	0	252	317
292	0	198	310
286	0	197	331
298	4	198	343
273	17	235	344
321	40	196	349
141	65	431	302
330	0	188	435
345	114	203	297
6	30	823	224
377	0	230	448
396	1	238	379
538	0	149	380
504	137	153	215
646	91	246	141
583	119	207	195
577	123	403	124
622	135	264	164
739	66	253	185
811	51	184	204
819	39	167	241
802	52	186	234
774	38	210	257
732	20	252	281
608	0	412	289
73	0	196	240
39	24	251	226
44	23	261	260
74	0	442	318
74	0	275	417
65	0	291	421
60	0	300	383
64	0	308	415
150	33	333	426
150	0	332	505
125	0	486	535
131	0	703	613
120	0	818	717
191	19	699	663
254	26	591	667
288	0	715	720
173	24	969	652
96	13	894	681
205	118	681	601
438	274	400	423
548	336	509	383
375	222	291	58
350	0	157	157
228	13	179	172
203	56	87	135
20	39	78	125
0	71	143	132
0	77	75	81
0	86	102	97
0	85	59	62
0	82	57	60
0	79	36	38
0	80	48	49
0	82	54	57
8	71	43	86
11	64	101	47
23	66	132	59
39	75	112	54
61	62	80	56
78	32	72	85
54	58	106	69
53	65	115	63
55	64	118	66
64	67	113	67
48	65	118	71
50	65	119	74
79	49	122	86
267	13	64	148
252	17	116	142
221	9	118	139
186	29	113	154
263	66	10	143
202	77	38	49
173	82	43	50
146	80	42	61
111	72	49	60
68	66	60	66
48	55	57	71
24	42	61	64
0	30	61	69
0	40	41	53
0	52	20	44
0	61	11	23
0	60	13	19
0	58	13	16
0	54	21	25
0	51	22	23
0	43	16	23
0	38	18	25
0	28	20	31
0	16	33	28
1	9	43	29
5	4	52	51
1	0	95	31
7	0	69	47
7	0	95	84
5	5	171	164
333	0	69	224
402	45	140	187
392	48	145	204
373	36	161	212
347	38	162	219
309	23	188	246
257	0	346	252
237	0	236	322
214	0	188	335
158	0	205	332
148	0	220	273
153	0	202	251
164	0	185	235
178	10	180	239
208	0	204	225
225	4	181	232
236	0	203	261
240	0	204	282
242	0	194	251
254	0	236	313
296	0	186	280
282	0	186	270
267	0	190	278
236	0	212	278
233	0	203	261
231	0	190	230
236	0	209	291
236	0	210	248
229	0	198	232
215	0	262	289
199	0	334	410
208	0	320	436
240	0	315	407
275	4	295	414
310	0	306	400
336	0	316	353
359	0	329	347
367	26	301	389
340	0	322	358
341	29	304	268
376	19	279	245
458	0	236	283
466	0	274	320
312	0	405	300
287	2	305	318
292	26	331	323
226	33	509	294
316	34	359	343
324	54	363	286
246	18	468	314
139	18	514	319
328	40	294	284
102	22	414	336
19	1	461	348
55	8	442	335
121	19	320	305
0	18	283	216
0	0	136	231
0	37	150	150
0	57	173	157
21	71	119	67
33	81	88	68
31	89	69	48
28	88	65	53
26	89	36	63
2	105	53	50
0	110	36	35
0	119	26	27
0	124	13	12
0	123	10	10
0	123	10	10
0	124	11	13
0	125	15	16
0	125	18	19
0	127	10	11
0	127	18	18
0	128	25	24
0	131	19	17
0	130	19	20
0	127	28	33
0	124	46	51
0	116	51	59
0	118	50	52
0	123	32	24
0	126	20	16
0	124	24	24
0	125	17	18
0	123	10	18
0	113	22	13
23	113	19	20
4	110	54	42
68	41	53	179
128	143	130	118
172	99	145	157
200	19	152	247
216	0	170	282
228	0	168	297
224	0	184	308
178	0	239	327
82	0	332	366
53	0	345	398
54	0	330	401
58	0	318	439
46	0	330	467
37	0	342	470
33	4	347	506
49	12	341	533
75	46	356	502
69	16	370	556
58	0	410	565
63	0	425	541
71	3	437	569
76	30	433	503
89	0	418	563
86	0	421	510
96	0	405	557
90	0	412	504
90	0	405	532
76	0	431	514
84	0	448	530
81	0	436	488
59	0	468	543
64	0	524	494
95	0	484	484
112	0	491	504
119	0	502	488
133	0	479	528
150	0	448	541
150	0	440	545
146	0	435	567
138	0	445	571
139	0	462	553
152	8	492	562
178	10	498	528
212	34	486	508
241	18	485	544
256	35	458	536
253	17	449	551
238	10	464	585
231	38	481	619
235	40	489	652
241	44	487	636
256	38	484	640
280	58	477	634
293	44	485	648
315	41	493	651
322	51	507	640
334	73	524	621
325	81	549	619
302	95	563	580
271	99	591	578
212	110	648	568
215	100	656	573
248	90	666	574
174	147	688	520
245	94	654	572
212	112	658	554
181	116	701	553
140	128	721	545
218	114	659	552
201	105	619	562
238	85	585	587
258	87	561	584
294	64	518	609
306	43	496	636
322	68	488	605
267	80	516	597
350	55	465	616
343	27	468	649
335	23	472	642
304	47	502	595
310	79	491	562
422	4	424	642
351	38	498	613
329	66	498	572
392	32	433	587
330	12	500	616
265	117	551	511
376	53	438	589
359	5	459	597
303	42	505	560
356	22	473	589
200	94	597	508
133	226	599	379
354	0	263	669
333	5	114	714
411	66	18	653
379	157	73	432
427	60	27	642
461	96	27	322
488	57	80	109
489	98	104	81
502	99	84	63
511	98	75	58
505	89	55	47
509	91	45	44
500	87	44	45
490	84	51	45
491	84	46	43
491	75	44	49
490	80	49	46
488	75	48	48
490	69	42	51
490	65	41	50
490	65	40	44
492	58	44	51
494	49	49	54
498	39	51	53
509	28	47	54
514	32	50	45
519	30	50	46
524	32	48	48
527	35	45	47
529	39	42	44
522	36	45	50
524	40	43	43
527	41	38	41
521	39	40	48
522	44	38	39
525	48	44	48
528	52	42	48
526	51	42	45
527	57	42	49
521	51	46	50
524	55	50	48
527	57	43	46
526	50	42	51
528	53	40	42
530	47	37	46
531	50	37	38
533	52	50	45
537	51	42	44
529	50	44	43
533	53	50	49
536	55	48	47
527	58	45	42
531	60	61	52
531	62	40	48
532	68	42	52
524	74	41	41
515	77	45	46
506	80	41	39
497	83	49	46
475	85	52	42
454	72	45	43
417	62	49	37
363	47	98	91
293	21	294	247
139	0	490	494
31	30	515	561
52	31	459	536
25	25	359	592
0	139	273	511
549	1	282	230
544	11	478	221
435	9	479	230
367	23	461	246
247	7	749	252
271	26	413	286
173	34	452	260
208	84	337	214
211	104	262	131
180	113	190	138
153	125	152	155
110	168	97	136
25	215	83	105
19	230	177	10
74	212	80	10
86	191	32	19
89	151	51	23
78	143	30	24
43	153	45	10
59	150	11	10
59	150	10	10
58	149	10	10
57	150	10	10
50	147	10	11
47	144	18	17
39	133	33	25
41	84	68	116
11	1	79	107
2	0	145	226
9	0	209	345
2	0	251	356
16	3	244	301
42	23	296	256
0	33	327	231
104	33	319	220
175	34	300	216
281	36	271	209
366	50	265	189
458	87	262	155
532	104	259	148
600	119	274	177
698	78	264	249
762	71	307	277
841	78	297	276
938	50	312	323
977	106	255	281
997	194	263	183
1041	227	238	153
1080	231	182	154
1106	242	173	137
1122	246	148	130
1106	253	172	118
1124	260	155	131
1121	255	143	141
1110	237	163	153
896	18	195	112
1141	265	128	85
1132	259	146	95
1106	236	163	120
1069	209	202	145
1049	177	230	176
1028	161	227	190
997	171	258	175
970	160	280	188
950	134	320	215
949	22	276	329
903	35	313	285
880	23	306	330
875	25	282	303
844	30	277	310
832	22	272	313
798	41	267	294
795	14	252	332
758	52	253	311
744	37	258	332
739	17	233	356
723	17	248	375
705	42	250	344
698	47	256	356
707	43	250	344
758	17	242	363
770	52	289	341
841	42	286	358
903	57	310	387
973	69	260	366
975	233	262	239
817	14	239	182
890	12	235	128
941	5	240	143
986	0	162	190
1043	19	100	199
1075	18	109	195
1114	13	98	191
1132	13	90	171
1127	13	102	168
1126	9	106	180
1135	15	102	182
1140	21	101	178
1142	21	92	177
1139	25	94	168
1135	22	97	168
1133	16	84	157
1122	14	71	160
1090	29	81	143
1070	27	74	149
1046	36	71	141
1033	33	89	113
1020	34	66	127
1014	33	179	87
992	22	82	148
982	25	129	134
968	17	90	151
965	9	65	136
957	14	62	108
940	25	69	76
918	34	69	59
842	79	137	21
871	73	75	41
877	73	81	34
806	123	103	10
792	124	101	14
878	57	10	76
869	94	44	33
850	89	90	12
873	28	72	45
796	109	97	16
857	61	30	46
861	24	37	82
840	76	106	19
874	34	10	125
912	21	32	56
920	18	88	61
906	49	147	63
915	15	81	136
915	13	166	151
927	15	337	328
382	80	108	217
150	202	371	125
188	65	358	235
118	0	699	246
285	0	504	349
145	38	340	278
78	0	533	282
80	0	433	312
99	0	473	266
45	0	573	294
138	0	381	256
40	0	478	306
14	0	513	278
50	0	511	296
21	32	517	242
21	61	521	227
3	51	517	206
9	43	263	218
21	76	501	221
6	61	382	235
0	96	167	258
0	178	115	171
0	188	109	136
2	156	119	138
45	140	137	140
95	148	134	120
180	128	121	135
221	140	114	119
233	149	127	125
247	156	118	113
280	136	111	126
293	130	125	127
332	135	105	117
338	141	117	117
350	145	119	109
362	150	116	114
372	143	128	125
383	162	159	123
398	162	129	126
401	204	168	110
403	198	145	116
415	197	156	113
419	195	140	116
427	196	143	111
424	197	136	109
426	198	136	106
437	194	144	110
432	161	165	142
443	180	146	121
446	176	148	120
450	175	146	117
454	166	145	121
456	156	141	128
451	93	167	184
459	106	168	173
463	108	168	157
459	91	179	163
463	92	175	155
464	91	181	151
477	113	171	127
469	72	178	166
483	103	168	146
465	64	194	178
479	72	176	174
489	88	168	151
467	58	196	179
481	68	175	190
488	82	176	159
491	124	168	123
472	84	185	164
484	100	178	166
481	90	190	167
484	109	182	161
481	118	192	147
470	115	206	153
484	108	191	163
477	105	205	175
482	106	195	170
484	110	222	163
471	98	222	177
492	100	225	175
471	86	222	194
492	93	229	183
475	91	227	206
489	89	346	209
471	74	339	208
460	46	248	183
490	89	260	183
466	85	250	191
495	86	252	190
465	83	318	204
464	72	270	175
466	81	533	238
483	58	346	204
466	69	301	209
475	93	303	200
453	80	325	186
467	87	487	242
477	18	392	264
441	78	443	217
452	32	523	312
470	39	523	314
463	27	461	287
391	35	493	289
370	33	475	278
353	44	485	299
326	33	480	293
296	52	523	349
311	50	451	262
387	4	390	362
265	36	478	326
259	34	427	305
123	57	800	255
92	53	536	319
298	25	337	338
70	70	556	338
203	20	360	351
190	20	375	362
186	16	365	373
191	14	371	367
205	32	350	360
208	33	320	265
214	8	360	340
114	44	425	316
198	7	497	283
162	46	344	286
265	52	314	257
116	42	490	263
151	0	465	284
30	71	519	248
150	44	440	244
8	93	584	242
163	28	477	263
26	65	650	207
200	0	529	273
24	68	443	237
17	82	566	213
52	33	647	274
192	14	372	247
0	77	384	215
0	92	325	232
0	75	443	230
3	64	616	306
127	57	348	230
20	98	575	263
34	43	881	230
30	69	532	208
200	0	361	242
2	80	418	187
10	96	452	238
3	55	369	227
4	81	622	266
42	28	367	248
8	102	476	210
14	60	378	226
0	109	334	194
0	88	610	241
57	0	939	280
15	61	585	254
150	0	796	266
70	50	451	310
27	64	346	212
7	120	434	202
18	77	588	248
76	0	882	282
111	46	491	258
6	93	808	191
18	88	480	185
2	112	420	224
0	81	528	240
13	69	427	228
8	49	582	311
69	0	470	270
22	75	548	233
31	88	295	175
18	95	580	245
48	21	434	257
27	89	584	223
96	46	569	310
86	33	864	255
195	21	497	432
345	0	372	305
477	7	297	225
515	8	220	306
515	0	222	200
543	16	176	176
563	18	193	164
578	18	179	225
567	5	167	231
568	0	173	239
552	5	197	258
517	5	170	246
477	40	277	322
447	33	151	293
556	0	14	319
606	94	63	187
607	35	230	346
358	97	394	245
276	81	310	245
249	125	237	200
587	7	184	328
302	104	308	185
529	0	90	266
331	134	373	241
296	70	480	283
273	137	295	180
419	49	411	320
313	52	469	238
319	44	517	270
248	45	589	380
344	56	413	272
292	91	476	216
287	126	276	204
372	68	473	314
268	49	523	268
288	78	558	276
339	35	428	274
286	115	454	225
312	52	471	269
290	126	428	231
284	81	541	288
272	108	561	286
270	93	432	246
256	108	481	233
260	53	537	274
254	119	348	238
266	70	287	211
245	115	550	269
253	99	322	225
244	109	267	219
296	100	511	279
282	95	322	233
247	105	259	227
265	106	493	259
256	84	323	222
237	150	280	167
230	116	453	245
225	92	278	241
244	105	284	252
207	112	312	228
222	107	306	226
189	104	300	233
206	97	294	233
170	98	307	234
173	92	344	244
141	80	325	255
154	85	310	265
142	92	290	252
125	88	347	298
143	90	287	212
110	88	296	227
77	79	367	287
111	81	290	209
80	79	363	253
52	68	344	293
84	70	350	288
77	71	316	253
40	62	397	323
83	60	328	224
54	58	358	290
83	64	351	263
42	58	348	314
71	54	368	296
64	58	332	241
29	43	404	330
72	59	334	221
45	27	389	326
84	50	319	212
59	20	371	321
96	16	370	294
138	41	355	265
213	52	287	252
345	130	170	166
401	135	105	155
435	123	93	162
454	120	101	153
485	127	97	160
504	124	104	172
528	123	107	189
525	119	132	186
527	113	148	208
530	123	145	212
539	127	146	215
547	119	166	209
551	127	169	203
556	100	172	209
561	111	170	201
566	82	169	209
552	86	187	224
488	36	248	267
491	36	247	269
486	30	246	258
492	28	264	267
497	25	244	246
505	36	252	263
515	40	252	231
491	28	273	249
493	32	284	248
464	34	293	257
479	42	296	241
465	41	298	247
470	44	294	254
435	42	317	244
445	40	331	246
416	38	332	264
441	42	349	280
408	47	368	284
426	50	352	299
447	62	349	314
457	74	359	302
434	85	398	303
438	98	399	305
440	113	414	284
423	115	455	288
428	124	410	289
451	132	328	285
474	145	316	263
426	151	392	250
432	149	367	260
428	148	390	264
412	145	349	272
374	148	344	268
398	150	330	264
400	154	309	254
381	158	359	245
356	156	331	253
305	157	344	272
352	162	338	268
316	166	356	263
298	166	391	269
298	160	376	288
334	163	316	298
417	138	184	366
436	130	135	351
438	34	147	438
455	95	92	436
345	208	186	307
170	86	371	440
70	0	469	572
83	46	444	512
97	0	451	545
104	13	436	555
104	0	433	528
93	0	451	577
94	6	448	513
95	9	452	557
98	19	479	524
111	32	454	533
119	14	483	518
139	41	463	514
148	7	499	515
174	30	466	499
190	11	493	514
213	37	484	480
242	36	486	476
265	44	472	464
284	32	481	462
313	42	458	458
324	53	466	443
332	49	456	449
347	41	478	458
367	57	475	444
385	56	472	428
416	52	464	460
411	37	438	504
403	57	436	516
402	57	424	518
412	58	471	529
427	75	454	515
444	28	482	559
454	71	458	542
466	34	458	585
461	62	450	544
464	76	435	536
470	27	446	586
464	71	430	514
469	30	443	573
463	65	433	522
465	60	422	530
455	84	419	513
447	39	424	556
438	57	424	528
435	62	414	533
424	60	411	535
413	47	407	542
405	68	403	515
397	69	395	489
375	73	404	528
372	36	398	521
363	60	395	510
348	45	403	540
341	59	405	513
333	29	407	556
322	39	414	537
313	49	411	538
308	27	409	564
289	51	421	552
279	61	420	538
