0.003211
0.110931
0.149623
0.126948
0.130935
0.145226
0.151652
0.152444
0.150529
0.151411
0.150351
0.146694
0.110821
0.110547
0.145580
0.097511
0.101274
0.095676
0.103628
0.144834
0.141419
0.129261
0.127600
0.129572
0.143291
0.145633
0.150493
0.147805
0.124524
0.133382
0.143808
0.127422
0.109859
0.095654
0.146653
0.114315
0.146201
0.168377
0.178576
0.175467
0.152019
0.130975
0.129375
0.128831
0.116535
0.126261
0.132785
0.141109
0.151257
0.116872
0.112552
0.146179
0.166896
0.133120
0.116467
0.097664
0.096602
0.091705
0.114870
0.097003
0.096440
0.099911
0.101918
0.096168
0.098652
0.097743
0.097768
0.098027
0.101302
0.147766
0.125314
0.125665
0.148542
0.161096
0.106167
0.127495
0.126572
0.128792
0.145172
0.126148
0.148191
0.139046
0.147840
0.180825
0.129392
0.133954
0.149223
0.148260
0.148514
0.128396
0.125506
0.129504
0.105053
0.099031
0.095220
0.100539
0.146436
0.102466
0.145427
0.133708
0.128935
0.138178
0.129715
0.141753
0.113704
0.097117
0.130340
0.124838
0.125527
0.122925
0.125899
0.092127
0.096390
0.094861
0.093284
0.127040
0.097919
0.093629
0.172146
0.123328
0.098079
0.100378
0.149405
0.131199
0.141825
0.126585
0.130587
0.126431
0.128417
0.135487
0.150122
0.133127
0.154138
0.137349
0.138925
0.126503
0.127662
0.102363
0.101494
0.152776
0.131111
0.093840
0.132208
0.121233
0.096163
0.102476
0.097756
0.117314
0.146992
0.126974
0.151917
0.152365
0.155158
0.128751
0.129292
0.126879
0.148640
0.127288
0.143164
0.162345
0.128147
0.121529
0.166913
0.138203
0.150805
0.145085
0.128895
0.126786
0.127043
0.117835
0.101043
0.099353
0.124391
0.121645
0.126279
0.148117
0.130979
0.125303
0.126120
0.099301
0.103970
0.176086
0.182194
0.127329
0.129745
0.137973
0.129429
0.129772
0.146812
0.100495
0.102311
0.134496
0.096422
0.095358
0.141430
0.142958
0.143888
0.126717
0.154617
0.128435
0.123751
0.124062
0.148722
0.124710
0.124328
0.093949
0.092260
0.095762
0.096033
0.125165
0.139022
0.123436
0.123097
0.142795
0.138171
0.146629
0.144646
0.122943
0.103492
0.156930
0.099009
0.097865
0.144025
0.095983
0.100328
0.127831
0.101752
0.096499
0.103483
0.092227
0.094468
0.094523
0.108868
0.093016
0.095855
0.096978
0.096210
0.101384
0.096749
0.144231
0.128090
0.147793
0.136534
0.137241
0.149482
0.151022
0.126044
0.147693
0.126824
0.139514
0.141773
0.149600
0.122029
0.148494
0.141856
0.124855
0.131122
0.142245
0.128327
0.126977
0.125611
0.145337
0.132565
0.127610
0.153002
0.148705
0.126784
0.098749
0.153665
0.151051
0.123597
0.103806
0.146798
0.159196
0.144477
0.095933
0.140696
0.122790
0.107249
0.148816
0.095804
0.091113
0.095305
0.100574
0.103188
0.098431
0.124171
0.126220
0.104202
0.145641
0.125057
0.126663
0.133027
0.137963
0.136639
0.147843
0.151255
0.149908
0.150407
0.128912
0.127474
0.127447
0.124217
0.122544
0.104279
0.129062
0.138733
0.124804
0.129282
0.149995
0.137208
0.131269
0.130624
0.095258
0.093966
0.096015
0.095551
0.095304
0.094682
0.126538
0.097530
0.124170
0.130669
0.145342
0.143820
0.125756
0.141435
0.126041
0.133402
0.136961
0.124908
0.123894
0.125439
0.133488
0.130593
0.126871
0.170751
0.142295
0.140866
0.146487
0.124551
0.123449
0.141584
0.122845
0.142537
0.145596
0.127088
0.125231
0.130937
0.150993
0.121608
0.141655
0.136157
0.131947
0.141271
0.126685
0.124871
0.146154
0.143531
0.128737
0.121362
0.147239
0.124329
0.148578
0.187125
0.105274
0.140439
0.147516
0.155367
0.147479
0.128226
0.151031
0.173311
0.133023
0.155559
0.134572
0.142723
0.147309
0.128241
0.119368
0.100639
0.127326
0.158348
0.149374
0.136001
0.133272
0.127768
0.158964
0.166050
0.164952
0.123770
0.093352
0.106940
0.151373
0.137778
0.125057
0.124614
0.126900
0.109392
0.156138
0.115556
0.095233
0.139033
0.126829
0.127135
0.103226
0.099200
0.095749
0.101117
0.141340
0.149731
0.133926
0.125700
0.125295
0.146815
0.125475
0.126646
0.152526
0.124961
0.095699
0.093081
0.096591
0.109481
0.117328
0.125643
0.123928
0.137459
0.127471
0.144836
0.140015
0.122405
0.125667
0.132221
0.150254
0.129155
0.131285
0.128133
0.098894
0.104030
0.099677
0.097619
0.098325
0.143189
0.141006
0.097781
0.147418
0.098567
0.128352
0.095485
0.106763
0.095355
0.093184
0.101216
0.109130
0.150352
0.122268
0.124277
0.125108
0.122381
0.095275
0.123044
0.096848
0.149080
0.128792
0.132122
0.163110
0.149215
0.126472
0.172378
0.131057
0.130216
0.125727
0.110833
0.092363
0.093935
0.094510
0.096723
0.098792
0.098739
0.100735
0.140652
0.124800
0.123415
0.122571
0.106707
0.104526
0.100892
0.097244
0.095463
0.096909
0.096577
0.128579
0.124416
0.124932
0.103250
0.150429
0.146069
0.127588
0.129054
0.123686
0.130553
0.146494
0.126120
0.135938
0.124815
0.128169
0.128810
0.158850
0.127084
0.100745
0.137836
0.129696
0.093423
0.151026
0.120331
0.096810
0.100804
0.102065
0.125131
0.126500
0.096345
0.106297
0.097278
0.150347
0.107153
0.128016
0.127077
0.127869
0.130367
0.145254
0.130924
0.128855
0.136654
0.127951
0.142919
0.138574
0.128109
0.128632
0.140082
0.140585
0.134615
0.127692
0.122299
0.099710
0.138951
0.123920
0.111057
0.129021
0.118623
0.094198
0.094960
0.097532
0.098017
0.145998
0.135014
0.141217
0.128215
0.124948
0.154263
0.134124
0.142441
0.128037
0.121786
0.128445
0.131849
0.134372
0.111765
0.153655
0.109428
0.097193
0.134078
0.123182
0.134432
0.095047
0.100571
0.147950
0.130603
0.126348
0.140356
0.133275
0.126395
0.103879
0.138122
0.101458
0.131655
0.097586
0.143784
0.098935
0.107611
0.099864
0.111588
0.107128
0.098412
0.101321
0.160004
0.128447
0.148236
0.130930
0.147747
0.123639
0.138924
0.145206
0.124960
0.112451
0.096231
0.095390
0.148023
0.142076
0.105948
0.147581
0.147663
0.126079
0.148107
0.128562
0.142292
0.135016
0.150250
0.148635
0.121045
0.145452
0.144327
0.150126
0.125128
0.138070
0.123235
0.126956
0.150441
0.151354
0.140528
0.130365
0.131519
0.129927
0.107957
0.148676
0.128547
0.128733
0.119392
0.145965
0.126687
0.133071
0.132507
0.128820
0.138255
0.096701
0.102163
0.096689
0.099155
0.098962
0.097423
0.105930
0.098299
0.126341
0.107546
0.137661
0.125704
0.128200
0.126172
0.125523
0.120183
0.107562
0.149060
0.168830
0.145425
0.141712
0.107275
0.106120
0.109428
0.159257
0.100434
0.090725
0.097326
0.099639
0.093690
0.147858
0.131286
0.124212
0.125035
0.123734
0.127323
0.120256
0.123312
0.098528
0.122981
0.093373
0.091709
0.093941
0.146575
0.128268
0.150503
0.096949
0.144177
0.142190
0.126860
0.114148
0.107905
0.094517
0.094600
0.135536
0.097705
0.100311
0.097471
0.137693
0.136866
0.135995
0.095627
0.150477
0.127208
0.125657
0.143205
0.134661
0.145518
0.171162
0.154161
0.096884
0.124507
0.148013
0.128836
0.148809
0.130934
0.132042
0.138261
0.151846
0.129919
0.148974
0.125649
0.127920
0.127985
0.145474
0.124353
0.123453
0.149437
0.152337
0.123392
0.134841
0.141848
0.121761
0.139469
0.126179
0.143968
0.108732
0.112077
0.105499
0.150972
0.175025
0.142752
0.149902
0.128069
0.121483
0.096681
0.103535
0.109454
0.094920
0.122435
0.106967
0.112871
0.128042
0.101714
0.094532
0.097352
0.094388
0.099295
0.142725
0.125537
0.164222
0.150495
0.143719
0.148072
0.129509
0.148839
0.099299
0.099576
0.097592
0.143576
0.141313
0.125323
0.147933
0.130765
0.127145
0.141663
0.148131
0.142929
0.127658
0.130220
0.157326
0.126034
0.126867
0.146989
0.128190
0.124974
0.125903
0.149992
0.170357
0.133028
0.149631
0.128942
0.130262
0.149976
0.126645
0.112727
0.148061
0.138573
0.145712
0.102588
0.117802
0.102131
0.133495
0.126647
0.120723
0.135416
0.155861
0.133036
0.094459
0.095058
0.156929
0.128356
0.145334
0.148598
0.113144
0.137665
0.124794
0.123454
0.131963
0.095155
0.182438
0.172742
0.147570
0.131866
0.127350
0.141074
0.133753
0.126280
0.145888
0.126543
0.149294
0.123766
0.138055
0.139087
0.125259
0.131615
0.148079
0.126592
0.130804
0.124940
0.094380
0.097420
0.146117
0.144910
0.103200
0.126321
0.126897
0.188327
0.149797
0.120606
0.120931
0.095394
0.096615
0.095578
0.096291
0.094153
0.101054
0.096707
0.095818
0.097791
0.147237
0.125960
0.128213
0.155624
0.166756
0.138244
0.123939
0.126862
0.180694
0.141182
0.136112
0.133569
0.150058
0.127904
0.130408
0.127539
0.149457
0.128477
0.145689
0.128118
0.155195
0.142908
0.129664
0.147449
0.127284
0.149302
0.147555
0.138086
0.136007
0.128697
0.099123
0.126661
0.107272
0.097723
0.114454
0.105364
0.114132
0.106300
0.146772
0.094045
0.109334
0.098630
0.101012
0.095457
0.110077
0.103567
0.095881
0.096081
0.099993
0.147393
0.144910
0.125413
0.139247
0.143131
0.160672
0.127439
0.151723
0.145981
0.149276
0.138456
0.126942
0.127487
0.125766
0.144442
0.124303
0.149796
0.125197
0.133027
0.165190
0.152145
0.129404
0.128495
0.126018
0.144173
0.129129
0.130705
0.128367
0.120469
0.095641
0.177412
0.105331
0.148741
0.124994
0.152061
0.140000
0.149443
0.148370
0.130214
0.137675
0.161682
0.152652
0.144996
0.138839
0.150788
0.172945
0.133983
0.146244
0.139157
0.135740
0.128205
0.129893
0.152538
0.170783
0.133924
0.135092
0.148728
0.138627
0.151047
0.147367
0.139914
0.136466
0.110431
0.099888
0.099388
0.141310
0.145870
0.129161
0.148953
0.113935
0.148227
0.142467
0.138334
0.154147
0.131851
0.125504
0.134945
0.135499
0.156824
0.124770
0.151435
0.149040
0.132452
0.132537
0.097923
0.180908
0.133123
0.152352
0.130625
0.150069
0.131584
0.131546
0.135825
0.150539
0.129676
0.125980
0.130252
0.123395
0.137092
0.153360
0.137747
0.130877
0.118985
0.137464
0.145544
0.146642
0.135890
0.120435
0.101645
0.095457
0.135148
0.125826
0.128059
0.131974
0.147918
0.138278
0.173354
0.137187
0.152422
0.128360
0.149707
0.149925
0.127063
0.155606
0.123765
0.136929
0.125342
0.126382
0.141549
0.154638
0.138013
0.122283
0.138928
0.139858
0.130536
0.144893
0.128678
0.126902
0.142059
0.124722
0.154587
0.141973
0.134897
0.101201
0.093725
0.112350
0.104810
0.098608
0.102493
0.110283
0.100201
0.142875
0.097314
0.095980
0.096404
0.093251
0.093655
0.093434
0.161126
0.107078
0.145763
0.126639
0.124244
0.143290
0.138894
0.149354
0.136770
0.145985
0.130587
0.126641
0.141726
0.129432
0.138503
0.175412
0.125366
0.124225
0.186092
0.128387
0.149378
0.135071
0.155785
0.137740
0.160003
0.124549
0.151109
0.120183
0.159377
0.138364
0.127423
0.127197
0.128525
0.128204
0.117343
0.131558
0.124048
0.129164
0.152429
0.126158
0.150054
0.170350
0.138877
0.165427
0.146486
0.132076
0.150186
0.127477
0.124414
0.121121
0.122990
0.147785
0.148275
0.121545
0.136978
0.125479
0.126355
0.111781
0.100624
0.121849
0.112339
0.095437
0.098295
0.109094
0.098096
0.095885
0.147541
0.125485
0.147888
0.117049
0.145717
0.149105
0.151878
0.169386
0.147399
0.129136
0.125275
0.148001
0.125079
0.126784
0.135722
0.118213
0.095699
0.120366
0.097213
0.129518
0.100750
0.096033
0.158929
0.110729
0.094989
0.115932
0.141802
0.125575
0.124950
0.123360
0.113630
0.111922
0.114426
0.144189
0.144608
0.126949
0.144850
0.135119
0.123932
0.123715
0.096658
0.147708
0.122720
0.123743
0.133620
0.125140
0.125514
0.125445
0.123408
0.094806
0.149403
0.124919
0.128022
0.125497
0.137594
0.126760
0.137192
0.125876
0.125081
0.099773
0.099390
0.125592
0.149109
0.132952
0.157617
0.143433
0.123394
0.092679
0.107139
0.112855
0.096050
0.100374
0.098082
0.095105
0.098853
0.097167
0.143462
0.094538
0.091735
0.123944
0.123366
0.098264
0.117991
0.097466
0.095186
0.109293
0.122529
0.144371
0.127009
0.125597
0.126853
0.125757
0.129408
0.126153
0.148329
0.128616
0.161088
0.151549
0.128147
0.141279
0.134866
0.149461
0.129884
0.132299
0.106079
0.109279
0.144114
0.148011
0.101053
0.094822
0.102518
0.146214
0.180585
0.105350
0.127769
0.167644
0.146438
0.153154
0.129335
0.139286
0.145172
0.131394
0.126785
0.127207
0.168171
0.164703
0.127537
0.122082
0.100116
0.164308
0.178152
0.126968
0.125028
0.128634
0.122394
0.125543
0.112969
0.098656
0.102318
0.148108
0.136592
0.123940
0.125537
0.132817
0.153043
0.137657
0.127853
0.129994
0.125823
0.122276
0.135525
0.137748
0.104250
0.154033
0.128044
0.127846
0.128515
0.127486
0.097766
0.100411
0.147982
0.128547
0.146485
0.128670
0.109365
0.143201
0.151608
0.124784
0.125327
0.129747
0.138303
0.137327
0.144155
0.149374
0.126142
0.125690
0.131175
0.147296
0.153695
0.121788
0.146174
0.142958
0.164361
0.128452
0.129437
0.133283
0.137636
0.129929
0.127685
0.123480
0.094768
0.097595
0.108705
0.141033
0.144040
0.133532
0.109321
0.113613
0.140575
0.133452
0.160635
0.149638
0.129366
0.138731
0.102634
0.097898
0.096456
0.141728
0.124934
0.127688
0.148928
0.096266
0.099755
0.101063
0.099336
0.101543
0.149345
0.138078
0.097363
0.112558
0.124750
0.147346
0.128924
0.131090
0.134084
0.139863
0.123624
0.133433
0.161029
0.130020
0.132028
0.136811
0.130435
0.128143
0.144810
0.127296
0.125520
0.126671
0.150950
0.131872
0.143308
0.128028
0.167425
0.146301
0.109000
0.126702
0.129875
0.097478
0.097104
0.097141
0.180036
0.150973
0.145379
0.128064
0.127783
0.125470
0.095576
0.121910
0.123690
0.142278
0.130577
0.128284
0.125964
0.150478
0.133018
0.137649
0.143988
0.125775
0.124316
0.112423
0.132385
0.142054
0.129653
0.128936
0.139302
0.133821
0.125802
0.141978
0.143165
0.154529
0.127175
0.148531
0.130290
0.125485
0.129482
0.154885
0.148039
0.127690
0.128172
0.131031
0.124380
0.151140
0.128268
0.145595
0.126675
0.127711
0.131172
0.149828
0.145499
0.122787
0.098176
0.146648
0.122984
0.127537
0.104409
0.099821
0.141929
0.148270
0.136626
0.127376
0.137427
0.136723
0.151808
0.129796
0.143581
0.156944
0.149799
0.128105
0.132782
0.113837
0.101360
0.124220
0.127631
0.128066
0.131019
0.135332
0.150046
0.138025
0.164662
0.126329
0.147356
0.153380
0.128140
0.137637
0.118004
0.101486
0.128558
0.099623
0.148403
0.127437
0.120478
0.126547
0.125355
0.123951
0.108553
0.153223
0.152580
0.146209
0.143588
0.155668
0.140248
0.107097
0.142274
0.119312
0.137630
0.149171
0.123895
0.113678
0.149394
0.125760
0.101773
0.168159
0.125731
0.113032
0.123326
0.097600
0.092867
0.097036
0.092850
0.142953
0.123952
0.124303
0.148714
0.125224
0.123689
0.143842
0.125492
0.110287
0.093011
0.097436
0.101071
0.146685
0.162837
0.134634
0.119485
0.103466
0.099652
0.094174
0.099327
0.120149
0.095081
0.102897
0.098368
0.103628
0.123920
0.128846
0.097611
0.109787
0.097446
0.125784
0.155900
0.131134
0.148988
0.143860
0.153136
0.132719
0.129343
0.127587
0.173235
0.150114
0.145008
0.145880
0.130309
0.166057
0.143451
0.099567
0.122205
0.096366
0.119605
0.096945
0.120890
0.146248
0.148554
0.111682
0.100134
0.135674
0.125572
0.126680
0.126204
0.126892
0.124648
0.127193
0.148757
0.125965
0.141232
0.127798
0.135481
0.128269
0.127969
0.141286
0.124147
0.145211
0.125344
0.149792
0.147182
0.125048
0.155836
0.174354
0.133300
0.166844
0.138713
0.131049
0.139255
0.143235
0.110575
0.098670
0.120151
0.148852
0.127163
0.095554
0.123495
0.099665
0.151083
0.104183
0.173018
0.146950
0.147554
0.128982
0.126832
0.131842
0.122548
0.126470
0.115842
0.140798
0.124258
0.133926
0.170724
0.145490
0.095983
0.151150
0.123154
0.121201
0.152907
0.110302
0.147357
0.140336
0.124859
0.126051
0.148073
0.128706
0.118909
0.101951
0.101290
0.094817
0.146995
0.125742
0.138189
0.126143
0.126840
0.115630
0.111905
0.095781
0.095406
0.094990
0.137784
0.145829
0.150735
0.124756
0.126903
0.144105
0.140833
0.129181
0.127705
0.145643
0.124181
0.154994
0.126622
0.140687
0.164659
0.148681
0.137638
0.123071
0.113733
0.095658
0.107792
0.093462
0.152416
0.127186
0.127331
0.141834
0.144045
0.159942
0.147468
0.125949
0.127993
0.123768
0.156518
0.147407
0.142759
0.132669
0.167662
0.159742
0.147026
0.144741
0.126591
0.142436
0.120221
0.167363
0.124513
0.091734
0.119354
0.142399
0.101716
0.097404
0.148170
0.125861
0.145530
0.128584
0.153883
0.134351
0.136876
0.131142
0.149146
0.150762
0.122975
0.123383
0.151235
0.132701
0.100804
0.098101
0.137574
0.099499
0.100325
0.143125
0.124366
0.096663
0.124770
0.141032
0.133407
0.139708
0.135375
0.136849
0.125761
0.147866
0.100703
0.117341
0.105733
0.116735
0.129991
0.124785
0.126344
0.141827
0.157307
0.097069
0.130228
0.146359
0.140012
0.124450
0.133278
0.137481
0.152378
0.126764
0.126796
0.131780
0.134280
0.155393
0.136845
0.150872
0.179184
0.128817
0.123407
0.095632
0.097947
0.099027
0.097128
0.094707
0.141043
0.124366
0.126339
0.124593
0.160933
0.128125
0.127846
0.123085
0.092749
0.126991
0.123950
0.122665
0.096085
0.119874
0.127914
0.128667
0.138742
0.095715
0.092589
0.104582
0.154650
0.124591
0.127085
0.122000
0.098619
0.098372
0.144669
0.104071
0.105132
0.143381
0.142734
0.143770
0.113833
0.149511
0.147534
0.123535
0.122665
0.092780
0.114896
0.097803
0.124437
0.123458
0.122579
0.102964
0.131038
0.128604
0.095412
0.142338
0.140157
0.139751
0.126022
0.115993
0.151310
0.122963
0.094733
0.099196
0.096615
0.101226
0.098808
0.100034
0.093364
0.108275
0.145136
0.096267
0.143435
0.134910
0.101037
0.122880
0.152935
0.107015
0.101319
0.145762
0.147736
0.142807
0.129714
0.125301
0.150840
0.172317
0.137524
0.123762
0.125937
0.145690
0.131822
0.123705
0.120614
0.107886
0.103657
0.144561
0.129113
0.157742
0.134059
0.145557
0.148556
0.127248
0.136050
0.126547
0.139865
0.127736
0.155727
0.135886
0.134294
0.151664
0.143882
0.145852
0.128441
0.124684
0.156676
0.126407
0.164249
0.126977
0.169230
0.126729
0.128191
0.127850
0.167911
0.129232
0.127956
0.125332
0.130988
0.139385
0.128786
0.116689
0.097305
0.096356
0.137382
0.125795
0.123475
0.154545
0.134181
0.129140
0.191537
0.165586
0.162085
0.151919
0.177584
0.170205
0.137578
0.194735
0.154506
0.137114
0.153096
0.130047
0.129132
0.132051
0.128023
0.115532
0.140559
0.153193
0.138139
0.141213
0.145674
0.125711
0.145406
0.131618
0.132160
0.132376
0.105059
0.125192
0.185188
0.126841
0.128460
0.128525
0.129394
0.115887
0.134480
0.127626
0.120166
0.099436
0.097556
0.098709
0.102867
0.149195
0.151728
0.136129
0.099521
0.098150
0.148849
0.130674
0.134535
0.126923
0.125536
0.142182
0.141990
0.138190
0.153540
0.125976
0.124774
0.151606
0.152453
0.149990
0.129703
0.147003
0.130087
0.150952
0.151276
0.128554
0.128197
0.142925
0.101909
0.139970
0.157070
0.142483
0.107406
0.128305
0.092947
0.114877
0.114922
0.146407
0.144218
0.138278
0.125372
0.134807
0.133584
0.127270
0.143081
0.146323
0.171062
0.141066
0.154555
0.128776
0.148527
0.136644
0.141135
0.137767
0.142093
0.154087
0.150404
0.149228
0.154103
0.148359
0.152656
0.160731
0.130669
0.096157
0.095145
0.094807
0.116210
0.098478
0.098130
0.115810
0.099835
0.112283
0.128080
0.123700
0.124877
0.103621
0.140580
0.131745
0.126954
0.145447
0.128263
0.127466
0.128715
0.146967
0.127165
0.125119
0.148158
0.125549
0.114408
0.113991
0.140494
0.124834
0.094164
0.120204
0.131914
0.147274
0.161405
0.128635
0.129993
0.124800
0.142545
0.167656
0.156568
0.136714
0.129957
0.127784
0.127664
0.106989
0.128591
0.132382
0.105774
0.101170
0.163866
0.165330
0.140376
0.100105
0.147206
0.094129
0.096168
0.096210
0.095126
0.096539
0.091895
0.143661
0.142422
0.128292
0.134155
0.159644
0.152581
0.152449
0.138677
0.188596
0.153261
0.131977
0.138695
0.115969
0.101808
0.096688
0.128396
0.148319
0.115566
0.096363
0.104261
0.177539
0.125078
0.123973
0.118726
0.109968
0.098177
0.146310
0.124925
0.122443
0.139441
0.149868
0.147990
0.156082
0.165332
0.129007
0.137014
0.152189
0.126310
0.130927
0.114100
0.096180
0.099688
0.139601
0.126182
0.126990
0.147277
0.142791
0.127072
0.144356
0.144135
0.129178
0.125871
0.124557
0.143512
0.126008
0.126777
0.126539
0.151041
0.141865
0.139261
0.137018
0.157604
0.152527
0.163268
0.130837
0.131456
0.181854
0.138608
0.155271
0.131098
0.148166
0.130704
0.117209
0.105116
0.143903
0.133014
0.097415
0.096089
0.143328
0.143735
0.127334
0.126093
0.141281
0.126780
0.138871
0.148779
0.120646
0.110615
0.098592
0.125700
0.150930
0.128461
0.126924
0.127674
0.151335
0.133055
0.129080
0.130633
0.128839
0.150884
0.126151
0.121248
0.100483
0.162472
0.130154
0.141687
0.156243
0.129767
0.144060
0.141424
0.132400
0.149111
0.128466
0.139101
0.152159
0.129067
0.149058
0.127368
0.141025
0.125324
0.128981
0.106516
0.147491
0.162806
0.165944
0.149184
0.142186
0.152331
0.154401
0.129567
0.151587
0.126745
0.142276
0.143047
0.152032
0.143904
0.185835
0.130584
0.151944
0.129093
0.145594
0.126653
0.140260
0.099962
0.097288
0.103115
0.107530
0.095334
0.096641
0.093106
0.099621
0.149963
0.127958
0.129433
0.143903
0.102107
0.097512
0.126088
0.190388
0.133932
0.124950
0.158622
0.132925
0.127374
0.132826
0.128804
0.143105
0.140527
0.127504
0.129062
0.144008
0.127580
0.139350
0.127810
0.124776
0.121962
0.153810
0.127899
0.129406
0.136592
0.144546
0.143585
0.130134
0.127805
0.127961
0.131503
0.150584
0.129434
0.148796
0.128314
0.155097
0.148897
0.144807
0.151315
0.149876
0.141269
0.152071
0.136147
0.173817
0.140069
0.137767
0.151805
0.146895
0.130713
0.129371
0.131436
0.140352
0.147958
0.125375
0.143332
0.114829
0.113187
0.146165
0.118211
0.145230
0.110106
0.098250
0.112125
0.116500
0.108577
0.108573
0.110527
0.102766
0.098472
0.123649
0.103495
0.148818
0.137346
0.124955
0.127678
0.128690
0.126950
0.127684
0.129046
0.144706
0.129551
0.161571
0.130162
0.157525
0.132695
0.125200
0.103867
0.134221
0.100930
0.138650
0.153218
0.138129
0.152282
0.147959
0.143443
0.141371
0.133715
0.127885
0.127786
0.128921
0.128202
0.139040
0.126982
0.127237
0.150179
0.146141
0.128147
0.127370
0.133482
0.128850
0.126442
0.143407
0.153167
0.185422
0.135324
0.167221
0.128765
0.125805
0.126336
0.103090
0.098491
0.099048
0.151198
0.126872
0.131464
0.148599
0.123735
0.142124
0.148915
0.141543
0.141631
0.127207
0.125309
0.147843
0.124274
0.127538
0.124308
0.140376
0.125205
0.172019
0.199349
0.124722
0.149285
0.156588
0.131982
0.129191
0.125464
0.127052
0.106426
0.141407
0.124834
0.154196
0.139017
0.130191
0.126685
0.106423
0.155042
0.150789
0.125849
0.127535
0.126595
0.128377
0.132682
0.162424
0.146240
0.127833
0.126338
0.133299
0.143461
0.153016
0.123344
0.141261
0.141047
0.144513
0.125260
0.132671
0.170978
0.129787
0.106650
0.136021
0.142869
0.148615
0.127707
0.098314
0.095912
0.147238
0.135142
0.134434
0.126389
0.149958
0.149168
0.127766
0.128252
0.152259
0.139285
0.133729
0.106746
0.123305
0.125145
0.127240
0.125509
0.143014
0.148965
0.166555
0.142148
0.130840
0.127939
0.141022
0.155407
0.128709
0.100483
0.098171
0.096894
0.133880
0.128470
0.129578
0.146111
0.131262
0.126194
0.125025
0.143573
0.141460
0.166506
0.128686
0.101175
0.095722
0.095669
0.093981
0.092854
0.101254
0.092954
0.093802
0.097440
0.100046
0.098632
0.095982
0.149317
0.142603
0.095354
0.135319
0.125013
0.149997
0.118182
0.146939
0.139177
0.127552
0.147652
0.154187
0.147429
0.145179
0.146307
0.139659
0.135747
0.129737
0.126059
0.175732
0.144855
0.148119
0.142521
0.133533
0.127171
0.127467
0.125134
0.109935
0.111099
0.147074
0.124341
0.126087
0.126740
0.130329
0.140646
0.101157
0.092921
0.140347
0.124848
0.125892
0.145107
0.144211
0.104807
0.097558
0.108056
0.100895
0.097867
0.098971
0.136995
0.128518
0.138426
0.130351
0.154479
0.141104
0.177469
0.166652
0.152477
0.147183
0.138015
0.128091
0.128315
0.128111
0.138520
0.128996
0.144438
0.159952
0.195171
0.147672
0.131121
0.154957
0.130031
0.132998
0.151032
0.151880
0.128868
0.125084
0.095436
0.141367
0.139870
0.132792
0.130769
0.124553
0.140022
0.154226
0.140416
0.149387
0.125371
0.128342
0.123706
0.128093
0.129213
0.125341
0.126905
0.147902
0.147961
0.122465
0.126602
0.115282
0.093045
0.148398
0.131188
0.131206
0.146576
0.118784
0.099061
0.101193
0.098501
0.095909
0.096301
0.113915
0.147029
0.124147
0.143944
0.124428
0.119850
0.144605
0.141881
0.131118
0.126832
0.127360
0.141212
0.132869
0.125539
0.197416
0.168091
0.150626
0.155033
0.161474
0.154444
0.127844
0.134420
0.148018
0.153137
0.128036
0.139364
0.130564
0.177265
0.157678
0.133002
0.145162
0.168627
0.129898
0.136922
0.152441
0.130953
0.152753
0.145503
0.148205
0.135021
0.130476
0.127496
0.100657
0.102542
0.102128
0.154576
0.185197
0.182319
0.133552
0.144040
0.155185
0.159808
0.129233
0.144439
0.136819
0.137462
0.138595
0.151725
0.164154
0.145060
0.149495
0.145712
0.159599
0.164256
0.146351
0.151905
0.152144
0.150739
0.129964
0.146472
0.129517
0.128141
0.103878
0.123923
0.101588
0.136241
0.133433
0.157559
0.119859
0.132036
0.150156
0.139426
0.126209
0.124584
0.124826
0.103465
0.151097
0.155855
0.165755
0.184638
0.150675
0.124704
0.133296
0.138566
0.127384
0.117310
0.103142
0.120409
0.098027
0.100560
0.105147
0.110421
0.148677
0.130793
0.127810
0.109148
0.124280
0.132373
0.103034
0.146868
0.129869
0.099285
0.095335
0.142616
0.147633
0.129467
0.130646
0.132811
0.140440
0.144714
0.129471
0.131471
0.137203
0.142384
0.133182
0.129563
0.131718
0.170411
0.126670
0.152652
0.131467
0.131104
0.149879
0.131810
0.141516
0.145740
0.150219
0.163189
0.154450
0.153432
