27	99	617	402
58	92	557	418
49	91	556	421
56	84	546	423
52	81	558	423
60	110	544	406
54	81	563	410
55	94	543	410
44	68	580	437
50	105	551	434
51	59	564	413
57	116	516	369
54	75	567	437
58	107	550	404
49	72	536	435
53	106	553	398
52	50	528	441
56	111	555	387
60	57	481	426
56	93	583	406
49	71	562	428
57	110	546	392
43	66	563	408
58	117	543	383
49	71	541	422
57	108	576	383
50	65	558	435
56	124	556	391
48	78	556	411
55	102	574	403
44	74	573	408
55	114	531	404
49	65	563	444
57	103	545	363
61	69	543	427
53	103	547	415
51	50	545	451
49	111	565	422
55	54	556	408
59	119	549	411
63	58	537	411
58	122	554	400
52	68	548	422
62	119	559	408
48	69	551	439
49	75	553	446
46	77	555	433
48	43	546	441
40	119	562	424
42	54	560	418
56	103	551	430
54	45	556	418
62	104	546	425
60	51	548	444
51	76	564	478
43	42	579	422
49	108	564	428
51	46	556	422
62	101	544	432
58	45	545	423
63	102	542	429
59	46	540	428
52	94	551	442
45	37	553	450
45	95	548	439
40	41	556	426
49	87	535	436
41	31	531	441
38	58	545	470
25	17	575	423
30	84	565	426
34	23	562	425
46	75	532	424
40	18	534	433
40	83	542	427
37	27	549	407
56	76	510	430
44	26	532	408
56	66	522	430
47	14	537	415
52	66	537	426
48	10	545	409
50	78	539	406
53	17	515	428
42	51	535	448
36	12	550	407
48	62	533	423
45	8	538	418
52	68	533	420
51	10	533	408
52	79	525	399
42	39	533	403
50	58	525	447
32	43	552	408
55	50	532	458
23	18	581	462
40	76	545	427
31	26	507	434
32	52	576	449
38	69	534	393
32	43	554	427
40	64	543	402
34	43	587	421
60	80	549	387
18	19	504	435
57	58	672	417
19	78	507	366
70	56	985	397
37	65	542	372
38	33	1044	412
0	54	595	382
44	53	603	398
10	40	643	407
64	53	605	411
6	41	501	413
36	52	719	405
23	93	640	385
46	41	604	448
52	47	541	431
52	54	654	411
59	43	708	438
27	74	715	420
26	33	722	450
20	69	735	424
9	44	863	437
39	79	647	378
26	2	682	434
56	63	672	404
14	63	723	381
72	58	671	416
35	84	698	394
85	65	643	390
57	91	854	389
59	109	597	364
37	49	674	424
67	93	674	390
14	65	754	444
74	97	599	381
74	50	528	459
59	58	589	438
64	79	570	418
58	45	549	459
61	92	551	396
60	40	548	442
56	113	552	406
64	46	667	418
86	100	566	426
58	54	591	400
74	113	558	419
76	46	556	415
78	114	560	411
64	66	570	397
77	123	550	411
78	57	547	407
78	115	558	392
91	52	545	421
94	113	576	401
91	58	617	415
106	115	572	415
107	55	596	414
117	115	603	417
81	56	657	417
107	114	641	429
92	63	654	419
71	117	686	406
85	136	678	353
64	132	691	347
51	149	676	330
65	85	672	408
103	137	624	354
55	78	717	395
93	116	659	349
81	33	643	417
105	85	649	395
65	76	659	355
50	89	700	389
50	56	821	407
43	91	838	402
46	83	867	409
55	69	786	401
123	47	774	418
49	67	852	388
100	78	843	406
68	87	761	374
50	49	855	414
104	87	870	407
52	62	925	405
87	78	928	384
143	70	879	387
141	80	813	376
116	76	807	367
118	78	767	356
71	92	756	332
110	79	711	354
124	80	692	336
86	94	680	398
123	79	620	369
81	79	635	371
82	92	689	338
77	103	638	362
63	101	653	367
123	112	578	329
96	114	645	354
79	96	624	370
106	98	612	370
87	100	638	357
106	129	595	307
81	99	618	371
134	127	556	311
85	113	606	352
136	124	540	334
90	85	602	384
128	124	550	342
95	109	671	362
84	113	622	356
122	100	548	376
122	100	570	374
126	95	564	380
145	101	529	378
129	109	577	360
114	94	606	385
120	112	597	376
161	108	594	369
125	122	604	365
148	77	673	404
122	119	740	365
135	125	720	363
133	150	765	360
136	142	749	337
147	156	678	347
138	110	722	415
107	66	771	437
117	101	804	422
103	98	856	408
109	98	665	349
100	108	692	366
94	91	634	385
96	99	667	389
76	77	682	427
140	108	571	368
92	96	592	344
100	118	549	337
69	133	638	354
94	100	665	393
76	111	627	361
81	122	647	369
75	104	610	363
68	137	891	477
55	87	844	442
57	55	908	424
69	107	738	377
75	83	724	436
53	80	912	440
50	68	901	431
50	82	787	394
129	115	643	364
95	104	620	359
124	91	563	335
91	110	602	326
81	55	639	368
105	104	608	329
89	85	610	316
106	93	606	318
95	98	647	339
89	93	593	326
91	126	635	272
108	156	605	265
122	126	585	289
113	143	609	270
106	151	600	251
115	165	653	254
117	157	576	255
108	169	648	262
111	153	564	269
111	168	572	252
110	174	566	258
120	100	595	316
100	125	589	345
77	147	580	281
87	141	622	275
105	139	632	280
117	182	571	234
127	205	581	221
120	155	609	266
134	171	571	267
129	189	600	249
137	195	608	252
112	164	591	277
117	192	685	254
144	190	556	250
95	187	629	251
126	195	583	242
141	180	594	257
138	190	610	241
122	207	653	231
107	155	581	281
108	196	621	236
135	189	637	252
120	158	570	274
117	209	599	216
129	170	615	260
128	188	547	230
136	191	568	225
95	166	571	257
103	176	599	245
119	192	557	227
109	171	605	255
104	182	541	232
115	208	568	218
123	170	597	273
121	163	578	293
112	160	556	283
100	189	533	232
112	174	568	240
119	176	548	237
115	160	562	249
119	196	583	220
78	156	605	275
80	172	540	242
87	177	582	247
101	166	635	272
104	179	570	253
104	184	524	239
103	172	599	242
73	159	594	248
96	161	628	256
75	167	590	243
97	171	623	244
83	155	555	253
104	129	624	288
97	165	599	235
101	170	823	265
51	122	804	362
59	130	710	353
62	102	776	387
57	137	796	348
52	115	684	342
114	158	635	320
84	113	658	326
85	103	655	314
85	131	652	301
93	133	610	283
85	104	718	314
63	106	650	312
73	133	659	314
75	125	593	298
73	120	721	302
98	163	620	267
89	145	689	312
71	123	634	315
70	127	588	291
79	143	678	272
94	134	597	279
77	153	652	254
98	144	644	265
112	169	564	232
108	150	595	268
105	165	633	246
87	169	668	250
100	164	661	259
111	199	613	232
98	151	611	279
103	161	572	255
118	221	648	206
81	163	666	276
102	179	574	256
116	201	684	238
71	151	632	288
83	196	579	235
108	174	593	251
122	224	603	197
89	181	556	248
101	195	608	220
119	196	626	237
86	184	581	250
103	214	606	214
140	186	613	253
67	158	609	269
83	206	683	226
106	183	565	253
118	203	587	223
101	185	555	243
110	203	592	210
81	190	610	245
109	201	561	231
124	190	578	235
106	185	637	243
108	183	545	237
123	217	550	205
80	180	603	243
100	201	621	225
138	222	527	203
76	182	608	236
105	199	615	230
125	207	556	221
73	177	618	252
100	216	559	210
146	191	535	229
73	166	720	258
111	210	565	217
107	179	645	251
133	232	532	188
84	189	589	228
114	210	659	221
82	160	603	273
92	198	575	230
121	204	644	223
103	174	655	261
98	196	580	228
89	164	689	269
98	187	593	238
99	147	699	285
105	194	644	245
95	166	645	273
109	175	593	248
95	185	727	243
99	181	740	266
75	157	656	299
86	134	670	325
88	165	714	284
108	173	595	275
115	159	703	285
92	169	660	286
108	162	668	282
105	180	657	257
123	194	681	247
77	154	639	284
96	152	751	285
97	157	659	279
111	167	602	266
125	214	615	229
73	169	705	284
99	206	589	236
121	158	669	295
115	198	596	235
215	181	526	257
113	198	650	263
110	151	663	308
104	184	606	251
126	198	607	236
105	163	642	272
126	190	648	241
81	158	697	276
110	167	575	255
147	230	650	198
122	173	649	268
114	190	588	238
137	208	605	236
98	165	656	280
109	194	565	234
139	228	615	207
91	179	652	266
118	221	567	229
135	177	579	264
131	209	545	215
119	174	580	242
134	197	530	245
134	202	587	228
97	184	591	243
119	188	598	244
132	210	547	215
153	188	548	229
91	170	640	284
105	202	554	233
124	196	581	228
143	201	630	235
89	180	601	250
113	228	692	216
85	165	618	284
97	201	543	228
113	202	570	216
98	187	676	248
110	189	561	239
130	230	654	209
85	176	664	273
100	214	569	225
125	184	609	251
97	205	693	232
105	176	674	272
119	221	586	215
83	166	714	281
98	175	610	262
119	160	701	283
77	147	690	298
154	156	637	291
75	137	739	315
89	149	671	309
102	161	677	287
116	198	670	247
54	137	994	348
94	102	863	435
80	145	961	424
74	118	923	400
78	147	920	371
89	140	876	333
67	127	869	389
75	105	876	378
79	120	828	364
95	174	811	334
71	106	773	370
75	124	789	356
95	133	771	336
68	128	808	350
156	134	710	350
99	136	781	328
92	133	751	330
101	139	680	311
117	154	688	292
71	133	724	307
94	151	659	278
112	181	693	257
65	141	670	293
89	179	796	288
75	158	656	318
78	153	595	296
114	150	724	295
77	178	662	273
98	191	611	251
107	169	687	283
125	202	581	234
81	179	723	271
111	160	585	281
112	199	678	249
111	186	590	257
128	220	687	227
86	158	616	289
93	205	705	245
138	200	547	247
142	195	613	255
80	171	596	265
97	193	747	267
119	215	582	246
135	208	573	251
136	187	546	260
133	229	671	218
93	159	596	288
95	221	683	230
142	197	533	255
143	208	641	244
81	167	610	276
99	205	657	236
132	219	529	218
119	198	565	235
149	229	683	229
95	176	606	284
102	225	576	220
135	206	572	232
152	227	630	219
97	177	634	271
116	229	541	203
144	198	546	240
82	187	704	257
127	199	554	238
147	232	662	226
120	183	618	276
132	242	542	198
88	185	612	252
112	203	700	247
125	196	585	256
140	208	686	245
76	154	705	304
100	193	687	259
138	208	570	239
142	184	757	277
105	192	710	287
129	188	599	282
135	175	737	295
112	170	694	310
122	163	651	309
120	189	657	268
182	245	849	236
81	127	789	341
102	167	774	291
133	196	696	275
131	192	655	278
139	212	663	258
115	153	711	321
120	194	664	271
148	187	617	277
139	188	665	269
154	192	578	253
104	172	687	278
133	174	607	266
133	206	673	264
190	170	540	291
125	206	663	237
119	190	670	258
137	219	663	231
82	161	712	296
110	187	685	267
145	224	593	223
117	183	630	267
142	230	630	215
102	176	662	277
155	209	607	238
87	177	688	271
122	221	668	228
102	191	678	267
137	245	657	213
97	183	687	285
121	208	579	244
191	229	634	227
131	207	692	255
117	204	610	252
141	232	629	230
103	203	670	263
137	236	650	230
87	193	699	280
120	238	573	221
149	213	602	243
106	203	662	252
147	266	631	192
125	211	666	261
133	203	590	261
150	258	644	207
120	207	674	266
128	246	611	219
126	217	750	249
109	220	539	250
129	226	621	232
148	239	672	212
110	202	691	262
113	231	626	228
129	237	647	232
129	212	648	262
138	234	658	238
87	195	686	280
116	258	571	202
153	211	554	246
165	255	650	205
123	215	621	252
117	227	646	238
139	230	629	239
109	210	676	259
143	258	654	213
121	206	703	269
123	249	626	229
163	210	646	268
87	217	627	252
122	250	724	222
97	190	689	293
119	247	583	219
142	206	662	260
139	237	588	220
156	214	701	242
125	239	694	235
96	195	720	287
127	239	591	229
142	219	718	248
90	219	638	258
123	222	685	256
95	203	667	272
121	227	661	247
98	193	690	283
124	257	577	205
116	209	622	252
135	245	654	219
110	196	680	276
137	260	576	200
103	214	630	245
135	233	618	227
124	205	694	250
132	235	582	214
140	198	659	258
108	232	687	223
129	222	648	244
146	221	644	247
92	193	710	276
126	245	583	214
122	201	678	261
127	220	614	236
138	208	662	242
88	183	713	271
120	234	589	212
71	158	721	297
103	198	693	255
134	210	579	239
203	182	629	271
106	144	748	317
126	164	651	291
141	162	717	297
130	144	638	317
129	143	804	336
141	155	784	337
130	167	788	322
146	161	756	324
152	169	762	317
153	174	849	309
158	157	820	328
160	161	870	327
140	131	1013	361
142	119	961	377
157	163	910	327
158	100	1058	385
278	65	955	411
738	123	519	353
477	140	737	305
511	83	720	386
464	66	717	379
602	43	594	424
440	70	688	384
544	84	612	406
573	123	562	349
599	101	515	354
501	108	614	361
547	153	571	317
538	151	573	321
540	166	519	287
489	142	516	299
519	153	538	329
541	131	464	316
488	113	549	353
537	133	453	298
509	103	547	387
569	95	444	375
423	99	617	383
481	105	487	354
489	132	518	352
478	72	479	385
437	118	587	377
534	107	491	366
583	98	460	387
715	96	394	421
556	111	418	342
533	108	413	398
559	77	458	447
555	101	471	426
597	66	482	473
590	128	515	416
605	75	519	431
603	121	449	418
776	50	362	471
598	134	534	381
549	161	580	402
644	226	576	412
576	204	537	395
530	172	600	432
557	207	468	335
485	210	602	355
479	209	494	361
452	190	482	376
458	181	491	407
487	192	480	397
509	175	586	447
504	153	706	527
481	146	538	469
454	148	601	501
458	134	653	546
440	128	433	474
456	105	380	511
453	106	453	506
426	111	517	500
423	135	557	457
413	133	461	438
436	150	374	395
429	147	395	377
455	140	459	360
438	146	427	357
466	155	396	381
468	164	440	401
479	165	450	401
464	146	461	434
498	154	430	446
423	111	460	507
441	133	440	477
462	149	417	462
425	103	499	495
433	121	479	485
403	97	513	491
260	30	620	570
279	45	587	566
195	0	863	634
312	0	703	700
439	14	543	546
333	37	645	568
386	37	613	602
273	0	689	637
283	0	643	619
219	20	753	630
173	33	758	642
171	28	735	629
73	38	854	666
131	0	810	650
122	5	709	642
125	0	814	642
117	4	647	658
148	27	721	540
164	20	621	564
56	0	722	629
126	12	925	588
226	3	827	583
81	8	876	598
158	60	830	556
43	0	964	626
123	25	798	599
289	49	821	570
294	56	779	558
348	60	734	539
177	48	672	555
248	59	583	543
180	48	636	568
212	67	480	582
114	32	555	559
144	44	622	544
128	46	486	554
125	24	511	574
90	49	530	564
61	32	553	583
85	28	613	550
82	38	540	584
94	39	578	527
81	4	497	608
72	9	532	612
74	15	478	617
81	19	658	564
101	30	469	608
67	0	519	631
68	26	403	606
421	107	386	493
65	0	483	610
62	31	617	582
93	30	510	595
74	46	440	584
68	0	448	621
55	26	795	555
107	28	559	588
20	4	618	587
63	24	721	575
39	32	574	571
70	40	434	599
59	12	451	644
56	2	552	601
79	3	452	632
73	0	586	639
95	23	614	602
124	59	463	579
126	1	420	642
158	31	659	576
155	47	410	616
135	35	394	602
110	2	416	622
91	50	581	564
126	75	423	578
105	58	401	590
566	180	156	430
854	282	235	191
1001	286	187	199
1007	299	192	199
1010	309	174	183
1010	317	190	187
988	307	213	190
1003	315	196	207
1004	329	192	190
1012	335	187	200
1008	343	188	182
999	339	212	197
999	346	173	176
1010	342	182	189
1012	351	190	195
1013	362	197	195
999	363	186	184
1007	370	192	192
1015	378	200	198
1016	383	195	196
1021	388	205	199
998	386	224	176
1017	389	208	199
1041	401	196	204
1038	415	212	199
1020	425	240	176
1002	422	253	177
1061	416	188	188
1080	423	176	192
1036	434	236	185
1058	423	212	189
1079	428	194	189
1082	433	195	178
1094	430	177	186
1103	420	166	192
1106	429	160	188
1097	416	168	200
1093	432	176	189
1068	434	199	185
1081	429	193	193
1064	439	210	195
1057	439	222	180
1046	429	231	188
1062	427	204	192
1088	429	190	195
1085	442	185	179
1090	435	189	186
1083	442	184	183
1086	438	192	182
1017	447	251	178
1021	441	237	174
1086	434	186	186
1089	434	189	188
1071	438	201	183
1067	438	209	179
1095	425	178	191
1073	438	203	190
1092	437	187	181
1065	435	206	194
1064	429	213	188
1087	429	183	197
1069	440	208	184
1071	434	208	186
1101	437	170	186
1105	436	172	190
1104	426	172	198
1101	439	174	192
1093	438	180	177
1097	441	182	185
1100	440	170	178
1109	436	166	191
1110	427	164	194
1110	437	163	192
1110	426	160	198
1106	436	164	193
1107	436	169	195
1098	429	175	197
1087	436	186	196
1098	435	181	186
1083	444	187	190
1106	448	173	174
1107	430	163	205
1062	444	213	183
1068	434	203	187
1088	436	181	189
1088	442	188	190
1089	452	182	179
1076	436	199	188
1085	442	184	196
1099	450	171	175
1084	437	191	205
1036	451	232	176
1113	445	157	177
1101	434	178	209
1090	453	189	179
1046	453	224	176
1079	445	192	178
1104	445	166	189
1082	447	193	186
1103	449	173	177
1107	445	162	196
1086	441	191	191
1082	450	188	180
1090	442	189	187
1033	454	238	182
1038	446	218	183
1108	442	158	183
1104	448	170	200
1040	440	234	190
1097	437	167	187
1106	443	168	207
1078	459	198	172
1100	444	179	185
1090	453	180	190
1095	439	179	191
1085	453	190	190
1092	446	187	184
1018	453	255	182
995	445	268	174
983	439	282	179
1025	432	221	168
1090	430	180	195
1096	421	181	191
1099	430	174	182
1068	401	202	202
1087	412	182	193
1089	420	186	189
1067	397	203	198
1088	405	185	189
1042	391	232	189
1065	388	210	188
1069	394	202	185
996	398	274	173
970	384	282	169
964	374	292	172
962	363	289	181
1000	355	253	196
1054	354	195	189
1068	363	190	191
1019	357	250	185
1050	350	211	186
1063	357	199	192
1035	358	234	179
1029	352	236	179
1035	347	227	181
1063	342	196	193
1045	352	215	181
1057	353	201	188
1049	352	211	178
1067	351	189	188
811	365	446	176
440	311	419	291
105	15	852	592
118	119	772	459
99	85	730	469
71	66	965	550
150	101	762	497
90	74	813	494
63	78	952	555
99	135	755	451
68	82	757	503
75	77	708	516
55	80	731	485
41	79	717	522
49	96	677	557
53	102	693	475
64	100	659	433
32	94	670	488
43	97	655	507
53	102	668	447
93	91	657	458
56	83	749	480
17	93	786	494
48	86	795	507
24	110	717	464
68	96	643	477
62	105	661	460
72	99	649	422
30	101	715	442
52	95	657	442
51	94	646	438
40	87	647	444
39	83	670	459
61	82	625	468
47	93	650	461
47	92	672	470
45	90	669	457
67	84	694	465
43	96	710	416
49	95	690	454
87	85	719	448
41	83	669	472
79	94	711	434
36	116	603	397
37	92	667	448
73	98	739	451
34	102	764	458
24	99	743	446
21	100	647	436
49	99	625	463
33	103	585	474
50	109	581	442
32	109	588	482
51	99	590	427
13	102	609	478
57	105	556	461
55	106	654	453
69	112	550	447
73	106	639	438
76	109	562	411
70	111	588	466
74	115	573	394
62	105	618	453
102	109	571	395
48	112	711	465
89	107	664	433
63	112	640	452
74	105	611	399
60	98	614	491
88	104	607	400
56	93	632	484
57	95	629	424
62	97	609	504
109	101	581	408
50	97	628	486
73	100	607	423
64	88	601	487
103	94	577	415
57	76	614	504
78	89	600	442
108	86	565	463
95	86	582	443
87	73	591	510
70	77	611	458
84	76	581	487
103	82	567	426
85	75	583	499
90	74	580	454
81	61	587	509
85	73	585	482
101	74	560	500
87	70	583	452
75	66	596	496
89	69	581	452
71	62	608	506
72	63	606	462
72	62	610	474
81	63	599	511
86	71	599	493
95	73	589	472
84	67	600	484
74	61	610	466
75	61	607	522
88	59	596	468
73	67	604	514
87	63	595	479
78	67	607	516
63	83	626	436
74	83	588	497
74	76	588	457
72	82	585	501
78	88	585	437
85	81	576	465
97	75	567	438
48	73	621	485
92	77	578	427
43	61	623	507
83	76	600	416
34	69	631	497
95	75	576	409
24	67	633	486
82	71	577	428
30	66	622	499
70	66	612	437
26	62	638	495
78	76	602	438
37	68	626	486
97	77	587	424
26	66	634	489
75	66	598	424
43	64	620	501
89	63	604	436
33	63	634	491
78	62	616	437
21	62	661	494
81	69	604	421
36	65	623	472
74	69	603	439
43	70	628	462
56	69	610	466
78	73	593	453
51	71	607	486
83	69	595	435
23	67	631	491
65	74	598	454
55	76	598	473
71	82	597	425
42	73	616	458
48	78	602	466
65	69	608	433
49	74	610	488
69	74	588	496
82	83	602	412
25	82	633	465
64	80	610	465
68	78	625	417
46	79	661	472
81	72	646	416
14	88	708	452
73	74	659	465
52	74	670	456
52	79	709	438
39	67	709	472
92	68	686	417
33	98	732	431
78	78	716	426
33	76	795	449
44	61	772	452
24	71	765	464
81	63	736	427
33	77	807	450
30	76	827	436
11	73	701	492
80	71	806	425
44	92	686	466
70	69	717	469
21	67	727	516
82	64	910	459
58	66	814	487
15	57	847	458
23	60	776	478
61	51	713	507
81	63	692	483
30	62	693	526
75	68	623	508
95	70	523	563
55	92	680	444
60	61	690	505
99	63	612	526
74	69	504	563
65	78	481	535
49	101	468	505
53	73	660	522
71	76	641	474
31	70	632	494
58	74	587	488
43	76	585	532
52	74	643	531
77	80	669	460
13	68	612	539
58	40	941	497
22	92	783	505
73	82	859	449
43	70	832	494
9	67	804	510
93	67	837	441
49	64	661	509
47	75	577	546
66	80	782	481
7	69	580	530
43	58	836	516
11	63	749	511
72	67	726	540
33	66	719	519
62	67	748	514
7	66	597	520
49	56	616	519
78	76	521	497
41	74	547	508
72	74	491	520
60	72	475	519
68	73	465	512
74	42	509	516
66	66	523	481
75	53	481	510
71	55	482	508
71	46	509	517
60	55	516	497
69	56	478	510
76	50	466	491
43	25	490	516
66	59	509	473
89	49	466	515
76	53	569	493
85	50	886	518
48	57	905	532
101	69	726	460
53	51	780	496
78	47	787	505
47	36	828	509
63	51	801	530
82	62	764	493
130	42	806	494
77	42	874	544
75	69	892	533
116	51	811	488
66	34	898	571
45	43	973	559
64	69	975	545
51	57	955	502
48	67	1023	554
90	50	923	500
70	85	1024	549
80	70	889	491
39	79	1037	527
46	51	927	501
23	96	1006	549
83	52	870	531
63	39	986	579
91	45	816	539
40	53	927	579
134	34	908	548
56	37	931	586
48	35	923	517
12	49	985	578
106	33	875	532
47	45	1028	566
24	61	1012	556
36	42	980	538
1	53	1056	577
42	51	950	518
15	48	1074	574
76	80	831	497
6	72	1020	539
76	80	948	533
71	60	969	550
104	42	996	549
67	58	982	551
51	77	905	515
26	65	1018	509
20	77	1006	547
2	64	989	515
99	60	989	568
46	90	895	475
34	90	1077	518
52	91	833	476
68	82	823	533
67	80	887	490
57	92	871	545
96	86	859	488
59	79	942	546
96	92	862	469
72	87	913	532
118	95	876	472
76	87	943	522
129	79	882	491
78	85	961	526
92	83	889	492
99	77	915	562
167	93	837	478
99	81	940	532
182	83	840	475
99	76	882	552
102	92	866	449
148	88	915	512
151	88	859	512
159	95	900	444
131	113	902	503
159	91	874	469
102	114	947	505
134	105	868	448
176	104	915	492
177	99	855	438
192	98	911	488
168	91	894	470
237	98	881	459
241	104	821	420
241	89	856	489
233	104	790	422
261	89	849	477
277	87	805	434
270	88	822	504
262	94	840	446
261	96	799	514
269	97	755	435
287	82	803	504
288	94	761	432
279	82	829	502
251	114	840	418
282	95	836	455
269	101	786	446
264	84	884	475
257	118	815	469
264	101	860	439
269	95	834	443
269	109	747	443
272	93	843	463
269	96	807	451
266	90	779	469
264	89	837	482
244	103	786	460
245	105	819	437
229	141	831	440
240	115	800	418
241	100	792	473
223	103	738	448
228	89	856	463
220	128	792	464
221	109	762	446
228	93	723	433
239	86	797	476
240	91	785	446
252	99	725	471
261	99	728	419
270	88	652	445
271	102	763	448
267	90	785	421
268	81	769	469
254	103	843	434
253	98	841	447
245	94	770	460
227	117	843	436
240	98	813	435
233	114	834	434
244	101	781	435
240	100	799	424
233	96	876	470
203	125	817	388
218	106	783	443
198	101	809	413
203	100	848	444
180	109	857	403
143	108	863	443
172	113	808	412
150	98	806	403
150	109	872	468
128	112	867	418
105	134	867	405
120	94	946	450
131	107	899	422
153	107	872	428
170	74	855	442
185	70	838	460
180	81	849	459
185	76	857	485
156	125	873	407
158	113	881	415
167	93	881	439
187	104	828	402
198	80	812	433
190	82	769	434
194	83	725	441
187	73	806	457
171	79	811	427
183	85	697	444
176	74	860	456
172	98	891	455
203	83	827	436
202	84	874	466
177	104	858	441
175	98	843	418
182	102	875	472
204	83	817	445
193	95	927	429
211	94	851	420
210	89	904	471
208	105	764	396
209	79	832	464
221	93	861	424
229	76	863	471
226	102	796	399
216	68	857	483
216	93	797	412
241	70	833	464
229	93	796	416
239	64	861	478
217	115	815	379
231	70	821	455
219	76	830	456
220	88	820	452
234	77	830	429
239	61	821	490
218	86	815	412
231	65	858	461
214	88	784	410
238	60	834	437
239	43	849	511
231	68	811	422
238	63	849	454
239	64	792	419
244	47	833	491
196	91	816	387
231	69	801	476
238	67	788	441
256	53	815	441
252	48	798	444
251	60	805	508
238	70	793	431
275	55	775	504
247	78	790	422
277	55	777	488
265	53	806	468
296	45	774	540
325	59	728	447
310	49	756	524
353	61	710	446
344	57	696	519
330	75	713	425
320	64	749	504
333	70	717	429
326	56	747	507
291	81	752	406
300	78	741	488
337	74	688	425
313	69	711	486
343	75	676	413
340	66	685	479
327	74	675	438
241	83	785	468
269	71	740	433
276	63	742	481
320	67	700	425
314	63	685	460
274	68	745	467
295	58	682	442
330	56	696	495
246	78	736	410
299	55	704	478
269	71	706	406
292	55	686	494
233	78	736	453
284	65	695	424
279	62	710	497
265	73	690	439
265	63	690	474
258	63	721	473
278	57	687	494
282	61	681	454
281	58	692	507
256	65	707	446
247	64	706	501
233	65	710	435
262	50	742	511
235	67	742	478
250	60	702	436
269	50	705	508
259	56	735	491
264	62	715	449
262	57	712	500
295	58	680	443
287	50	719	509
257	55	736	501
256	50	762	465
270	52	760	528
210	77	797	429
268	54	787	474
266	57	760	481
251	70	767	448
266	50	786	533
225	92	798	425
254	61	788	472
277	53	762	508
264	69	755	471
290	55	791	562
268	67	798	464
290	55	748	496
295	54	764	489
289	71	763	550
272	71	772	461
279	61	814	539
240	67	830	470
270	45	850	550
214	75	874	510
272	59	820	497
299	53	881	541
297	59	831	474
365	53	820	548
366	56	787	494
413	58	756	538
432	67	738	480
419	69	811	508
459	61	745	496
446	70	740	581
393	81	798	472
447	73	795	537
421	74	809	485
450	67	749	579
312	79	889	467
457	55	822	607
393	70	874	503
450	94	762	529
482	87	734	477
476	75	719	531
516	79	680	541
507	91	698	512
493	88	713	523
422	77	794	530
406	76	790	559
207	110	990	476
395	65	841	499
435	59	753	550
395	67	771	524
480	66	629	486
492	71	631	518
516	80	616	516
448	69	616	508
301	85	768	489
398	65	520	458
476	64	480	446
515	34	437	490
436	106	553	448
484	25	502	541
502	47	518	496
459	71	475	456
508	14	570	558
504	53	578	516
511	54	516	502
466	59	382	471
356	129	555	430
374	71	423	496
486	29	397	490
121	299	631	268
502	33	624	570
491	61	648	563
291	174	787	418
427	61	412	477
463	63	356	460
221	247	603	295
106	321	604	245
465	62	567	565
367	63	391	437
138	334	578	224
191	294	870	381
371	75	367	430
152	343	604	216
151	281	901	376
285	158	485	361
117	272	633	266
186	281	779	339
491	54	647	520
404	57	377	451
222	243	598	293
172	263	552	302
173	331	580	216
149	314	881	345
331	87	405	459
309	124	414	383
263	189	507	316
225	146	486	373
318	97	470	424
431	57	318	447
143	294	789	283
388	57	357	452
241	222	504	324
398	112	510	444
345	104	379	429
288	220	616	345
478	70	455	507
396	40	561	525
351	90	452	431
493	27	385	524
332	133	482	419
456	57	315	478
192	287	815	318
435	61	339	462
194	275	661	284
356	117	364	391
466	108	476	468
369	83	427	460
483	31	491	563
353	75	574	470
246	204	488	331
143	266	593	274
496	37	427	551
153	217	663	320
177	214	562	364
173	285	611	276
293	193	497	329
314	170	405	360
145	277	458	241
310	219	681	378
182	253	566	297
211	168	546	373
401	69	328	476
125	305	706	222
204	261	565	264
136	300	751	249
407	55	330	446
98	316	640	219
428	88	580	549
271	89	515	460
345	54	395	473
145	307	588	213
453	95	565	548
275	85	515	479
230	106	523	428
362	56	342	468
272	220	750	359
190	251	562	280
244	203	746	383
226	211	758	418
440	68	338	470
188	278	651	308
285	171	749	437
103	278	700	297
407	78	626	532
220	124	846	508
250	139	695	443
98	234	907	397
223	248	719	289
369	105	679	504
155	196	746	397
115	304	783	282
458	13	650	606
380	110	745	502
214	198	862	441
210	223	687	324
83	311	1042	359
508	91	655	522
130	246	965	385
89	291	943	285
446	62	598	511
178	182	959	421
363	120	760	531
118	249	694	275
490	0	569	581
438	47	574	535
153	155	963	430
329	120	841	514
109	262	870	300
301	158	880	482
165	246	924	318
164	274	997	371
549	58	618	534
272	144	762	452
337	136	751	470
203	187	703	384
98	259	736	331
487	0	606	618
454	84	706	517
411	58	770	581
114	215	799	385
264	193	879	453
351	74	646	502
172	234	890	367
248	163	741	448
348	123	818	561
263	184	700	380
308	162	814	468
325	102	739	522
138	227	952	426
182	182	692	392
489	49	678	612
433	103	714	536
446	88	691	564
222	176	905	482
307	96	684	473
331	128	675	481
106	251	833	383
253	257	790	347
123	344	906	276
205	190	842	385
277	178	901	499
115	269	723	283
489	8	599	616
86	259	1051	369
508	95	625	492
266	157	697	448
123	257	998	419
166	284	826	308
397	80	690	550
213	202	937	438
253	206	690	340
196	247	855	358
222	237	623	308
290	163	544	407
91	297	618	245
503	61	619	600
107	219	680	299
177	260	720	306
284	154	720	446
96	276	669	250
543	1	620	668
124	183	965	435
163	246	795	323
478	31	360	487
218	231	839	345
133	298	652	218
503	44	629	619
403	65	559	488
269	100	618	464
150	183	905	429
218	197	797	395
111	275	870	320
232	151	640	394
69	260	925	360
191	215	711	327
66	304	693	255
484	29	662	642
118	220	862	351
348	111	481	433
178	215	788	370
312	145	736	454
247	154	635	393
97	255	766	313
182	287	943	341
309	98	535	445
136	223	612	313
169	274	909	319
395	99	590	497
210	142	590	397
155	172	782	395
248	159	686	395
112	241	727	313
481	8	581	580
188	175	963	446
351	88	683	471
245	169	886	441
287	103	667	434
117	219	1011	403
167	243	873	319
304	175	805	425
139	264	818	295
320	99	738	496
209	149	859	467
527	78	612	510
112	244	962	382
160	311	931	274
480	4	654	598
186	209	919	396
445	49	544	483
551	1	570	586
183	212	925	362
129	264	974	330
616	41	545	550
349	65	768	517
155	207	1029	401
412	96	645	476
235	143	910	481
178	199	945	375
459	149	670	456
138	269	1050	366
586	30	595	558
445	61	687	520
107	226	963	362
190	239	930	348
166	276	994	319
203	265	964	335
417	135	688	439
218	174	903	438
235	191	867	385
388	139	772	488
135	265	917	314
600	33	551	552
194	174	899	388
91	251	1049	377
269	190	859	402
161	257	947	314
324	189	843	428
427	129	742	459
269	139	914	517
205	117	830	444
337	149	856	486
169	230	908	326
217	241	953	387
162	287	923	282
188	294	955	306
381	188	781	372
555	30	607	593
469	139	677	482
168	249	1016	378
238	240	868	335
566	103	617	507
312	188	823	426
574	48	601	577
445	84	730	553
320	139	829	464
232	206	967	394
506	39	638	542
363	104	714	499
143	226	957	403
487	91	620	463
191	205	942	423
352	120	775	428
314	145	874	493
494	84	647	481
375	141	761	481
550	84	653	501
560	34	636	576
200	198	936	400
580	71	594	505
664	20	544	561
692	60	479	505
712	75	452	529
705	77	469	537
706	68	486	542
711	63	480	524
714	67	485	536
715	73	471	499
672	96	519	475
708	78	502	495
719	75	485	497
696	84	504	487
729	98	476	476
636	60	534	495
684	86	484	491
714	113	470	413
678	80	493	479
715	102	413	407
721	61	386	478
718	92	362	444
682	46	397	498
691	62	432	478
706	87	409	455
704	50	420	498
713	78	451	476
706	58	408	470
708	78	399	464
658	44	445	503
670	70	445	461
676	62	468	491
710	83	462	486
723	103	449	399
716	54	473	490
742	86	458	468
707	52	499	509
739	86	447	462
724	63	472	469
713	86	457	452
725	67	459	485
712	85	493	461
687	81	481	436
693	92	476	448
542	76	640	448
558	69	590	451
604	72	542	457
586	102	573	413
535	88	601	434
355	79	778	444
438	85	710	449
529	69	626	458
610	71	533	456
496	98	635	416
370	116	758	408
603	82	575	438
307	146	695	370
346	116	767	423
355	118	822	430
386	109	772	419
443	93	731	453
380	87	824	466
349	69	824	488
493	109	671	439
243	129	911	421
403	74	843	443
455	69	713	437
451	95	630	430
326	128	720	396
393	94	684	441
209	142	990	392
249	94	945	425
355	110	867	403
398	76	831	445
531	83	676	447
428	102	781	424
503	67	706	453
486	54	761	465
404	61	777	466
420	68	762	421
550	68	678	451
540	69	662	444
501	63	713	456
365	84	872	441
264	143	948	388
341	96	911	437
325	119	879	385
221	116	968	409
233	131	862	371
253	127	703	395
314	105	592	421
362	95	579	431
302	121	616	394
405	91	625	431
411	89	550	403
560	59	630	433
530	53	501	449
589	53	639	435
500	56	556	441
579	65	613	424
588	55	554	447
586	60	620	436
580	52	501	451
483	74	435	410
549	81	377	419
546	79	292	409
493	113	489	410
597	34	413	475
579	75	552	431
523	82	479	418
619	48	562	462
584	59	521	441
628	65	575	451
657	70	540	438
659	50	564	451
693	62	535	432
627	82	635	406
720	62	512	437
705	72	517	412
649	92	621	388
694	81	532	421
516	131	737	365
793	69	440	413
266	222	933	326
774	22	442	494
233	241	976	250
437	171	791	334
643	108	573	414
803	48	453	447
711	91	533	398
777	67	488	421
710	77	524	404
741	74	535	406
775	75	465	411
606	108	634	372
795	56	444	407
191	258	1010	272
739	53	509	441
777	69	477	413
808	71	412	411
142	318	795	204
775	46	477	434
766	83	444	385
521	143	714	346
800	84	394	385
189	301	922	210
811	76	403	403
241	253	884	254
389	167	798	352
542	126	688	378
532	142	638	332
767	90	454	385
629	98	585	394
732	66	492	410
736	79	453	426
760	61	468	419
550	111	641	373
746	74	464	380
400	143	795	365
703	81	506	408
658	77	543	406
670	72	532	412
529	95	675	389
388	136	812	326
659	67	561	390
585	83	618	401
664	60	561	402
644	38	576	465
678	56	545	432
665	54	552	465
665	57	545	440
652	64	550	437
632	61	572	433
659	59	546	435
640	65	570	428
645	62	554	436
559	62	644	432
316	112	879	364
431	107	743	357
577	63	635	412
523	48	684	441
508	56	647	420
560	49	702	454
255	134	940	330
362	140	810	329
609	81	604	382
615	66	576	448
595	68	586	430
609	68	587	431
593	61	598	440
613	66	576	444
595	75	591	429
622	73	569	414
636	68	600	433
549	73	645	426
542	83	599	414
483	87	615	417
458	99	734	407
331	143	843	365
383	106	687	419
479	98	610	406
570	85	646	422
594	79	542	430
597	85	610	421
572	80	623	432
498	85	600	432
559	84	597	431
579	83	479	427
605	80	620	412
316	130	675	373
432	126	723	394
260	172	860	356
324	157	625	379
457	101	509	447
303	162	791	358
284	136	769	411
111	233	1058	285
488	63	730	464
113	209	909	329
561	52	666	472
552	79	649	445
607	75	564	443
514	116	667	395
473	103	598	423
210	191	759	337
359	141	747	394
258	176	810	372
401	134	737	398
374	155	807	382
411	147	787	385
482	126	704	373
569	85	521	439
381	126	697	387
238	186	838	325
382	159	787	371
435	151	706	389
254	194	741	351
441	109	781	432
199	194	986	353
592	99	604	441
644	90	522	428
631	70	569	442
648	71	552	438
637	72	576	435
677	72	533	438
616	76	587	450
662	76	539	441
617	71	585	447
666	62	535	453
609	43	601	468
636	51	575	475
623	63	589	454
665	65	559	453
598	62	591	457
665	65	553	450
617	66	606	455
610	64	560	457
633	54	600	460
596	59	599	473
586	48	625	479
617	56	550	473
582	65	576	473
577	58	640	471
567	54	529	478
511	81	499	439
476	86	404	451
516	56	391	498
522	40	352	483
512	98	320	471
515	93	334	480
524	71	263	489
461	124	429	441
473	74	292	460
472	102	397	456
424	106	337	443
446	102	341	477
445	92	355	445
469	72	386	506
490	44	261	493
453	109	322	438
429	102	518	482
315	110	502	447
273	110	540	428
381	73	405	459
519	20	427	545
457	94	470	453
484	66	343	463
467	102	331	467
445	91	440	475
238	125	511	403
360	117	351	410
290	157	723	433
379	107	553	490
98	208	663	354
114	261	601	330
225	228	689	350
202	204	559	362
381	107	323	468
300	162	402	372
356	127	528	414
281	118	442	416
442	93	369	446
416	88	468	474
452	79	293	460
395	118	268	452
297	192	510	396
119	291	605	285
362	90	791	506
88	219	1080	385
406	91	679	438
308	103	627	438
220	149	554	394
218	168	658	379
357	97	668	469
335	91	890	475
317	125	620	466
405	88	546	486
458	82	694	469
397	95	528	428
470	66	719	463
411	110	596	421
128	211	1052	327
393	87	617	450
160	186	1018	347
406	86	775	496
204	141	691	423
377	107	762	453
407	93	669	485
385	94	837	480
338	66	820	516
211	118	919	468
277	94	898	473
421	73	823	495
204	121	698	408
425	67	795	483
336	74	624	482
413	78	529	449
468	80	470	467
396	72	565	468
439	65	665	467
336	72	471	470
389	74	707	509
387	87	614	485
54	221	1158	338
356	69	765	496
293	107	668	467
367	79	591	477
265	123	551	413
295	129	834	410
326	92	626	487
294	105	476	399
431	99	494	468
262	167	593	365
308	98	736	447
282	108	611	436
369	79	494	467
374	94	434	432
322	137	485	406
101	210	696	320
216	136	503	433
261	127	674	425
323	90	462	468
294	110	502	403
409	79	432	440
287	200	575	346
26	293	1129	272
374	59	538	470
369	75	513	460
107	166	682	379
302	96	899	473
197	109	660	448
19	198	881	349
359	67	503	505
391	75	399	461
307	140	498	429
126	235	1023	316
148	209	709	367
12	305	1068	284
169	149	991	379
216	135	717	407
372	53	475	492
412	61	571	470
385	73	559	453
394	66	436	452
198	225	838	358
213	153	644	408
274	80	635	463
340	58	483	484
362	70	486	439
204	140	601	401
181	126	589	415
381	92	449	455
316	89	506	426
326	76	598	469
364	82	572	447
239	133	610	388
294	98	597	421
257	109	538	416
391	61	496	462
308	85	577	462
103	156	702	380
334	68	881	494
257	82	560	446
147	157	779	358
13	240	847	306
79	273	761	284
154	167	792	357
129	169	655	357
331	71	478	468
160	123	647	380
273	97	493	426
114	200	643	319
207	182	885	364
360	67	453	466
160	123	646	387
321	74	451	453
264	122	507	403
232	161	498	357
141	218	694	302
179	189	623	341
143	201	618	345
149	217	674	308
85	234	728	280
175	161	605	369
148	167	632	350
59	199	960	324
110	157	689	361
195	149	592	376
116	175	611	357
138	232	645	293
46	253	956	301
76	141	718	381
126	159	765	386
252	133	582	391
83	215	677	301
106	281	658	256
42	222	1145	359
310	67	658	477
299	82	517	431
147	119	628	393
309	72	541	452
111	178	687	330
295	103	556	415
141	171	661	342
84	203	748	332
153	221	680	325
294	124	537	410
248	162	532	355
157	217	615	311
66	278	819	249
332	102	493	433
100	173	680	337
116	223	679	304
145	204	705	328
209	166	525	402
51	241	772	289
169	240	620	295
255	174	699	365
185	162	570	399
29	261	900	300
275	118	532	397
433	62	341	457
381	109	445	443
269	124	528	401
310	108	492	424
300	132	470	386
280	148	507	383
285	161	481	369
242	187	606	351
334	127	431	404
197	180	608	342
220	158	601	368
113	226	619	312
214	235	775	327
279	130	513	444
246	134	508	384
292	132	523	392
321	141	481	405
125	229	635	291
124	258	660	284
336	94	441	447
233	161	522	358
197	183	614	344
111	205	647	341
180	241	616	286
150	258	976	305
354	85	530	450
262	113	548	403
180	142	578	391
177	148	643	394
217	153	535	381
62	249	770	278
116	271	667	295
246	131	553	434
84	233	657	318
99	311	707	254
134	181	878	402
154	132	810	429
57	195	744	364
243	161	575	401
272	141	491	413
234	171	619	378
113	237	646	308
223	150	560	409
162	181	911	378
389	70	407	476
392	53	463	466
236	153	598	377
137	211	672	337
64	274	1125	304
399	51	610	479
281	118	548	419
175	186	745	349
367	84	663	481
258	115	697	431
153	164	755	398
333	90	472	459
187	178	806	367
311	45	767	532
203	117	734	416
69	213	950	335
64	221	995	363
225	80	703	444
83	189	977	356
48	238	895	323
101	281	680	270
261	189	790	388
75	231	800	350
207	196	650	347
62	278	722	282
128	311	697	270
110	200	721	321
27	267	792	291
124	299	677	269
271	83	665	485
105	188	874	376
131	197	699	345
9	277	885	301
212	138	622	398
108	189	690	340
74	274	831	286
184	193	661	332
159	204	767	354
30	293	746	280
453	35	555	534
197	124	642	407
81	203	682	306
149	238	613	309
168	216	620	349
52	295	746	248
151	231	608	352
187	225	604	341
103	252	726	290
66	274	801	292
94	267	720	260
220	179	556	390
92	257	676	303
300	141	472	426
90	272	641	273
259	190	632	385
109	278	695	294
201	128	586	409
288	118	491	423
92	240	647	287
140	286	701	277
306	100	499	425
320	95	456	445
270	113	489	414
172	183	577	336
113	215	690	314
224	154	579	391
149	182	608	337
99	217	679	312
229	143	545	385
267	107	530	424
328	103	449	392
412	69	381	464
250	147	534	384
121	229	636	306
181	229	581	305
279	156	638	397
146	194	625	327
122	213	787	325
132	206	675	315
61	253	817	280
257	153	554	380
98	255	645	272
205	249	910	320
313	94	476	447
294	114	471	392
452	83	331	429
448	62	361	460
387	131	442	398
352	82	439	427
311	97	464	420
478	76	280	432
432	78	369	436
438	98	365	413
421	109	371	396
340	134	463	391
306	120	454	392
441	72	378	442
328	165	480	351
209	170	539	344
87	248	700	272
281	168	480	382
292	164	503	373
147	256	744	281
260	194	645	363
344	86	493	455
297	112	503	389
456	86	316	418
388	106	389	426
391	69	377	444
330	140	452	409
194	192	587	319
158	198	634	328
80	245	734	293
188	237	595	314
199	193	592	359
412	63	454	495
205	158	551	359
216	155	576	362
243	149	511	376
374	92	420	430
394	86	379	429
259	156	503	399
232	173	517	364
135	232	654	304
217	162	574	374
246	157	526	378
221	177	497	353
383	96	396	418
392	109	380	426
143	211	621	319
63	271	710	267
232	144	579	419
84	225	661	303
135	277	782	272
353	130	440	386
124	211	637	299
51	290	707	249
325	175	668	375
100	226	653	306
253	205	520	329
152	272	1006	277
214	188	570	327
92	268	805	255
150	244	654	279
169	210	628	307
116	235	659	288
192	202	570	338
279	138	610	370
372	103	428	393
362	112	468	420
261	148	511	357
416	98	379	408
401	108	394	429
348	120	434	391
187	177	577	353
235	161	873	379
77	199	727	317
215	179	591	357
354	109	388	436
413	98	398	426
381	123	410	406
307	127	469	389
452	105	306	404
388	117	508	427
347	124	412	403
181	187	605	352
85	230	643	325
251	163	491	398
77	266	829	282
281	138	546	400
174	207	600	314
352	97	461	429
170	181	608	341
82	239	724	302
185	248	607	330
311	127	508	395
298	134	471	392
281	167	542	351
110	259	629	264
93	299	1090	266
351	73	444	457
272	153	513	388
181	213	563	320
242	172	692	371
227	162	574	379
98	251	624	293
190	270	1001	307
410	70	409	469
424	93	382	432
152	255	664	298
338	111	466	426
364	90	444	427
367	102	427	420
366	62	513	498
349	91	489	434
400	48	418	505
333	95	518	453
226	113	824	412
269	116	501	423
423	66	335	459
391	108	419	445
168	184	618	339
258	126	542	418
369	100	403	429
347	98	417	436
421	77	339	446
404	92	407	476
253	139	546	382
422	87	362	441
406	106	374	455
92	252	684	275
224	224	557	345
334	147	578	405
87	208	724	335
253	158	620	403
251	97	547	455
371	77	390	453
197	172	576	375
243	146	516	406
153	192	580	347
247	159	538	367
194	202	551	329
200	198	577	338
80	274	759	267
330	112	459	445
340	132	429	383
407	76	348	439
311	119	446	444
160	225	570	306
76	287	1018	268
161	256	658	281
256	145	552	412
117	225	638	299
280	144	482	414
145	214	597	327
294	153	474	393
124	264	615	271
257	159	887	414
184	157	666	385
169	160	598	388
126	215	624	332
292	128	482	429
150	214	587	286
79	264	866	269
283	104	504	432
386	84	380	437
374	103	385	436
175	204	573	353
162	219	637	337
252	140	531	391
109	228	664	297
199	213	570	323
214	193	583	353
187	198	592	361
211	173	556	365
119	228	631	317
233	192	539	345
242	178	729	368
321	115	449	409
400	82	379	471
196	172	576	387
151	189	616	362
177	203	576	324
179	164	595	328
215	133	562	389
160	164	605	372
75	248	685	286
212	214	571	323
104	284	666	269
380	108	395	436
312	111	458	451
91	259	667	267
152	251	614	315
380	60	411	476
374	90	418	460
354	75	422	444
345	96	442	454
189	187	588	337
64	261	691	277
380	114	418	453
179	158	593	367
335	88	453	445
343	84	428	444
377	97	401	434
303	127	455	404
182	211	632	307
77	283	648	268
419	104	397	442
326	123	441	404
287	143	472	391
247	177	660	348
180	199	608	292
174	203	615	332
103	242	640	308
209	250	553	296
366	96	418	453
232	145	540	382
185	159	584	372
135	204	679	336
233	99	543	458
262	129	487	407
310	120	469	403
457	108	295	417
281	169	477	395
253	191	640	354
162	242	619	289
95	277	1009	290
431	66	425	470
371	122	461	396
391	84	398	462
375	100	400	413
403	104	353	462
303	131	456	398
460	102	345	418
454	104	353	426
462	99	368	435
434	128	385	412
333	146	470	384
399	87	385	436
407	103	380	438
421	101	369	414
404	122	394	411
420	75	359	454
430	99	367	438
439	94	362	428
441	117	377	423
456	109	348	419
246	172	562	362
262	179	484	361
218	210	729	325
328	118	488	432
332	146	441	377
388	116	381	401
291	143	500	426
226	199	541	344
115	263	925	285
145	259	658	316
392	87	416	447
378	83	413	446
426	109	361	432
422	86	367	456
427	109	365	414
425	114	358	419
386	98	428	449
370	100	426	418
373	119	421	429
328	99	573	436
361	92	438	434
428	87	454	464
390	109	494	412
431	95	427	430
458	109	408	433
475	123	364	436
380	114	477	420
191	176	694	345
263	174	563	367
318	154	670	385
128	207	640	335
131	253	857	313
134	236	683	337
376	70	459	471
390	84	441	428
415	73	431	465
439	70	393	469
339	144	487	384
174	168	704	351
352	115	419	412
327	111	575	453
268	107	541	438
369	108	400	418
375	99	433	443
391	104	395	413
404	124	384	422
147	236	629	313
228	183	568	361
186	196	572	357
365	122	455	389
391	99	387	448
383	84	388	457
377	105	398	451
301	117	466	455
158	202	605	337
242	150	557	387
337	87	433	450
368	102	390	437
369	94	389	451
135	220	619	330
134	288	649	253
249	135	525	446
77	249	697	313
209	242	584	305
235	185	641	360
241	161	542	346
180	203	611	359
189	167	648	386
59	256	686	295
279	173	465	398
108	283	696	267
373	85	399	475
328	89	441	460
408	83	378	451
391	68	388	477
394	71	380	484
398	51	384	507
324	101	465	452
235	158	538	398
171	200	641	345
163	208	591	354
84	268	718	296
224	218	578	335
251	192	532	381
351	101	417	465
160	206	605	335
29	293	768	252
433	104	327	457
146	248	624	311
178	197	608	376
299	127	519	429
108	257	659	275
147	255	608	318
150	251	619	323
407	64	389	490
409	54	386	506
369	91	437	472
220	153	564	375
124	221	598	317
128	290	705	275
421	93	388	464
408	98	377	466
398	74	395	478
398	86	389	476
377	95	408	432
381	81	397	476
290	103	479	456
146	194	620	341
94	251	697	298
352	139	434	419
125	214	605	317
217	215	547	343
312	155	492	374
249	161	529	371
194	203	583	334
195	205	596	339
72	288	703	269
472	96	343	481
382	104	428	443
368	111	421	410
146	205	617	335
122	234	662	288
265	173	570	380
202	217	555	318
119	275	669	268
214	160	551	422
296	126	486	428
341	129	443	411
171	185	576	349
26	285	751	260
445	71	350	513
253	162	548	384
78	278	655	272
379	141	475	414
88	248	620	290
287	192	787	381
265	133	551	415
197	148	564	404
32	254	719	301
297	166	446	384
134	271	584	265
452	105	477	464
137	231	646	306
86	265	795	295
291	136	480	431
98	263	632	275
273	219	722	358
387	58	373	507
364	86	401	448
163	195	601	360
136	210	584	350
106	294	971	282
348	131	583	399
374	95	402	441
369	67	396	470
200	173	553	364
71	256	688	291
236	192	502	377
57	304	626	263
273	158	726	436
334	58	446	510
367	67	399	451
315	136	467	432
111	261	820	281
308	85	492	485
318	82	485	454
384	71	391	466
361	100	487	442
337	96	468	436
383	48	397	472
336	108	524	435
315	96	439	440
365	37	597	519
345	56	527	479
408	52	430	483
127	253	696	325
339	100	517	484
273	100	427	452
232	141	509	387
129	210	577	324
94	308	1105	249
379	33	443	496
108	184	601	391
155	215	835	366
232	79	516	480
301	78	448	459
366	26	417	526
342	81	428	480
346	42	702	528
254	58	539	466
361	43	404	512
382	26	480	519
310	76	444	494
186	148	604	389
239	109	622	436
232	93	643	458
228	82	538	455
374	0	480	548
314	72	636	511
354	2	422	526
215	191	597	370
218	130	537	400
141	158	804	412
291	19	454	540
249	36	498	504
266	32	456	525
294	12	426	518
265	78	447	486
244	49	457	486
202	92	496	487
142	144	528	403
206	113	533	432
217	54	470	492
263	10	479	532
284	16	481	552
223	35	562	502
256	0	516	567
253	14	513	554
257	14	515	541
259	30	512	530
205	50	587	523
215	28	558	512
251	9	517	577
264	13	520	519
240	43	557	516
211	54	584	533
172	74	574	451
265	0	450	544
183	102	626	488
250	20	627	510
234	41	508	539
230	42	550	505
251	35	507	526
227	45	599	496
195	60	523	506
232	32	473	502
231	66	485	491
179	74	522	470
222	44	505	509
241	29	519	533
213	30	553	526
217	24	543	546
221	28	527	493
247	31	485	529
186	52	539	488
206	23	497	516
224	43	547	512
220	34	544	503
235	17	499	561
233	14	508	517
183	67	546	500
222	33	503	508
229	28	523	517
223	46	512	509
216	41	503	486
222	25	564	527
162	68	617	484
237	15	505	472
188	110	538	426
98	161	591	374
118	184	763	357
220	64	579	464
267	42	492	505
187	90	553	463
214	44	511	499
264	28	455	510
91	165	614	394
125	173	629	384
128	172	605	359
83	220	598	328
128	217	571	346
98	223	616	331
160	178	573	385
200	104	513	452
186	103	567	441
102	172	634	382
134	186	578	366
113	245	616	318
84	244	665	331
114	242	633	325
158	190	548	384
84	227	623	326
93	269	620	295
80	302	625	286
97	250	597	305
101	294	593	286
104	269	587	324
98	275	614	312
84	278	666	315
182	102	854	504
233	44	694	521
257	52	592	484
199	86	523	473
105	153	606	392
132	178	617	379
104	249	603	316
77	295	637	275
116	257	578	330
78	259	640	336
102	236	632	348
116	259	663	319
97	185	613	376
91	247	684	326
118	246	615	341
81	302	670	278
125	186	602	381
171	187	532	384
175	184	502	387
136	251	638	307
106	228	561	353
145	235	561	347
116	275	643	288
177	143	550	434
160	137	521	427
115	208	580	343
116	221	608	339
149	214	575	349
174	196	499	375
111	270	641	292
131	176	610	397
167	159	562	417
81	256	598	312
105	270	586	308
94	303	608	298
153	198	550	340
94	283	611	271
104	235	586	345
137	265	582	288
114	213	570	361
91	288	633	279
139	174	577	398
141	231	591	340
161	188	546	398
98	283	612	293
107	265	603	302
101	298	611	287
149	193	561	389
160	192	559	363
109	245	552	320
104	273	589	308
96	319	609	277
126	240	627	304
218	121	476	439
122	173	558	375
94	263	679	292
211	146	531	436
54	239	668	326
107	248	618	305
114	266	613	312
95	298	627	292
110	248	606	335
114	266	621	318
161	215	586	354
92	257	579	321
161	217	543	365
167	185	566	370
96	226	602	339
129	249	594	327
125	244	609	317
119	275	612	308
126	304	610	284
90	204	637	377
121	243	606	342
113	298	635	293
94	240	637	361
104	275	652	286
98	290	622	297
138	243	581	339
101	285	642	289
101	280	627	312
170	218	567	358
125	225	548	359
92	320	625	264
90	269	690	323
204	111	689	469
183	113	546	457
94	182	611	370
69	239	662	328
107	286	630	274
85	321	631	266
175	196	533	364
131	232	547	321
128	273	558	292
123	321	575	264
75	239	728	350
113	259	649	317
72	278	653	308
80	334	666	249
131	200	621	361
183	178	485	399
86	300	644	260
133	264	568	327
117	289	611	295
48	273	680	300
112	277	622	300
72	304	663	264
95	259	800	318
76	240	648	322
109	275	619	302
126	295	603	280
69	259	695	329
101	296	688	266
187	151	590	421
101	172	626	400
192	144	570	424
258	55	451	484
94	218	674	363
139	198	576	370
192	165	684	405
232	85	545	466
264	88	516	460
259	68	562	476
280	70	521	485
279	99	514	440
234	132	566	407
249	90	512	441
289	74	560	476
296	64	565	489
310	71	686	492
277	64	643	506
232	84	525	432
254	91	560	446
260	81	576	471
231	82	593	473
218	80	572	465
233	57	544	476
272	76	726	511
124	115	885	470
255	69	641	499
114	152	891	426
278	58	646	494
231	68	664	488
184	86	768	478
214	83	625	450
277	62	785	502
247	55	846	536
214	70	643	481
265	62	824	539
228	77	657	463
202	68	914	551
202	54	834	535
220	78	943	530
193	56	820	481
206	53	930	543
182	71	907	480
187	66	987	573
194	93	842	462
192	60	954	529
164	66	992	501
204	69	1028	520
152	104	949	442
146	80	1032	526
124	92	956	459
132	58	1027	552
106	103	1030	468
116	86	1062	505
126	115	987	446
101	93	1061	501
102	115	1096	466
90	123	1086	452
108	92	1085	477
121	122	992	500
96	86	1069	481
112	111	1027	534
93	80	1032	521
83	124	1052	452
103	88	1033	488
104	104	1024	493
98	71	967	494
85	82	990	514
74	81	990	477
73	66	973	497
94	90	964	514
68	72	987	489
61	66	992	546
90	87	959	478
68	61	975	516
57	78	933	470
50	57	953	551
83	77	922	494
107	48	921	533
85	48	943	512
99	56	947	578
71	57	974	509
45	57	991	490
57	20	977	562
90	66	953	516
69	49	958	494
67	27	1005	596
112	68	921	484
78	38	950	495
77	20	967	562
106	50	940	486
82	56	969	484
81	47	951	481
75	56	962	515
130	42	889	496
88	43	960	516
62	47	975	481
83	34	928	483
68	60	952	551
117	43	945	499
80	56	967	544
114	45	906	499
89	50	944	482
89	43	946	516
100	70	925	469
84	43	950	491
65	49	945	489
60	50	918	483
69	30	929	522
98	45	920	507
62	56	971	483
67	63	948	484
58	54	963	479
57	51	926	467
47	55	1000	543
115	56	934	494
90	59	954	474
78	65	951	489
69	54	944	497
59	60	950	469
69	53	919	476
67	64	931	487
60	53	931	472
58	58	939	500
54	56	954	492
50	60	935	473
45	51	945	497
41	84	917	444
57	48	955	489
54	55	962	510
44	56	932	477
43	69	930	462
42	52	939	480
35	74	956	483
60	62	917	482
50	49	953	515
36	57	977	500
70	69	924	484
67	58	935	490
47	72	941	537
50	57	940	497
32	56	959	495
72	67	908	475
48	69	940	461
44	90	943	516
43	70	908	486
70	84	901	456
50	71	919	491
31	79	929	460
19	73	949	484
59	70	898	474
26	71	943	489
72	74	894	485
35	69	934	475
29	76	916	462
15	73	939	499
26	73	935	489
15	62	947	488
14	69	954	485
42	81	901	460
13	56	966	493
30	73	921	527
53	83	908	470
39	75	880	452
51	77	913	491
33	74	916	477
80	89	881	474
39	80	906	459
55	73	896	461
41	87	905	441
28	85	916	515
84	73	816	476
24	85	889	474
91	88	865	455
54	66	877	462
34	95	906	446
46	92	893	471
71	89	859	458
34	76	873	452
104	84	873	437
74	68	878	436
43	85	908	469
47	87	879	446
41	87	890	451
43	98	853	440
57	69	887	455
43	91	873	464
91	69	799	451
46	68	890	465
52	66	872	507
71	71	857	463
44	66	863	441
49	57	920	488
63	93	863	412
41	65	841	468
77	86	836	433
44	79	847	426
41	66	858	458
64	88	853	475
57	86	838	442
23	79	883	449
94	90	828	440
63	76	847	432
51	56	865	495
59	88	860	431
39	86	869	440
35	60	878	463
80	79	824	435
40	86	861	448
67	92	818	414
57	87	809	422
44	75	835	464
43	97	838	425
41	72	845	450
41	94	849	488
40	83	839	452
45	74	851	463
39	81	844	474
62	87	822	442
58	81	832	463
75	90	807	432
52	93	810	442
58	92	793	416
69	102	782	421
89	108	765	422
66	104	765	432
69	112	768	423
70	111	772	434
98	107	728	415
73	129	765	416
127	117	697	401
92	112	740	419
114	109	687	394
112	129	705	424
140	118	684	382
123	141	706	424
109	123	706	387
106	159	781	420
118	141	709	392
108	131	803	423
103	132	743	386
96	162	775	363
108	172	761	348
125	151	759	390
141	145	700	369
122	155	767	428
145	176	692	358
114	157	774	371
147	160	680	351
149	146	730	434
115	191	727	334
111	169	770	357
92	199	791	339
97	182	812	370
93	207	723	318
85	215	772	337
76	214	749	310
88	225	766	327
75	220	801	330
88	216	798	325
107	197	773	373
91	223	741	316
114	207	749	351
115	207	756	345
129	207	774	339
139	219	715	314
160	197	725	361
158	187	721	358
146	215	742	341
156	204	741	354
144	221	678	310
145	233	714	323
134	225	723	312
128	207	743	332
99	226	789	313
105	216	762	318
72	224	789	312
65	226	808	334
71	218	790	318
89	230	791	340
67	221	798	324
97	204	767	333
125	203	760	325
86	225	762	317
125	195	739	358
143	200	673	312
132	203	710	352
132	203	763	341
139	220	748	317
149	222	753	329
110	215	690	330
114	208	722	340
105	210	758	352
100	236	809	303
119	231	785	310
133	185	760	370
122	215	732	317
115	231	751	312
112	226	762	310
125	211	758	333
115	224	776	310
127	202	762	345
111	228	780	305
118	210	777	347
136	208	765	326
101	235	800	310
119	230	771	307
120	213	748	339
98	232	763	296
79	222	759	329
119	202	748	328
129	220	761	314
139	196	761	352
122	228	719	316
101	212	743	320
111	213	744	317
79	226	766	336
95	229	762	315
126	217	727	322
124	225	749	320
127	225	760	311
125	213	747	323
131	220	753	331
93	234	757	301
82	232	730	319
98	206	676	330
115	208	706	346
135	207	719	312
121	202	766	359
119	215	739	317
105	232	755	330
127	198	760	345
113	208	796	348
115	229	729	299
120	231	731	306
109	217	761	336
96	229	764	307
102	213	769	332
113	225	772	317
115	208	768	338
103	219	769	331
106	200	778	338
116	218	790	352
88	237	684	301
140	215	685	341
109	211	734	355
101	223	773	323
114	209	767	352
102	234	749	311
120	207	756	352
110	218	801	355
118	232	712	319
120	209	762	365
103	229	769	326
111	225	783	328
130	200	792	372
120	212	693	326
91	205	769	368
98	226	775	328
115	198	760	363
110	207	798	345
106	224	768	325
120	213	774	335
129	203	781	348
108	213	735	336
107	213	740	338
102	218	778	351
85	231	719	326
126	201	702	375
97	225	788	326
106	230	782	338
121	217	775	349
128	216	746	327
123	215	784	356
117	218	702	321
120	213	741	353
85	222	755	331
102	220	733	331
67	225	755	345
117	220	685	327
94	223	718	345
148	181	719	368
116	203	721	359
128	198	694	348
129	145	657	388
133	174	707	432
139	177	694	379
147	182	725	361
149	187	680	366
125	196	757	353
117	189	732	367
146	172	692	364
119	188	759	402
107	187	655	353
116	169	678	406
130	192	726	332
82	205	794	398
75	174	649	377
86	193	679	375
19	207	663	351
61	220	496	324
69	163	679	400
95	187	641	354
85	177	628	384
122	151	695	410
145	169	689	379
163	170	724	404
139	178	633	365
164	180	651	412
165	141	719	426
165	166	633	372
140	181	720	422
165	148	643	401
126	185	723	429
160	150	672	399
111	183	744	420
167	153	681	400
170	181	698	413
112	163	663	377
155	170	678	437
144	161	730	397
166	169	690	418
