376	29	151	148
246	38	447	291
472	109	222	183
492	100	246	236
541	129	177	200
424	82	269	226
540	148	194	179
387	56	288	259
488	103	200	210
361	21	257	240
303	34	317	196
323	25	251	184
295	25	241	171
327	56	433	281
311	14	309	261
286	23	381	261
298	27	377	265
324	42	336	241
480	95	171	202
332	24	207	150
471	118	232	206
388	35	134	166
400	84	207	172
463	102	147	146
393	80	133	136
337	67	267	176
360	2	173	184
311	18	214	161
319	19	232	159
335	16	183	166
226	25	324	150
334	5	211	189
222	14	306	171
241	2	297	196
265	0	297	204
226	0	321	208
248	0	317	214
228	0	356	245
257	0	434	314
323	11	362	294
272	18	290	200
221	15	300	206
208	12	306	212
207	8	311	212
216	5	321	219
220	1	280	226
207	7	270	202
207	9	324	230
216	9	252	154
249	6	170	165
338	43	49	117
275	39	128	100
264	40	85	99
248	37	181	96
264	29	106	114
282	39	66	95
256	33	87	110
255	39	95	95
259	45	112	106
257	31	104	113
291	41	67	94
267	36	78	108
266	42	115	99
270	43	75	98
229	34	105	106
246	41	98	92
233	45	80	86
236	34	89	107
292	42	69	88
271	38	81	104
279	39	97	98
269	40	123	99
253	42	94	95
275	31	144	114
280	33	231	116
385	47	288	278
430	67	261	281
412	66	292	292
417	52	285	272
393	56	288	291
466	68	226	227
357	40	302	254
490	103	201	233
310	22	243	200
295	28	302	243
311	39	307	225
295	9	253	181
321	8	198	187
348	19	168	169
313	32	208	146
344	30	173	149
325	35	197	135
324	33	212	144
341	30	180	153
344	35	212	167
358	35	176	128
290	35	164	152
307	29	216	150
339	27	249	213
334	34	314	238
371	48	293	248
317	17	343	268
350	30	243	208
327	34	218	154
315	32	231	165
326	31	220	166
305	32	258	178
317	29	233	169
316	28	249	189
324	30	246	191
341	32	231	189
344	32	233	193
354	33	230	188
358	32	229	185
302	31	271	174
312	25	279	197
348	24	327	244
345	34	337	227
352	43	354	255
381	63	303	214
352	17	294	238
334	24	240	171
336	22	239	184
313	24	259	181
301	22	270	191
294	20	292	193
310	16	257	206
291	20	276	200
263	19	305	201
299	13	270	209
268	16	300	199
215	11	355	209
254	0	313	229
274	0	291	226
308	3	247	222
257	14	301	200
317	9	237	210
274	18	276	193
241	16	316	196
310	7	258	214
263	14	284	201
241	12	324	204
258	4	308	220
291	2	272	219
218	8	348	208
226	0	339	228
253	1	341	235
302	5	298	237
329	18	347	268
381	46	312	244
353	35	299	231
481	88	211	188
372	33	242	228
290	15	411	280
352	26	271	188
291	38	401	240
365	27	269	250
315	17	270	245
264	28	262	157
318	20	222	118
348	24	158	124
294	27	218	120
358	20	179	136
318	22	217	133
259	16	166	135
303	20	112	130
274	33	91	109
276	40	85	113
269	38	93	114
279	29	97	134
280	33	87	117
257	35	121	114
297	42	109	131
271	25	138	125
370	72	168	156
375	67	264	222
292	11	355	278
336	17	287	239
287	24	322	205
282	17	324	236
310	16	278	211
297	19	337	237
306	17	303	225
340	21	297	253
373	40	310	254
420	51	274	234
397	48	274	245
382	39	326	277
398	45	298	275
420	69	292	270
373	42	310	273
459	91	254	238
465	96	221	191
485	95	206	216
430	53	253	237
454	89	250	215
321	42	358	259
409	65	279	260
333	6	319	257
297	14	322	247
324	18	295	244
293	25	347	233
304	22	328	229
275	20	362	235
328	14	306	237
318	19	337	251
307	23	351	253
277	22	285	194
222	18	333	192
269	6	286	195
273	3	270	197
292	3	247	193
293	7	241	201
262	13	277	193
327	11	218	182
356	17	194	199
300	32	254	184
264	31	292	181
274	23	278	180
267	17	289	197
273	13	287	206
288	12	267	208
233	15	324	202
296	7	253	203
252	11	308	215
260	8	310	203
296	4	258	225
233	13	330	203
297	3	261	197
284	6	281	218
257	9	309	217
261	7	327	221
296	2	283	228
268	8	297	214
302	7	261	220
253	14	301	203
294	10	270	212
282	13	274	204
229	14	307	203
306	8	254	210
247	14	299	197
337	9	211	207
259	23	277	179
316	17	232	194
287	23	265	181
272	20	285	188
218	15	329	198
255	5	285	193
342	4	190	198
380	26	159	160
410	72	126	107
351	62	215	154
411	39	120	126
354	45	174	127
407	44	152	132
397	43	159	114
360	37	297	193
603	90	238	209
513	43	299	237
526	47	317	236
619	47	183	233
511	35	132	206
420	40	178	183
431	32	103	183
355	39	91	134
243	34	114	113
249	41	99	98
244	37	93	95
238	44	25	80
211	39	99	101
250	42	83	90
231	41	117	104
257	34	97	106
236	43	105	87
229	42	95	86
233	42	45	76
211	46	71	92
230	35	92	99
301	36	105	93
292	36	225	105
377	33	166	126
378	60	143	104
267	32	171	120
277	32	253	147
327	25	201	164
359	54	182	161
307	37	225	175
469	112	80	114
353	44	173	155
250	23	309	209
284	20	303	225
329	29	396	298
518	124	252	202
363	27	339	303
423	92	348	232
303	5	411	310
290	21	390	272
319	19	313	267
329	29	276	248
345	35	253	207
330	32	277	225
286	17	309	225
289	17	386	289
304	19	328	282
335	30	269	248
317	23	270	217
285	29	343	256
328	30	273	226
297	26	310	221
276	27	402	288
360	47	320	269
322	14	377	336
478	117	188	200
265	32	454	330
442	141	236	175
241	28	485	338
447	139	234	176
245	30	482	341
449	142	217	154
253	33	197	133
236	30	271	145
236	32	450	327
402	133	244	151
237	17	470	322
416	121	291	202
374	41	177	204
221	9	336	206
276	0	317	251
296	5	277	246
295	17	267	225
245	24	310	210
281	20	317	237
309	21	277	237
311	30	262	186
297	28	280	215
265	30	321	224
302	28	379	296
393	88	267	196
333	22	353	320
448	126	244	177
332	14	218	191
249	23	346	223
312	25	378	290
423	109	303	230
334	43	368	267
422	104	290	247
267	26	391	240
307	23	425	316
434	118	176	143
266	30	256	141
277	20	255	165
295	15	298	227
230	18	410	277
459	100	229	206
257	23	413	287
490	111	177	165
274	22	260	182
229	20	419	288
495	112	144	146
275	29	240	138
260	20	268	162
272	13	294	204
193	10	332	210
237	2	311	222
226	0	316	217
249	0	292	218
231	1	300	215
207	0	342	215
206	0	330	223
219	0	319	221
208	0	343	224
212	0	356	230
235	0	324	205
231	0	294	213
229	0	292	204
224	0	283	205
306	32	359	229
350	44	226	146
338	33	167	119
347	60	152	146
308	29	203	143
320	28	292	201
335	36	189	143
367	41	187	170
349	25	188	159
332	30	201	151
343	31	191	150
357	34	171	146
289	37	236	142
296	30	239	168
312	30	243	188
369	31	177	167
349	18	181	175
377	44	228	194
488	66	229	208
456	72	290	209
529	79	223	210
525	86	202	193
462	68	292	213
179	3	352	231
258	3	402	289
542	98	482	442
497	99	457	410
547	111	426	432
519	121	389	364
574	71	238	344
138	24	366	185
233	10	471	349
475	30	393	332
474	43	347	312
518	54	284	284
490	59	153	186
417	57	339	249
455	56	286	249
554	84	75	140
408	42	214	173
453	68	170	143
336	28	182	110
312	23	125	121
283	31	149	106
335	30	103	107
280	31	77	97
289	31	163	91
303	26	224	153
409	50	302	204
340	34	293	164
285	24	225	137
314	18	205	150
369	18	147	150
285	30	239	130
328	20	200	166
330	25	227	177
306	29	230	172
295	35	304	202
313	37	238	150
375	54	153	142
308	22	268	210
415	92	282	248
454	80	268	258
404	63	347	269
488	116	240	220
384	51	178	158
337	23	185	157
357	41	174	138
377	61	188	153
366	38	188	164
371	48	184	156
358	30	188	167
428	73	120	143
308	34	214	156
340	36	180	155
308	39	225	153
315	36	213	160
324	39	211	160
289	47	253	155
336	41	200	170
368	49	177	157
280	13	298	210
286	13	293	216
298	16	281	205
344	16	229	201
340	25	214	183
362	31	198	171
340	38	226	170
364	36	209	175
341	33	236	190
364	32	187	169
309	37	262	168
368	31	203	183
378	33	162	161
262	20	356	227
320	11	246	205
371	18	206	211
376	34	181	181
366	27	182	166
340	28	205	148
352	29	197	167
348	31	178	140
313	32	187	133
343	31	177	133
313	32	207	131
331	27	199	142
303	26	220	144
363	22	162	152
285	30	247	140
340	21	177	159
273	29	255	145
306	19	233	165
356	19	180	167
229	28	293	149
267	14	274	184
335	10	258	220
351	18	229	218
356	33	336	301
325	0	425	378
495	131	221	230
284	20	391	289
341	25	430	343
500	131	217	222
260	22	391	265
317	16	432	335
500	127	225	225
228	14	593	425
524	152	259	198
337	24	311	265
358	34	420	347
574	144	165	204
271	19	325	226
465	100	335	313
342	42	430	352
593	161	207	230
259	3	486	349
536	123	245	233
240	3	551	404
542	139	254	271
231	18	547	366
516	137	313	288
606	145	194	264
390	56	340	269
606	146	192	259
310	7	234	176
207	9	594	454
533	128	204	191
293	26	266	184
230	23	566	425
496	102	239	214
264	30	257	186
278	30	299	210
297	28	243	158
271	23	253	172
335	19	212	179
307	25	247	170
325	30	251	193
399	54	172	187
299	24	246	185
422	55	149	176
341	36	208	160
388	39	215	206
423	41	167	194
375	28	230	223
502	79	120	190
326	24	199	157
345	26	197	174
371	33	180	159
323	35	258	198
352	35	195	163
367	35	189	157
315	30	241	177
324	31	228	171
348	32	203	169
361	32	192	160
356	23	197	180
353	31	212	181
364	26	199	171
354	31	199	172
351	32	205	161
350	29	210	167
343	32	219	169
371	32	180	148
331	28	227	156
359	25	201	142
362	24	194	166
347	29	209	133
337	24	210	156
348	25	210	139
360	21	193	169
360	27	221	165
342	27	222	159
360	26	196	154
360	29	215	155
369	29	245	171
371	27	364	202
271	11	426	196
239	0	502	216
334	0	384	250
315	0	410	259
255	0	442	258
263	0	410	244
253	0	352	193
315	0	288	220
314	2	260	190
343	5	319	209
305	0	264	173
343	2	178	175
334	14	132	148
323	26	225	135
333	19	161	142
331	23	182	122
336	22	185	120
323	18	200	130
330	14	173	124
326	14	213	154
340	13	177	138
318	16	204	113
364	11	157	142
325	17	198	117
324	13	119	129
301	25	54	112
312	38	44	105
270	40	94	102
303	37	52	100
299	34	10	104
238	45	81	96
275	37	139	114
341	25	28	122
336	29	46	116
303	32	48	109
272	37	94	116
336	31	113	123
329	31	92	118
310	30	113	107
317	28	73	105
293	38	66	107
273	35	148	134
365	25	88	130
313	34	67	105
285	36	82	112
304	31	55	110
265	39	90	114
322	27	87	127
320	37	38	104
225	43	198	121
332	30	221	143
349	25	195	153
364	28	182	151
365	26	180	164
353	25	187	151
365	28	178	167
358	28	182	142
358	28	179	158
359	32	181	156
359	37	178	158
357	26	186	162
342	32	204	161
386	35	164	165
338	27	213	175
365	33	201	171
390	35	175	159
375	42	207	169
436	40	131	155
361	27	174	168
372	36	185	168
388	39	193	164
363	29	215	173
363	34	226	163
388	40	213	160
375	40	205	152
398	52	182	149
345	22	199	180
398	46	170	160
334	21	204	162
358	26	213	178
349	36	218	171
460	59	116	153
339	42	213	169
416	51	128	139
259	28	238	147
334	27	211	168
339	40	209	152
356	47	189	144
338	38	196	142
306	38	227	146
369	43	157	148
284	22	245	162
346	30	179	165
343	46	193	143
328	37	203	151
344	42	188	146
378	43	154	138
326	21	191	149
346	25	197	149
347	27	194	147
341	30	204	147
350	31	195	140
334	31	220	145
340	29	223	148
353	31	213	144
334	34	214	138
356	31	195	145
315	32	239	145
374	29	201	172
409	48	160	154
347	23	188	173
379	37	189	173
367	28	163	167
345	33	213	167
367	41	192	176
415	41	193	175
386	32	174	163
374	47	202	152
363	40	229	170
439	60	202	161
336	25	257	170
370	35	300	218
380	46	309	209
379	43	269	185
311	29	239	160
358	25	163	117
290	25	196	120
330	20	175	134
303	22	205	137
331	19	236	177
324	23	323	207
404	45	275	222
439	73	219	199
376	62	249	208
422	74	200	182
352	46	196	166
374	34	209	194
395	46	191	183
363	37	212	186
372	32	168	136
302	31	206	131
332	29	195	145
295	32	255	162
345	41	226	204
399	53	155	168
313	24	207	152
375	38	197	187
417	40	143	171
331	24	209	167
350	31	196	162
363	34	184	158
344	30	195	159
370	33	169	148
328	27	203	146
344	34	184	143
323	36	178	143
329	32	203	170
342	36	169	160
360	39	124	152
318	22	124	156
282	45	201	182
379	44	149	157
321	26	214	161
382	40	158	153
326	36	195	150
389	42	134	144
310	25	186	153
347	31	184	152
377	35	160	148
319	30	189	147
340	33	184	145
364	34	161	141
307	36	222	142
342	33	180	153
374	39	154	144
265	28	265	149
332	32	219	175
320	40	218	178
388	48	143	166
281	24	245	170
331	32	293	268
398	65	304	332
323	14	373	362
437	121	226	226
337	25	192	184
252	37	283	166
291	28	301	253
319	37	299	245
331	34	247	172
312	32	231	171
302	32	212	170
297	35	234	161
303	32	231	165
295	31	235	167
272	30	262	168
279	24	266	178
248	20	299	183
270	11	273	196
209	10	353	198
228	0	342	223
249	14	347	216
281	7	322	227
342	62	268	220
227	10	372	254
304	29	327	239
449	92	139	132
263	25	222	147
327	22	231	172
307	25	241	171
345	27	204	177
340	36	191	160
331	34	208	160
351	37	193	166
367	46	175	160
342	24	213	185
391	44	148	135
326	22	205	188
328	35	255	190
308	46	330	233
444	42	276	287
287	0	393	349
384	44	252	224
270	0	262	240
281	12	353	280
361	41	270	227
263	0	319	236
282	0	394	344
414	108	232	175
242	12	271	171
311	6	228	190
341	21	222	205
313	30	235	174
289	30	272	184
315	26	268	211
327	29	252	195
334	31	253	201
330	34	285	217
316	34	289	225
300	36	288	194
322	31	290	206
330	30	306	232
322	32	265	174
335	28	234	166
339	27	235	178
326	28	258	187
342	29	250	190
333	31	255	190
363	31	194	175
354	31	194	176
366	35	186	180
351	34	195	186
380	32	175	177
359	29	190	179
356	32	189	152
329	33	222	158
357	32	190	160
334	34	209	148
343	32	196	149
332	33	208	149
334	32	205	152
333	32	198	146
332	32	199	148
330	32	167	132
326	31	194	134
326	29	190	137
327	28	189	136
331	27	183	137
329	28	188	137
331	28	188	139
328	28	195	140
344	28	182	141
322	30	208	139
345	26	183	139
316	28	214	137
334	24	190	144
353	26	172	141
323	29	206	135
351	25	172	141
318	28	207	136
347	25	173	141
320	28	199	132
346	25	170	136
321	27	195	130
341	25	174	135
322	28	195	135
349	28	175	137
325	29	198	135
347	26	172	136
319	28	197	132
376	26	144	136
350	29	159	146
346	26	172	137
317	30	220	142
351	25	198	141
333	25	210	141
339	22	200	158
337	25	206	149
352	26	183	154
328	30	201	147
341	30	187	150
333	32	190	145
346	32	186	151
354	34	178	146
347	30	167	142
332	29	187	148
358	30	182	165
363	28	186	171
349	31	196	161
346	30	193	183
344	14	197	186
349	27	202	189
348	26	170	179
353	24	157	191
328	10	171	148
323	17	204	160
350	20	186	173
342	29	195	156
331	30	204	128
309	25	208	145
347	23	173	131
300	24	176	134
268	25	177	134
256	26	231	148
228	21	234	135
241	14	137	151
262	28	236	108
326	15	200	139
317	13	209	143
346	12	173	148
314	19	209	156
349	20	173	150
273	26	255	140
283	17	227	156
279	16	236	152
279	18	229	151
274	16	236	154
274	16	240	153
269	16	248	158
253	12	269	166
236	8	299	178
215	9	296	187
208	3	291	189
203	0	310	195
217	0	307	199
207	0	334	205
198	0	348	208
195	0	359	214
191	0	367	221
195	0	355	229
234	0	325	208
212	3	293	212
226	3	309	191
208	0	329	203
196	0	341	212
181	0	362	222
243	0	303	197
238	4	270	205
254	6	284	143
308	35	165	159
362	23	183	138
270	24	331	236
306	28	251	163
351	24	207	172
342	30	207	160
367	32	182	156
337	37	202	147
376	36	165	148
301	27	222	144
359	27	178	148
307	31	232	139
367	25	169	152
303	32	239	138
370	25	167	153
292	32	230	133
345	25	186	148
322	28	193	141
330	28	204	139
329	25	185	142
304	26	215	134
342	21	185	141
311	23	199	136
346	22	181	139
308	24	196	134
322	22	200	137
320	20	209	139
334	18	191	144
334	19	172	139
307	23	211	131
351	21	178	137
314	23	196	133
331	21	194	135
317	20	190	137
331	20	193	135
332	19	192	137
319	18	169	138
349	22	163	130
317	25	192	124
318	21	199	131
317	18	198	136
336	17	176	138
309	20	195	131
351	18	165	133
320	21	175	123
309	22	188	122
310	18	193	128
306	15	207	133
260	11	169	140
267	16	139	131
268	24	100	116
287	35	71	93
253	41	87	99
262	36	84	97
253	44	95	103
248	29	95	110
249	40	136	107
259	39	265	140
424	92	270	256
291	39	414	305
330	44	358	293
317	25	403	317
295	31	285	210
331	30	216	171
285	35	317	222
316	31	294	217
342	31	298	225
351	32	278	221
355	39	282	209
318	32	319	231
313	33	348	246
314	33	309	220
303	42	366	270
439	95	213	171
346	47	193	174
425	93	184	175
492	117	93	134
417	92	276	251
361	37	303	264
460	81	224	231
319	43	310	251
305	0	275	235
288	8	272	225
288	15	303	247
314	21	253	204
293	26	291	223
295	28	269	212
322	31	238	206
267	35	271	193
342	33	224	197
286	31	258	190
249	31	272	190
318	29	235	199
256	45	279	181
302	45	411	292
299	0	261	243
253	14	415	303
320	28	335	292
362	28	221	238
236	21	388	230
298	12	312	276
327	24	312	269
273	24	453	317
433	111	132	136
253	39	246	161
257	45	378	269
307	3	290	240
294	10	286	238
298	21	398	320
427	108	171	138
248	23	285	178
288	16	270	200
214	16	317	206
248	10	314	224
336	51	359	295
361	34	202	212
315	20	261	212
285	25	263	202
278	39	247	188
330	25	232	207
336	37	206	186
290	25	240	187
269	28	267	181
280	25	263	188
255	33	257	183
338	45	204	175
252	16	274	197
330	33	208	185
290	44	234	166
422	113	123	112
262	33	272	152
322	31	221	167
306	45	227	165
525	135	59	120
395	36	312	279
449	68	92	164
252	33	242	171
228	32	294	175
242	23	296	194
296	17	260	205
246	24	281	196
333	22	345	285
377	51	286	202
343	25	182	165
306	33	227	149
319	28	207	158
333	30	272	208
388	63	356	278
325	14	441	323
333	49	324	232
416	47	176	194
337	33	225	202
498	106	152	180
404	83	198	172
471	93	112	135
447	116	300	194
320	38	249	159
450	82	117	137
475	91	136	128
406	63	219	152
403	37	112	128
347	45	156	110
333	29	74	130
309	36	42	99
217	39	85	100
241	43	101	86
248	45	90	93
242	41	109	90
249	37	90	92
237	42	116	97
260	43	92	93
299	39	124	84
284	37	183	100
266	30	136	126
267	37	118	112
257	42	103	101
249	39	99	97
238	45	93	86
233	43	89	83
229	45	42	86
216	45	70	101
224	35	96	97
238	42	101	90
236	44	105	89
237	45	110	85
233	44	108	87
233	41	115	89
241	41	109	89
236	43	78	86
228	47	84	96
217	31	98	102
236	38	98	89
229	43	78	83
220	47	50	89
207	44	86	94
236	37	122	104
260	40	92	97
233	41	108	96
253	43	94	93
249	36	98	98
257	42	88	87
248	33	94	102
204	39	24	71
212	44	80	86
209	28	64	118
212	40	28	62
212	41	85	90
225	28	101	112
250	38	99	96
243	43	76	90
216	30	82	113
235	34	105	96
245	38	107	99
253	40	101	96
253	38	106	104
254	40	97	99
252	37	108	105
254	42	102	100
251	35	108	108
256	40	103	102
247	36	100	105
245	42	112	101
249	40	96	98
237	40	97	93
181	32	40	77
207	45	66	79
141	33	76	75
209	38	10	81
218	41	47	85
215	38	39	90
223	41	47	96
208	41	10	80
218	44	48	89
216	42	10	76
219	43	53	88
217	38	68	93
219	43	113	95
259	33	93	106
253	42	102	105
255	33	92	107
246	42	109	100
254	38	104	101
243	42	104	91
212	39	66	82
126	40	83	57
210	39	78	95
211	30	50	138
155	40	56	176
239	28	99	81
304	32	149	102
310	38	272	179
473	65	127	146
424	63	170	144
404	54	83	121
338	35	179	142
326	39	199	138
314	38	180	133
375	46	125	123
288	29	201	159
322	33	166	132
320	35	126	113
334	33	93	114
306	30	111	106
319	31	105	104
326	30	86	107
336	33	130	107
321	31	112	115
303	31	127	119
298	37	145	120
304	36	146	121
289	38	178	125
309	34	149	124
257	38	206	127
299	32	169	140
280	35	213	145
320	32	199	144
309	31	199	148
323	32	180	149
272	32	252	145
276	24	227	175
270	27	269	169
229	21	204	179
253	29	279	171
227	22	237	180
230	23	254	170
230	21	271	170
382	68	173	137
260	29	188	148
262	32	236	146
303	25	239	163
252	24	268	168
275	34	270	163
231	27	263	164
229	26	283	170
278	33	290	172
229	27	321	170
237	15	306	193
298	25	261	189
229	26	304	165
272	26	279	175
246	28	248	159
253	24	292	175
254	24	298	182
346	48	217	161
228	21	218	141
240	20	268	154
327	12	214	179
328	17	201	167
258	23	277	159
262	12	296	195
218	13	364	203
229	0	363	230
216	0	399	235
223	0	413	249
433	70	257	222
399	77	176	133
270	35	240	144
283	27	265	160
299	19	206	174
291	25	218	164
297	26	211	149
490	80	113	135
446	78	10	81
398	58	66	114
287	38	150	108
276	38	175	118
315	32	187	135
397	43	195	145
383	38	140	136
404	44	134	136
394	44	136	132
359	26	169	146
372	41	153	131
349	28	145	140
355	46	179	143
367	30	141	139
342	40	144	129
388	38	93	133
277	34	186	143
475	71	17	118
403	33	124	129
312	25	161	141
300	30	88	119
315	38	216	100
194	25	497	326
474	47	382	342
503	62	316	311
511	75	270	286
188	32	226	170
179	32	160	119
223	33	121	116
243	40	97	101
218	32	113	100
240	37	106	93
241	39	83	86
210	43	86	92
224	36	109	91
239	39	168	71
309	28	86	103
284	36	148	102
238	34	181	105
295	28	153	119
300	31	145	118
294	35	153	113
289	36	162	114
310	38	144	114
283	38	183	112
308	35	145	120
284	38	188	112
298	33	153	117
300	34	158	112
289	33	171	117
299	30	154	112
304	30	132	122
292	33	113	114
259	36	97	107
252	43	103	93
249	42	102	93
246	45	109	97
266	29	131	118
253	35	111	108
266	41	100	99
257	34	134	108
256	36	105	104
260	42	152	105
284	34	91	116
260	31	95	107
260	39	90	100
260	36	86	103
260	39	94	103
270	33	91	111
266	36	98	107
273	35	93	110
265	34	100	110
277	36	77	105
254	45	107	95
271	33	68	103
280	38	70	109
297	34	51	102
304	36	20	108
214	42	106	95
264	33	84	103
271	41	121	124
325	29	57	140
270	35	80	109
301	34	97	134
289	28	89	138
269	33	92	112
298	36	49	100
295	35	10	102
234	45	75	91
241	32	108	116
255	41	95	109
272	32	61	108
284	40	57	104
266	37	80	111
269	34	66	102
282	35	64	109
300	40	48	109
295	38	34	108
214	48	103	94
299	28	50	110
291	42	57	107
307	35	78	105
292	33	201	94
346	24	258	196
379	53	223	190
390	41	193	185
384	27	215	203
365	67	228	187
310	29	303	228
201	30	346	192
238	24	360	223
283	15	293	217
216	19	397	237
299	9	324	233
304	8	293	245
279	19	351	242
324	15	269	218
333	37	281	219
363	38	228	216
427	68	183	185
373	53	203	191
360	53	257	202
432	61	154	184
373	61	233	185
353	31	249	211
407	52	187	181
392	43	176	176
386	43	200	173
447	64	141	163
394	52	166	151
378	43	159	149
360	40	197	156
427	50	130	158
377	44	166	145
360	41	158	135
320	30	151	162
344	32	150	168
405	51	159	164
400	46	89	134
310	31	49	104
276	39	77	112
298	34	90	119
298	33	141	134
344	36	189	174
446	67	170	179
405	57	209	184
419	50	198	196
424	49	205	201
447	56	172	184
410	49	219	197
441	54	178	191
427	54	199	197
442	57	165	178
385	39	164	186
413	40	133	180
367	35	133	173
336	20	81	177
300	25	176	182
415	64	176	185
359	40	168	186
382	35	129	167
338	30	146	185
358	27	175	194
419	49	108	163
333	39	143	152
351	31	108	152
303	28	132	143
324	38	228	186
431	76	136	148
317	24	133	171
364	37	155	195
391	48	115	155
316	33	138	155
380	25	74	183
303	37	72	125
300	33	99	106
283	36	145	102
294	33	117	112
295	39	147	120
260	41	247	133
288	29	250	159
293	23	217	167
276	25	258	163
253	19	291	176
308	11	209	197
251	23	210	151
406	70	278	224
508	106	10	78
459	93	67	57
394	29	133	118
323	40	160	104
282	36	157	113
315	33	198	129
311	29	199	137
334	26	193	142
317	26	199	144
335	26	191	166
325	31	248	171
323	28	233	193
331	31	229	170
320	29	238	184
310	30	247	180
271	30	297	206
286	27	276	185
265	22	284	184
234	16	333	189
299	3	247	199
265	8	272	189
322	6	235	194
319	12	229	155
373	24	165	148
294	33	255	137
377	27	163	151
317	38	218	136
325	33	212	126
306	26	235	141
326	20	212	152
300	19	220	146
336	15	186	142
314	17	210	139
341	13	174	147
318	18	164	138
250	23	202	174
227	29	247	131
233	18	196	143
246	18	151	143
238	27	146	126
240	32	131	116
257	37	104	106
246	40	102	96
244	41	95	94
243	42	93	90
235	45	115	102
265	24	96	118
257	37	98	103
248	42	97	92
265	36	89	94
286	41	104	98
297	36	100	106
292	39	117	102
266	40	116	101
281	41	114	98
273	40	92	101
278	38	75	99
275	40	86	109
271	36	70	101
257	39	94	108
269	30	66	107
284	43	49	102
223	41	97	103
262	28	78	108
282	42	72	106
291	35	63	103
267	38	87	107
276	38	71	94
292	42	52	101
302	36	46	109
283	38	54	104
280	37	31	106
210	49	71	94
224	37	118	94
285	39	155	102
284	35	110	110
300	37	109	101
282	40	56	98
284	36	94	99
298	42	80	107
286	31	75	103
298	37	75	100
278	40	93	106
284	37	72	104
277	37	83	109
266	36	84	106
279	42	80	104
269	38	88	104
283	43	68	101
278	35	81	111
275	40	75	101
278	34	83	113
276	40	71	105
283	35	68	106
270	35	86	109
262	41	86	99
278	39	77	103
262	36	89	106
246	42	97	97
240	38	105	98
244	41	99	92
239	42	98	94
239	38	98	96
250	43	93	97
300	35	82	93
303	39	65	99
291	37	107	101
298	35	51	104
288	35	27	105
205	48	73	92
227	36	114	103
308	40	48	98
288	40	20	99
213	45	94	91
274	36	65	94
292	40	11	99
231	43	57	90
217	37	86	103
261	44	80	87
277	40	82	108
274	36	74	100
297	40	64	109
275	37	125	105
312	39	104	130
283	27	82	121
271	43	84	101
287	37	77	104
268	32	90	108
252	40	95	98
246	35	105	106
249	41	103	98
247	35	106	103
246	39	101	99
243	37	106	100
247	39	101	95
246	38	99	100
244	40	103	102
251	35	100	97
246	40	101	95
247	38	100	103
245	40	105	97
248	38	98	101
246	36	102	100
241	41	109	100
259	37	95	94
247	42	106	95
251	37	98	104
247	38	104	103
254	39	100	100
252	39	100	101
251	38	101	104
249	36	103	107
245	39	111	104
251	40	107	102
245	41	113	101
255	39	105	103
248	37	109	101
243	42	113	101
257	38	101	102
249	39	102	100
245	37	110	106
251	42	107	102
248	37	109	104
248	40	110	102
248	40	110	100
244	43	116	102
256	37	107	104
248	38	105	102
243	41	118	104
261	38	104	104
264	41	83	100
270	37	92	109
258	42	93	103
286	33	69	108
284	34	128	103
291	36	83	111
291	35	117	105
288	39	69	107
265	32	151	121
275	35	173	133
351	35	173	161
342	36	150	165
319	29	177	178
310	35	253	231
364	35	209	211
333	25	225	203
350	34	228	219
343	24	216	205
347	33	208	197
371	35	179	194
332	35	188	188
349	30	187	195
331	33	178	169
309	28	164	171
326	35	147	152
334	31	46	114
311	34	41	104
306	35	49	94
283	38	76	90
297	38	81	97
284	36	123	105
287	40	69	102
282	32	135	110
296	35	106	107
271	40	125	103
259	42	135	99
275	41	88	95
258	36	95	104
255	38	96	100
276	43	81	96
276	37	93	102
250	37	129	104
303	39	102	101
281	36	127	106
314	37	60	114
285	36	119	104
303	37	54	108
263	36	93	109
305	36	39	100
223	41	119	108
299	34	74	115
287	37	113	114
308	31	65	117
280	38	107	112
313	40	67	110
288	33	143	130
344	37	97	122
294	32	127	122
320	36	116	124
299	37	116	123
299	41	99	116
293	26	91	124
298	38	97	113
300	32	67	110
282	38	80	112
275	33	105	113
314	36	35	102
264	39	173	94
269	31	101	112
283	42	60	94
292	36	116	94
284	36	112	98
296	34	92	97
304	38	91	105
277	39	77	106
277	33	154	98
252	30	130	115
291	35	105	114
296	38	98	105
288	39	163	99
291	33	192	124
318	29	199	145
324	28	192	158
296	32	221	150
287	29	206	154
309	30	178	151
355	34	142	147
326	28	157	141
347	36	171	143
325	34	181	153
326	36	190	168
365	40	156	156
264	23	261	174
289	19	231	180
298	21	225	173
285	23	244	185
279	25	255	178
295	22	241	175
259	22	259	176
265	18	274	182
327	13	192	190
275	26	253	166
248	22	293	175
318	12	229	191
249	18	273	179
297	13	247	189
225	15	291	184
247	7	290	198
316	4	239	203
264	11	294	189
274	5	296	202
254	1	290	209
309	0	265	211
221	5	322	203
247	0	318	216
229	0	365	230
274	1	340	245
292	1	288	199
246	3	301	201
287	0	273	211
260	4	294	204
251	3	321	215
268	0	277	224
247	6	317	219
233	3	323	226
212	0	351	234
213	0	357	239
233	0	349	238
230	0	385	259
282	0	319	228
248	0	310	222
257	0	313	230
287	0	281	234
254	7	298	221
245	7	321	221
247	4	322	231
222	2	400	272
279	0	286	191
233	0	334	235
221	0	458	394
417	129	240	155
255	36	408	341
313	0	322	277
323	11	431	397
481	141	233	195
266	37	420	355
432	136	221	145
249	31	408	342
387	60	320	288
280	0	409	372
430	126	222	119
256	23	349	319
317	0	393	369
444	97	156	151
253	19	143	145
243	30	334	299
289	0	305	229
212	1	343	226
253	0	333	244
278	0	315	239
296	3	263	226
222	11	316	210
264	6	294	222
257	7	279	225
256	12	291	225
258	15	276	221
272	20	284	215
231	21	325	231
228	20	416	273
283	12	353	251
299	10	322	244
260	12	356	236
291	6	368	300
275	17	369	262
304	15	330	274
294	23	287	176
217	14	314	192
208	5	332	210
200	0	327	223
201	0	311	237
224	8	494	410
455	146	207	132
269	15	258	169
259	11	311	230
198	12	389	273
294	11	342	278
321	18	277	204
240	18	284	199
234	16	316	204
255	9	290	213
246	9	288	212
293	10	270	212
232	13	303	205
286	9	277	214
212	11	311	206
214	6	311	194
223	0	301	208
200	0	209	205
260	13	214	154
345	14	159	163
279	27	233	154
281	23	242	162
280	19	256	169
297	15	242	176
328	24	162	155
404	72	215	214
444	73	133	153
384	64	56	91
278	46	78	94
255	37	97	102
248	43	130	100
260	38	207	125
334	32	207	148
347	32	202	169
410	62	139	126
288	31	202	143
365	32	194	171
343	28	141	143
283	35	205	146
369	44	226	203
386	18	229	216
363	30	212	194
350	5	190	187
330	18	218	180
362	23	195	178
320	31	210	165
361	32	174	159
277	34	141	128
269	40	118	116
263	33	111	114
263	41	122	105
265	38	129	107
272	40	133	107
277	42	138	106
241	40	110	107
263	41	101	105
259	33	88	106
288	41	68	96
283	33	161	95
241	29	128	115
262	35	101	106
251	39	92	96
255	40	90	91
293	42	127	87
251	40	107	102
253	41	90	95
250	37	98	92
283	41	69	93
279	33	185	87
254	24	103	110
262	34	84	97
292	41	159	83
267	34	136	99
267	34	104	100
299	37	116	100
280	38	103	99
273	39	127	105
267	42	109	101
285	37	120	101
265	39	90	105
263	39	86	99
286	41	109	101
248	39	106	102
262	43	89	95
250	31	131	92
256	31	93	100
249	39	97	106
251	43	94	93
235	39	107	92
257	40	80	87
313	35	133	84
291	33	59	105
270	35	69	94
295	39	71	95
255	37	84	99
309	37	28	94
220	46	89	86
292	34	55	103
297	32	39	107
244	37	52	94
218	35	74	99
267	42	73	97
276	32	72	99
310	36	27	106
220	40	66	94
230	33	84	98
298	37	50	98
276	37	37	100
212	43	71	88
230	31	112	106
302	36	91	111
295	32	74	111
281	34	74	105
283	30	70	104
298	33	62	100
291	36	56	105
294	33	101	110
305	32	37	103
289	33	37	96
265	38	21	92
214	39	106	89
318	34	19	92
241	38	86	83
313	37	25	97
291	36	90	98
262	29	74	95
231	39	121	100
279	40	98	104
261	34	90	104
261	30	75	100
254	34	79	89
239	40	102	95
255	36	79	93
294	31	50	103
280	36	45	98
267	37	25	95
212	37	71	98
228	43	121	100
303	33	96	96
311	36	99	102
306	35	111	104
315	33	120	116
306	35	184	137
340	34	223	136
313	27	231	133
334	18	249	158
323	13	251	150
308	5	356	193
277	0	421	218
246	0	439	223
307	0	386	230
249	0	450	220
303	7	393	227
260	0	449	219
294	5	401	223
286	0	419	224
320	2	393	229
279	0	450	208
319	15	391	214
325	4	393	200
329	0	376	212
317	0	395	216
285	0	429	220
273	0	445	217
285	0	430	208
285	0	431	224
274	0	446	217
221	0	490	218
227	0	457	185
220	0	476	201
221	0	457	194
253	0	454	199
222	0	472	184
246	0	458	194
221	0	469	180
194	0	516	198
221	0	467	156
194	0	490	193
211	0	458	150
190	0	480	187
196	0	491	194
208	0	461	175
204	0	484	207
216	0	449	189
214	0	462	199
213	0	464	172
207	0	474	198
202	0	491	192
220	0	477	195
224	0	473	183
203	0	487	182
187	0	497	186
203	0	478	188
199	0	483	188
200	0	482	181
192	0	483	186
195	0	477	186
195	0	472	184
206	0	469	168
189	0	488	164
237	0	396	172
206	0	397	186
200	0	402	179
231	0	407	175
198	0	443	189
198	0	437	183
213	0	394	180
225	0	409	181
233	0	384	165
213	0	493	188
306	0	398	187
325	0	342	181
317	11	398	241
216	0	354	194
246	0	395	263
213	0	349	180
266	0	281	199
290	0	250	198
283	3	253	191
283	5	255	182
278	4	257	183
332	3	201	186
350	13	193	167
333	20	242	186
284	22	250	170
299	19	273	172
312	12	322	201
272	4	323	174
250	0	408	206
296	0	347	222
290	0	323	224
307	0	343	245
324	0	316	236
334	3	313	242
332	7	307	229
323	9	326	243
289	10	325	233
296	9	333	251
285	11	325	233
287	11	336	250
291	13	338	237
265	11	350	234
295	6	329	236
302	5	296	211
298	4	327	226
289	1	312	208
293	0	313	215
286	0	294	188
328	0	260	222
330	8	244	226
316	20	245	194
310	23	258	191
306	24	274	195
275	22	295	189
248	15	353	213
296	4	290	234
276	10	310	216
312	7	276	228
298	14	265	203
324	16	265	193
315	15	271	209
294	18	279	197
306	16	306	220
263	15	310	208
308	10	293	219
312	11	262	213
262	17	332	226
308	18	286	227
279	23	299	205
288	20	261	202
252	22	317	220
277	19	278	199
259	18	306	223
312	18	246	220
269	28	295	209
303	26	263	208
270	29	246	174
285	27	277	201
267	27	346	232
345	24	258	226
294	31	251	187
291	32	278	210
270	30	213	167
276	33	319	215
348	29	243	216
257	29	318	249
369	52	257	223
339	45	286	223
378	47	257	219
319	32	300	235
381	30	240	237
348	33	199	229
261	6	306	268
405	60	223	207
296	34	219	207
232	0	278	236
285	33	320	255
386	41	252	243
319	26	299	236
257	28	339	217
328	49	313	216
291	21	365	246
373	55	308	217
256	5	376	261
268	17	389	249
259	14	420	257
255	13	392	233
278	6	338	229
290	3	276	215
249	8	329	226
286	4	291	216
316	5	249	217
291	14	273	210
267	16	297	206
311	13	266	215
265	18	271	181
319	14	253	212
291	21	254	195
261	23	291	207
272	21	283	182
244	15	308	213
296	12	276	197
224	11	317	206
265	6	329	228
306	7	298	218
235	7	297	202
248	9	334	246
260	23	321	209
276	18	209	186
247	27	286	189
247	22	236	178
237	23	237	165
251	21	324	220
273	22	360	233
376	37	273	225
250	21	290	209
268	22	366	272
352	61	315	233
339	44	290	247
348	37	318	244
335	35	350	241
310	40	372	240
374	38	312	252
394	46	255	236
256	5	376	259
346	69	308	205
307	35	302	235
300	54	278	197
246	10	272	223
264	23	280	216
301	27	236	204
275	34	176	158
285	36	211	167
275	36	139	133
297	40	201	177
283	15	100	145
263	36	110	105
280	42	96	96
279	37	118	101
271	40	118	100
276	42	125	98
272	42	136	98
282	41	127	99
270	42	128	98
254	42	120	98
290	40	98	98
272	38	142	100
289	37	90	103
285	42	134	100
262	40	109	103
287	40	92	97
279	38	150	101
248	36	139	109
273	38	146	106
265	37	114	112
302	38	82	104
264	38	148	102
284	36	126	106
295	39	111	102
271	42	125	99
262	41	127	99
284	41	120	97
280	41	148	97
268	38	117	104
280	41	118	98
257	42	116	96
292	40	74	96
253	36	181	95
273	27	147	133
253	34	264	210
289	38	309	261
254	11	319	240
245	13	341	216
265	6	320	207
225	1	326	219
244	0	316	219
249	0	340	223
279	0	313	220
254	0	325	224
283	0	327	244
272	2	312	229
276	6	319	241
276	8	309	228
260	9	332	212
234	3	368	229
242	0	372	223
240	0	346	230
237	0	375	231
222	0	393	238
235	0	382	241
233	3	395	251
247	12	393	250
259	12	357	232
264	10	333	237
253	11	385	235
264	12	403	239
269	11	366	230
265	9	386	225
259	4	362	232
254	10	342	230
253	9	435	234
275	21	321	224
259	22	419	222
274	16	392	237
264	12	397	242
259	10	377	233
259	14	381	233
248	7	356	223
259	9	322	212
251	6	339	211
248	2	324	207
250	0	357	224
275	10	380	220
472	70	259	180
412	41	317	203
531	36	217	214
500	43	274	197
520	41	233	201
542	39	216	188
391	0	254	190
271	3	529	247
526	24	250	233
430	32	377	208
571	17	241	233
522	30	271	203
420	30	381	201
546	13	255	233
465	25	324	208
563	18	241	220
418	29	377	203
506	12	298	236
510	17	310	225
551	16	240	226
392	29	405	201
513	15	283	236
546	23	246	220
390	33	411	200
535	13	259	236
523	25	273	213
533	27	259	207
538	28	254	201
526	31	196	182
291	18	277	164
287	11	435	228
276	0	440	242
328	0	405	255
345	2	408	241
293	0	471	254
438	15	334	233
315	13	474	235
431	0	320	239
365	4	383	234
263	0	504	250
314	3	453	270
430	34	309	188
230	25	476	202
344	21	339	181
464	54	218	171
379	29	242	189
278	32	326	161
387	31	274	190
361	28	263	169
353	24	287	182
309	25	323	178
380	17	246	181
353	31	287	185
314	28	307	177
359	22	266	187
299	22	270	168
273	15	217	153
292	16	188	178
256	27	190	142
244	28	145	141
240	36	121	123
270	32	90	117
281	36	63	113
290	33	62	115
276	33	74	118
285	28	62	116
286	34	70	111
278	37	72	116
285	30	68	119
274	34	79	118
291	27	62	122
273	32	83	118
291	34	64	114
259	31	92	118
278	32	76	115
279	32	76	122
285	34	72	116
267	32	88	115
287	33	69	112
266	35	86	116
293	33	57	107
269	38	78	106
280	34	77	120
279	29	80	128
290	28	67	120
269	37	86	110
242	35	104	104
252	40	96	103
249	39	100	104
265	40	89	102
251	38	100	108
255	41	100	103
263	33	83	105
254	42	94	95
290	33	66	104
263	37	87	107
258	37	90	100
296	35	54	100
288	36	64	102
270	36	82	108
285	36	66	105
289	31	63	116
283	32	70	115
288	33	67	110
285	33	69	115
274	34	80	106
307	34	45	105
289	38	33	98
202	46	81	83
229	31	132	115
247	36	112	115
275	39	74	108
287	30	62	106
292	38	61	102
285	34	71	108
270	34	78	99
284	34	55	87
279	35	108	89
294	37	47	84
263	40	160	84
287	32	54	102
278	37	170	92
302	29	63	109
286	35	77	96
285	38	145	103
299	36	61	107
297	31	148	105
288	30	168	136
366	33	285	172
385	29	226	187
379	26	245	185
380	27	235	193
374	32	258	193
381	33	243	190
380	33	252	197
380	33	240	192
380	36	263	190
383	34	250	192
384	33	243	191
382	34	253	190
384	32	246	190
383	32	241	188
381	34	239	187
381	35	247	187
384	34	237	188
378	32	233	186
373	34	262	188
375	32	246	191
373	33	262	190
376	32	250	193
375	34	247	190
374	34	266	188
379	32	255	192
378	33	252	190
379	34	251	189
383	34	248	188
385	35	248	187
381	32	240	193
375	36	260	191
378	36	240	192
375	39	268	192
380	38	232	192
377	39	258	188
381	37	244	190
399	35	237	190
379	24	260	199
378	25	253	199
399	25	224	196
373	25	270	190
368	23	277	196
355	21	297	199
348	17	283	208
378	20	260	202
367	23	245	189
362	25	264	196
371	26	293	203
355	27	335	205
343	26	343	216
276	20	428	230
300	9	401	258
299	13	403	261
345	42	369	240
364	48	323	242
285	0	396	290
396	72	325	216
450	52	233	242
487	63	184	212
380	53	268	202
388	40	292	228
404	39	277	228
433	39	254	216
305	10	381	227
418	61	285	182
222	0	486	239
281	0	395	262
386	6	315	248
222	18	494	228
232	0	449	206
184	0	439	233
221	0	438	250
290	5	380	197
262	4	400	217
311	18	382	220
265	8	437	202
383	39	288	195
357	28	283	170
349	22	283	198
362	25	263	183
338	27	276	189
333	24	282	186
350	21	297	183
414	16	247	217
403	26	256	205
418	31	234	194
403	33	216	176
384	30	218	196
386	23	195	196
385	41	197	181
331	16	243	204
376	33	233	197
400	36	189	174
322	13	236	203
354	33	237	193
399	36	206	188
373	20	181	199
383	35	209	193
379	31	225	197
386	30	203	206
381	26	237	223
408	41	221	205
395	37	204	202
391	31	190	199
328	19	187	169
362	33	169	136
312	31	209	157
344	33	193	147
327	35	202	145
345	34	184	139
329	43	256	197
450	75	145	163
339	31	163	158
307	33	211	139
326	33	301	246
279	4	399	261
314	15	348	181
293	12	352	210
281	9	361	202
213	0	478	188
252	0	488	215
351	0	376	200
302	0	430	216
285	0	433	228
358	1	351	219
369	1	322	237
418	3	270	196
450	2	205	180
321	10	300	149
381	0	305	173
273	0	417	180
231	0	410	180
203	0	491	204
213	0	440	178
221	0	328	192
208	0	452	201
214	0	469	192
221	0	462	192
227	0	463	191
220	0	472	190
307	0	380	174
280	0	385	223
440	1	243	202
329	7	310	198
393	3	305	237
428	8	291	249
453	16	249	203
378	10	297	202
440	9	236	218
445	24	267	202
493	26	225	195
468	31	248	182
442	25	236	182
430	27	261	200
438	28	266	194
436	27	259	174
292	19	395	157
452	0	251	200
252	4	419	178
220	0	494	211
416	0	300	218
458	0	253	213
345	7	364	207
346	0	358	224
381	0	314	214
326	0	363	229
397	0	297	206
239	0	451	190
226	0	485	213
291	0	417	204
230	0	450	205
381	1	321	217
370	15	305	232
357	18	303	190
372	16	304	225
361	20	292	197
397	26	289	218
447	33	259	205
324	30	393	226
514	27	220	232
500	55	238	209
340	26	404	236
481	15	276	224
437	32	296	208
451	33	276	205
466	32	254	203
381	31	306	188
454	33	270	196
347	31	356	191
348	27	342	218
432	33	223	208
350	26	281	193
363	33	268	180
289	35	322	178
338	30	307	192
339	24	311	198
307	20	347	211
298	23	406	246
393	12	301	217
326	16	356	224
329	7	320	197
313	4	331	214
300	3	364	232
331	0	332	247
345	1	313	243
357	6	287	223
300	11	345	216
331	6	353	243
368	3	299	236
354	16	307	234
363	19	285	223
316	23	328	212
345	21	322	233
351	20	330	225
317	15	353	211
343	4	335	242
340	4	332	245
346	4	325	250
333	7	333	244
353	7	317	253
313	13	350	250
260	11	400	252
322	2	334	268
319	8	338	258
302	10	368	261
339	9	328	262
353	14	316	243
344	17	319	247
341	20	319	238
339	21	311	229
341	21	303	238
344	25	262	213
295	30	282	210
306	30	301	213
310	28	346	256
346	29	305	238
377	33	286	260
375	36	285	225
337	32	266	223
269	34	356	232
307	27	362	239
334	21	330	251
343	24	303	238
326	36	294	221
322	44	296	214
316	14	283	246
277	26	346	225
295	20	315	236
252	22	360	232
235	15	402	247
281	8	375	264
303	10	336	258
315	21	317	243
277	26	339	234
260	23	382	240
306	14	314	236
225	16	387	237
258	7	362	257
291	14	347	252
316	16	308	249
250	22	358	236
283	16	338	246
288	16	305	240
225	20	371	232
255	11	366	249
285	17	349	248
313	15	284	245
296	25	277	226
215	29	369	230
247	21	360	251
296	19	300	246
291	26	312	239
322	29	276	234
305	21	262	233
251	28	303	210
280	24	294	230
279	27	305	226
278	27	300	209
267	24	334	248
297	25	292	219
280	25	324	219
263	20	331	216
280	14	326	247
300	16	289	217
266	17	342	237
278	14	301	223
295	15	318	246
262	18	301	213
306	16	299	224
236	17	361	228
296	19	358	243
312	16	330	250
293	22	347	245
317	30	308	225
309	28	296	213
240	26	362	227
305	17	323	244
262	18	354	237
305	13	324	247
239	15	371	241
294	10	344	253
287	11	348	250
307	13	324	246
265	19	372	244
339	21	302	241
371	36	284	242
376	55	273	210
321	13	300	239
272	24	367	254
379	42	288	253
426	85	242	222
230	33	441	276
384	64	275	249
262	22	380	269
384	65	275	236
280	26	389	275
451	106	250	223
308	39	348	249
472	111	226	203
292	10	370	283
445	94	236	219
209	23	439	265
410	95	317	235
356	61	345	257
413	82	288	247
394	63	292	257
330	51	372	272
426	78	317	248
378	44	366	305
347	15	425	344
429	114	321	263
406	71	329	295
335	36	435	327
408	112	319	229
547	103	215	255
430	61	313	283
276	16	457	317
442	108	355	255
473	101	260	217
322	11	222	189
325	18	215	181
274	24	255	171
276	20	295	208
283	19	312	214
294	20	264	213
324	28	231	174
316	29	217	131
254	22	269	153
365	21	219	207
351	32	141	127
283	38	229	169
344	42	185	159
341	31	87	126
265	29	110	111
281	37	155	101
332	53	183	180
245	14	296	155
256	7	287	179
363	41	320	338
372	59	314	292
333	35	311	300
382	47	290	293
332	33	297	311
363	54	276	294
323	34	310	292
379	51	257	283
332	21	267	305
353	42	256	283
340	42	265	288
309	36	279	292
367	60	241	255
342	23	289	352
360	67	284	283
340	45	293	305
371	85	262	259
346	44	274	322
376	114	241	188
232	15	339	271
344	25	245	273
372	66	237	256
271	26	349	325
387	125	236	165
240	11	303	234
311	32	282	254
355	54	225	207
280	13	303	279
362	67	224	196
283	15	260	207
233	21	324	225
252	24	316	254
350	29	213	217
319	33	214	202
303	38	219	186
212	30	283	168
223	21	291	185
205	14	329	199
189	4	363	212
194	0	375	239
188	0	406	274
374	122	205	196
229	19	310	173
247	6	303	199
247	1	323	214
212	0	330	238
190	0	387	245
197	0	402	306
266	21	283	273
216	3	353	252
196	9	388	300
252	18	292	280
205	0	330	240
195	0	374	278
239	3	291	275
218	19	333	227
234	14	313	226
241	14	304	228
265	15	284	209
287	16	262	218
281	23	246	225
275	28	281	225
297	31	252	236
280	26	271	248
319	25	232	248
306	28	236	238
276	24	265	243
305	32	268	251
307	35	263	263
311	17	266	266
277	34	292	254
317	37	275	260
295	31	292	274
322	38	276	282
288	16	302	307
314	37	277	289
313	31	284	299
346	28	263	306
324	43	324	290
341	47	315	308
321	29	333	325
347	36	325	311
354	42	313	311
354	43	297	268
349	29	295	276
375	42	287	279
370	43	289	290
363	45	313	295
366	50	297	291
397	85	258	258
345	47	300	286
402	89	243	229
355	51	285	261
379	60	250	240
317	37	317	274
411	85	242	219
355	32	278	271
401	62	260	255
304	21	349	288
357	44	304	263
319	12	330	281
360	35	304	264
370	42	283	244
348	24	284	256
409	59	254	239
318	6	324	274
335	19	328	276
436	80	248	232
343	27	357	291
443	106	257	238
386	41	284	263
325	5	339	285
350	18	333	289
367	31	317	272
355	36	304	266
351	25	311	262
378	37	278	254
385	41	239	241
361	33	279	274
361	21	284	260
387	37	270	284
373	40	266	253
377	27	245	254
397	50	241	268
319	20	315	278
395	58	258	244
304	6	314	288
339	24	295	258
355	31	299	308
327	19	352	306
394	65	288	262
295	15	372	299
414	100	288	234
351	48	337	281
422	74	282	261
387	65	306	270
434	70	290	260
472	81	236	265
384	66	314	275
461	70	234	259
314	52	377	265
431	73	292	256
374	25	316	319
341	38	323	262
330	34	345	281
332	37	345	276
324	37	350	287
347	42	333	277
359	51	332	288
349	46	322	271
372	47	302	281
372	53	312	283
434	63	259	286
376	44	295	299
367	48	322	303
388	66	298	283
399	57	287	280
388	53	306	287
400	63	287	281
384	55	302	276
363	22	326	307
328	15	311	227
314	15	352	260
351	15	286	261
369	28	184	169
249	35	282	154
230	23	365	224
290	12	362	276
333	16	326	281
349	27	275	252
358	32	240	227
289	28	317	231
292	28	357	257
340	28	291	250
332	26	305	257
342	31	328	287
325	17	323	280
347	29	289	270
443	79	236	237
267	29	440	308
354	50	299	226
422	61	256	258
329	32	369	287
437	101	224	185
243	22	353	236
379	34	297	270
425	82	237	222
346	66	350	281
399	70	264	233
485	106	212	225
329	23	303	267
497	107	195	225
337	40	364	299
394	57	268	230
339	2	305	281
361	19	300	275
364	31	274	230
374	33	264	242
377	35	260	241
359	11	279	270
381	29	276	265
385	35	253	246
411	55	199	225
297	17	264	209
276	21	317	245
349	31	338	287
370	48	297	243
338	13	285	258
351	26	315	272
365	31	291	250
357	31	243	215
318	30	229	174
251	31	298	180
280	22	367	273
334	23	298	229
349	26	269	238
360	33	235	216
318	30	244	193
256	32	337	218
362	26	259	245
345	27	232	204
284	29	245	159
286	23	245	171
291	21	237	178
291	22	237	176
292	23	218	176
286	27	228	172
281	28	238	168
282	26	263	183
255	23	416	292
452	111	201	150
300	14	211	154
339	14	216	181
376	37	224	200
419	70	198	181
309	29	189	160
321	38	220	171
281	31	296	209
266	31	425	260
445	105	262	191
276	15	229	174
343	28	337	258
510	107	174	179
298	20	189	151
309	26	286	211
281	26	351	243
450	86	226	196
265	33	218	148
276	30	376	264
472	112	239	184
330	18	222	209
304	35	309	236
398	60	225	221
354	51	324	252
263	0	400	277
317	10	302	261
234	21	348	193
260	7	340	234
292	4	314	235
243	5	326	214
260	0	316	232
294	0	273	203
275	1	289	206
306	1	258	214
257	8	298	209
273	7	356	244
284	6	324	219
204	3	461	293
360	60	299	219
270	20	362	240
334	28	330	262
379	69	284	217
405	91	261	230
301	42	368	272
399	47	278	292
397	55	292	291
416	50	269	275
432	51	247	286
424	44	259	295
390	33	296	308
391	49	288	255
386	47	298	266
377	32	314	281
386	42	300	258
351	2	250	254
372	32	275	248
371	29	232	217
346	31	246	236
352	9	255	248
357	25	251	219
366	32	228	225
369	32	206	212
365	25	203	199
349	27	214	201
344	31	252	222
346	0	242	219
336	11	270	241
334	22	287	207
334	22	275	235
345	30	264	201
355	30	235	206
346	9	208	201
318	22	259	205
306	26	296	231
328	28	274	208
338	28	227	201
344	23	210	217
338	25	212	215
340	30	206	203
335	22	201	203
353	31	216	214
360	0	231	257
338	24	262	233
346	26	256	220
349	26	258	228
360	24	242	224
361	33	241	229
358	21	227	225
356	30	268	241
387	39	263	224
367	28	236	231
373	39	250	240
370	26	247	220
372	28	258	244
371	31	239	219
368	32	209	203
373	16	231	232
345	31	238	218
353	4	228	215
334	17	258	199
317	19	279	210
306	20	260	202
299	23	285	195
279	19	309	201
290	13	288	216
292	14	284	214
278	15	290	199
296	12	294	207
258	10	348	211
290	0	331	232
211	0	438	234
310	0	361	254
286	0	362	227
308	0	327	236
363	16	322	242
398	20	285	232
372	26	291	217
406	27	278	223
357	24	302	221
297	23	348	227
217	17	468	274
381	76	284	220
348	14	313	250
405	23	261	263
421	28	246	269
443	58	213	220
373	17	262	255
442	35	210	254
443	38	204	238
431	41	213	233
418	32	226	247
444	51	205	229
460	52	215	240
452	50	217	239
454	49	238	253
459	52	241	260
482	63	235	246
373	22	395	271
385	58	325	269
392	61	346	285
400	69	298	276
407	69	322	268
407	75	293	259
403	65	334	262
422	73	279	257
441	81	295	237
435	71	268	247
439	74	269	235
434	68	253	264
411	69	257	300
411	65	240	287
424	69	239	265
430	67	246	262
438	74	244	263
429	62	240	324
400	76	267	348
411	93	256	319
411	87	254	345
410	87	256	309
408	90	252	340
408	80	256	302
385	71	264	313
428	99	215	274
321	21	307	342
400	86	226	225
288	37	203	140
349	33	197	199
349	8	160	170
337	23	209	179
329	31	202	181
347	31	168	154
328	35	194	145
320	36	211	159
322	35	208	194
373	56	139	128
300	25	238	186
352	58	41	96
280	38	191	96
250	28	141	128
252	34	140	130
255	40	206	171
203	27	197	141
223	26	321	310
437	117	258	264
471	96	230	329
464	85	219	328
452	80	218	337
477	106	201	318
381	70	25	101
382	28	66	85
318	33	51	109
290	34	110	91
248	36	103	104
243	38	108	96
241	38	107	94
242	38	108	92
242	38	107	95
241	40	111	93
246	39	110	92
246	38	102	96
250	33	102	98
251	39	100	97
255	32	101	96
252	38	96	88
265	39	102	102
252	34	98	99
253	40	92	87
289	38	119	97
263	39	113	104
253	33	174	120
253	31	274	162
269	22	297	209
270	20	301	237
343	24	269	217
299	27	280	190
307	23	255	193
298	24	237	180
292	25	235	171
290	25	250	180
292	24	248	172
294	22	261	192
296	22	254	179
304	20	258	193
286	20	247	177
291	20	263	192
287	19	260	179
286	16	277	200
276	16	279	179
275	9	282	199
227	8	334	198
289	1	269	200
287	3	263	196
282	4	265	193
268	4	274	194
319	3	217	195
337	13	196	181
350	23	185	178
310	33	210	151
315	31	206	160
331	32	207	165
294	34	235	156
297	29	243	183
320	30	227	169
325	30	200	162
337	33	209	178
351	32	209	187
337	21	190	175
326	30	213	172
338	32	198	179
309	29	226	192
310	35	221	176
307	34	185	165
362	52	141	136
317	37	173	140
367	49	142	125
291	23	162	135
314	29	243	219
412	58	111	148
344	37	62	117
281	35	151	121
357	37	130	197
338	31	188	247
405	42	202	294
412	42	211	289
397	37	211	272
416	30	230	296
407	28	246	272
413	57	266	266
357	11	326	299
455	98	268	224
331	31	345	287
429	100	291	222
344	37	345	296
402	88	305	253
253	17	421	315
334	40	296	204
357	37	293	271
274	0	373	310
283	10	277	224
209	15	385	214
251	16	427	294
367	61	347	231
472	78	190	191
367	49	219	180
387	43	200	203
427	58	236	199
327	40	341	212
472	69	249	222
377	31	335	259
508	93	237	227
562	103	171	201
396	49	363	247
606	128	194	214
340	36	279	200
432	84	352	242
428	67	369	275
533	131	276	205
297	5	266	202
225	14	524	259
458	77	309	247
361	69	447	307
439	83	377	285
489	98	284	273
492	109	295	279
447	54	133	195
274	40	265	144
259	33	452	307
471	129	313	251
485	101	52	129
396	28	172	213
366	32	154	139
282	31	228	149
295	27	235	151
297	22	265	217
370	32	192	180
361	32	113	165
304	22	151	136
307	29	155	124
305	31	168	121
328	30	167	122
292	29	170	126
319	31	154	134
310	34	213	128
316	27	218	142
319	23	329	224
310	21	345	262
385	44	266	227
278	0	301	233
302	5	323	252
401	39	250	245
299	0	368	275
345	8	340	289
364	24	319	271
410	107	278	243
363	66	191	134
299	20	226	171
293	21	245	192
295	29	250	181
303	32	247	176
293	36	253	152
321	44	276	263
399	90	210	201
355	52	207	158
326	20	246	215
343	67	195	136
277	19	268	186
331	75	216	145
323	21	244	215
289	30	234	171
286	30	236	168
287	28	215	166
283	30	291	259
378	45	213	221
342	43	206	178
311	13	239	177
308	18	241	203
275	28	285	192
259	25	303	202
312	28	250	200
284	33	264	173
286	40	315	226
393	56	227	222
352	52	246	200
335	44	252	200
320	29	226	180
258	32	308	210
280	28	279	189
233	24	325	214
253	18	294	189
231	11	305	199
242	5	304	210
247	2	293	215
262	2	305	227
285	3	278	218
233	7	322	204
254	0	316	238
281	1	280	215
259	4	315	223
291	3	270	196
227	3	325	198
262	0	320	230
292	6	267	186
269	4	282	170
239	0	310	200
284	0	281	196
228	0	308	188
279	0	284	198
294	13	298	190
316	26	205	147
320	29	192	126
327	29	191	129
325	31	169	123
334	30	165	122
346	40	159	136
363	38	150	140
372	31	139	132
358	40	176	139
362	36	173	134
395	41	133	133
377	41	142	126
388	41	140	136
405	43	143	138
424	44	160	137
413	40	172	141
408	41	188	144
414	36	168	145
416	43	184	146
384	33	192	148
375	43	214	138
393	43	189	139
381	33	181	146
359	38	179	131
319	21	195	149
313	23	220	167
306	24	248	177
299	23	244	154
319	17	227	189
288	23	248	169
293	20	235	167
287	19	238	180
281	20	257	177
297	17	243	185
288	19	251	181
267	18	265	176
300	15	239	180
295	17	243	180
260	18	279	197
253	18	292	169
327	9	226	213
297	24	273	201
265	25	294	177
236	15	316	183
260	4	280	195
296	1	240	196
271	7	266	187
310	5	223	191
249	13	281	177
286	6	254	193
245	8	290	189
250	2	291	198
267	0	270	205
314	1	224	193
260	10	272	179
308	5	226	189
274	11	255	177
280	9	242	181
280	11	234	178
277	13	237	174
278	13	254	177
258	11	272	181
274	7	254	190
290	8	238	187
248	11	285	182
296	5	227	194
255	13	335	275
331	31	262	186
273	28	275	162
262	19	311	248
298	23	240	162
284	20	242	169
279	18	234	173
267	18	269	173
304	12	229	184
249	16	264	176
232	12	292	184
236	5	303	192
261	0	277	172
266	0	257	179
303	0	220	182
280	7	246	170
246	6	292	175
295	0	256	191
255	1	270	188
317	0	231	193
297	6	229	184
268	11	256	175
278	8	264	181
252	6	274	186
314	3	325	360
411	95	310	386
392	71	321	388
413	80	298	396
396	59	319	417
430	73	287	381
453	105	264	351
447	128	269	333
370	45	343	420
467	100	239	325
318	0	310	343
372	69	333	307
335	33	345	317
306	9	316	293
324	25	310	269
278	31	389	312
304	24	308	280
321	6	253	221
303	15	241	202
292	22	293	227
273	25	308	206
266	20	307	206
319	15	262	246
290	29	316	232
319	34	290	207
311	50	301	179
361	56	240	167
373	13	161	173
292	30	266	212
438	87	249	216
446	77	251	215
422	71	273	214
437	68	266	217
443	67	261	218
406	56	275	231
422	54	272	259
400	42	293	268
415	50	289	274
388	34	305	278
417	59	287	251
404	49	338	308
386	44	326	294
384	39	311	284
408	53	282	259
354	34	332	294
407	63	294	250
338	23	360	291
454	87	267	219
434	73	262	223
396	43	285	261
421	58	298	238
435	53	252	243
419	55	276	242
413	49	286	247
423	56	293	236
436	49	258	248
435	54	268	244
439	56	262	243
458	70	272	250
398	53	345	255
429	58	341	259
325	0	431	308
396	50	417	309
344	12	480	349
439	83	436	295
449	61	371	323
368	31	418	339
558	140	288	229
527	114	278	245
575	120	229	221
521	99	255	222
526	115	194	176
427	71	104	123
335	47	284	228
589	123	211	207
460	79	327	234
510	79	309	238
510	73	319	242
388	37	454	269
508	35	270	189
321	41	159	122
270	23	191	120
312	18	176	129
352	18	127	129
304	26	173	123
330	25	156	126
294	28	181	128
319	27	171	125
299	26	216	118
343	20	213	148
324	18	204	128
276	14	176	136
315	16	148	131
319	22	131	121
288	29	164	111
302	26	146	116
291	28	167	133
298	31	117	128
280	27	98	122
290	35	67	102
258	37	167	109
303	32	119	138
331	24	145	164
364	23	187	198
406	39	147	167
347	21	185	192
310	37	234	170
340	35	195	169
340	31	183	178
373	31	124	165
331	21	169	183
350	32	142	159
351	20	139	160
319	36	148	155
337	12	123	159
297	31	164	147
279	36	179	132
276	35	176	129
285	35	246	149
236	28	322	166
228	14	345	168
232	2	224	190
223	10	297	176
213	5	261	185
210	6	226	183
328	11	170	202
311	32	143	153
309	26	129	152
316	26	130	158
321	29	109	144
317	28	64	135
279	30	165	158
333	35	166	154
332	22	171	171
326	28	203	171
303	31	225	166
293	30	251	173
290	28	278	185
253	25	333	188
314	14	266	199
335	26	224	187
305	29	242	178
315	32	226	165
306	32	207	162
347	38	145	148
321	20	63	117
292	36	89	103
291	35	103	123
303	29	81	122
273	36	156	107
318	34	99	125
275	29	176	139
330	30	193	120
302	25	179	148
307	29	187	144
363	31	269	208
348	44	305	185
256	28	341	148
277	10	283	186
283	8	277	194
238	7	427	212
246	0	399	198
223	0	414	195
226	0	400	180
202	0	444	192
209	0	385	172
197	0	519	248
242	11	386	167
186	0	283	165
235	0	310	189
259	0	292	197
240	0	312	191
221	0	321	205
230	0	321	209
296	0	241	216
314	13	222	191
308	22	231	187
299	27	228	174
299	29	217	163
288	30	161	149
309	31	137	186
299	33	198	222
267	38	293	214
234	36	329	224
179	30	386	267
181	22	376	221
254	9	357	258
175	8	309	202
198	6	339	227
179	2	417	244
179	0	427	260
183	0	440	260
180	0	415	241
176	0	305	173
174	25	227	175
218	27	236	179
195	29	197	139
248	27	140	134
277	35	120	117
279	33	90	114
313	28	97	120
314	28	110	126
301	32	103	121
322	35	69	108
308	27	132	119
313	30	162	129
306	33	114	125
323	32	63	119
299	30	100	120
301	33	59	107
302	31	159	128
322	23	100	127
314	27	82	116
309	29	90	111
312	32	103	112
314	30	87	116
295	31	57	103
321	35	81	128
320	32	68	127
318	31	47	112
311	30	71	116
293	36	138	134
336	25	162	169
298	33	172	156
310	14	131	157
314	31	144	147
313	33	109	129
302	28	84	124
301	34	57	108
320	28	105	122
308	34	116	135
323	29	121	149
331	29	128	151
319	28	153	163
326	34	140	151
342	28	98	140
303	27	62	122
304	31	158	145
290	35	107	104
307	32	75	122
312	33	79	125
313	35	89	130
302	29	85	117
298	33	99	125
315	35	83	130
304	30	76	123
315	33	73	121
318	32	53	113
323	32	134	148
315	27	82	118
303	33	66	106
298	37	120	133
338	32	29	97
391	27	10	103
343	60	109	70
305	34	63	106
321	35	83	116
318	31	41	106
322	31	30	109
378	28	17	106
347	38	101	112
304	33	96	114
312	26	39	105
334	29	29	101
373	26	22	97
403	27	10	115
406	31	42	86
386	31	139	150
312	23	113	130
316	32	82	123
303	32	77	122
303	38	74	117
289	30	88	127
306	31	71	130
272	29	73	109
308	37	96	113
296	32	63	107
285	35	162	109
320	29	177	135
322	29	198	146
326	27	244	202
288	36	259	183
326	33	232	190
266	24	255	165
294	19	231	159
290	17	222	160
303	16	200	161
313	20	187	148
323	23	203	143
324	22	171	145
324	27	102	167
344	25	33	120
340	30	135	86
318	31	72	112
282	31	200	81
321	25	47	109
296	34	169	108
329	24	130	151
332	26	132	176
285	22	87	115
304	32	40	102
322	29	37	102
243	36	86	106
296	33	120	114
238	37	215	126
306	29	237	188
313	33	344	248
513	105	184	177
321	15	216	172
338	18	299	208
257	20	463	273
452	59	271	243
437	56	302	225
468	59	231	213
295	12	406	246
475	48	252	236
415	38	321	247
448	41	276	258
436	41	310	250
447	40	302	267
458	40	291	283
453	31	299	294
430	39	316	299
416	8	344	318
405	24	340	312
410	15	314	306
420	0	282	320
410	10	291	316
430	0	257	258
387	6	282	286
483	8	201	256
483	28	206	235
462	18	237	243
472	22	225	234
455	9	242	237
460	15	229	221
428	0	231	212
435	0	261	221
404	1	317	214
412	0	298	221
386	1	339	220
419	1	274	221
441	4	233	201
509	11	145	164
459	0	213	143
474	0	213	165
470	2	194	152
440	4	139	143
427	0	192	154
416	2	171	157
419	4	163	140
432	3	184	151
444	4	150	135
476	6	129	117
476	3	86	113
507	8	10	121
442	4	112	89
515	23	24	99
459	10	159	152
466	2	117	121
471	12	76	132
470	6	122	147
456	12	140	140
433	12	147	128
420	17	204	141
334	15	215	137
353	11	198	146
334	14	190	152
309	18	250	163
298	13	269	161
293	8	259	168
344	11	218	172
316	15	259	167
233	11	297	204
256	13	300	207
280	12	301	211
175	10	157	147
199	49	281	136
260	34	122	115
221	33	119	79
246	30	93	84
230	34	106	91
242	36	78	83
233	38	76	99
134	26	147	78
260	22	86	90
267	29	196	76
318	31	53	90
284	34	188	72
303	26	178	108
317	21	189	118
287	22	169	124
297	22	168	133
252	25	198	131
283	22	200	139
313	20	167	142
296	25	173	131
289	26	159	128
275	29	93	118
290	41	121	93
282	36	114	97
287	38	211	89
280	25	251	92
318	25	116	137
282	39	82	100
279	27	181	97
307	30	121	125
248	39	217	115
238	29	230	131
211	20	205	140
216	18	136	137
225	28	136	119
245	33	104	98
248	38	88	86
220	39	109	90
244	38	96	85
230	39	104	94
247	36	87	87
225	40	103	100
248	31	101	101
243	38	103	91
241	37	104	88
239	40	112	86
241	39	105	86
241	39	108	87
241	40	109	89
241	39	110	90
242	39	110	90
242	39	110	92
241	39	111	90
243	38	109	91
242	37	100	96
242	34	104	94
237	39	103	96
243	36	90	93
238	40	90	94
238	36	95	89
233	40	98	89
231	40	100	85
230	38	99	87
232	39	103	92
237	39	99	92
240	36	97	95
242	39	92	95
241	36	96	96
249	35	81	91
236	35	94	94
242	34	87	96
241	38	89	93
240	29	90	95
232	36	100	89
235	39	95	90
240	37	92	89
235	39	97	90
233	39	95	88
232	38	95	93
247	33	82	94
225	40	104	96
248	33	87	96
242	40	88	93
239	30	98	97
236	36	102	94
238	39	100	95
243	35	97	97
241	38	101	95
246	34	97	95
240	40	95	96
241	37	100	92
241	35	100	96
240	40	101	94
244	35	99	98
239	39	104	96
240	33	107	97
244	37	104	97
243	38	106	93
273	35	114	96
297	35	141	105
275	33	144	110
279	34	211	124
304	26	200	151
298	27	187	140
288	28	204	156
288	29	208	131
303	24	170	148
287	30	213	139
309	25	210	155
293	25	219	142
254	21	181	148
293	25	186	131
291	23	173	131
299	25	159	127
266	28	194	121
343	22	184	131
331	22	144	140
277	31	203	127
319	25	162	139
312	30	161	126
244	32	213	122
300	24	217	144
345	20	191	147
281	22	231	144
338	16	195	159
347	20	174	148
265	25	191	134
286	24	253	136
345	13	193	150
347	16	164	144
286	23	176	133
274	24	171	131
269	25	232	129
270	16	205	147
300	16	226	147
366	11	167	156
285	20	246	135
356	12	170	157
280	21	242	140
296	14	243	164
340	13	219	168
289	16	234	149
286	10	231	159
316	9	97	162
250	36	117	107
276	38	101	98
272	32	125	93
294	32	89	104
302	37	115	92
312	31	37	99
301	33	121	78
281	32	85	111
286	32	62	98
275	33	96	96
306	33	58	110
318	29	60	111
278	35	74	108
308	30	167	85
300	32	95	114
212	42	131	92
238	41	90	92
219	26	67	87
165	36	41	68
195	40	89	91
236	35	103	89
289	38	59	84
272	31	171	79
243	26	194	166
311	45	229	177
370	49	218	199
432	63	201	228
439	64	188	191
317	38	255	194
429	43	230	246
430	63	252	211
432	67	228	207
395	59	254	206
451	67	211	218
409	40	236	229
386	47	269	231
373	44	287	246
314	21	320	243
268	23	309	187
292	20	296	142
319	21	252	149
332	23	245	199
336	28	261	192
392	28	230	198
395	30	217	200
392	6	239	200
407	14	218	203
395	25	212	170
393	28	198	172
383	26	194	170
368	28	205	164
364	24	203	186
383	23	196	185
365	32	277	195
397	30	269	213
392	17	238	214
397	27	251	205
391	31	223	200
380	30	252	201
382	26	219	200
339	26	239	192
277	29	269	172
277	23	342	203
347	12	287	223
358	16	281	218
380	19	267	210
406	21	239	204
425	28	202	192
380	20	262	199
397	19	241	206
388	24	240	201
378	22	254	221
362	13	274	236
355	27	274	227
348	28	284	232
329	44	305	222
317	36	320	218
360	57	267	213
350	39	261	224
367	40	262	222
311	29	311	247
323	21	302	255
335	24	294	249
339	25	298	244
368	20	263	229
337	23	279	216
364	24	272	257
384	35	238	173
426	32	220	200
418	20	209	195
472	16	168	213
465	19	173	195
326	0	304	183
440	0	206	168
468	4	157	116
505	27	107	127
513	28	145	90
497	21	145	115
480	15	164	134
494	18	154	134
486	21	166	128
482	22	167	130
487	22	161	128
487	24	158	127
478	26	154	124
463	19	146	146
442	0	161	180
410	10	185	194
320	26	263	189
383	25	226	180
344	28	238	169
328	27	234	169
332	26	246	158
314	21	232	167
275	20	139	170
283	37	117	138
289	19	165	187
315	12	188	211
326	21	205	204
319	25	210	211
334	29	218	239
327	17	220	219
345	30	196	189
330	25	213	181
334	30	220	172
351	33	205	176
349	38	212	185
348	40	227	178
346	40	228	181
361	42	205	179
356	42	208	176
364	44	187	183
369	41	172	178
373	14	124	146
376	30	132	142
399	22	141	144
369	32	173	155
398	3	185	196
413	20	210	218
427	8	188	239
429	14	187	225
432	28	180	209
435	19	177	237
427	48	184	177
428	30	178	197
431	26	188	184
431	30	170	185
446	34	145	179
436	27	164	173
432	41	175	178
439	29	155	178
450	40	166	165
439	28	204	184
423	19	192	220
445	22	176	218
413	29	190	205
413	24	224	198
399	15	210	200
402	46	208	201
395	32	192	209
381	23	169	171
346	26	42	113
315	30	44	101
307	30	32	102
225	39	83	100
277	24	69	105
297	29	67	113
284	31	105	119
305	28	45	112
310	29	12	106
242	36	105	93
304	24	90	121
286	26	72	108
339	26	124	154
317	27	234	170
357	40	173	170
275	7	115	142
303	23	76	120
266	33	115	127
295	27	194	240
259	25	237	205
230	31	224	169
289	31	218	198
254	31	174	158
270	28	152	131
307	28	110	133
291	26	71	121
286	28	77	119
283	29	81	119
291	32	62	112
282	30	75	119
302	33	70	118
290	27	81	117
318	34	63	119
254	33	116	132
278	17	135	164
262	32	359	342
335	13	389	327
421	28	324	293
428	34	287	265
463	44	286	273
475	51	279	250
475	52	266	243
418	1	332	284
391	11	325	276
419	22	313	274
442	32	305	265
453	39	277	234
428	32	284	249
456	38	271	262
448	39	293	244
486	44	245	208
414	19	260	225
439	28	259	214
418	33	270	212
456	35	254	217
454	7	199	202
467	22	225	226
482	10	263	252
508	29	251	280
496	20	272	286
519	7	254	246
525	24	245	242
538	35	233	220
533	29	232	208
521	21	267	207
550	19	216	214
528	10	258	229
546	14	223	213
549	4	227	194
564	10	235	167
568	8	235	195
575	14	212	181
592	17	221	177
606	18	190	179
616	21	226	170
490	26	337	189
550	15	286	213
536	16	285	209
591	18	239	210
534	28	288	202
649	26	174	215
633	39	188	216
642	21	178	215
647	27	164	204
643	14	206	225
643	30	183	209
643	39	187	190
592	29	245	209
604	37	233	221
598	38	241	202
577	45	252	213
594	50	236	202
560	56	265	211
567	58	240	223
553	59	254	219
561	63	241	209
539	55	259	225
543	56	251	213
526	51	264	197
536	47	258	198
513	45	270	194
537	43	240	199
500	45	245	192
516	46	233	207
497	47	214	174
405	40	270	191
473	42	240	217
455	48	255	189
474	40	205	200
405	28	263	203
493	53	217	204
385	15	336	224
366	36	338	266
409	59	280	243
359	30	345	266
399	50	283	225
316	20	338	232
390	47	311	264
389	37	296	241
407	68	242	192
266	16	309	203
341	31	254	199
316	31	248	171
357	31	235	197
394	36	171	170
306	18	173	143
321	24	141	140
308	33	146	118
313	32	85	110
296	33	165	98
316	29	213	130
409	26	168	188
432	27	235	252
441	45	197	190
453	52	223	180
436	20	233	181
470	25	199	180
472	30	201	166
313	10	135	146
194	23	126	120
194	29	120	108
210	34	120	98
206	35	111	101
206	35	111	105
213	26	96	108
210	34	97	115
211	19	93	118
197	32	97	123
199	27	36	75
211	38	57	95
143	30	65	104
215	29	28	120
208	47	72	85
209	32	135	112
290	35	109	118
302	31	77	124
295	26	50	119
300	31	49	111
298	33	42	110
285	33	25	105
204	47	84	91
235	33	105	105
283	36	63	98
289	31	57	111
302	31	49	115
305	34	38	108
266	36	27	97
206	36	110	99
299	37	52	107
285	36	114	99
294	33	77	133
292	28	73	116
297	36	93	116
288	29	73	124
285	27	64	115
294	37	64	109
271	34	78	107
290	33	98	114
280	32	65	107
262	36	143	131
265	36	148	132
261	37	195	183
305	38	307	242
351	15	253	273
380	47	255	266
358	34	272	267
374	26	248	251
360	34	245	246
360	28	228	218
299	36	241	199
383	52	181	186
331	22	190	186
272	34	252	165
