0.003704
0.245899
0.236126
0.238624
0.244045
0.221084
0.238814
0.247108
0.250992
0.244680
0.234867
0.241138
0.242394
0.267973
0.223530
0.243608
0.248952
0.246954
0.237069
0.240297
0.274456
0.237341
0.252384
0.257883
0.260514
0.261932
0.226223
0.244877
0.234964
0.218229
0.230487
0.252814
0.268126
0.283943
0.268827
0.270950
0.346270
0.213148
0.235412
0.256416
0.245092
0.243063
0.235222
0.250275
0.233175
0.234252
0.260491
0.259772
0.250252
0.225672
0.278841
0.242789
0.241504
0.245454
0.247321
0.241237
0.263780
0.226120
0.228195
0.226439
0.238404
0.225216
0.228234
0.237384
0.250406
0.252223
0.243538
0.278261
0.243369
0.260928
0.242417
0.257124
0.259460
0.262008
0.244350
0.240733
0.248385
0.260996
0.270096
0.243052
0.244681
0.255126
0.245377
0.226716
0.234613
0.233349
0.232750
0.237962
0.246429
0.246010
0.240694
0.229343
0.243868
0.251512
0.270824
0.231019
0.241942
0.256268
0.234804
0.240406
0.254758
0.257538
0.233821
0.265971
0.243877
0.240996
0.247403
0.270263
0.255227
0.247263
0.244470
0.255447
0.239907
0.241785
0.225162
0.248024
0.228874
0.252866
0.218487
0.240688
0.219107
0.230816
0.246960
0.229794
0.240743
0.246283
0.233664
0.257799
0.240638
0.253688
0.264227
0.244175
0.237759
0.255529
0.235722
0.244791
0.223715
0.240258
0.255855
0.245368
0.247805
0.252637
0.233131
0.258864
0.245494
0.238936
0.216140
0.241913
0.251390
0.231304
0.245871
0.243853
0.231528
0.235826
0.258259
0.258061
0.247856
0.257054
0.236894
0.244766
0.240802
0.244174
0.210711
0.264549
0.243581
0.259085
0.240847
0.223658
0.240398
0.233682
0.222053
0.248372
0.248135
0.234215
0.240760
0.229226
0.241790
0.238605
0.241216
0.240730
0.246344
0.223944
0.272707
0.237441
0.248842
0.293025
0.251132
0.237192
0.253227
0.244546
0.236161
0.248147
0.254718
0.244733
0.283472
0.234074
0.235020
0.271849
0.248547
0.282447
0.298905
0.243099
0.261292
0.297376
0.302220
0.254677
0.277930
0.246858
0.253101
0.253953
0.271341
0.239668
0.249087
0.244761
0.234775
0.266856
0.225351
0.265539
0.237148
0.250089
0.227455
0.234626
0.228556
0.241381
0.261499
0.246054
0.236166
0.251617
0.279228
0.260430
0.299159
0.233023
0.329185
0.228918
0.261896
0.278600
0.302287
0.231088
0.250029
0.269255
0.232373
0.228665
0.248533
0.241377
0.239966
0.255844
0.247004
0.271348
0.268852
0.258410
0.252746
0.258962
0.277217
0.250856
0.254466
0.254391
0.264216
0.264117
0.271859
0.247577
0.263175
0.245430
0.235871
0.256671
0.270152
0.244972
0.252148
0.262507
0.251343
0.266062
0.218810
0.242392
0.241827
0.223684
0.224152
0.267919
0.241549
0.263210
0.303087
0.245151
0.268554
0.244738
0.266249
0.260079
0.248325
0.252430
0.237410
0.276639
0.259487
0.249931
0.255723
0.272554
0.223066
0.301426
0.242854
0.253468
0.264223
0.256994
0.259859
0.256659
0.257288
0.233772
0.242703
0.247781
0.261716
0.259241
0.251714
0.238425
0.252418
0.217561
0.270446
0.264830
0.252415
0.291400
0.239725
0.288908
0.259075
0.246284
0.255728
0.231191
0.285060
0.252224
0.252361
0.264054
0.241731
0.292113
0.268425
0.291961
0.280810
0.287349
0.253549
0.288591
0.245827
0.256890
0.267431
0.260444
0.255733
0.235370
0.241566
0.265258
0.258655
0.269104
0.262524
0.244566
0.239307
0.266608
0.256624
0.248380
0.257262
0.308510
0.230436
0.229599
0.256964
0.256934
0.232128
0.276858
0.290556
0.253523
0.265098
0.265157
0.257545
0.242189
0.244951
0.263992
0.218853
0.271454
0.230032
0.227624
0.235410
0.246042
0.277805
0.255412
0.241138
0.265193
0.263727
0.246537
0.242029
0.259701
0.263866
0.266165
0.234101
0.230959
0.260317
0.254941
0.271889
0.270996
0.253556
0.233483
0.244416
0.252561
0.242582
0.254686
0.254209
0.253234
0.251082
0.223062
0.247976
0.248039
0.234973
0.258092
0.220054
0.233048
0.279958
0.234116
0.269804
0.248832
0.275442
0.218514
0.247338
0.271717
0.267081
0.217788
0.243025
0.255134
0.268809
0.229179
0.251239
0.270302
0.224483
0.253973
0.257038
0.263351
0.261568
0.248653
0.275586
0.247569
0.239185
0.249963
0.275218
0.247998
0.259186
0.236790
0.236011
0.217598
0.284752
0.250656
0.262586
0.249076
0.227840
0.238752
0.245308
0.233305
0.251885
0.260909
0.241760
0.228169
0.265290
0.274928
0.258686
0.235994
0.221733
0.251653
0.240010
0.246519
0.273792
0.266890
0.244935
0.258811
0.271510
0.245465
0.237734
0.256980
0.265082
0.278349
0.312613
0.216467
0.240633
0.267797
0.251870
0.248091
0.238785
0.249440
0.240045
0.246914
0.240906
0.224711
0.280758
0.237769
0.251690
0.239550
0.279396
0.213786
0.262875
0.249274
0.297253
0.244231
0.255360
0.257133
0.264922
0.245690
0.253083
0.235188
0.305213
0.225331
0.261726
0.274603
0.288234
0.277331
0.269733
0.281850
0.236607
0.249207
0.244423
0.258438
0.265275
0.258869
0.251226
0.240158
0.285999
0.245595
0.290177
0.256039
0.234177
0.267272
0.254873
0.223485
0.268074
0.263530
0.253614
0.238264
0.254119
0.247756
0.247029
0.259754
0.245669
0.248984
0.255784
0.238667
0.269278
0.231097
0.245057
0.255528
0.298502
0.243313
0.268501
0.237744
0.232475
0.239938
0.240086
0.252803
0.231941
0.260375
0.251366
0.267131
0.255223
0.250484
0.257374
0.250936
0.258293
0.244394
0.277150
0.268356
0.230343
0.266501
0.254418
0.244885
0.257738
0.282158
0.230301
0.234382
0.258148
0.244366
0.263960
0.236073
0.254117
0.269894
0.265112
0.256171
0.250198
0.280929
0.235773
0.250246
0.258029
0.252722
0.241775
0.227518
0.289594
0.284268
0.288061
0.231378
0.248688
0.250984
0.256278
0.258873
0.240438
0.249794
0.258199
0.253302
0.258251
0.232143
0.252233
0.253166
0.236023
0.255679
0.247743
0.235841
0.241567
0.281133
0.233177
0.232491
0.266820
0.233352
0.245376
0.246577
0.256912
0.251098
0.251680
0.258837
0.289230
0.263626
0.228220
0.241200
0.237550
0.302384
0.278098
0.280542
0.255956
0.246480
0.257619
0.221731
0.235941
0.256250
0.225476
0.232676
0.264890
0.240513
0.256573
0.244675
0.273640
0.259075
0.247383
0.247901
0.262479
0.295719
0.255942
0.235191
0.231116
0.256075
0.242557
0.237760
0.228485
0.259424
0.253865
0.245907
0.235288
0.226627
0.259321
0.243231
0.266959
0.257191
0.258292
0.241284
0.232414
0.249899
0.262460
0.270069
0.266884
0.256241
0.261304
0.248097
0.245382
0.272698
0.226970
0.226076
0.257732
0.255340
0.272923
0.227996
0.248341
0.269931
0.261184
0.246483
0.273710
0.266639
0.232705
0.246462
0.247700
0.245308
0.252599
0.248529
0.247458
0.283224
0.214473
0.287944
0.265485
0.251033
0.256491
0.258733
0.264093
0.239531
0.244070
0.268022
0.242743
0.267096
0.242517
0.245423
0.259492
0.250877
0.242214
0.239758
0.298286
0.245772
0.279770
0.253937
0.255317
0.239597
0.242806
0.252494
0.282527
0.238564
0.235609
0.236732
0.228200
0.207818
0.236726
0.243630
0.257648
0.243360
0.250981
0.232144
0.235487
0.258802
0.265041
0.237011
0.243811
0.254829
0.238091
0.246232
0.237668
0.266690
0.230969
0.237362
0.264178
0.242566
0.251872
0.236585
0.266714
0.244277
0.215103
0.279757
0.258882
0.232397
0.243276
0.258426
0.240795
0.295947
0.251286
0.263142
0.239055
0.255256
0.297166
0.238375
0.235781
0.225940
0.254681
0.231027
0.228847
0.237125
0.253436
0.224637
0.278005
0.238876
0.263011
0.224478
0.240782
0.243700
0.241987
0.238707
0.281673
0.252685
0.269457
0.265105
0.235402
0.295552
0.238254
0.238849
0.244678
0.249023
0.265097
0.247806
0.263198
0.243536
0.285995
0.284916
0.272481
0.239730
0.246006
0.263792
0.236844
0.264933
0.257415
0.276131
0.269701
0.221456
0.228007
0.289438
0.260037
0.263759
0.249970
0.283841
0.255350
0.274637
0.275645
0.267395
0.262130
0.246861
0.239300
0.225683
0.240974
0.240541
0.231151
0.266125
0.238707
0.233848
0.241274
0.232365
0.234538
0.239416
0.226816
0.252561
0.226781
0.241361
0.229168
0.240681
0.265525
0.258950
0.246703
0.244494
0.240168
0.257565
0.254959
0.230037
0.265503
0.241382
0.247924
0.249810
0.246380
0.235461
0.227194
0.238407
0.268840
0.291583
0.242096
0.227327
0.285765
0.268877
0.237555
0.276010
0.300059
0.239404
0.266771
0.300450
0.276899
0.240414
0.251582
0.233433
0.242580
0.253135
0.245279
0.243881
0.285878
0.236682
0.247844
0.231996
0.235017
0.232933
0.232946
0.249072
0.260252
0.264263
0.254718
0.225706
0.248911
0.261987
0.229929
0.241737
0.242809
0.233668
0.315466
0.256723
0.244716
0.244117
0.273091
0.243877
0.245235
0.252903
0.249943
0.242557
0.252278
0.254123
0.269142
0.268461
0.291101
0.327533
0.228531
0.241710
0.241028
0.236152
0.257087
0.272233
0.274596
0.237862
0.232748
0.288085
0.231717
0.251961
0.254976
0.254824
0.248181
0.214339
0.260001
0.252392
0.242318
0.235600
0.236917
0.271602
0.266832
0.250423
0.219747
0.276849
0.227392
0.274789
0.314247
0.231569
0.259670
0.277178
0.239564
0.228782
0.260204
0.243513
0.282547
0.244616
0.213665
0.275896
0.230249
0.258334
0.242338
0.237087
0.258030
0.231177
0.240337
0.277965
0.253317
0.230090
0.225581
0.253274
0.239642
0.242986
0.249813
0.251349
0.251745
0.255093
0.240577
0.254717
0.247585
0.247478
0.246135
0.248916
0.229112
0.236687
0.236514
0.263869
0.286364
0.255112
0.238411
0.230562
0.255238
0.263693
0.250115
0.245940
0.273400
0.255317
0.240730
0.255999
0.257701
0.240532
0.235391
0.240737
0.237068
0.247371
0.229949
0.233331
0.233775
0.268426
0.249729
0.239338
0.275504
0.269159
0.260957
0.260548
0.275353
0.249021
0.241585
0.245121
0.237419
0.231131
0.239643
0.229247
0.250956
0.243878
0.263055
0.228401
0.254436
0.231488
0.249085
0.262597
0.257001
0.251611
0.258021
0.275011
0.258654
0.247955
0.252800
0.245387
0.237485
0.235213
0.247085
0.251557
0.252933
0.252180
0.251895
0.246317
0.237462
0.235261
0.245538
0.248343
0.253616
0.244697
0.228446
0.268243
0.241452
0.259264
0.260245
0.247746
0.246731
0.240876
0.262483
0.246251
0.250590
0.272205
0.245641
0.252369
0.248733
0.240752
0.250899
0.258023
0.254234
0.223717
0.261591
0.260247
0.218167
0.238293
0.236440
0.234588
0.238520
0.230595
0.245981
0.240775
0.252154
0.250936
0.260282
0.236610
0.253888
0.238831
0.282490
0.232106
0.267943
0.284847
0.285340
0.236900
0.240570
0.246315
0.234622
0.265925
0.254155
0.247755
0.254304
0.232049
0.244966
0.250312
0.267158
0.239633
0.258450
0.239931
0.242187
0.281773
0.254716
0.266548
0.230167
0.236429
0.241541
0.239109
0.262518
0.272371
0.275148
0.245984
0.257028
0.282727
0.302071
0.212349
0.276155
0.217846
0.255053
0.278183
0.237060
0.270232
0.276378
0.272213
0.244382
0.257196
0.283431
0.312223
0.233374
0.276403
0.254683
0.237652
0.262467
0.262148
0.239222
0.261442
0.238825
0.267128
0.233088
0.232260
0.267961
0.263947
0.261315
0.255086
0.258071
0.257862
0.255612
0.266559
0.253743
0.259460
0.247862
0.281733
0.252743
0.244719
0.244358
0.265326
0.283756
0.273298
0.283925
0.250131
0.231730
0.252789
0.234287
0.246259
0.230891
0.233789
0.247152
0.253308
0.252768
0.268770
0.243898
0.304116
0.236726
0.263755
0.248364
0.261917
0.244180
0.255005
0.266126
0.275156
0.234478
0.242422
0.233625
0.258212
0.267416
0.260481
0.248947
0.237028
0.223193
0.246436
0.251065
0.217752
0.223186
0.270116
0.237974
0.248716
0.286807
0.266354
0.249095
0.247058
0.250882
0.244995
0.254552
0.263607
0.249652
0.253485
0.242610
0.264899
0.270854
0.230857
0.281314
0.231816
0.259593
0.253084
0.277792
0.235099
0.243207
0.241468
0.246569
0.252612
0.221858
0.279792
0.260967
0.243585
0.242399
0.276895
0.273394
0.248236
0.231766
0.235868
0.230592
0.241399
0.248611
0.253613
0.230955
0.235217
0.229978
0.238626
0.252257
0.249275
0.256190
0.261410
0.243951
0.230273
0.237349
0.253857
0.256598
0.246078
0.242290
0.242687
0.241448
0.267062
0.291887
0.223909
0.245354
0.238338
0.257330
0.261052
0.266124
0.248506
0.245958
0.235307
0.265861
0.260787
0.238056
0.253030
0.268529
