0.052797
0.266912
0.312448
0.333367
0.309245
0.289662
0.329943
0.301305
0.301454
0.299581
0.296087
0.256956
0.238016
0.315620
0.376359
0.286278
0.326008
0.318683
0.274014
0.241271
0.269125
0.279581
0.293452
0.340958
0.252270
0.278574
0.335385
0.293269
0.270375
0.258286
0.315325
0.287762
0.274748
0.252800
0.255681
0.284727
0.265184
0.277937
0.318175
0.269084
0.319297
0.252136
0.283964
0.290164
0.287514
0.279506
0.268433
0.262259
0.272221
0.271587
0.270482
0.240155
0.269829
0.344912
0.255957
0.271778
0.346310
0.234195
0.259241
0.298203
0.264258
0.295059
0.246463
0.285410
0.258035
0.293586
0.240703
0.261042
0.349672
0.309083
0.310154
0.255734
0.247474
0.296013
0.306977
0.313643
0.269909
0.279675
0.257125
0.309139
0.289200
0.294573
0.307912
0.248757
0.275396
0.307760
0.274005
0.286337
0.312548
0.287503
0.296704
0.299311
0.289936
0.293087
0.270478
0.311575
0.226157
0.388687
0.276038
0.263375
0.287826
0.276407
0.310725
0.319175
0.249698
0.277823
0.255410
0.229715
0.364496
0.248073
0.317641
0.232742
0.318678
0.325943
0.282327
0.275532
0.283990
0.290115
0.243069
0.263421
0.305612
0.291255
0.261364
0.258425
0.284249
0.251031
0.282284
0.236537
0.272568
0.349250
0.248578
0.323992
0.251961
0.267732
0.267212
0.238631
0.277023
0.302946
0.340869
0.270849
0.285927
0.278722
0.259558
0.244621
0.290412
0.285204
0.300942
0.291200
0.251485
0.307168
0.261087
0.256576
0.304341
0.262420
0.297433
0.259016
0.285969
0.275255
0.275102
0.266960
0.273465
0.283355
0.314934
0.257041
0.261443
0.264690
0.356102
0.271428
0.267678
0.259100
0.281840
0.276014
0.286999
0.256863
0.279938
0.269678
0.304644
0.282807
0.261663
0.248888
0.243433
0.245800
0.235036
0.313370
0.304560
0.260268
0.285947
0.309158
0.266697
0.304109
0.269551
0.236105
0.244236
0.248843
0.288214
0.233352
0.272482
0.309077
0.292949
0.252295
0.277099
0.289898
0.303716
0.242526
0.283822
0.305437
0.258357
0.272770
0.261535
0.279140
0.266820
0.242939
0.321719
0.253012
0.267947
0.262352
0.294329
0.290542
0.225854
0.269902
0.279728
0.259759
0.265718
0.284753
0.316598
0.268586
0.266486
0.305046
0.278349
0.281792
0.298812
0.303561
0.261505
0.286369
0.250536
0.279296
0.234778
0.242934
0.303582
0.240591
0.276037
0.275674
0.272566
0.262590
0.291811
0.281277
0.242032
0.276439
0.265167
0.265108
0.293114
0.284218
0.277946
0.270390
0.307647
0.277508
0.292842
0.246378
0.300452
0.323397
0.274837
0.278670
0.290601
0.269977
0.289135
0.308244
0.271209
0.263387
0.239253
0.313353
0.279007
0.282066
0.256362
0.302233
0.288668
0.248391
0.259602
0.301750
0.260654
0.295277
0.257818
0.268577
0.242160
0.284520
0.295014
0.252487
0.274643
0.299582
0.301854
0.285587
0.272536
0.253077
0.257114
0.248566
0.281107
0.303732
0.318200
0.293280
0.310343
0.227547
0.259962
0.288491
0.244599
0.272379
0.289188
0.257085
0.274659
0.244715
0.286317
0.281021
0.255548
0.309936
0.248180
0.239391
0.273001
0.251374
0.265111
0.286063
0.327868
0.306809
0.228537
0.297618
0.239812
0.316278
0.252198
0.268192
0.277241
0.306889
0.309850
0.291455
0.309407
0.335625
0.285314
0.239753
0.279289
0.298355
0.318841
0.264443
0.249311
0.251747
0.244530
0.316460
0.268137
0.305596
0.286411
0.264114
0.274533
0.269733
0.291707
0.251169
0.309152
0.278261
0.264679
0.266036
0.279697
0.296640
0.284924
0.273285
0.278410
0.270314
0.262676
0.304485
0.267363
0.276273
0.284634
0.253903
0.309137
0.302673
0.257319
0.274291
0.288352
0.262140
0.271272
0.240587
0.250684
0.291084
0.257703
0.261737
0.248049
0.318358
0.311178
0.285065
0.247346
0.247764
0.310258
0.247431
0.258525
0.296852
0.314002
0.275217
0.260197
0.290623
0.240192
0.308355
0.274471
0.322809
0.244030
0.310791
0.274334
0.297982
0.353464
0.249376
0.287488
0.280695
0.255311
0.304723
0.287061
0.285443
0.269756
0.284077
0.281899
0.302558
0.252940
0.271336
0.260184
0.263399
0.274830
0.286531
0.289164
0.248932
0.297795
0.278566
0.295421
0.284182
0.227430
0.274438
0.242071
0.292813
0.300492
0.264444
0.282528
0.305387
0.290673
0.300854
0.256581
0.300609
0.299231
0.281165
0.291927
0.324724
0.267635
0.296151
0.260403
0.308737
0.295184
0.275916
0.279336
0.273482
0.298925
0.253776
0.271119
0.286875
0.282720
0.302498
0.241991
0.225882
0.254996
0.251959
0.310334
0.276758
0.288222
0.291201
0.254342
0.295012
0.312762
0.286057
0.255635
0.236798
0.323669
0.265082
0.302290
0.283389
0.265112
0.293063
0.294673
0.301824
0.249640
0.244597
0.261290
0.266829
0.298127
0.291998
0.316522
0.280518
0.274266
0.269151
0.268960
0.273636
0.327362
0.284045
0.259643
0.294931
0.268373
0.261049
0.292544
0.275802
0.267739
0.277986
0.253950
0.252865
0.293525
0.274359
0.308990
0.269037
0.258884
0.255631
0.270474
0.266573
0.323589
0.284587
0.291821
0.291084
0.285958
0.238581
0.302000
0.283616
0.293137
0.284155
0.256968
0.286258
0.296000
0.253067
0.263869
0.275673
0.261639
0.297084
0.244838
0.254879
0.285464
0.297959
0.281199
0.283796
0.273518
0.275847
0.255572
0.311479
0.254304
0.267819
0.233625
0.244075
0.310020
0.265111
0.265712
0.283628
0.307046
0.278604
0.276151
0.287121
0.253870
0.283709
0.255219
0.301975
0.269499
0.286398
0.258502
0.247369
0.261231
0.298450
0.256447
0.314880
0.308045
0.262721
0.315179
0.240834
0.253919
0.273141
0.278852
0.253948
0.282472
0.297866
0.288126
0.258140
0.246622
0.274195
0.283593
0.306514
0.280515
0.293328
0.278908
0.275533
0.281113
0.273480
0.271356
0.276910
0.279597
0.271369
0.335368
0.276527
0.282775
0.264886
0.274370
0.292624
0.286075
0.256260
0.292610
0.306243
0.289416
0.330161
0.285787
0.272047
0.278785
0.274704
0.284201
0.258644
0.271117
0.304024
0.255075
0.302959
0.272743
0.272063
0.267276
0.291658
0.292708
0.286737
0.314838
0.296798
0.298061
0.266623
0.260573
0.293834
0.292039
0.292524
0.289563
0.275153
0.267430
0.273200
0.339057
0.277295
0.266456
0.343873
0.269298
0.277375
0.255431
0.302280
0.299682
0.255525
0.260386
0.250971
0.255533
0.272203
0.275371
0.277916
0.330525
0.258507
0.278781
0.281209
0.299502
0.244087
0.279757
0.275813
0.295245
0.275587
0.293878
0.274949
0.274453
0.255265
0.306302
0.250427
0.264760
0.264411
0.258864
0.277983
0.285083
0.283222
0.294589
0.299310
0.319447
0.248995
0.315139
0.286528
0.260436
0.280047
0.269181
0.286393
0.300531
0.255022
0.291466
0.250485
0.297517
0.254144
0.281295
0.294980
0.286236
0.277850
0.287347
0.297307
0.262002
0.292351
0.296142
0.302538
0.270780
0.269725
0.313702
0.322631
0.289530
0.279039
0.275106
0.223912
0.240879
0.320736
0.265245
0.268820
0.330993
0.297440
0.251571
0.256103
0.301807
0.310475
0.314521
0.258214
0.279865
0.268404
0.307660
0.270337
0.309167
0.259133
0.306534
0.329344
0.264675
0.269460
0.276743
0.259126
0.283744
0.314563
0.297482
0.288820
0.317317
0.275871
0.346367
0.246883
0.292489
0.309748
0.289615
0.280349
0.312143
0.275279
0.288962
0.250557
0.241169
0.268197
0.304911
0.287329
0.259025
0.301043
0.267620
0.279969
0.271424
0.261884
0.290272
0.270117
0.292364
0.298250
0.274974
0.263215
0.270378
0.290901
0.274260
0.277555
0.275505
0.280360
0.271216
0.291254
0.259677
0.278317
0.330231
0.262673
0.292008
0.246711
0.297763
0.244463
0.291319
0.218763
0.247350
0.244219
0.270412
0.312555
0.281845
0.283324
0.282733
0.258747
0.290378
0.247919
0.312491
0.288471
0.242998
0.295432
0.246130
0.285416
0.264445
0.328479
0.265648
0.260356
0.293193
0.249921
0.281879
0.276968
0.331832
0.246009
0.293798
0.252788
0.283026
0.277643
0.292223
0.297009
0.270099
0.262573
0.303224
0.287712
0.259160
0.275489
0.271243
0.273010
0.242462
0.302163
0.281458
0.269336
0.264115
0.258299
0.257160
0.254082
0.331825
0.298369
0.240524
0.282082
0.246319
0.320932
0.267784
0.246063
0.268707
0.278969
0.270058
0.318034
0.281408
0.280210
0.289042
0.317876
0.256822
0.291055
0.289298
0.259211
0.280035
0.306419
0.324409
0.298534
0.329638
0.301037
0.276803
0.263075
0.265616
0.329575
0.279712
0.268349
0.295326
0.282850
0.261433
0.302860
0.284619
0.289962
0.328342
0.272024
0.270833
0.319165
0.301674
0.283698
0.286208
0.249470
0.292814
0.270877
0.347355
0.266563
0.275505
0.282351
0.275219
0.280832
0.279845
0.261512
0.280044
0.289105
0.274844
0.252537
0.318823
0.272580
0.322096
0.253470
0.248590
0.285394
0.283022
0.241391
0.279455
0.282799
0.218569
0.266515
0.293756
0.274525
0.275633
0.287584
0.292370
0.276633
0.277837
0.281915
0.288863
0.303325
0.263961
0.266010
0.278963
0.305570
0.288937
0.323674
0.300327
0.277851
0.297393
0.272899
0.282465
0.237787
0.327290
0.288493
0.311782
0.275545
0.292369
0.301993
0.301275
0.234445
0.251836
0.321585
0.259669
0.280541
0.300301
0.286865
0.277471
0.260669
0.338176
0.306739
0.251516
0.242719
0.252540
0.338631
0.254509
0.312606
0.260121
0.301993
0.282363
0.265827
0.273327
0.286134
0.296187
0.277295
0.251272
0.250211
0.277572
0.299976
0.295380
0.274316
0.264091
0.290641
0.231056
0.321368
0.258463
0.225255
0.272888
0.313989
0.250486
0.256245
0.284338
0.269409
0.325732
0.276377
0.254272
0.280355
0.259640
0.380324
0.286187
0.289579
0.305028
0.248209
0.234656
0.296774
0.258548
0.280169
0.303332
0.259763
0.315065
0.270901
0.253989
0.323276
0.252518
0.286781
0.298610
0.293446
0.289083
0.247981
0.249037
0.271323
0.294358
0.313019
0.284125
0.286363
0.260887
0.275244
0.335109
0.307813
0.261791
0.300973
0.247082
0.271206
0.267950
0.298309
0.292971
0.277644
0.303322
0.263531
0.279765
0.221875
0.286201
0.240165
0.250269
0.294627
0.324310
0.247755
0.268618
0.356009
0.262668
0.309468
0.238984
0.277172
0.262129
0.309316
0.285797
0.275655
0.274236
0.278937
0.252263
0.255596
0.290333
0.253938
0.327391
0.254483
0.244280
0.281044
0.312179
0.295605
0.287024
0.275460
0.265041
0.259439
0.261806
0.286440
0.298599
0.270501
0.273918
0.273293
0.274479
0.269701
0.249386
0.258955
0.309082
0.293200
0.310601
0.292820
0.259889
0.236378
0.293264
0.324737
0.246686
0.278251
0.282946
0.275677
0.292548
0.297156
0.267419
0.324102
0.253351
0.257984
0.301017
0.237988
0.270637
0.272982
0.278999
0.312142
0.289032
0.277184
0.275640
0.357207
0.263133
0.252675
0.320897
0.281047
0.295776
0.275072
0.302397
0.342038
0.256996
0.276709
0.257131
0.328536
0.282173
0.245763
0.275218
0.269078
0.249878
0.278666
0.307686
0.254000
0.306482
0.272932
0.287156
0.314887
0.268098
0.273586
0.268618
0.317383
0.267056
0.292162
0.261433
0.301985
0.252192
0.299368
0.297604
0.288691
0.302355
0.259706
0.271877
0.288769
0.256153
0.294289
0.282941
0.285221
0.318237
0.293383
0.241676
0.242292
0.315744
0.298537
0.269176
0.276112
0.233465
0.276428
0.281209
0.269040
0.246130
0.307230
0.244555
0.292851
0.324483
0.258186
0.265276
0.281853
0.298947
0.303988
0.255771
0.260846
0.284821
0.330498
0.299978
0.286395
0.305286
0.264980
0.268568
0.277422
0.306205
0.260303
0.278811
0.249701
0.293337
0.305871
0.287317
0.291660
0.269257
0.286768
0.243712
0.311420
0.254664
0.335033
0.244172
0.255290
0.322707
0.325513
0.271473
0.313560
0.279781
0.297259
0.285657
0.283175
0.265682
0.308625
0.285441
0.274395
0.251932
0.272483
0.253122
0.286700
0.311124
0.363608
0.335106
0.311500
0.289615
0.309612
0.311248
0.268399
0.286424
0.261621
0.287091
0.306628
0.286350
0.290723
0.270778
0.252829
0.282480
0.267133
0.295405
0.287027
0.271477
0.246294
0.236649
0.300332
0.266509
0.258594
0.256245
0.277432
0.296034
0.264939
0.242870
0.266899
0.259984
0.289047
0.297307
0.286902
0.291137
0.295304
0.287582
0.250368
0.292513
0.315018
0.269096
0.277568
0.322706
0.249951
0.322885
0.291284
0.260390
0.259657
0.286484
0.257191
0.280656
0.259546
0.274502
0.291716
0.273555
0.251103
0.274328
0.269178
0.254227
0.247772
0.274822
0.330049
0.326308
0.274981
0.323639
0.246409
0.303432
0.292997
0.281698
0.291577
0.287711
0.253847
0.239773
0.268160
0.275117
0.317497
0.272503
0.277107
0.272885
0.257237
0.327288
0.259670
0.271869
0.278775
0.278381
0.285263
0.310541
0.279028
0.289923
0.352619
0.254931
0.310494
0.287730
0.295616
0.273837
0.295748
0.263111
0.298541
0.272893
0.301194
0.283348
0.271784
0.245397
0.291656
0.288158
0.330473
0.257044
0.256584
0.270893
0.265552
0.263813
0.227314
0.309227
0.265327
0.331625
0.273926
0.281012
0.281470
0.281494
0.352035
0.248704
0.269686
0.353852
0.291878
0.303908
0.324611
0.290287
0.335398
0.281894
0.298160
0.295703
0.254874
0.250630
0.282735
0.267785
0.304200
0.229420
0.294484
0.265055
0.325640
0.287949
0.312514
0.298602
0.296673
0.276733
0.319455
0.310709
0.278066
0.306830
0.281714
0.273304
0.283876
0.248188
0.259227
0.294163
0.256713
0.261810
0.281423
0.302208
0.264159
0.251181
0.259568
0.283024
0.237718
0.233805
0.275539
0.261642
0.259709
0.230332
0.297133
0.296911
0.303071
0.260740
0.306335
0.276678
0.252501
0.259000
0.304691
0.271849
0.275050
0.300254
0.303079
0.267468
0.251689
0.275095
0.295352
0.292595
0.300322
0.246040
0.273539
0.244169
0.294127
0.269769
0.252190
0.302588
0.284823
0.269666
0.282698
0.308707
0.230198
0.252154
0.292064
0.255802
0.255196
0.303701
0.281058
0.271662
0.305357
0.299347
0.312572
0.287127
0.278899
0.317931
0.267915
0.252573
0.305548
0.251386
0.303957
0.280493
0.299360
0.294797
0.243265
0.259096
0.257010
0.292522
0.307566
0.286658
0.274730
0.283884
0.275216
0.251268
0.261337
0.286506
0.314077
0.294780
0.366293
0.248510
0.261724
0.245235
0.276207
0.237725
0.295062
0.304837
0.332482
0.265451
0.269874
0.239107
0.269762
0.286317
0.269599
0.262045
0.329953
0.289301
0.279403
0.304882
0.287841
0.237851
0.242562
0.266425
0.313620
0.297688
0.244230
0.248000
0.301183
0.278614
0.308801
0.282843
0.245535
0.303789
0.251292
0.243891
0.263671
0.292990
0.289075
0.287505
0.234756
0.258066
0.277544
0.340193
0.245950
0.262664
0.280160
0.243114
0.285820
0.270350
0.273249
0.309394
0.296292
0.286284
0.303498
0.323269
0.249647
0.330476
0.277670
0.269860
0.281075
0.244319
0.285616
0.286461
0.256370
0.313092
0.265230
0.285260
0.275319
0.283488
0.308323
0.282188
0.270764
0.293838
0.275575
0.278775
0.283397
0.289944
0.281064
0.278116
0.260871
0.265407
0.279682
0.278512
0.324765
0.279400
0.311204
0.254836
0.293938
0.272060
0.277424
0.303632
0.248747
0.285269
0.279883
0.255739
0.311030
0.283695
0.284319
0.295371
0.272508
0.228963
0.223574
0.300637
0.306339
0.299271
0.305924
0.279031
0.318755
0.296366
0.286214
0.247723
0.247848
0.279145
0.264673
0.291457
0.279436
0.292087
0.305462
0.305264
0.260034
0.314988
0.250057
0.292901
0.258348
0.320894
0.245376
0.305009
0.277393
0.275742
0.256627
0.252557
0.256566
0.302628
0.278932
0.310064
0.263112
0.304669
0.308758
0.272578
0.303635
0.272579
0.356157
0.286610
0.300521
0.279012
0.250631
0.261519
0.268366
0.278960
0.266578
0.267121
0.301977
0.269024
0.248588
0.268754
0.297947
0.313149
0.277375
0.293124
0.284476
0.292125
0.276106
0.314281
0.293202
0.251229
0.255937
0.264986
0.333117
0.269922
0.275575
0.312392
0.295523
0.264868
0.306362
0.249884
0.254660
0.248389
0.273735
0.350512
0.267308
0.257643
0.287117
0.281407
0.302952
0.300262
0.264693
0.270139
0.319756
0.244192
0.264188
0.312102
0.311925
0.241404
0.302166
0.286326
0.257078
0.270345
0.318582
0.273996
0.288331
0.265042
0.259418
0.306922
0.283693
0.275992
0.333455
0.251155
0.292832
0.281759
0.288936
0.313782
0.260127
0.246786
0.285788
0.302818
0.291340
0.252465
0.254863
0.310027
0.267102
0.273339
0.282781
0.276406
0.249293
0.280568
0.284437
0.289866
0.277032
0.280655
0.268747
0.303013
0.222009
0.283696
0.303950
0.288083
0.298282
0.271425
0.315273
0.260523
0.232672
0.275392
0.305673
0.259454
0.317794
0.257957
0.298416
0.265866
0.285941
0.255198
0.268031
0.283651
0.261150
0.263580
0.250341
0.261966
0.256051
0.278347
0.260375
0.286091
0.303466
0.298630
0.252126
0.280956
0.248442
0.298594
0.251168
0.266752
0.270082
0.282964
0.260785
0.326836
0.257595
0.246052
0.239841
0.291973
0.245104
0.289851
0.310173
0.242380
0.273804
0.282622
0.252169
0.270793
0.272954
0.281944
0.249308
0.256006
0.256351
0.286368
0.312526
0.299642
0.234366
0.279538
0.286701
0.300436
0.243711
0.277315
0.265746
0.236252
0.283819
0.282376
0.323673
0.260973
0.262739
0.263928
0.262437
0.270583
0.275345
0.277742
0.249651
0.274464
0.308211
0.278620
0.268063
0.294960
0.302174
0.269103
0.232220
0.251413
0.252392
0.293058
0.251659
0.270020
0.269008
0.301934
0.283412
0.271936
0.296013
0.260716
0.286496
0.290175
0.274066
0.294813
0.255862
0.257490
0.247390
0.299127
0.278506
0.258293
0.288635
0.266442
0.312319
0.246327
0.304497
0.296242
0.269882
0.306446
0.284885
0.249849
0.276260
0.277664
0.297334
0.253728
0.327317
0.317266
0.242038
0.307743
0.325185
0.250763
0.267560
0.246650
0.243673
0.329603
0.290167
0.275555
0.302308
0.253876
0.278763
0.281069
0.278227
0.272687
0.344234
0.294071
0.296127
0.277547
0.271196
0.269490
0.301890
0.279289
0.262598
0.259335
0.264145
0.298674
0.263793
0.289783
0.314899
0.294750
0.243407
0.293960
0.270630
0.264930
0.275477
0.259178
0.291868
0.307099
0.281756
0.255987
0.247692
0.262441
0.272976
0.263372
0.260496
0.259269
0.237554
0.273941
0.246762
0.285905
0.298632
0.328719
0.268693
0.295407
0.296502
0.278675
0.290055
0.270605
0.240057
0.283604
0.261338
0.294924
0.281685
0.287072
0.289391
0.252868
0.265467
0.280608
0.289187
0.290478
0.301985
0.271440
0.281709
0.269134
0.295417
0.283044
0.243158
0.291433
0.312570
0.315756
0.247350
0.285654
0.314825
0.304539
0.315797
0.278044
0.282648
0.252749
0.224428
0.275317
0.276967
0.281858
0.244922
0.303853
0.256052
0.302793
0.279207
0.247884
0.259139
0.274481
0.263354
0.325579
0.294083
0.291783
0.320754
0.270334
0.268818
0.310220
0.271081
0.278784
0.305228
0.273229
0.258865
0.248199
0.264437
0.282716
0.262141
0.254108
0.271020
0.313554
0.260691
0.311291
0.299736
0.279458
0.261974
0.255868
0.276006
0.324847
0.288906
0.246359
0.255723
0.326123
0.310814
0.296051
0.278503
0.283242
0.252963
0.275754
0.244614
0.269561
0.273777
0.280323
0.257569
0.279457
0.263643
0.305937
0.276016
0.322283
0.268578
0.281523
0.272694
0.275282
0.247533
0.271321
0.270172
0.298335
0.279073
0.278370
0.304908
0.289495
0.299532
0.264942
0.295307
0.259374
0.276675
0.320996
0.314325
0.252848
0.267776
0.270834
0.277508
0.264740
0.303788
0.275808
0.249526
0.272783
0.253654
0.271866
0.321151
0.276924
0.310107
0.306041
0.256371
0.241453
0.299881
0.263076
0.310180
0.270792
0.284780
0.246802
0.278347
0.229923
0.286114
0.283349
0.306866
0.310990
0.273977
0.265242
0.262566
0.289190
0.259643
0.320196
0.335331
0.286355
0.268934
0.292037
0.255773
0.265231
0.280298
0.296600
0.320099
0.246102
0.258205
0.284501
0.285416
0.256337
0.301640
0.321334
0.266037
0.299654
0.303579
0.255138
0.301392
0.274449
0.308217
0.329053
0.236065
0.289419
0.281086
0.283394
0.292374
0.281783
0.314607
0.305651
0.336123
0.223960
0.263297
0.268199
0.303153
0.234251
0.279792
0.277732
0.275753
0.285829
0.293396
0.269665
0.291137
0.277506
0.283411
0.241439
0.295422
0.261101
0.281131
0.285752
0.306183
0.277308
0.294408
0.296273
0.274040
0.230697
0.283003
0.238794
0.256037
0.300594
0.265327
0.301819
0.280573
0.285953
0.273420
0.293839
0.280621
0.252681
0.229235
0.255754
0.306119
0.273503
0.283795
0.266510
0.288369
0.247332
0.273274
0.268555
0.256201
0.283052
0.312793
0.284637
0.306589
0.268284
0.265338
0.252753
0.294896
0.281636
0.276558
0.284675
0.254351
0.282356
0.283978
0.266253
0.276421
0.269512
0.290456
0.285028
0.253112
0.262806
0.255121
0.309411
0.256492
0.272957
0.265092
0.257485
0.266426
0.287220
0.264911
0.264918
0.280670
0.271268
0.356333
0.258368
0.251881
0.288277
0.286724
0.248204
0.254818
0.273270
0.275132
0.252584
0.270365
0.283328
0.298211
0.265494
0.313865
0.289661
0.263297
0.253822
0.262543
0.290559
0.298402
0.273588
0.281946
0.267241
0.285965
0.259392
0.270480
0.264977
0.272463
0.292450
0.269061
0.282823
0.257259
0.270071
0.252664
0.249486
0.239702
0.254683
0.242312
0.245156
0.249396
0.260516
0.260728
0.263067
0.238880
0.221172
0.248871
0.247645
0.276459
0.242903
0.237360
0.246074
0.243856
0.253441
0.258185
0.242617
0.255101
0.275911
0.250410
0.265042
0.237149
0.241373
0.239367
0.254307
0.231643
0.255361
0.256232
0.248393
0.253416
0.250876
0.238899
0.268743
0.259753
0.257864
0.256784
0.251138
0.246395
0.252825
0.256913
0.232739
0.249674
0.262529
0.253855
0.234670
0.270658
0.252931
0.255057
0.244468
0.246405
0.247726
0.264736
0.274278
0.236026
0.255216
0.292241
0.258837
0.234386
0.254605
0.268957
0.233806
0.279638
0.245187
0.264277
0.255882
0.242949
0.262065
0.277310
0.246865
0.279142
0.238391
0.238113
0.263618
0.242404
0.259166
0.259047
0.241293
0.270943
0.236409
0.250118
0.255054
0.259115
0.231131
0.250014
0.244954
0.263734
0.250752
0.247117
0.275971
0.245876
0.274025
0.238974
0.263119
0.254892
0.227650
0.268226
0.249485
0.263546
0.267598
0.244323
0.244234
0.240236
0.253143
0.254634
0.255289
0.255919
0.234230
0.245256
0.251340
0.252254
0.247850
0.255805
0.256592
0.242069
0.255479
0.245527
0.242015
0.238560
0.241173
0.262507
0.240499
0.241382
0.249144
0.282276
0.245072
0.244818
0.236650
0.227654
0.249566
0.244134
0.252623
0.262145
0.243699
0.259761
0.235558
0.270581
0.243440
0.237039
0.250002
0.288804
0.225750
0.427570
0.211788
0.248932
0.244147
0.272467
0.243398
0.270810
0.269430
0.255995
0.251672
0.253595
0.244635
0.236752
0.261808
0.278444
0.236044
0.253350
0.245087
0.267696
0.238705
0.238048
0.269489
0.231570
0.242367
0.301136
0.241546
0.248354
0.258156
0.273108
0.251401
0.272358
0.260569
0.226491
0.294904
0.304281
0.262378
0.223222
0.245451
0.249579
0.267027
0.291595
0.244128
0.262240
0.288156
0.244826
0.266858
0.265850
0.249862
0.232784
0.256605
0.284109
0.261709
0.273246
0.219502
0.253796
0.242376
0.230996
0.267550
0.317311
0.310565
0.320696
0.259590
0.358593
0.301445
0.297226
0.291318
0.300856
0.461972
0.253072
0.396767
0.349305
0.308056
0.302555
0.294968
0.281284
0.296017
0.214028
0.317417
0.511259
0.362280
0.270663
0.239260
0.285136
0.321225
0.309450
0.322085
0.280931
0.299232
0.394884
0.309377
0.291410
0.314688
0.228664
0.333119
0.313176
0.348577
0.368109
0.276223
0.414623
0.334576
0.286916
0.296145
0.309716
0.290748
0.259944
0.388998
0.358774
0.316855
0.295673
0.309777
0.307493
0.327216
0.241507
0.325304
0.288749
0.293361
0.380120
0.277407
0.352785
0.318109
