0.025640
0.278204
0.354430
0.249311
0.267661
0.285429
0.255196
0.277432
0.295113
0.270519
0.252887
0.264052
0.314303
0.318035
0.295423
0.292901
0.305989
0.286694
0.292479
0.284781
0.265507
0.286124
0.276691
0.297400
0.264015
0.295855
0.310768
0.307913
0.255298
0.258425
0.263833
0.320575
0.264125
0.248250
0.287806
0.288831
0.311412
0.284661
0.307180
0.264110
0.271088
0.294217
0.259701
0.273624
0.333569
0.279109
0.282717
0.285616
0.312775
0.277495
0.243540
0.285732
0.249459
0.301923
0.305069
0.265706
0.286794
0.253895
0.309448
0.313149
0.294953
0.277062
0.289887
0.252060
0.303450
0.283368
0.284014
0.262597
0.328952
0.275017
0.255773
0.320293
0.262283
0.233708
0.326823
0.290761
0.285640
0.274507
0.245569
0.278620
0.287640
0.235329
0.280763
0.293296
0.280502
0.238531
0.328347
0.242621
0.285789
0.302376
0.330532
0.269797
0.237761
0.274015
0.339672
0.257085
0.268041
0.294958
0.286288
0.288860
0.275651
0.273925
0.238971
0.271452
0.257901
0.266255
0.243105
0.278378
0.272321
0.295473
0.280173
0.272643
0.312810
0.296740
0.278117
0.296106
0.240136
0.263006
0.298243
0.267805
0.299938
0.279039
0.297080
0.308132
0.259229
0.280856
0.284572
0.291252
0.234519
0.342968
0.259127
0.284818
0.280375
0.249505
0.284841
0.275016
0.251944
0.241667
0.250966
0.272347
0.344842
0.268746
0.283761
0.289414
0.242926
0.313476
0.278816
0.281197
0.329600
0.249054
0.280883
0.279352
0.274117
0.276816
0.264985
0.305514
0.257462
0.270655
0.264862
0.294359
0.291734
0.296785
0.304791
0.268291
0.276079
0.319775
0.268312
0.281750
0.266454
0.275774
0.302386
0.263802
0.279150
0.259145
0.260981
0.321664
0.252530
0.278063
0.288037
0.296275
0.295354
0.273725
0.304208
0.248203
0.263542
0.280354
0.292552
0.267650
0.244313
0.269938
0.276212
0.271988
0.301340
0.248824
0.272660
0.273107
0.319143
0.287643
0.309743
0.309191
0.241658
0.293656
0.281927
0.279527
0.278421
0.314976
0.245067
0.319233
0.311311
0.274474
0.244147
0.278123
0.260926
0.250572
0.284166
0.297710
0.276649
0.313379
0.233530
0.291324
0.282241
0.296714
0.289204
0.278553
0.296989
0.256336
0.271274
0.292354
0.288002
0.265891
0.259337
0.293436
0.241385
0.270056
0.258162
0.268665
0.277210
0.267634
0.249062
0.297731
0.273566
0.256756
0.300621
0.226005
0.287388
0.269706
0.268769
0.263763
0.304064
0.308826
0.274050
0.295428
0.277004
0.243643
0.260150
0.261342
0.303300
0.265645
0.314743
0.312718
0.246149
0.291438
0.317338
0.269866
0.295018
0.277641
0.299595
0.274942
0.295382
0.268917
0.269017
0.268281
0.261396
0.269759
0.247876
0.244247
0.229363
0.293809
0.296320
0.256358
0.265793
0.281833
0.299456
0.305683
0.264178
0.277940
0.271385
0.246932
0.269573
0.317808
0.306043
0.230280
0.301114
0.261238
0.261090
0.293139
0.301952
0.239264
0.267296
0.262867
0.276390
0.292029
0.279478
0.294084
0.256197
0.258555
0.254490
0.254209
0.276936
0.282568
0.259953
0.272829
0.291075
0.259530
0.255139
0.286886
0.261407
0.276652
0.245327
0.249255
0.264574
0.263880
0.259307
0.266959
0.286104
0.259073
0.252318
0.313556
0.298646
0.251687
0.311486
0.270989
0.281239
0.301457
0.264603
0.246070
0.321482
0.222218
0.291861
0.269411
0.260858
0.293374
0.283705
0.270628
0.312104
0.229426
0.281880
0.259954
0.249827
0.283567
0.287931
0.285350
0.249094
0.260139
0.248537
0.247294
0.280458
0.298289
0.248711
0.297331
0.240820
0.272053
0.277950
0.273482
0.259947
0.267056
0.302013
0.346592
0.286699
0.274969
0.296672
0.278200
0.260165
0.302359
0.299464
0.243863
0.295274
0.289625
0.309375
0.297747
0.271918
0.250189
0.267969
0.275031
0.262618
0.249322
0.295829
0.256677
0.296402
0.294858
0.341065
0.288139
0.314967
0.282197
0.259347
0.250900
0.299034
0.273790
0.301291
0.316367
0.343570
0.269535
0.263173
0.302552
0.250774
0.265821
0.260936
0.239582
0.312663
0.288526
0.338557
0.306431
0.311846
0.252669
0.304438
0.273095
0.278645
0.250910
0.285351
0.265435
0.225604
0.271902
0.255918
0.291179
0.270192
0.249455
0.307995
0.268594
0.286026
0.276698
0.326146
0.282360
0.315491
0.243124
0.350713
0.308682
0.224574
0.243325
0.293418
0.301620
0.259191
0.268393
0.261119
0.305454
0.286322
0.294162
0.277156
0.264868
0.245376
0.278081
0.284342
0.234251
0.294327
0.255750
0.307839
0.275641
0.256063
0.268118
0.269989
0.314107
0.327888
0.286535
0.271476
0.297994
0.271545
0.311595
0.270154
0.273631
0.270494
0.254628
0.247670
0.313568
0.252763
0.311785
0.265189
0.302039
0.289701
0.273295
0.243518
0.260777
0.303389
0.268265
0.256423
0.253894
0.236005
0.297299
0.291974
0.299828
0.276355
0.299728
0.286273
0.305459
0.295060
0.280621
0.268700
0.258427
0.278157
0.276116
0.264657
0.268912
0.274529
0.297280
0.256675
0.273230
0.295955
0.262164
0.273224
0.280079
0.263508
0.274017
0.311444
0.240021
0.254811
0.266962
0.294045
0.256409
0.258400
0.252257
0.275795
0.266910
0.275086
0.278328
0.258483
0.251628
0.293004
0.278010
0.272610
0.271749
0.251657
0.233628
0.257031
0.285000
0.287143
0.317144
0.267130
0.249427
0.283200
0.266248
0.276970
0.321927
0.252744
0.289527
0.270502
0.258722
0.261020
0.270202
0.251127
0.228999
0.246036
0.267433
0.321054
0.245121
0.287896
0.233755
0.262698
0.255378
0.312999
0.219930
0.271428
0.287784
0.262793
0.286546
0.272985
0.296157
0.254208
0.289251
0.315460
0.245272
0.261994
0.254691
0.304832
0.299015
0.263523
0.246680
0.289112
0.297374
0.306327
0.265239
0.259145
0.287710
0.243313
0.304604
0.280894
0.294038
0.254820
0.227667
0.310678
0.283236
0.316287
0.300985
0.260362
0.280118
0.287085
0.258898
0.273412
0.273356
0.267116
0.249530
0.296225
0.253009
0.308662
0.274959
0.285581
0.301134
0.269438
0.232331
0.285616
0.291290
0.266311
0.259593
0.257214
0.262995
0.271530
0.253578
0.216403
0.255065
0.281544
0.271568
0.331178
0.285672
0.274636
0.254694
0.273951
0.240984
0.253143
0.279485
0.238884
0.270147
0.275131
0.284976
0.264378
0.273085
0.339858
0.275568
0.285101
0.300807
0.235342
0.257320
0.247756
0.255444
0.231515
0.274632
0.279309
0.328686
0.258549
0.272927
0.273714
0.300964
0.281968
0.277122
0.301009
0.270307
0.279850
0.259906
0.287149
0.284878
0.292861
0.288757
0.254426
0.297452
0.241952
0.271706
0.269659
0.300261
0.241965
0.274700
0.256520
0.263532
0.271494
0.248888
0.289283
0.324342
0.231613
0.248189
0.242509
0.240302
0.266075
0.272412
0.316363
0.284547
0.305862
0.259503
0.284981
0.276933
0.240920
0.279955
0.294913
0.232037
0.245474
0.290561
0.260166
0.256909
0.273947
0.281116
0.277881
0.245506
0.249969
0.303735
0.256067
0.249655
0.270705
0.269150
0.283955
0.216927
0.271582
0.318091
0.253825
0.267054
0.252488
0.307731
0.262224
0.260055
0.270770
0.273458
0.268892
0.261106
0.286571
0.283220
0.267167
0.251767
0.271262
0.293772
0.331250
0.264685
0.244545
0.280282
0.253776
0.300401
0.302977
0.301928
0.302997
0.275668
0.322949
0.276174
0.259359
0.264282
0.307213
0.269255
0.226218
0.256633
0.336525
0.255972
0.268124
0.261520
0.284051
0.254170
0.253601
0.237116
0.264966
0.259584
0.243764
0.268750
0.247381
0.291358
0.281957
0.259881
0.232293
0.263272
0.306986
0.259761
0.283209
0.284641
0.281829
0.308149
0.229297
0.268311
0.323185
0.262961
0.258414
0.260699
0.272578
0.277275
0.257231
0.293725
0.272905
0.286460
0.274750
0.300288
0.268981
0.320076
0.250574
0.242259
0.250758
0.255269
0.247256
0.272301
0.216492
0.279307
0.310777
0.256449
0.274097
0.258267
0.284701
0.256742
0.311510
0.255467
0.264635
0.270836
0.286000
0.290951
0.254250
0.252804
0.242310
0.224833
0.263958
0.281458
0.238500
0.266381
0.285290
0.263988
0.300753
0.311997
0.283667
0.294140
0.287261
0.230386
0.309394
0.241042
0.278456
0.259927
0.289397
0.274050
0.316694
0.251737
0.300105
0.289079
0.281191
0.299334
0.245250
0.280769
0.262979
0.224455
0.293926
0.257406
0.308270
0.328471
0.213776
0.288921
0.314362
0.235399
0.286787
0.276936
0.322039
0.260725
0.264646
0.327906
0.243881
0.320132
0.307729
0.313870
0.274821
0.238172
0.273240
0.254099
0.275114
0.253618
0.262799
0.315401
0.248581
0.250800
0.349704
0.297134
0.253540
0.233270
0.255728
0.264130
0.301615
0.258094
0.260236
0.326638
0.311936
0.296707
0.260556
0.282531
0.287341
0.264117
0.253632
0.267690
0.339607
0.236291
0.222996
0.278029
0.302308
0.244513
0.261882
0.293296
0.327286
0.272962
0.240721
0.277207
0.284705
0.277554
0.289360
0.268031
0.282827
0.279987
0.271907
0.299092
0.265611
0.270521
0.240657
0.298837
0.292706
0.274153
0.266458
0.260121
0.263657
0.257395
0.325025
0.262898
0.298281
0.272849
0.262811
0.239722
0.288272
0.260176
0.250566
0.257613
0.265715
0.275916
0.259732
0.291434
0.282037
0.257419
0.300698
0.255608
0.279987
0.245892
0.263079
0.323284
0.273597
0.244878
0.308681
0.300285
0.306941
0.295245
0.304116
0.265598
0.281127
0.266637
0.305228
0.291013
0.287349
0.304320
0.241290
0.255884
0.286023
0.285801
0.230540
0.282470
0.284464
0.257816
0.286240
0.259355
0.252452
0.265938
0.226355
0.248230
0.233866
0.267642
0.265350
0.251551
0.274444
0.242324
0.242839
0.237316
0.255065
0.221076
0.268720
0.243481
0.237446
0.242520
0.241980
0.219114
0.240347
0.229874
0.239187
0.243699
0.235932
0.251457
0.249599
0.244463
0.279886
0.216279
0.258345
0.219520
0.269256
0.253667
0.265657
0.279231
0.259646
0.263425
0.240497
0.250594
0.248961
0.240272
0.237514
0.252443
0.248167
0.263299
0.260233
0.259229
0.235193
0.245803
0.244841
0.238100
0.218896
0.246846
0.253260
0.228536
0.216111
0.220409
0.283915
0.237361
0.227065
0.240852
0.240694
0.238201
0.254409
0.248218
0.245089
0.250484
0.245953
0.256726
0.227676
0.276465
0.249409
0.273941
0.240592
0.242577
0.246985
0.235663
0.215800
0.225499
0.244661
0.269550
0.259918
0.264210
0.246742
0.230751
0.267939
0.262243
0.253654
0.235517
0.220734
0.252392
0.252689
0.266009
0.294754
0.270001
0.271272
0.259041
0.238474
0.239152
0.241913
0.226599
0.229402
0.249939
0.254064
0.279597
0.262251
0.247763
0.257733
0.230195
0.276567
0.265858
0.258079
0.260967
0.234647
0.232808
0.249601
0.252880
0.227929
0.246558
0.235273
0.240806
0.254253
0.247874
0.237514
0.234067
0.266416
0.258432
0.250251
0.250496
0.255114
0.238750
0.250862
0.235377
0.243149
0.251065
0.249823
0.255986
0.260892
0.252755
0.258109
0.246079
0.247391
0.236859
0.242101
0.235738
