178	501	252	217
233	477	210	237
245	484	221	235
277	500	210	219
311	495	198	224
296	498	205	215
340	488	178	231
372	489	173	230
401	493	172	225
430	505	170	213
410	501	163	218
439	497	167	218
470	492	163	224
499	487	160	224
525	491	153	211
546	489	110	210
559	498	123	221
576	492	123	214
602	493	125	202
624	496	107	213
632	499	99	212
642	503	114	204
659	504	111	193
689	506	109	198
706	514	115	182
709	516	100	194
721	517	111	182
728	510	120	185
730	493	117	202
743	505	122	183
746	508	102	186
759	510	112	179
764	514	97	167
774	505	109	187
777	511	96	171
780	510	99	183
780	510	98	173
788	506	92	184
785	505	98	193
790	511	89	187
788	506	91	188
789	512	93	188
785	501	100	190
787	504	98	190
784	499	94	196
784	495	100	209
782	494	98	203
781	493	107	204
788	500	97	199
784	491	98	207
784	498	94	197
783	495	95	198
780	502	96	191
780	495	91	196
774	495	90	193
780	506	90	186
773	489	91	200
769	489	92	196
761	486	95	199
762	496	93	187
760	482	97	196
759	486	96	192
758	487	88	192
752	477	93	200
747	475	95	200
751	475	93	200
744	475	93	199
747	479	91	193
738	473	102	200
741	480	102	196
739	480	96	196
733	475	100	192
730	474	102	193
726	471	97	198
732	479	90	188
722	470	102	196
719	465	98	200
717	462	95	200
717	459	92	199
717	458	93	196
715	458	92	193
717	453	85	204
720	458	78	195
717	468	83	183
713	459	82	192
716	466	83	196
710	457	82	200
715	469	82	193
705	459	86	199
712	465	84	196
703	461	89	195
709	468	87	188
697	455	92	201
703	465	92	191
694	457	97	199
702	466	89	192
697	463	91	194
703	466	91	207
698	461	80	180
702	467	83	187
703	468	81	176
706	469	81	169
705	464	77	169
710	470	69	158
706	461	78	165
712	472	68	159
713	469	72	166
715	471	79	184
713	468	87	186
714	466	83	176
715	465	88	189
711	457	93	194
715	460	93	196
715	461	94	191
716	460	94	194
723	467	85	187
723	472	86	183
728	467	83	186
735	471	82	182
729	463	90	196
738	470	82	184
738	470	88	186
746	473	85	189
748	472	79	179
748	474	81	173
753	476	79	173
752	475	83	178
757	484	70	153
755	480	80	178
755	482	72	142
758	485	72	155
759	477	80	184
754	477	87	181
763	478	80	179
756	473	88	185
765	477	79	178
770	481	79	182
770	474	80	184
777	481	73	175
776	475	82	192
777	471	80	188
783	479	76	172
784	473	83	192
789	474	76	181
785	469	84	187
793	480	74	175
787	473	86	184
791	470	81	186
792	472	85	185
790	470	85	186
790	477	89	177
789	473	83	177
797	482	73	162
800	476	74	168
798	475	77	175
801	477	75	172
804	476	69	166
804	474	74	178
808	480	64	159
807	479	68	163
808	481	72	164
810	482	72	162
810	484	76	162
800	476	84	172
804	486	77	161
806	486	84	174
791	480	88	168
797	490	84	168
796	490	86	167
796	490	83	166
795	491	82	160
777	480	92	158
780	492	84	141
762	475	102	168
769	481	91	160
751	472	106	174
748	469	110	183
743	468	104	173
728	467	103	159
739	473	95	161
725	475	104	156
721	466	100	158
715	471	95	153
711	476	92	145
714	477	92	148
703	475	89	149
696	473	87	155
690	477	82	152
684	478	77	149
686	474	81	151
677	476	78	146
666	466	74	150
662	467	73	147
657	465	74	149
657	458	77	155
656	458	77	154
654	454	78	157
651	462	80	147
648	453	69	146
650	453	73	153
646	451	71	148
650	456	66	143
644	449	69	147
647	461	66	135
645	455	66	141
643	459	66	136
641	457	71	138
643	460	70	136
636	456	79	141
639	456	74	137
639	457	76	137
637	458	74	136
638	456	76	139
644	457	66	136
642	456	74	137
644	457	69	137
647	459	64	133
645	447	68	140
652	454	63	132
642	442	65	141
650	446	65	140
648	451	66	125
648	451	69	128
647	448	67	125
647	452	69	127
644	451	74	127
649	453	73	128
648	453	77	123
651	454	76	122
651	451	74	122
654	451	76	124
657	451	78	115
662	446	70	107
658	447	86	110
665	445	100	117
660	440	108	121
656	436	105	121
664	442	77	110
665	441	62	101
662	445	83	114
669	446	54	99
679	441	74	82
671	447	59	92
690	439	45	107
667	450	61	93
670	444	78	107
692	443	56	111
679	445	74	110
695	436	60	108
689	446	70	101
701	437	60	112
698	428	67	120
701	424	65	98
722	424	34	114
713	432	54	112
681	394	91	127
707	410	74	119
705	427	74	105
700	417	77	119
701	416	78	124
699	416	75	127
700	416	73	126
698	413	78	121
718	426	67	122
707	423	82	132
704	418	73	118
722	433	57	107
722	433	62	109
732	426	56	121
734	432	58	111
720	414	76	130
695	402	106	148
726	421	89	121
659	382	156	147
798	467	61	80
755	434	62	103
745	420	74	119
690	381	134	151
735	390	125	168
728	394	135	162
716	388	149	166
730	386	227	202
810	417	336	249
838	421	269	228
847	425	289	239
871	433	365	273
821	425	212	226
873	414	200	181
783	383	159	183
875	395	10	154
807	416	44	125
799	437	62	99
809	429	62	113
800	425	75	113
792	415	83	112
818	429	66	111
794	434	93	106
779	410	115	123
806	420	125	136
872	420	230	160
1019	437	115	148
1040	479	111	121
852	422	111	138
934	435	191	169
1023	447	118	150
1070	488	125	127
868	425	102	144
1022	306	70	137
932	388	131	140
1159	508	90	148
1196	555	83	108
1088	469	186	185
1042	252	138	200
1060	267	69	217
1068	308	108	126
1097	302	102	120
1113	314	81	126
1126	310	79	125
1131	313	83	115
1132	315	88	122
1133	309	80	133
1138	302	81	155
1141	298	79	210
1135	322	77	298
1065	339	136	320
746	404	478	273
728	381	150	285
761	396	318	267
768	401	259	276
771	405	175	227
501	393	261	144
623	399	149	144
521	415	256	109
527	412	238	122
519	407	245	124
516	412	262	121
516	408	236	125
537	406	236	136
514	414	252	124
517	404	252	146
667	397	111	162
767	418	60	99
765	437	82	88
769	431	80	93
758	430	89	103
760	426	89	101
760	423	85	99
761	427	80	92
760	425	75	95
758	428	63	86
758	434	62	86
757	432	62	85
760	435	58	82
759	433	58	80
763	433	51	85
761	429	48	86
760	430	49	87
760	430	42	78
763	429	42	86
767	433	40	79
684	429	122	84
579	412	229	102
435	393	181	134
219	481	304	118
157	497	282	136
156	477	252	170
84	514	278	157
104	503	369	129
41	528	438	112
36	530	322	168
7	517	528	80
63	509	537	74
546	402	133	164
532	408	189	130
523	404	135	140
529	409	240	120
446	398	305	156
463	386	237	207
453	390	275	192
417	389	289	207
376	390	375	215
429	376	265	242
382	402	293	239
410	407	269	214
429	414	247	226
439	424	208	238
443	448	281	200
409	445	227	243
385	463	273	203
446	445	308	234
620	396	21	323
623	381	113	127
668	407	198	145
737	363	10	259
649	384	43	95
614	379	134	95
680	369	207	144
743	368	162	237
745	366	149	209
746	368	154	212
751	372	159	204
753	373	179	234
757	364	188	260
751	358	192	250
759	357	190	253
768	358	182	224
846	381	283	205
786	375	169	220
1076	401	134	193
806	381	217	276
797	404	248	277
796	391	286	318
791	400	233	250
792	412	201	207
802	423	126	167
809	469	125	122
818	466	138	141
828	467	139	152
834	465	131	148
849	474	130	162
872	484	129	171
913	496	117	177
929	515	138	202
930	507	138	209
958	469	145	246
971	409	196	310
989	430	213	289
1015	387	189	301
1019	372	195	347
975	374	44	201
1063	390	108	90
1071	395	116	83
1063	398	131	83
1065	395	136	90
1063	395	148	93
996	373	225	118
971	381	251	118
962	370	274	131
959	365	138	134
953	354	291	143
919	347	37	157
937	373	119	84
927	356	162	123
929	359	341	159
859	341	61	143
930	361	98	105
862	352	53	72
799	367	62	44
762	368	31	36
763	368	30	32
756	365	32	35
756	367	32	31
752	367	33	32
754	366	30	32
751	367	29	33
751	369	27	30
752	363	28	34
745	363	31	38
745	363	30	35
746	361	34	35
738	358	37	38
737	359	39	37
736	360	44	36
735	360	47	35
732	363	44	35
728	361	37	36
729	361	29	35
729	357	26	40
728	357	32	42
726	362	26	39
723	360	30	39
704	362	16	70
668	377	43	52
649	378	36	72
650	375	42	70
672	368	22	80
691	364	39	55
657	363	85	51
652	356	44	83
651	365	46	74
651	362	51	79
651	365	49	81
654	358	47	82
653	354	49	89
653	356	53	90
650	347	58	99
652	348	64	94
651	345	55	94
656	350	61	93
655	348	56	88
657	350	77	93
660	348	66	91
661	352	75	92
661	349	67	90
663	355	84	93
662	352	72	92
668	357	77	94
667	357	67	88
672	362	72	90
672	365	60	79
675	367	58	74
676	367	55	74
680	369	55	78
674	364	57	78
682	370	50	73
678	365	51	76
683	369	53	77
678	366	51	75
682	369	54	77
679	366	51	77
683	371	55	75
679	370	50	72
682	370	51	76
678	368	51	75
682	370	53	76
679	370	49	74
681	372	49	74
680	372	47	72
682	374	50	74
679	373	46	71
680	374	43	76
680	374	40	72
679	374	42	75
679	377	41	70
678	377	43	73
675	376	48	73
673	374	52	77
670	378	53	73
669	376	55	75
667	378	55	75
667	380	57	71
664	379	57	72
666	380	56	69
665	379	57	71
664	378	58	73
663	378	58	76
662	377	59	74
662	375	65	79
661	377	61	78
661	377	62	78
659	378	63	77
659	379	62	75
657	378	65	78
656	378	66	78
654	377	66	79
652	378	70	78
651	380	70	80
650	378	70	79
649	378	71	81
646	378	75	82
647	378	73	84
645	381	74	82
645	383	73	82
644	380	73	81
647	385	71	82
646	388	70	81
652	388	64	80
654	386	63	80
654	387	64	79
655	388	62	76
659	388	60	74
662	388	60	74
664	387	60	73
662	387	60	75
669	391	58	73
673	385	55	79
681	387	54	76
685	389	52	75
683	389	51	75
684	387	56	79
684	392	62	76
683	389	66	80
685	388	69	82
684	390	70	82
683	390	75	81
688	395	75	78
693	396	75	76
687	388	82	84
695	392	80	80
694	391	84	82
703	390	81	84
712	394	72	78
705	382	79	89
709	390	82	85
712	388	80	83
730	390	64	79
677	391	117	80
669	380	128	93
663	373	140	102
655	374	148	102
658	371	151	107
653	372	143	102
689	372	132	104
701	373	108	101
732	381	69	90
751	391	42	77
749	393	44	82
747	394	48	78
752	399	44	76
748	396	47	79
745	395	46	79
743	399	46	76
745	400	44	75
745	397	43	79
743	395	44	79
736	392	49	84
731	389	49	82
733	396	50	82
725	390	46	83
720	388	49	87
717	386	50	86
712	384	50	89
712	384	50	90
709	383	48	88
706	385	44	90
703	388	43	86
702	389	43	86
702	391	38	83
701	394	40	79
698	394	40	81
693	392	42	83
688	390	44	85
684	394	48	82
671	390	56	83
673	391	53	81
660	391	59	79
634	388	88	87
654	384	83	87
655	387	66	81
649	382	61	88
609	393	96	81
628	393	90	79
628	394	77	79
632	397	45	78
647	392	13	87
650	371	35	106
643	386	43	91
645	392	35	85
648	392	34	84
642	395	41	80
639	393	57	84
625	382	76	94
636	389	64	89
618	377	84	102
625	377	83	108
621	371	91	114
620	373	103	110
619	368	114	111
612	368	137	107
623	361	143	113
610	365	148	118
583	378	205	103
623	362	151	124
629	371	145	114
623	382	150	101
633	380	140	107
633	386	143	106
640	379	139	114
643	382	141	115
648	386	141	121
647	383	148	129
658	383	154	140
662	379	146	143
648	386	174	146
627	381	213	166
636	385	230	177
593	369	319	208
712	371	170	209
701	373	206	221
756	415	171	199
703	426	252	204
777	430	191	222
793	441	193	218
794	436	210	234
840	475	186	228
763	436	284	283
901	427	201	292
902	420	192	299
968	415	167	276
1018	428	149	205
750	403	78	104
757	405	76	99
748	404	86	98
764	407	77	99
773	411	73	97
790	414	59	98
803	424	49	93
798	417	56	99
810	420	48	94
810	418	48	88
818	417	44	89
817	416	34	81
817	414	48	89
826	413	47	89
835	414	42	89
844	418	41	89
846	421	45	92
845	421	48	91
846	419	47	93
848	418	47	95
849	420	45	93
851	418	51	94
853	423	48	88
853	421	49	90
855	424	48	88
856	423	48	91
857	426	49	89
856	424	49	91
856	423	52	93
851	423	54	90
854	427	50	83
843	419	63	94
851	427	54	83
842	421	60	91
846	426	55	84
836	421	57	90
839	426	56	86
835	426	58	83
833	426	54	82
832	428	50	79
826	424	51	84
824	426	51	83
826	430	49	80
818	422	51	86
816	425	49	84
806	419	53	91
803	423	49	84
808	428	50	83
797	423	51	83
788	419	48	83
783	422	53	85
773	419	52	84
779	422	51	86
768	414	53	90
756	417	55	92
749	414	52	91
746	416	54	92
747	418	52	91
740	415	56	94
735	417	51	92
727	415	51	92
721	415	50	91
721	417	52	91
716	414	47	94
709	413	49	96
704	411	47	99
697	412	51	98
697	413	54	97
693	414	49	98
688	414	46	95
684	415	46	96
678	415	49	95
677	416	52	96
673	416	49	97
665	416	53	98
663	419	54	96
658	416	51	99
658	420	52	96
654	419	52	97
650	418	55	98
647	418	57	99
641	414	53	98
635	412	61	109
632	411	63	105
625	408	68	111
624	415	68	108
624	415	58	104
623	415	61	106
619	412	59	107
615	414	59	107
611	413	52	102
606	418	51	100
604	419	55	100
598	418	51	99
593	419	10	93
591	423	42	98
581	425	43	96
577	419	47	107
569	428	43	96
564	420	48	103
554	420	51	104
547	426	53	100
551	429	51	99
534	420	63	109
530	420	67	111
523	420	71	110
518	428	73	105
520	425	66	108
513	425	72	109
506	415	74	121
508	414	69	120
490	405	76	129
494	408	79	125
493	400	71	130
488	402	72	131
484	410	73	126
477	416	72	124
475	411	76	131
474	417	77	127
472	429	75	121
472	426	58	135
471	422	10	160
475	434	52	107
471	423	63	122
467	425	59	128
462	427	79	119
460	428	67	113
458	427	76	122
456	426	82	125
455	422	86	129
453	423	91	135
450	423	94	130
450	420	95	136
448	426	113	129
451	432	93	122
459	426	96	128
464	455	105	122
462	452	96	118
493	452	78	122
501	443	80	137
497	448	85	136
495	451	101	129
498	441	94	143
497	445	122	133
504	442	106	142
508	445	123	135
514	429	109	156
517	426	121	149
523	437	116	160
551	453	107	133
576	483	63	127
571	472	75	125
575	471	78	132
589	472	73	134
597	473	71	135
605	474	74	134
607	476	73	135
613	480	92	125
618	479	85	133
626	476	85	142
624	472	104	152
624	467	97	162
633	479	96	150
641	483	83	134
645	491	85	134
645	481	95	151
648	486	93	151
646	477	98	163
644	476	106	160
642	470	114	152
643	483	157	150
630	479	145	180
632	460	138	177
632	478	154	174
594	457	188	186
408	434	323	202
415	428	342	215
408	429	384	224
393	422	411	239
375	423	429	249
357	434	444	249
350	425	420	246
340	451	432	232
328	434	419	259
302	448	418	240
303	401	380	299
332	408	449	286
267	433	500	276
252	446	509	273
220	422	537	297
349	426	416	289
228	416	494	285
401	444	363	261
237	423	485	282
359	438	309	256
513	404	318	282
473	428	374	246
312	405	493	277
300	394	457	313
331	398	445	291
268	398	438	306
272	400	463	301
254	401	445	311
224	412	456	298
199	418	459	289
339	414	322	281
375	424	263	278
348	429	275	282
361	431	245	264
348	392	247	312
451	454	437	214
345	410	250	301
379	381	308	322
415	377	349	277
443	384	691	264
265	338	562	317
287	350	556	308
410	346	383	313
417	369	357	283
290	375	670	270
248	369	453	302
232	365	496	311
274	359	467	322
251	376	414	304
376	418	603	271
405	390	319	293
820	479	117	231
607	470	110	188
599	423	123	243
618	452	140	210
584	398	136	259
614	413	131	250
586	410	174	216
601	391	138	264
767	423	154	250
729	414	48	212
588	442	276	97
668	439	134	152
498	462	387	95
790	435	153	128
580	472	423	74
566	463	444	77
543	456	451	93
760	430	288	152
540	444	537	138
910	419	178	185
953	462	149	126
924	460	180	137
785	436	389	198
955	452	268	191
959	457	202	182
963	472	178	154
712	427	189	154
512	471	74	164
479	472	103	159
477	461	104	181
476	458	110	188
475	461	116	177
459	452	219	154
454	450	184	154
446	460	183	161
486	432	243	162
458	462	116	158
432	456	281	120
649	427	132	169
681	432	107	140
731	440	82	117
722	417	93	153
742	439	83	138
743	436	89	142
743	431	93	151
748	441	92	131
759	440	84	139
774	456	80	116
787	457	73	119
791	458	76	123
788	454	84	127
805	467	71	117
773	427	111	160
808	448	89	141
822	469	81	123
817	479	89	113
819	473	89	125
815	453	98	149
840	467	91	131
817	428	122	167
848	458	94	154
865	465	84	137
829	430	129	175
874	455	111	166
896	464	93	162
867	446	128	175
907	462	103	167
918	473	101	157
906	455	134	169
949	477	115	170
948	494	118	149
979	497	90	150
894	455	188	191
1000	486	127	188
1023	513	117	146
1021	537	116	134
1033	548	122	114
1046	555	128	124
1018	508	205	196
1091	534	166	179
1107	565	141	154
1125	578	133	129
1015	471	62	85
1028	470	68	106
1037	478	69	101
1035	479	71	96
1047	482	74	101
1060	485	79	99
1073	483	81	94
1083	489	85	103
1085	488	81	103
1092	496	89	97
1106	497	90	104
1115	497	90	101
1126	505	94	95
1120	503	95	100
1134	506	99	101
1143	509	104	106
1152	508	108	115
1158	509	109	120
1161	509	101	121
1163	514	106	118
1167	511	97	120
1180	515	83	105
1190	515	89	110
1175	510	102	109
1168	473	90	102
1164	415	92	123
1162	414	111	112
1133	291	81	369
859	418	90	180
679	470	119	161
687	477	112	171
688	473	117	183
693	480	125	179
702	482	127	179
710	479	132	183
724	478	123	176
738	482	113	174
755	498	126	171
759	483	122	201
764	484	126	203
776	483	125	175
791	492	109	164
802	505	105	162
808	500	105	168
821	499	98	174
833	505	92	168
841	505	88	155
849	501	86	164
847	498	89	163
859	504	71	148
863	500	77	160
870	496	76	162
876	491	77	166
878	491	81	165
882	490	78	175
882	482	82	195
882	471	94	189
880	471	96	175
877	468	109	173
884	463	117	165
893	478	97	158
902	483	90	152
903	480	92	161
906	483	92	157
904	480	98	164
910	489	94	160
909	482	92	149
920	491	76	134
924	493	71	135
927	493	71	138
927	492	73	140
927	489	77	143
926	486	78	136
922	482	82	142
920	478	82	139
920	476	86	146
919	476	84	138
919	480	76	123
921	483	75	126
922	484	71	124
912	479	77	129
904	477	76	122
899	473	80	128
896	471	81	127
893	470	81	129
889	467	80	131
882	464	81	136
877	462	52	137
869	458	92	130
863	466	44	132
843	457	74	117
805	462	25	122
825	456	76	122
799	458	11	128
790	451	74	120
772	453	67	112
751	449	72	109
753	450	71	109
728	448	75	108
710	449	70	107
691	452	70	102
670	450	70	102
669	444	67	111
643	452	75	103
627	456	68	101
592	446	77	112
573	441	71	122
563	440	84	122
533	428	87	137
521	418	75	170
426	386	106	277
362	448	213	228
407	463	212	225
720	424	10	233
751	457	64	89
735	455	64	85
725	459	63	85
725	454	63	93
712	457	64	85
700	456	67	86
691	458	62	80
673	450	68	89
672	457	63	83
663	454	70	85
655	454	76	74
649	451	92	72
645	446	132	73
643	442	70	85
635	447	151	68
630	444	71	83
625	447	130	62
620	438	80	89
620	441	74	79
615	443	79	74
611	438	72	75
604	436	72	75
599	436	64	77
598	438	123	62
596	429	71	87
590	434	69	81
587	437	86	78
584	435	123	74
581	429	115	83
578	427	127	79
573	433	133	81
570	425	143	92
570	421	152	99
572	417	147	102
568	417	151	103
569	416	145	105
568	416	140	104
572	415	162	105
571	412	139	110
573	415	137	108
575	415	127	106
576	421	111	101
585	420	74	102
585	429	78	92
588	432	82	93
591	428	87	91
594	427	79	100
596	432	81	103
597	430	85	99
600	428	76	106
602	438	80	98
606	444	83	96
610	440	80	101
612	439	108	91
614	435	76	114
617	446	82	104
621	446	84	104
626	445	78	101
627	440	78	113
628	448	88	108
633	448	91	107
637	448	86	116
642	455	81	113
642	454	76	110
646	455	74	118
652	453	71	123
656	458	72	122
661	458	71	126
659	459	78	127
664	464	77	127
672	460	74	134
674	466	78	131
678	468	82	134
679	468	86	137
686	477	83	134
690	477	83	139
696	477	85	143
704	490	85	136
704	484	89	149
711	491	88	143
718	489	89	150
725	496	90	150
733	502	92	152
730	502	100	159
738	505	102	157
750	514	98	160
753	518	110	164
762	522	110	173
760	517	116	185
770	529	121	167
778	539	115	169
803	553	113	160
806	551	133	157
809	562	128	157
815	570	135	149
823	577	151	142
771	506	224	213
769	423	510	283
844	521	140	171
713	416	475	253
776	409	288	289
704	327	340	356
700	330	404	378
808	453	254	236
740	345	304	338
734	322	366	360
846	449	256	251
786	367	326	316
730	327	360	384
747	340	332	345
761	358	367	323
752	342	368	331
783	374	391	307
784	365	384	313
800	370	412	326
753	362	427	326
797	378	373	300
818	365	366	285
815	370	367	291
814	362	379	321
802	365	380	327
817	368	378	315
763	349	411	324
747	345	357	313
793	352	407	336
811	363	226	289
606	324	241	178
620	333	242	205
589	325	237	181
562	333	199	174
540	348	257	155
535	353	264	158
522	380	267	146
528	383	258	145
527	375	254	159
519	376	259	168
535	374	237	180
495	389	259	177
519	371	244	195
469	418	303	157
540	388	220	187
487	431	275	162
383	442	382	154
352	426	415	190
303	469	444	159
267	495	476	155
244	522	471	137
288	478	362	206
396	444	301	232
356	458	314	257
378	453	307	251
335	463	319	256
346	448	303	270
335	441	304	278
230	421	390	298
195	425	348	294
193	438	689	248
225	443	361	268
768	435	211	252
721	338	107	129
725	352	76	101
725	363	64	80
745	372	41	70
747	375	40	70
743	371	40	73
741	367	46	76
739	367	44	70
743	370	42	73
742	369	40	70
743	368	40	74
741	365	40	73
740	365	44	76
741	367	40	72
742	368	41	74
740	366	39	72
740	367	40	74
739	366	40	73
738	365	41	75
739	366	40	73
739	367	38	73
737	366	38	72
736	366	40	74
735	366	39	73
735	365	40	74
736	369	37	69
734	366	39	70
731	364	42	74
729	361	41	75
733	366	38	69
729	362	42	75
727	360	40	78
726	360	39	78
727	362	37	77
726	363	40	73
724	361	42	75
723	361	40	77
723	360	39	72
721	359	42	76
727	364	35	72
723	361	36	75
719	362	42	74
723	362	36	75
720	362	41	75
719	361	42	76
720	365	39	72
718	363	41	74
715	363	44	73
715	359	45	77
711	359	49	78
722	368	40	68
715	362	45	74
714	360	45	77
709	358	48	76
714	364	43	73
708	362	46	72
718	372	35	67
711	366	41	64
711	372	43	69
701	362	54	80
666	338	86	114
688	326	64	222
488	326	275	229
513	333	279	254
222	346	557	217
474	324	290	270
484	339	323	252
509	340	298	261
371	333	417	259
497	329	291	282
351	350	449	312
512	329	288	312
110	375	735	240
529	343	287	282
463	318	356	302
507	328	298	287
405	357	471	298
556	342	304	307
506	360	409	303
528	352	411	302
514	351	442	306
252	367	693	295
558	353	411	328
77	378	917	293
604	376	368	313
397	362	578	311
513	347	294	318
609	368	416	290
619	360	322	278
678	388	386	246
698	375	415	271
721	368	430	290
720	377	462	289
736	373	467	305
733	367	150	269
453	325	95	205
684	339	61	109
710	362	48	67
720	369	37	65
715	364	37	67
715	364	39	72
714	364	35	66
710	361	41	73
714	368	33	62
709	362	41	75
705	357	39	69
706	361	41	74
704	360	36	66
704	361	39	73
706	365	33	60
702	358	38	73
701	361	34	65
700	360	36	68
699	359	37	69
697	357	35	70
695	359	35	69
689	355	39	72
690	361	35	65
690	359	38	69
683	355	40	73
685	360	40	69
681	354	38	71
678	358	39	71
680	360	38	66
674	355	44	74
677	360	36	63
668	356	43	70
673	361	33	64
667	356	40	71
669	360	33	65
663	355	38	72
667	361	34	67
657	352	41	78
662	358	35	70
653	354	41	78
657	360	32	63
647	354	38	71
651	360	37	68
646	354	38	71
647	360	35	68
640	357	42	72
638	359	34	67
635	360	40	69
637	363	38	67
631	356	37	68
631	362	36	67
624	359	40	68
627	363	38	68
624	361	38	66
624	363	37	67
620	362	37	68
614	359	41	71
614	358	40	70
613	359	40	70
610	358	39	70
608	359	38	69
603	359	40	70
604	361	39	69
602	360	42	69
598	358	41	73
596	359	41	74
591	357	47	79
592	362	41	76
594	362	42	75
583	356	48	86
587	363	44	81
583	360	47	91
580	361	46	90
584	366	43	91
578	358	40	73
577	362	40	73
572	360	43	73
569	361	44	76
572	365	39	68
565	357	45	80
562	361	44	76
560	359	46	80
555	358	46	80
560	359	45	82
550	353	47	84
552	358	48	84
546	355	44	81
543	360	46	82
546	364	44	79
536	356	49	84
538	360	47	86
534	360	47	83
536	364	46	84
534	363	46	82
533	363	45	86
534	366	44	87
529	361	47	94
529	365	45	95
530	363	46	100
529	362	43	94
524	361	49	93
526	366	47	90
524	366	45	82
526	366	47	86
520	364	51	89
524	369	47	87
518	363	51	93
521	371	46	84
520	367	48	89
517	372	44	82
518	371	47	87
515	373	49	86
516	374	45	85
516	369	48	92
513	371	46	91
514	371	46	93
509	368	51	98
510	370	47	95
510	372	46	94
506	372	47	96
507	374	47	98
502	369	51	107
502	375	52	108
501	374	51	104
502	374	50	108
496	371	49	96
499	378	50	95
492	379	53	95
498	381	52	96
492	377	52	95
495	385	48	93
494	384	47	95
492	383	49	97
494	385	47	95
493	382	46	101
494	384	43	99
494	383	44	101
495	384	43	102
493	383	44	103
494	385	43	104
492	386	47	105
493	388	46	105
490	386	51	108
491	385	52	108
492	385	48	107
491	388	51	108
491	391	56	105
494	394	54	104
490	393	56	105
494	394	53	105
494	396	54	103
494	394	55	105
492	390	56	110
493	394	57	107
492	391	56	111
493	387	54	116
493	389	52	115
494	387	48	117
493	389	49	115
493	389	48	117
490	390	47	117
489	393	50	116
483	388	53	121
485	392	53	119
484	390	54	121
485	393	54	118
478	389	59	122
478	395	61	120
478	394	59	118
478	397	59	117
476	398	62	118
470	391	70	133
469	391	67	133
471	396	66	131
467	391	64	130
468	394	62	129
465	392	64	135
463	394	61	130
470	399	53	126
463	398	61	126
463	398	59	129
464	400	57	130
456	399	62	131
469	400	53	132
446	393	74	141
464	408	58	129
436	389	87	148
451	399	71	143
460	408	59	134
450	408	72	137
441	386	85	162
427	366	101	192
381	368	154	226
365	386	169	223
368	388	168	251
362	392	177	295
330	409	219	291
318	418	231	301
321	413	229	306
323	406	227	313
401	379	146	236
371	388	178	282
384	381	167	323
327	385	229	321
327	391	213	268
390	391	144	187
434	382	92	175
426	398	102	166
432	399	94	174
432	397	98	177
429	397	105	183
424	395	113	193
423	389	114	231
421	390	126	239
428	405	111	180
424	399	110	177
426	400	108	176
429	408	104	165
430	404	105	175
428	405	106	171
437	411	104	173
420	409	121	171
441	405	104	171
433	412	113	175
425	410	121	168
452	410	98	180
459	426	97	168
458	416	98	183
464	423	98	177
471	420	97	184
479	425	98	183
479	425	102	185
478	421	109	194
485	423	100	186
486	424	99	179
488	423	100	185
493	426	99	183
494	428	100	181
499	427	97	182
507	433	92	174
509	433	96	176
513	435	98	176
510	435	102	180
515	433	100	179
517	429	100	176
520	431	97	180
524	429	94	179
524	432	94	178
523	425	100	185
527	424	103	188
527	420	109	196
530	436	114	181
531	428	117	191
526	431	127	191
531	427	129	192
538	432	130	188
545	438	127	191
542	440	134	193
554	435	128	207
576	442	108	184
590	444	86	138
599	449	87	162
600	445	90	166
602	446	91	164
603	443	89	168
616	457	82	157
623	455	80	163
621	456	87	163
625	454	85	169
627	447	87	178
628	450	93	176
631	454	97	174
631	454	101	178
635	452	96	175
630	443	103	186
632	446	102	183
629	440	108	191
625	438	113	196
619	428	122	194
618	406	75	170
528	376	10	75
474	356	97	25
453	361	60	67
368	262	141	163
522	399	104	53
417	350	94	87
356	241	147	198
653	411	95	196
664	425	96	147
675	440	172	85
677	424	95	154
677	440	90	160
675	443	97	159
674	437	95	168
672	439	91	172
672	443	97	173
674	457	95	181
670	452	101	190
667	443	85	162
804	401	116	106
786	401	68	189
733	435	126	141
685	442	168	143
841	405	128	150
873	391	272	154
790	403	29	206
680	471	84	163
669	464	95	167
663	452	96	171
655	447	110	186
646	452	101	176
663	476	117	197
649	466	101	186
654	470	41	142
669	477	72	165
659	478	89	159
653	464	83	170
654	470	83	159
651	456	81	158
646	451	86	147
644	454	89	155
640	451	98	167
637	437	104	187
615	424	10	122
643	439	41	110
653	480	65	138
643	470	77	161
645	469	76	146
638	468	88	177
639	467	96	210
635	466	104	196
630	456	111	210
632	461	110	207
629	462	113	211
621	460	126	217
622	469	126	217
621	469	131	217
618	460	133	219
618	482	134	201
601	455	105	190
608	465	98	196
603	463	105	197
603	462	103	190
604	464	101	193
601	464	111	217
595	461	115	217
593	459	116	215
596	465	114	210
596	466	111	213
591	465	108	213
587	460	114	212
581	473	121	204
583	464	115	212
577	471	124	210
569	464	131	225
572	468	126	221
563	467	129	219
572	485	115	193
553	466	138	222
569	481	125	217
546	468	150	232
554	465	134	218
553	468	123	215
550	462	122	225
539	462	119	212
539	477	117	198
532	456	120	218
536	473	118	203
531	464	120	214
531	474	120	211
522	461	128	226
527	464	126	226
522	470	132	224
522	467	126	216
520	462	118	222
519	473	122	211
515	465	120	219
523	474	114	210
503	457	129	226
515	481	114	200
507	471	117	213
501	468	120	206
508	474	112	197
503	470	120	208
500	467	118	214
498	467	120	216
499	469	121	218
492	460	125	222
493	459	118	220
491	452	121	224
484	443	120	226
485	451	123	224
485	450	101	172
487	458	102	207
480	451	114	205
480	443	113	202
486	456	114	194
481	451	119	204
482	442	117	212
492	473	110	186
491	467	116	200
497	464	109	201
498	465	115	202
499	457	97	170
494	455	85	148
503	466	83	130
503	457	90	154
500	455	87	156
496	452	96	170
493	446	101	172
498	457	102	173
499	444	103	191
494	440	112	197
495	431	116	212
491	440	122	212
491	432	125	228
487	421	129	230
479	435	126	208
477	419	133	233
289	364	35	96
181	290	78	105
156	332	92	99
161	339	86	87
164	338	90	86
162	335	89	91
167	333	83	88
161	330	93	101
165	332	83	90
164	330	88	92
169	333	83	86
162	320	91	101
167	327	85	89
166	325	90	93
170	326	88	92
167	322	88	99
166	322	88	93
165	321	90	94
166	324	90	90
160	321	102	102
158	317	98	101
160	317	93	99
147	285	121	128
151	253	106	182
157	234	104	203
136	187	103	237
128	209	133	235
131	220	157	193
137	212	111	190
131	230	140	195
136	246	97	168
138	242	115	186
135	260	143	164
133	266	104	169
149	296	101	145
124	290	147	156
134	263	107	190
168	279	123	160
139	295	116	161
94	227	154	207
118	257	130	196
129	291	125	164
130	232	133	221
137	246	91	209
123	234	131	215
114	215	132	244
111	232	149	228
119	268	153	203
148	297	108	172
78	186	178	277
164	285	220	232
336	319	207	270
299	300	17	180
215	273	198	76
396	372	32	137
391	320	146	243
485	399	119	220
469	341	143	268
467	406	147	211
478	400	133	227
453	350	160	267
494	362	118	268
480	358	152	251
500	337	117	294
448	348	140	263
488	312	109	303
459	307	160	319
469	350	167	274
464	356	171	284
448	318	184	324
478	342	164	305
462	352	190	289
186	274	462	365
195	264	430	350
573	272	405	322
475	274	442	305
177	264	548	311
365	253	178	339
520	280	385	240
598	273	326	245
584	274	362	231
583	268	372	239
486	261	409	255
513	253	407	275
527	254	193	289
231	281	405	270
354	268	224	277
426	284	487	291
636	271	394	292
600	271	383	266
627	277	381	260
644	276	337	268
522	281	452	261
490	278	92	273
214	261	560	272
654	289	561	375
636	272	464	339
681	272	574	425
628	265	526	416
621	271	47	317
630	321	215	145
619	328	399	227
218	252	281	282
350	270	530	324
354	252	61	323
123	272	429	181
60	262	257	373
56	267	592	367
455	250	751	437
545	223	599	425
251	224	900	432
426	210	754	497
210	206	862	464
345	239	851	471
458	228	743	491
177	209	623	401
197	250	940	443
264	249	841	468
309	229	891	490
145	204	944	514
105	203	1116	516
175	189	1026	530
258	233	947	486
286	204	930	515
287	221	673	479
319	233	808	486
292	228	552	407
276	232	375	353
322	258	455	328
297	266	734	427
266	248	448	395
312	267	365	268
352	282	311	256
357	305	314	231
320	301	333	236
305	316	362	223
317	304	356	245
296	301	375	250
289	298	345	256
267	303	404	250
269	299	396	265
266	296	387	271
275	293	385	275
299	296	387	276
264	293	382	282
301	295	367	278
308	296	355	272
280	297	318	271
304	307	350	255
290	305	384	263
252	296	383	275
288	304	379	272
246	296	407	283
259	294	393	288
256	296	410	287
267	299	390	287
243	302	442	285
258	299	422	298
214	289	341	304
243	311	430	270
221	300	356	289
239	302	407	281
189	277	223	295
216	309	468	289
177	282	471	326
192	287	496	325
140	270	269	348
195	297	479	281
187	331	511	266
174	307	516	314
145	305	510	332
95	279	562	365
118	293	410	363
153	315	542	323
120	298	572	357
92	309	595	357
97	298	593	381
81	294	607	384
80	283	629	404
29	260	679	423
243	286	516	412
97	298	575	390
117	301	516	381
316	303	368	375
207	320	371	326
327	341	261	318
247	299	339	317
340	354	261	265
318	328	257	266
277	307	277	267
301	334	233	278
250	307	277	271
309	347	204	229
270	316	234	239
303	351	191	222
253	319	229	248
239	324	232	239
224	317	238	251
223	330	226	228
207	323	229	259
179	305	248	280
156	306	262	286
171	322	241	276
142	301	266	274
119	288	276	293
136	277	263	311
107	303	285	321
103	297	273	315
68	299	303	327
62	308	301	331
28	306	295	331
55	274	336	333
51	270	334	314
94	244	315	303
96	234	312	306
87	246	217	385
23	259	343	314
15	262	361	334
80	245	380	316
60	239	344	335
99	245	347	293
90	241	322	323
101	234	313	303
84	232	325	299
88	234	325	292
77	243	330	301
87	251	325	288
84	258	321	286
80	256	311	274
68	258	333	271
86	244	315	289
64	248	319	278
83	252	310	291
89	252	294	271
73	258	300	259
97	259	262	270
78	256	260	261
87	254	279	274
96	262	253	254
102	266	244	249
100	272	149	240
101	273	173	196
111	270	166	207
118	268	162	212
123	269	171	204
132	259	203	201
141	257	171	229
139	265	231	166
139	256	219	193
159	265	180	220
160	263	195	189
172	268	154	244
163	258	168	221
167	256	178	247
171	259	202	232
180	262	244	191
197	258	227	188
198	262	260	188
195	254	261	211
220	252	243	220
222	251	220	250
223	266	199	239
232	263	215	225
208	261	225	235
222	265	234	228
222	253	257	239
226	250	245	248
231	256	231	245
232	260	250	233
246	264	222	242
255	255	239	239
258	262	225	245
254	264	233	248
256	263	228	242
264	271	213	246
266	276	211	254
272	288	203	216
289	295	216	282
282	256	215	231
284	264	200	237
286	261	227	307
278	264	180	176
293	292	223	269
282	256	234	270
263	250	246	296
270	272	294	365
279	277	276	264
279	260	226	245
381	312	187	242
355	297	208	217
405	328	168	231
456	356	118	171
459	367	112	192
462	367	117	204
466	370	121	207
482	348	122	244
479	349	133	259
475	346	141	268
482	334	136	278
481	338	144	288
376	288	259	340
292	254	379	359
329	267	330	316
309	252	306	278
326	251	311	263
273	254	262	227
369	277	257	239
319	265	374	349
257	250	360	289
308	252	354	340
259	261	347	314
289	274	360	309
307	274	341	364
257	227	364	383
270	247	391	360
285	264	348	393
251	230	371	392
266	255	385	393
254	281	382	385
184	247	328	322
214	274	459	271
145	264	357	278
125	276	548	318
203	255	398	318
245	263	383	299
179	265	377	288
213	266	376	266
92	277	517	304
130	261	469	338
200	268	412	348
155	280	447	303
169	279	465	315
141	274	460	339
121	276	491	329
163	274	452	341
115	276	475	356
169	279	415	350
111	290	480	329
109	288	479	353
85	288	490	328
122	290	467	372
191	302	404	344
113	311	439	373
122	320	458	336
204	314	407	336
91	302	477	403
167	306	424	349
90	306	533	343
68	294	597	364
52	275	524	406
124	279	437	391
333	296	309	365
393	328	241	293
428	335	186	310
426	335	185	304
423	325	188	303
436	339	163	297
432	349	172	279
430	344	177	289
431	343	178	299
432	345	177	294
429	347	179	290
425	339	190	285
429	347	188	290
425	331	201	299
422	324	190	322
419	341	196	310
415	331	228	287
421	303	212	345
413	327	233	326
415	297	306	315
392	322	372	329
417	325	241	311
398	292	236	370
397	313	387	331
390	314	472	370
410	316	268	355
384	280	208	351
350	303	259	344
340	294	412	299
286	304	315	365
392	287	418	343
275	305	372	356
282	264	751	337
181	256	744	457
186	262	591	457
249	295	833	414
177	260	520	459
241	295	635	420
219	263	906	455
66	246	719	473
153	277	714	442
108	258	584	461
176	261	583	453
123	263	563	440
186	268	837	451
175	279	569	440
102	270	529	440
224	265	459	429
144	237	441	434
369	276	281	372
346	288	305	392
323	294	258	344
392	268	174	296
373	304	205	336
348	290	233	338
369	292	224	352
325	290	285	352
319	305	468	336
309	299	256	339
238	278	316	367
287	318	441	378
254	312	274	354
197	293	254	338
167	331	279	330
115	337	308	313
142	358	262	322
75	382	325	269
44	409	318	277
10	424	323	295
395	321	302	316
335	321	704	323
424	278	536	438
451	293	467	411
432	306	484	377
418	301	522	361
443	295	515	375
360	292	588	379
342	286	607	391
354	280	660	405
299	275	695	408
252	288	309	315
192	287	464	309
189	304	513	358
408	309	290	316
440	335	187	248
359	361	102	219
338	369	124	167
455	366	59	204
265	383	107	139
233	337	79	192
133	327	209	182
429	372	145	236
480	360	133	221
485	374	121	216
399	370	91	192
364	384	10	178
306	382	81	39
227	437	156	10
226	447	39	68
183	429	75	147
88	322	240	196
251	356	187	249
389	358	201	247
206	407	328	200
310	357	495	332
493	325	516	361
550	320	549	374
606	311	548	384
605	307	589	388
531	300	338	370
371	355	628	340
600	327	648	386
537	306	459	376
608	322	599	371
552	329	593	357
586	318	655	385
556	301	664	407
521	297	461	389
474	312	550	381
470	313	436	333
484	323	674	367
497	316	626	395
512	301	397	370
450	285	287	331
506	314	240	292
486	319	198	255
471	326	89	207
459	310	143	179
525	357	156	204
556	404	138	153
546	388	147	172
523	372	173	188
445	328	260	238
462	301	248	239
425	309	311	288
397	262	330	273
369	276	338	267
576	348	143	216
609	387	169	216
555	338	250	241
452	296	316	268
451	292	359	279
403	279	321	252
420	286	283	209
430	303	271	197
467	313	211	148
451	313	292	183
433	307	268	179
409	303	248	158
393	300	230	168
424	303	173	140
407	311	140	156
414	309	169	153
400	314	194	169
396	312	156	130
403	315	199	156
380	314	175	160
396	311	164	188
398	304	296	176
385	301	206	170
365	308	193	187
379	311	198	203
378	301	168	167
351	315	186	181
370	310	212	205
371	309	183	172
343	316	198	192
360	313	250	208
333	314	230	207
357	316	325	212
336	309	294	207
337	310	228	200
318	318	235	226
328	305	270	217
301	310	309	216
313	308	349	219
314	305	208	264
280	325	316	244
305	309	419	219
306	299	473	278
292	284	444	312
525	341	403	334
538	333	311	313
507	339	89	254
249	388	159	179
236	366	166	209
226	345	189	247
175	352	247	237
165	348	269	259
157	341	312	268
169	341	335	287
259	349	376	328
196	346	329	306
699	361	10	303
758	458	48	87
765	439	83	91
759	437	125	73
708	385	211	100
532	314	337	196
163	355	589	168
83	334	629	194
86	354	800	273
31	304	770	313
106	315	825	345
80	298	699	296
22	335	764	254
73	321	650	268
148	349	769	281
183	299	601	278
0	350	736	271
131	339	1010	348
52	271	677	356
164	308	597	304
112	315	666	279
75	344	736	278
114	303	587	332
211	301	538	302
434	283	394	309
230	335	513	239
193	338	641	256
262	295	501	281
379	312	397	267
432	300	394	286
388	328	379	254
459	306	348	279
427	304	383	281
401	327	327	258
423	298	402	290
509	314	523	341
372	289	501	342
356	280	448	340
423	307	386	326
500	293	493	365
387	302	509	353
384	298	455	326
427	301	546	369
327	306	466	330
473	294	550	410
477	317	545	368
374	319	340	318
712	330	298	295
539	333	58	274
407	335	111	226
362	331	221	234
360	309	259	309
326	344	254	311
327	323	623	327
570	321	423	365
719	335	438	337
414	348	197	317
450	345	264	298
221	373	453	296
461	352	508	330
703	342	451	347
695	345	443	339
615	347	449	339
679	348	527	342
513	339	648	366
391	319	753	400
466	306	664	413
299	336	840	383
99	319	898	400
229	308	748	411
414	371	625	348
352	341	617	378
77	358	830	344
50	383	915	336
384	299	658	420
397	318	672	392
521	302	573	417
420	312	637	395
374	297	711	416
372	295	702	421
354	319	662	396
335	306	528	389
409	355	626	347
314	331	292	329
364	349	172	365
362	352	538	232
349	343	157	307
336	415	499	287
252	348	421	350
222	342	572	364
189	330	534	372
195	337	703	363
119	321	748	387
111	310	758	408
121	326	534	372
148	359	598	341
171	276	512	432
107	323	544	396
140	286	528	421
101	293	566	398
174	289	514	401
168	299	495	384
135	294	512	388
184	289	449	377
112	302	458	331
158	300	560	354
120	288	521	381
382	364	252	309
0	388	527	180
220	324	307	260
191	351	651	290
80	310	535	360
164	307	473	348
109	307	425	288
289	291	305	318
312	281	184	377
298	319	221	322
295	316	225	345
291	309	348	335
311	298	353	379
348	314	390	363
280	304	544	358
262	309	650	403
265	286	668	424
483	357	486	355
455	334	416	365
397	336	530	371
212	288	550	418
300	322	330	387
248	357	266	362
254	394	263	325
321	377	329	307
344	369	230	350
234	380	394	318
230	339	374	380
287	349	495	370
209	328	399	378
365	336	426	374
218	312	752	369
147	298	695	391
426	295	527	403
526	330	562	353
545	340	519	318
568	337	452	321
357	334	681	328
553	342	545	349
530	316	487	365
364	329	694	346
487	321	668	382
562	314	561	398
478	330	647	376
373	300	767	382
391	310	780	396
444	288	772	431
509	306	718	413
492	306	747	413
370	285	871	434
414	261	798	458
504	295	571	424
553	302	376	388
611	337	237	326
218	302	488	303
356	307	394	329
620	369	170	294
393	306	264	255
124	357	389	362
142	349	487	364
528	315	281	383
130	343	562	313
552	320	229	357
119	315	564	234
358	351	442	346
515	332	282	314
182	326	460	242
341	317	415	301
413	312	296	289
386	330	394	272
353	290	315	326
361	314	419	317
488	315	419	359
410	308	476	361
455	311	468	384
592	322	395	369
591	338	459	334
629	336	440	363
595	341	508	359
525	330	481	356
433	319	540	365
582	320	598	370
592	318	606	387
640	318	499	396
646	332	532	373
333	314	603	384
579	322	573	387
651	328	534	379
719	335	520	369
643	338	419	364
642	352	467	339
355	349	798	345
366	302	535	417
338	310	483	360
317	320	491	346
631	358	369	342
570	361	450	322
536	346	586	351
577	342	299	350
664	389	421	276
708	380	478	296
728	404	462	286
766	401	443	303
734	395	392	299
665	389	335	266
705	405	479	303
152	355	628	263
473	344	460	370
46	349	777	341
441	300	494	419
259	313	745	391
264	284	616	435
551	280	397	427
517	267	291	401
767	412	337	299
704	371	444	328
375	333	738	363
150	324	906	395
348	282	614	437
454	270	389	449
528	243	481	476
556	272	328	419
522	249	405	420
541	263	249	348
529	311	632	399
527	280	352	419
519	265	236	383
510	326	200	331
508	329	459	344
496	306	245	361
496	331	217	330
485	351	217	209
458	369	212	171
463	377	204	163
457	383	203	156
461	390	212	161
376	391	228	169
362	392	263	171
324	386	304	230
324	386	415	286
298	384	427	292
272	375	451	298
255	370	457	311
241	366	481	317
264	361	470	327
300	355	445	330
323	365	641	285
401	351	544	368
277	355	561	360
331	349	517	360
361	353	484	338
495	383	332	322
378	396	337	280
496	388	218	288
121	480	531	220
383	366	342	300
397	379	309	276
407	383	288	260
308	394	364	246
351	382	344	270
217	390	448	270
505	380	253	301
301	421	447	253
495	403	356	286
8	457	196	262
213	396	313	278
167	402	529	272
382	379	510	316
254	366	434	327
207	370	888	314
514	368	594	351
442	366	466	353
390	368	442	339
186	376	521	327
542	369	648	246
171	410	556	278
529	374	367	330
134	386	750	303
506	394	558	325
279	346	474	373
542	364	253	345
55	403	331	275
53	397	437	287
263	389	540	309
185	363	606	347
194	345	513	374
381	353	585	358
493	340	457	371
258	352	621	353
279	325	695	390
448	285	651	434
527	291	619	426
576	297	618	391
514	282	634	377
182	351	634	368
142	330	596	389
66	327	661	385
155	314	601	405
171	309	612	399
110	318	904	331
243	292	626	423
345	287	456	432
185	314	575	381
223	310	471	392
231	322	734	338
109	289	713	401
447	284	533	419
250	291	451	349
92	295	624	325
593	332	421	341
97	304	532	356
398	289	283	379
469	322	490	389
532	330	435	389
585	346	448	373
427	289	123	316
157	301	693	291
581	303	471	378
569	301	417	362
629	307	460	345
645	305	369	348
547	305	477	327
586	302	400	394
508	308	458	365
557	289	462	375
605	303	415	361
614	313	425	358
593	315	461	344
653	316	405	349
679	327	375	364
686	344	375	343
655	320	409	363
695	333	435	380
728	347	393	352
750	355	372	344
710	339	424	366
696	333	496	353
695	327	505	370
713	325	489	375
724	323	513	374
746	320	438	399
752	334	493	370
712	326	528	391
669	313	582	403
665	291	614	428
642	279	582	440
577	277	435	434
334	243	295	449
252	276	728	434
441	273	611	446
728	302	449	417
233	225	453	421
255	253	507	367
187	277	430	351
141	278	494	333
160	271	462	358
187	277	435	361
143	288	460	365
171	294	467	363
111	297	546	357
71	284	614	381
35	287	630	397
55	265	616	430
120	262	590	433
264	267	462	419
57	287	601	388
111	274	577	414
52	283	619	410
123	279	555	418
264	247	418	449
170	287	459	424
166	286	504	394
308	317	307	379
545	300	50	419
467	352	151	198
481	337	157	191
441	353	178	181
469	336	242	210
456	337	176	205
485	320	131	202
454	345	142	170
475	330	123	180
474	329	133	187
477	338	128	171
480	322	122	192
474	330	125	193
473	313	127	218
466	306	132	219
475	316	126	210
472	304	124	218
474	320	118	188
476	324	122	187
474	322	126	199
476	323	117	189
475	319	124	203
470	321	131	200
476	331	125	192
462	321	142	204
484	336	118	187
473	324	129	190
468	314	140	188
461	328	150	175
468	320	145	189
455	328	157	183
467	322	151	190
445	319	156	188
457	334	156	180
461	313	143	188
476	325	132	169
451	326	147	168
464	336	162	166
434	335	162	164
448	340	175	169
476	311	133	194
430	340	152	176
436	337	159	177
456	341	103	172
463	342	110	171
464	342	112	178
477	331	108	188
473	329	108	190
472	326	117	188
477	322	112	201
480	322	111	202
478	320	121	204
476	316	121	203
385	325	212	196
367	332	197	290
597	310	16	319
533	357	64	143
525	349	81	176
509	353	81	187
514	345	60	189
523	345	93	177
480	338	140	197
196	308	195	385
142	321	411	398
545	340	133	370
138	337	356	359
240	333	433	358
620	366	200	347
183	304	393	316
327	250	297	381
340	292	452	301
387	298	241	313
200	299	424	278
227	312	380	309
216	286	262	433
350	280	151	436
413	301	253	253
490	320	143	178
516	353	138	175
477	340	168	194
479	336	177	181
461	345	183	172
470	341	187	166
442	346	194	184
456	344	193	183
452	345	190	173
449	339	196	186
418	331	221	201
435	350	220	181
403	311	239	223
420	336	239	234
367	314	272	253
391	360	260	259
338	350	272	305
353	316	315	316
331	369	338	274
426	305	124	410
392	348	204	210
410	343	173	229
409	333	148	246
409	346	123	210
426	370	134	231
415	359	139	233
407	351	113	218
403	368	122	204
404	365	127	212
400	369	130	216
397	376	122	212
391	378	116	206
384	385	111	200
382	377	119	210
376	386	112	196
371	378	117	209
367	391	112	198
363	383	114	209
364	395	110	196
358	390	113	203
353	400	108	188
349	396	109	189
346	396	112	184
346	400	108	176
342	398	127	184
340	397	124	191
337	393	138	205
338	395	140	207
337	389	141	218
339	398	142	205
345	399	138	202
348	395	135	209
348	393	133	206
350	397	145	204
357	401	140	202
364	408	140	186
376	411	133	184
374	412	137	188
391	418	127	173
388	417	133	175
407	419	120	177
403	418	136	175
400	413	141	183
417	417	128	175
411	413	141	177
424	415	137	174
427	414	144	178
422	408	154	181
439	415	147	177
444	418	153	176
467	434	145	163
483	443	135	156
487	432	124	165
490	433	130	163
499	430	126	167
509	426	122	170
516	422	122	172
519	420	121	176
523	422	128	179
527	415	127	187
530	408	129	202
532	404	132	208
532	404	130	208
533	404	139	208
534	400	143	215
534	401	157	207
535	403	164	205
537	397	158	212
535	409	173	199
538	402	186	208
540	413	189	206
549	418	176	208
564	413	163	216
565	419	170	209
571	407	175	219
578	412	167	215
580	401	173	226
579	407	170	227
579	397	175	230
580	396	177	240
580	381	179	252
578	413	184	233
581	387	184	252
580	399	184	251
579	382	188	268
576	404	191	252
579	395	195	260
580	408	185	255
583	388	198	275
596	377	187	271
602	406	185	249
601	384	178	285
599	379	181	294
595	390	189	280
601	385	183	288
614	407	168	265
633	395	152	259
641	403	146	255
643	395	138	270
645	400	140	265
652	409	131	259
650	422	136	243
654	424	132	245
649	433	137	231
609	421	178	240
619	398	167	240
666	424	124	225
610	417	179	258
651	407	139	242
615	427	172	233
674	422	102	213
665	428	119	228
661	431	122	230
653	429	132	232
643	423	142	245
634	411	151	257
637	426	145	248
636	421	144	257
628	412	148	265
633	423	147	258
635	426	142	249
649	431	124	241
648	438	122	237
657	445	109	231
658	446	112	216
659	445	116	227
660	450	108	224
662	452	113	231
662	454	111	228
661	456	115	230
658	456	112	231
663	457	116	226
661	455	111	227
659	457	116	231
654	459	126	227
655	458	123	224
656	458	120	217
661	465	111	203
662	462	110	196
661	456	108	193
661	455	102	177
657	450	107	201
655	456	108	201
653	457	115	207
649	455	119	219
645	455	118	225
644	455	123	234
642	454	127	239
639	453	129	241
643	457	127	240
647	460	127	226
647	457	129	228
649	457	130	224
661	465	122	224
658	461	125	230
653	461	132	234
656	457	131	233
658	463	123	229
650	459	133	233
657	462	130	235
647	465	144	235
657	473	133	217
657	473	131	224
654	476	135	225
652	474	134	221
675	477	112	218
660	477	116	220
671	476	108	222
662	483	118	216
658	478	121	234
658	474	121	241
651	463	130	252
661	463	117	251
649	464	128	242
645	473	133	236
657	473	122	231
652	480	127	217
648	477	131	222
651	484	129	214
655	497	127	203
660	502	119	201
660	500	120	205
665	500	117	203
673	507	111	199
662	505	122	201
687	522	102	187
664	517	118	196
686	519	102	187
673	511	113	207
677	511	113	199
681	515	107	199
678	515	110	202
684	517	104	202
679	500	105	216
695	522	95	197
683	491	108	228
685	522	105	196
679	504	115	215
681	510	112	209
675	501	115	218
679	497	122	219
673	491	119	228
683	500	117	218
680	498	114	221
679	503	122	216
