0.013108
0.152517
0.156578
0.141295
0.137552
0.149318
0.116742
0.138034
0.135714
0.191496
0.143569
0.148158
0.135670
0.154629
0.130409
0.137472
0.144614
0.135591
0.151332
0.165189
0.142028
0.145846
0.141591
0.172102
0.145879
0.167190
0.148253
0.158469
0.134929
0.143319
0.152644
0.137275
0.162722
0.164156
0.166967
0.191019
0.142936
0.206188
0.154593
0.142428
0.152000
0.160502
0.157560
0.139538
0.168227
0.138006
0.161644
0.138831
0.157871
0.146444
0.162794
0.140882
0.183478
0.113062
0.138605
0.138668
0.139426
0.121010
0.133852
0.136631
0.161860
0.137097
0.149783
0.154375
0.193592
0.146618
0.149020
0.136354
0.133174
0.137237
0.130978
0.110594
0.141094
0.139511
0.156245
0.143972
0.140443
0.163445
0.142258
0.132920
0.134345
0.158000
0.171196
0.147939
0.141971
0.157935
0.137748
0.122128
0.118708
0.153969
0.155347
0.138467
0.119663
0.117759
0.125319
0.135746
0.150745
0.141412
0.136121
0.147703
0.164250
0.152933
0.127986
0.123794
0.124616
0.151799
0.172822
0.142884
0.148131
0.180177
0.144979
0.171498
0.146468
0.177615
0.146546
0.153409
0.174297
0.141053
0.124480
0.138152
0.142357
0.125507
0.125621
0.145015
0.120674
0.125133
0.186070
0.164158
0.140257
0.163837
0.125773
0.134334
0.148995
0.161478
0.132852
0.144542
0.135458
0.116771
0.125654
0.170083
0.139770
0.133946
0.154892
0.137028
0.168540
0.141348
0.132700
0.138457
0.159424
0.138169
0.147068
0.137750
0.157582
0.163371
0.172829
0.153144
0.160871
0.143996
0.156493
0.120964
0.124415
0.145120
0.163907
0.141050
0.147589
0.155765
0.161968
0.115768
0.136516
0.136883
0.169852
0.132498
0.152592
0.157829
0.162909
0.162827
0.151121
0.140984
0.137167
0.140200
0.141578
0.138205
0.152916
0.140267
0.162066
0.153716
0.158495
0.147386
0.179537
0.177831
0.134089
0.137739
0.113976
0.173573
0.163360
0.162791
0.154334
0.173883
0.141359
0.161540
0.163958
0.141723
0.137686
0.157729
0.126090
0.148321
0.148454
0.150000
0.120018
0.151875
0.160665
0.140873
0.122367
0.114139
0.182763
0.150681
0.148591
0.186890
0.181013
0.141970
0.140017
0.105360
0.170613
0.141358
0.174432
0.144880
0.136073
0.134454
0.171885
0.165832
0.135935
0.149280
0.157746
0.137995
0.138108
0.167357
0.143446
0.153686
0.142583
0.175943
0.128141
0.172083
0.162144
0.149948
0.127864
0.157250
0.160692
0.185855
0.144362
0.149783
0.134535
0.151574
0.152143
0.146904
0.171513
0.156431
0.166463
0.136844
0.177785
0.149100
0.146495
0.160678
0.146484
0.134444
0.123589
0.145449
0.144881
0.137126
0.145598
0.160346
0.170595
0.143847
0.133299
0.127977
0.149434
0.152048
0.135219
0.176381
0.145760
0.140689
0.134714
0.171514
0.141236
0.173928
0.133142
0.147485
0.162247
0.147271
0.135714
0.179803
0.140408
0.146879
0.145814
0.175016
0.162900
0.147454
0.155411
0.142104
0.123660
0.145474
0.126093
0.162636
0.147780
0.169204
0.139073
0.173595
0.144924
0.156253
0.158449
0.130154
0.173061
0.136863
0.155703
0.139823
0.140979
0.120942
0.150497
0.191558
0.134337
0.122669
0.174883
0.139984
0.123155
0.128179
0.126825
0.178110
0.141556
0.134650
0.151306
0.140814
0.145601
0.143756
0.153856
0.137654
0.136921
0.153092
0.175850
0.139822
0.158592
0.150238
0.141731
0.132712
0.131321
0.137544
0.176944
0.120286
0.176521
0.142898
0.178630
0.170700
0.144608
0.161155
0.142701
0.135310
0.145021
0.151510
0.131450
0.127362
0.133054
0.181029
0.145047
0.136434
0.198739
0.121051
0.165703
0.119816
0.127188
0.143702
0.147397
0.177891
0.186076
0.151729
0.165997
0.146861
0.160715
0.135844
0.140845
0.139159
0.168019
0.145669
0.128724
0.121664
0.141925
0.141467
0.113420
0.201524
0.141663
0.164653
0.153674
0.160514
0.165761
0.159916
0.153511
0.129379
0.147360
0.162183
0.160209
0.152514
0.152178
0.158810
0.143312
0.174919
0.150229
0.145178
0.136513
0.160531
0.141692
0.166267
0.149002
0.170605
0.146825
0.140382
0.147332
0.155727
0.135258
0.135391
0.132998
0.157939
0.144324
0.161233
0.141595
0.137362
0.108925
0.156963
0.157558
0.149548
0.144880
0.138031
0.178436
0.144084
0.139959
0.161474
0.144950
0.166509
0.137371
0.170772
0.138727
0.165279
0.158782
0.177241
0.118425
0.139510
0.153935
0.152598
0.162309
0.154289
0.131604
0.142098
0.142425
0.127290
0.143656
0.145611
0.147327
0.146966
0.133881
0.166321
0.162510
0.166755
0.174417
0.131731
0.134466
0.144915
0.142516
0.144181
0.150364
0.145022
0.171195
0.133016
0.144574
0.125033
0.169528
0.138575
0.155436
0.135636
0.182589
0.141365
0.159049
0.137218
0.168458
0.146423
0.150971
0.174723
0.166853
0.135891
0.130567
0.179848
0.124833
0.130566
0.141583
0.139914
0.131129
0.148395
0.164857
0.132242
0.163320
0.122468
0.152779
0.143210
0.110120
0.203234
0.164203
0.118510
0.166875
0.193517
0.156330
0.163205
0.163312
0.152709
0.135151
0.157099
0.152189
0.128225
0.166268
0.154767
0.144433
0.156198
0.127785
0.124733
0.147331
0.168472
0.175270
0.143345
0.129611
0.143156
0.148980
0.154198
0.179240
0.112899
0.167707
0.114814
0.144579
0.146409
0.166384
0.164716
0.142943
0.138248
0.147397
0.168838
0.140317
0.147780
0.180682
0.131929
0.146495
0.163870
0.142590
0.148686
0.149477
0.157396
0.156820
0.140710
0.144463
0.143831
0.126757
0.160944
0.182288
0.149517
0.115224
0.119808
0.120111
0.123827
0.131714
0.135080
0.142884
0.120962
0.158202
0.177523
0.151488
0.161198
0.159202
0.140081
0.151244
0.145393
0.136529
0.167922
0.161191
0.139436
0.165362
0.139139
0.165661
0.168565
0.162880
0.171468
0.155327
0.137242
0.158897
0.153922
0.136492
0.145802
0.144268
0.151264
0.139997
0.141655
0.141269
0.135032
0.131682
0.132449
0.111605
0.105720
0.103562
0.106904
0.104760
0.109640
0.115657
0.114211
0.120321
0.130890
0.154070
0.143473
0.141612
0.139451
0.136484
0.134213
0.167077
0.137763
0.128493
0.166171
0.153024
0.142620
0.161147
0.147051
0.164038
0.158976
0.136124
0.128339
0.172203
0.142429
0.143498
0.150735
0.144240
0.118800
0.156924
0.160348
0.137419
0.140167
0.147502
0.125231
0.145435
0.168610
0.141450
0.138311
0.135226
0.123387
0.135588
0.153838
0.159998
0.151935
0.151330
0.141206
0.150608
0.147326
0.130916
0.136475
0.151993
0.152452
0.120290
0.141534
0.123906
0.126236
0.130472
0.150292
0.142198
0.142526
0.161978
0.156026
0.146390
0.189282
0.155253
0.138751
0.155535
0.127173
0.140928
0.132230
0.141538
0.153285
0.128480
0.177467
0.123258
0.120931
0.139835
0.162671
0.127549
0.122161
0.135822
0.148291
0.148060
0.156104
0.196738
0.116399
0.159093
0.154366
0.160949
0.163949
0.155536
0.142163
0.121769
0.124187
0.167247
0.148735
0.143890
0.128437
0.110714
0.112623
0.145558
0.165693
0.120690
0.150717
0.147669
0.145764
0.132061
0.140493
0.135714
0.142027
0.126203
0.126222
0.141143
0.144932
0.171541
0.118579
0.168046
0.148283
0.127768
0.143049
0.135420
0.138428
0.168152
0.139174
0.142990
0.131194
0.157195
0.143356
0.130538
0.140851
0.147172
0.112781
0.117081
0.157982
0.173531
0.168825
0.160690
0.127587
0.132345
0.154360
0.154309
0.133273
0.146995
0.160530
0.169297
0.164248
0.153832
0.147263
0.155217
0.140596
0.149637
0.162034
0.172045
0.144320
0.159221
0.145475
0.125273
0.147682
0.134684
0.169623
0.152443
0.158369
0.156811
0.141102
0.154668
0.157582
0.133345
0.170887
0.149318
0.141178
0.148507
0.146898
0.123732
0.134459
0.150281
0.122746
0.153319
0.143306
0.132335
0.146479
0.147346
0.126986
0.160409
0.147671
0.153581
0.150675
0.185679
0.158450
0.154331
0.129831
0.153737
0.148226
0.136097
0.140402
0.137235
0.158060
0.139089
0.130818
0.144804
0.119239
0.120346
0.124246
0.114969
0.110066
0.149101
0.153625
0.173712
0.129760
0.139297
0.166059
0.156410
0.146462
0.164313
0.160134
0.153094
0.166027
0.161232
0.138610
0.149673
0.157236
0.139219
0.158709
0.149612
0.145044
0.122542
0.140639
0.147242
0.121920
0.124259
0.144595
0.160748
0.135887
0.153420
0.124323
0.131724
0.159064
0.142247
0.124271
0.163751
0.131318
0.127653
0.179698
0.179177
0.135826
0.129007
0.169508
0.133413
0.159180
0.147593
0.166998
0.133891
0.138255
0.145324
0.128463
0.142327
0.134248
0.181051
0.159966
0.129255
0.125329
0.140852
0.146412
0.164071
0.141577
0.150741
0.164028
0.160134
0.146139
0.140952
0.136249
0.150362
0.154618
0.158516
0.150870
0.163110
0.160432
0.113494
0.132175
0.113672
0.131259
0.167251
0.145896
0.143756
0.139322
0.155929
0.169210
0.146128
0.150106
0.171411
0.168967
0.154289
0.137867
0.147299
0.146812
0.149623
0.129589
0.127757
0.139704
0.156604
0.153355
0.140112
0.127825
0.132751
0.135944
0.137367
0.169941
0.154289
0.163475
0.147131
0.172894
0.143892
0.142692
0.142134
0.122635
0.120015
0.125397
0.152774
0.145041
0.164297
0.155200
0.123707
0.145851
0.175100
0.174540
0.158650
0.155524
0.163962
0.121765
0.139385
0.166711
0.152857
0.157714
0.160583
0.159057
0.151208
0.158067
0.177508
0.149417
0.156236
0.156723
0.145700
0.126923
0.136921
0.138000
0.123521
0.132035
0.145346
0.127841
0.135652
0.129946
0.155768
0.115924
0.141506
0.156713
0.128188
0.146461
0.149639
0.159104
0.139941
0.166043
0.156172
0.150387
0.125436
0.113345
0.168296
0.174592
0.126003
0.164524
0.130828
0.158271
0.126798
0.144315
0.163468
0.140293
0.134986
0.173814
0.133558
0.147467
0.157419
0.150738
0.177365
0.141214
0.158680
0.138875
0.142234
0.142417
0.132607
0.151430
0.175326
0.140991
0.120119
0.173408
0.170287
0.122960
0.113089
0.109924
0.135044
0.160492
0.155558
0.140682
0.150710
0.145564
0.130854
0.138509
0.150282
0.155464
0.145839
0.167172
0.167968
0.175314
0.158933
0.153780
0.130644
0.117622
0.135900
0.147631
0.161095
0.117086
0.104020
0.110183
0.105684
0.100237
0.106665
0.099050
0.105162
0.127639
0.129045
0.165184
0.170167
0.152524
0.136935
0.155078
0.164171
0.161387
0.162282
0.157246
0.138801
0.152306
0.139476
0.159985
0.138778
0.189296
0.146108
0.129489
0.128926
0.143702
0.149241
0.127196
0.142057
0.162363
0.134269
0.136018
0.158521
0.147569
0.176488
0.146043
0.173106
0.150182
0.187569
0.147642
0.158163
0.151313
0.163861
0.143918
0.122885
0.163593
0.167938
0.132694
0.151197
0.139803
0.146126
0.114970
0.175309
0.159874
0.177627
0.144462
0.166354
0.177913
0.150801
0.148790
0.165857
0.139495
0.156286
0.131511
0.144248
0.139468
0.136702
0.141749
0.153537
0.151679
0.144125
0.177600
0.138575
0.183007
0.151371
0.186264
0.133832
0.179497
0.144668
0.153614
0.146852
0.142315
0.132599
0.124520
0.127718
0.166728
0.156073
0.148010
0.179724
0.139499
0.174631
0.175858
0.142116
0.118550
0.133507
0.150163
0.124215
0.144357
0.145279
0.128635
0.164053
0.145249
0.155586
0.127610
0.150128
0.149919
0.159077
0.123415
0.113798
0.126547
0.134883
0.130488
0.153621
0.147101
0.138533
0.144200
0.147946
0.154298
0.153475
0.194577
0.163403
0.139384
0.135076
0.154411
0.139057
0.136062
0.126359
0.120252
0.128563
0.135612
0.133428
0.142091
0.167638
0.123170
0.135212
0.137560
0.131290
0.165776
0.184222
0.133864
0.121063
0.143925
0.134682
0.151830
0.164938
0.171447
0.200055
0.141549
0.163066
0.140888
0.125734
0.157834
0.170446
0.141937
0.144824
0.144651
0.143344
0.149895
0.129496
0.143995
0.174412
0.143883
0.143465
0.159222
0.126882
0.149466
0.167111
0.131630
0.156511
0.168000
0.168774
0.175239
0.143759
0.169385
0.217773
0.138834
0.144284
0.129624
0.132989
0.125125
0.152804
0.133555
0.138388
0.148998
0.140362
0.134827
0.152313
0.144237
0.188676
0.154666
0.137940
0.150593
0.149640
0.142094
0.133065
0.125580
0.153274
0.127543
0.131813
0.136335
0.198920
0.133920
0.146501
0.188869
0.155301
0.136398
0.137127
0.144082
0.139246
0.184796
0.174858
0.150598
0.142929
0.156736
0.160531
0.162735
0.169528
0.156050
0.168878
0.125239
0.162241
0.142433
0.148220
0.159488
0.124493
0.128160
0.148854
0.161834
0.166014
0.148464
0.112967
0.127991
0.129091
0.150961
0.148475
0.148043
0.165643
0.158840
0.151588
0.134589
0.154426
0.138604
0.131053
0.121326
0.152133
0.141976
0.138165
0.145154
0.156360
0.186077
0.150490
0.143575
0.151628
0.177381
0.138215
0.160697
0.123331
0.157677
0.189129
0.160770
0.141804
0.139738
0.165090
0.142854
0.142976
0.143967
0.174686
0.180689
0.163356
0.173092
0.137440
0.136960
0.165069
0.141688
0.137138
0.116583
0.149181
0.151815
0.144275
0.170138
0.160384
0.154999
0.163061
0.164041
0.118868
0.126076
0.159358
0.122799
0.124007
0.147303
0.141162
0.136024
0.175486
0.147195
0.124265
0.124326
0.142180
0.166803
0.189362
0.148150
0.133641
0.137577
0.125747
0.181882
0.142997
0.157098
0.153225
0.186693
0.170649
0.165025
0.160762
0.154215
0.133004
0.144053
0.138386
0.163998
0.140959
0.140602
0.142832
0.159411
0.158740
0.162068
0.154258
0.182654
0.152979
0.151639
0.142806
0.147846
0.150788
0.117529
0.140753
0.150475
0.140301
0.142313
0.163273
0.148926
0.144983
0.193518
0.143538
0.123592
0.191265
0.148920
0.168036
0.142739
0.143178
0.120015
0.192997
0.121121
0.164939
0.165283
0.172803
0.151024
0.152127
0.174067
0.158206
0.121822
0.166430
0.155103
0.149567
0.132374
0.136523
0.144992
0.153149
0.133652
0.130265
0.167092
0.139662
0.133817
0.127305
0.129124
0.147671
0.119513
0.121261
0.125596
0.124919
0.177161
0.165460
0.150943
0.143721
0.144535
0.148390
0.147149
0.150000
0.129203
0.147417
0.157435
0.120186
0.122083
0.122251
0.146073
0.095618
0.156501
0.138971
0.135399
0.157377
0.174800
0.146831
0.144548
0.155545
0.132761
0.156734
0.171509
0.160518
0.169536
0.142802
0.153668
0.153059
0.161176
0.150413
0.153995
0.166737
0.138079
0.145962
0.157088
0.131819
0.162264
0.127901
0.114644
0.131737
0.125389
0.145039
0.119598
0.122036
0.143947
0.148739
0.129028
0.182591
0.163512
0.144744
0.158139
0.146047
0.143332
0.166524
0.167022
0.138427
0.134848
0.130019
0.156381
0.197487
0.177285
0.126437
0.127295
0.163795
0.158155
0.135145
0.147939
0.142997
0.152844
0.143439
0.139542
0.123538
0.158420
0.128202
0.161730
0.178252
0.131371
0.165477
0.165171
0.152229
0.128309
0.144552
0.140661
0.154400
0.143157
0.179103
0.153057
0.156473
0.149394
0.124656
0.141356
0.126680
0.128916
0.161489
0.118201
0.116934
0.114939
0.152867
0.125284
0.127765
0.124718
0.142675
0.138527
0.184651
0.128884
0.122511
0.160814
0.147504
0.130067
0.148767
0.161520
0.151763
0.147240
0.171757
0.139781
0.137554
0.178578
0.147527
0.186326
0.151594
0.171616
0.152387
0.147581
0.129572
0.119575
0.181143
0.160963
0.150263
0.136237
0.133472
0.156117
0.160772
0.144264
0.177575
0.127017
0.142346
0.163850
0.133771
0.118781
0.165111
0.136897
0.150563
0.143599
0.141363
0.165382
0.141777
0.156135
0.172169
0.140932
0.123291
0.147522
0.137761
0.146431
0.148891
0.149029
0.147616
0.146517
0.156229
0.137911
0.135876
0.157459
0.179183
0.146797
0.158490
0.157845
0.147690
0.148098
0.129718
0.205168
0.162352
0.151877
0.144782
0.147223
0.138175
0.163857
0.162985
0.163687
0.152194
0.154363
0.179463
0.162887
0.170501
0.159094
0.147330
0.128822
0.122670
0.120683
0.144469
0.167339
0.161576
0.137451
0.125146
0.164721
0.143297
0.135159
0.183675
0.159879
0.145297
0.174102
0.151639
0.160818
0.150060
0.156392
0.131811
0.128968
0.174331
0.145114
0.141652
0.147286
0.149394
0.187517
0.204187
0.152043
0.186163
0.137609
0.151747
0.151033
0.159347
0.140964
0.147941
0.130024
0.139637
0.103740
0.099586
0.137723
0.182997
0.155128
0.134933
0.141837
0.179898
0.132047
0.133120
0.168509
0.151617
0.152961
0.154838
0.153662
0.150891
0.144115
0.149189
0.160906
0.139183
0.146241
0.169402
0.142759
0.155274
0.136976
0.147061
0.146296
0.128311
0.147383
0.185193
0.152629
0.163595
0.148365
0.167321
0.168639
0.148329
0.139309
0.148607
0.147665
0.158200
0.132755
0.133561
0.129516
0.121376
0.147467
0.196262
0.160147
0.152861
0.144690
0.123182
0.132966
0.171330
0.156510
0.152601
0.145346
0.131958
0.179431
0.135525
0.167384
0.148483
0.158005
0.165540
0.182403
0.157624
0.131519
0.151153
0.144537
0.151076
0.177147
0.160434
0.141441
0.146145
0.156404
0.186512
0.175941
0.161784
0.176869
0.167754
0.142360
0.142678
0.134353
0.138892
0.167651
0.172911
0.149447
0.132492
0.126597
0.157629
0.128968
0.122056
0.121110
0.166201
0.168780
0.145203
0.148789
0.142613
0.146315
0.115281
0.119861
0.140254
0.143561
0.157514
0.164224
0.186738
0.165782
0.155879
0.143542
0.138337
0.149587
0.131586
0.144832
0.152202
0.126771
0.126026
0.155735
0.168907
0.154983
0.170854
0.166441
0.127326
0.138207
0.150778
0.180052
0.159845
0.147046
0.139782
0.147907
0.147345
0.124986
0.121479
0.123210
0.159554
0.157406
0.119664
0.181534
0.145410
0.152880
0.133765
0.142215
0.152151
0.142378
0.119339
0.189586
0.175942
0.134622
0.171416
0.153244
0.158078
0.163248
0.147809
0.172097
0.151954
0.153531
0.144419
0.126745
0.123775
0.161075
0.122328
0.157567
0.160075
0.157281
0.161587
0.165637
0.156438
0.139995
0.126644
0.122594
0.134804
0.149499
0.131264
0.141446
0.162866
0.173846
0.152772
0.160400
0.188557
0.131419
0.121195
0.136115
0.145036
0.137603
0.132639
0.178874
0.164287
0.162040
0.149476
0.135051
0.145231
0.132352
0.130733
0.126419
0.137176
0.149024
0.178988
0.140174
0.158270
0.155242
0.156289
0.139078
0.157000
0.155820
0.144125
0.194338
0.160310
0.175727
0.129970
0.147415
0.154074
0.156864
0.154900
0.171009
0.157874
0.118367
0.140114
0.146461
0.176965
0.173939
0.155413
0.124522
0.144518
0.143312
0.184633
0.184443
0.161512
0.158764
0.140804
0.137423
0.134678
0.160753
0.150986
0.148653
0.159954
0.156876
0.151743
0.155596
0.121854
0.133711
0.124638
0.132293
0.117103
0.182015
0.141549
0.132803
0.151730
0.152703
0.140985
0.155508
0.173936
0.136183
0.156991
0.168545
0.142143
0.150407
0.137624
0.131894
0.165159
0.121624
0.147543
0.139618
0.161222
0.135329
0.165626
0.121743
0.119691
0.136061
0.146383
0.139281
0.157769
0.135738
0.153643
0.167595
0.163709
0.121031
0.145733
0.135566
0.130448
0.120800
0.130612
0.123790
0.163274
0.162458
0.193016
0.163596
0.159901
0.132505
0.170807
0.120033
0.152136
0.145391
0.133538
0.150790
0.149962
0.140152
0.170954
0.146681
0.139377
0.150496
0.119606
0.201761
0.124933
0.144450
0.147183
0.133114
0.142863
0.145577
0.127227
0.134445
0.148921
0.168274
0.149534
0.165023
0.153342
0.157662
0.167525
0.163427
0.138786
0.141014
0.152403
0.153779
0.160022
0.172786
0.138592
0.125940
0.189990
0.135811
0.145397
0.166451
0.161440
0.144831
0.144093
0.160827
0.154087
0.141922
0.160941
0.123812
0.174489
0.164222
0.141752
0.194762
0.136613
0.161631
0.121891
0.177121
0.134292
0.154461
0.163260
0.142034
0.159257
0.166064
0.136840
0.123286
0.158413
0.143275
0.161026
0.149323
0.139732
0.144425
0.148089
0.140351
0.160563
0.160408
0.159855
0.160824
0.150834
0.151561
0.147432
0.177301
0.133338
0.157351
0.147576
0.139226
0.122795
0.130230
0.149195
0.126220
0.150811
0.137949
0.173758
0.159355
0.146958
0.159720
0.122698
0.170910
0.118096
0.111954
0.136734
0.162013
0.154661
0.108420
0.106467
0.126946
0.144613
0.131556
0.119589
0.105982
0.105294
0.109783
0.105309
0.124453
0.133467
0.160780
0.145240
0.134403
0.174726
0.140764
0.161461
0.162704
0.137858
0.146481
0.150607
0.145849
0.171806
0.159919
0.140554
0.137725
0.124848
0.161862
0.151412
0.144706
0.162054
0.139416
0.176851
0.124405
0.138076
0.121979
0.140214
0.140489
0.163709
0.113123
0.118266
0.120648
0.162884
0.146068
0.142669
0.171742
0.153342
0.161977
0.152122
0.151310
0.150966
0.159606
0.182013
0.151891
0.154414
0.180290
0.151983
0.122073
0.123538
0.126935
0.190941
0.143629
0.129786
0.128165
0.150770
0.135233
0.167097
0.152085
0.127263
0.121289
0.173904
0.127097
0.119530
0.170603
0.136350
0.123304
0.117280
0.166469
0.158216
0.136164
0.135466
0.175153
0.111531
0.166086
0.152333
0.147619
0.170283
0.145530
0.163406
0.138297
0.148980
0.147372
0.119136
0.140426
0.156327
0.145861
0.132586
0.126156
0.115866
0.131743
0.152373
0.142029
0.183139
0.131370
0.144699
0.162740
0.124510
0.153960
0.148388
0.129131
0.135060
0.149353
0.151671
0.140065
0.159723
0.157659
0.152851
0.191319
0.162931
0.153079
0.165578
0.164186
0.145175
0.158400
0.159963
0.151290
0.197067
0.150953
0.164453
0.126592
0.139841
0.140222
0.141289
0.144737
0.174229
0.129001
0.115769
0.140805
0.164073
0.129032
0.136271
0.141418
0.146706
0.132764
0.130274
0.158841
0.132881
0.154684
0.137270
0.136515
0.130787
0.141367
0.151620
0.130660
0.149429
0.194483
0.161705
0.159980
0.145367
0.148334
0.172311
0.170121
0.173105
0.133132
0.163506
0.122735
0.124249
0.131935
0.140872
0.153193
0.168135
0.147799
0.145658
0.138829
0.139260
0.159390
0.169253
0.142681
0.134610
0.159616
0.158751
0.146963
0.142018
0.145197
0.137022
0.170913
0.138136
0.145208
0.131089
0.166327
0.168496
0.149257
0.139431
0.137337
0.141424
0.195539
0.160922
0.154800
0.152459
0.142386
0.161964
0.147450
0.161811
0.136072
0.151706
0.179095
0.148358
0.163826
0.164451
0.161301
0.124882
0.119456
0.181665
0.142072
0.167236
0.149308
0.163565
0.156140
0.170021
0.133538
0.146109
0.118415
0.186130
0.128079
0.155096
0.160329
0.157623
0.148689
0.153315
0.135672
0.138232
0.141382
0.149660
0.143552
0.160832
0.164143
0.146908
0.147404
0.117931
