557	228	28	40
557	228	27	37
553	228	30	36
555	226	29	39
555	227	26	38
556	228	29	40
556	228	25	39
556	229	29	37
552	229	33	36
554	228	27	39
553	228	29	38
556	228	26	38
555	229	28	37
554	230	30	37
554	229	27	38
555	229	30	38
552	229	30	38
556	229	27	38
554	230	28	37
555	229	29	38
555	229	27	39
555	229	30	39
554	230	28	38
556	230	27	37
555	231	27	38
556	230	30	37
552	230	29	38
555	230	31	39
554	230	27	39
554	231	31	38
555	230	28	39
553	231	27	38
555	231	31	38
556	230	25	40
556	231	29	41
558	231	24	40
557	231	25	37
556	231	31	42
556	231	26	41
557	232	28	38
556	233	26	37
557	233	30	39
557	232	25	40
558	233	30	38
556	233	27	39
558	233	28	39
556	233	25	39
557	233	30	41
558	233	26	40
558	233	30	39
554	233	30	39
556	232	32	41
555	232	28	41
555	233	32	40
557	232	28	42
557	233	30	39
557	233	26	40
557	234	31	41
558	233	28	41
558	235	33	40
554	234	31	41
557	233	33	41
558	233	29	42
557	234	29	40
557	234	33	40
557	234	28	41
558	234	33	40
556	235	30	41
558	234	32	41
557	235	29	41
558	235	32	40
556	235	29	41
558	236	33	40
558	235	27	41
557	236	32	40
558	236	27	41
558	236	32	39
559	236	27	41
560	236	31	44
557	237	30	42
558	236	34	42
558	236	29	43
558	237	32	41
559	237	28	42
558	238	33	40
559	237	28	42
560	238	32	42
555	238	32	42
558	237	34	42
557	238	30	42
558	238	35	42
557	238	32	43
558	237	33	42
557	238	30	42
557	238	35	41
558	237	29	43
557	238	35	41
557	238	30	42
559	238	33	42
554	238	33	43
558	237	34	43
555	238	32	43
558	238	34	43
558	238	30	44
559	238	35	42
557	238	31	43
558	238	36	43
554	237	34	44
557	237	36	44
558	237	30	46
558	238	36	43
557	238	34	43
559	238	34	44
558	238	32	42
559	238	35	43
555	237	35	44
559	237	36	45
557	238	33	45
559	238	36	44
558	238	33	44
559	238	37	44
558	237	32	45
559	238	36	44
558	238	32	45
561	238	35	44
558	237	33	45
561	237	36	44
556	237	35	45
559	236	38	47
559	235	31	48
563	237	33	44
557	237	34	44
562	237	35	45
557	237	35	45
561	236	36	46
559	237	33	45
563	237	34	45
558	237	35	45
562	236	36	46
558	236	36	46
563	236	36	47
557	236	36	47
562	235	36	47
559	236	34	47
564	236	35	46
559	236	35	46
563	236	36	46
558	236	38	47
563	235	37	47
560	236	35	47
564	236	36	47
558	236	37	47
564	235	37	48
558	235	37	48
563	235	37	48
561	236	35	48
563	236	36	46
561	236	35	46
564	236	36	46
560	236	36	46
565	236	36	47
560	236	36	47
565	236	36	47
560	236	36	47
563	236	38	47
559	236	36	48
564	236	38	48
561	237	35	48
565	237	36	47
560	237	37	47
564	236	38	48
560	236	38	48
563	236	39	49
559	235	37	50
562	236	41	49
561	236	37	49
563	236	41	50
559	235	39	51
562	235	41	51
563	235	35	52
562	236	40	48
563	235	37	49
563	235	37	48
564	235	38	48
563	235	35	48
565	236	39	47
565	235	34	49
565	236	40	47
562	235	36	50
565	235	37	48
564	234	37	48
564	234	35	48
564	235	41	48
561	234	38	50
564	234	41	50
563	234	36	51
564	234	41	50
562	234	38	50
564	234	42	50
564	233	36	52
565	234	42	50
565	233	35	52
564	234	42	50
561	233	39	52
564	233	42	52
564	233	37	53
564	233	42	50
565	232	38	52
565	233	41	50
565	232	36	52
565	233	43	49
565	232	37	52
565	233	43	50
565	232	36	53
565	233	43	50
567	232	35	53
566	233	42	49
567	232	36	52
567	233	41	49
568	232	35	52
567	234	41	49
568	232	34	51
568	233	40	49
566	233	38	51
569	232	40	51
564	232	39	52
569	232	39	52
568	232	35	51
569	233	40	49
570	232	34	51
568	233	41	49
566	233	37	51
568	233	41	50
566	232	37	52
568	232	42	51
569	231	36	53
568	233	40	50
569	232	37	50
569	232	39	50
565	232	39	52
568	231	42	52
569	230	36	54
568	232	43	50
569	231	36	54
569	232	43	51
566	230	38	53
567	231	43	52
569	230	37	54
568	231	43	52
566	230	39	54
569	231	41	52
569	231	36	53
568	232	39	50
570	232	38	51
566	232	39	51
570	231	41	51
565	230	40	53
569	230	42	53
564	230	41	54
568	229	42	54
565	230	39	54
570	230	41	53
564	230	40	53
568	230	43	54
563	229	41	55
568	229	43	54
567	230	37	54
568	230	44	53
569	229	37	55
568	231	44	53
567	230	38	54
568	231	43	54
567	229	38	56
569	229	43	54
563	229	42	56
568	228	44	56
567	229	39	56
568	229	45	55
568	229	39	57
569	229	44	55
566	228	41	57
569	229	46	56
565	228	43	57
568	227	47	58
567	227	43	58
568	227	47	57
569	226	39	60
568	228	48	56
567	227	42	59
567	228	49	57
569	226	41	59
568	228	47	57
568	227	40	59
568	228	48	56
567	227	42	60
568	227	49	58
568	226	41	60
569	227	48	58
569	227	41	59
570	227	47	58
572	226	39	60
570	228	47	56
565	227	45	59
570	226	47	60
567	226	44	60
569	226	49	60
569	225	42	61
571	226	48	59
565	225	47	61
570	224	49	62
567	225	44	62
570	225	50	61
568	225	44	62
571	225	48	60
567	225	45	61
571	225	48	60
570	225	41	61
572	226	48	59
571	226	42	60
571	227	50	58
573	225	40	61
571	226	47	58
573	225	42	59
571	224	48	58
573	223	40	61
572	225	50	57
573	224	42	60
572	225	50	58
567	223	48	62
572	223	49	62
571	223	43	62
571	224	52	60
573	222	42	63
572	224	51	59
568	222	49	63
572	220	49	64
572	220	42	64
570	222	52	61
572	220	43	65
572	221	51	61
567	220	48	64
573	220	50	64
574	219	42	65
573	221	47	61
569	221	47	63
572	219	51	64
573	218	43	66
571	220	50	62
574	219	41	65
574	220	49	61
572	218	45	65
573	219	51	64
570	219	46	65
572	218	52	64
571	218	45	65
572	219	53	62
573	218	43	66
575	219	50	63
576	218	41	64
574	217	50	65
575	217	42	65
575	219	50	63
575	218	43	65
575	219	50	63
569	218	49	65
574	217	52	65
575	216	44	67
575	218	52	64
577	216	43	67
577	218	48	63
577	218	45	63
577	218	49	63
574	217	48	65
575	216	52	65
575	216	45	66
577	217	52	64
573	215	47	66
576	216	52	65
577	215	43	67
576	216	52	65
574	215	46	67
576	215	53	65
572	215	49	67
575	214	54	67
572	215	48	68
575	214	54	67
574	214	47	68
574	214	55	67
569	213	52	70
572	212	57	70
571	211	49	72
573	212	56	69
572	212	48	70
574	212	55	69
570	211	51	70
573	210	57	70
572	211	48	71
572	210	57	70
571	210	50	71
574	210	56	70
571	210	50	71
574	209	56	70
572	208	50	72
573	209	57	70
572	209	50	71
574	209	56	70
573	209	49	71
575	209	56	69
568	208	55	71
571	206	60	74
573	205	50	76
573	207	59	72
573	207	51	74
575	207	58	72
575	206	50	73
576	207	58	72
571	206	54	74
574	205	60	74
575	204	50	77
575	206	59	72
576	205	49	75
576	206	58	72
577	205	49	74
576	205	59	73
577	204	50	76
577	205	59	73
573	204	55	75
575	203	61	75
574	203	52	76
576	204	60	75
577	203	51	76
574	205	62	74
576	203	51	77
577	203	61	75
572	201	56	78
576	201	62	77
576	200	53	78
577	201	59	77
575	201	53	77
576	201	60	76
576	201	52	78
576	201	60	77
574	199	55	79
576	200	63	78
572	199	57	80
575	199	64	79
575	198	55	81
576	199	63	79
573	199	56	80
576	199	63	79
573	199	57	80
576	198	64	80
570	197	59	82
573	197	67	81
575	195	56	84
575	197	65	80
576	196	56	83
575	198	66	79
577	197	54	83
577	199	63	79
577	198	53	82
579	199	62	82
573	198	58	83
576	198	65	82
579	195	53	85
579	197	62	81
577	195	57	84
578	195	62	83
579	195	53	83
577	196	65	84
579	195	54	85
580	197	63	82
577	195	57	84
579	195	64	83
575	194	61	85
578	193	66	85
579	193	58	87
579	194	64	83
579	193	58	85
579	193	66	85
580	192	57	87
580	195	65	84
580	194	56	85
579	190	66	90
578	191	59	89
579	190	69	89
579	190	59	90
581	191	67	86
580	190	59	89
578	191	70	88
580	189	60	91
581	189	69	89
581	189	59	91
580	189	70	88
581	189	59	90
580	189	69	89
577	188	63	91
581	188	70	90
582	187	59	92
579	188	73	92
583	186	58	95
581	188	69	90
581	187	60	92
582	188	70	92
581	187	61	93
581	187	72	95
581	187	62	95
581	187	73	93
581	185	63	96
583	187	72	93
584	186	62	94
583	188	71	91
581	186	64	94
584	186	72	93
581	184	66	96
584	185	74	94
585	184	63	97
585	184	73	94
586	181	63	99
582	182	74	95
585	180	63	99
582	184	77	97
586	180	63	102
584	183	75	96
583	181	68	99
585	182	75	97
583	180	69	100
584	179	79	102
580	178	74	103
584	178	80	103
581	178	73	103
585	177	80	103
585	177	71	105
588	177	76	102
581	177	71	102
586	177	79	102
586	176	69	104
588	176	80	106
588	174	68	108
589	176	78	103
586	176	72	104
588	175	78	105
584	173	72	106
589	174	79	106
588	173	71	107
587	173	83	108
585	173	75	109
588	171	82	109
582	171	77	110
588	171	83	110
589	171	72	109
591	172	80	107
587	169	75	110
590	170	84	111
586	168	78	113
595	170	79	111
590	168	74	111
596	169	81	112
590	168	77	112
599	169	80	111
593	169	75	110
594	167	87	112
595	164	75	116
600	166	83	113
592	166	80	113
601	166	84	113
595	166	80	113
603	165	84	113
595	165	81	113
605	166	84	111
596	164	83	114
606	164	84	114
603	161	77	116
605	162	87	114
603	160	78	116
608	160	86	118
606	159	78	118
612	160	84	117
606	160	79	117
611	159	88	120
610	158	80	121
614	159	84	118
612	157	80	119
614	157	87	122
611	156	80	122
618	159	88	119
614	156	81	121
621	156	87	124
614	156	84	122
622	156	90	123
620	154	79	124
627	154	86	125
620	153	83	123
627	152	91	126
619	150	88	127
625	149	94	127
627	148	82	128
629	145	97	134
623	144	91	133
634	145	91	130
627	144	87	130
635	145	95	133
626	145	91	131
635	146	91	129
631	147	86	127
634	143	98	136
632	144	88	133
634	139	97	135
632	140	87	133
633	139	102	142
637	141	87	137
637	140	97	134
637	136	86	137
635	137	103	145
641	139	84	141
637	139	103	138
636	136	91	139
638	137	102	137
645	132	84	142
638	134	106	147
646	133	87	146
641	133	103	138
643	133	88	139
643	134	106	146
644	133	93	144
643	130	108	143
648	130	91	144
644	128	105	142
645	129	97	141
646	131	109	145
648	127	97	148
647	129	110	143
652	127	92	146
649	128	110	146
651	126	96	147
649	127	112	144
651	122	98	151
650	125	113	145
654	120	97	152
652	125	118	154
654	116	103	162
654	121	115	151
656	116	103	157
653	118	117	151
658	122	109	151
660	111	107	162
658	118	112	153
659	118	118	155
663	109	103	164
658	114	125	158
664	113	106	160
666	123	120	148
666	117	105	157
664	109	122	163
666	113	106	158
664	114	127	157
668	112	106	161
666	112	123	159
669	109	108	163
669	116	122	152
672	107	104	163
670	117	126	155
676	110	103	164
671	107	122	162
673	107	108	164
672	108	124	168
676	106	105	169
673	111	125	161
678	106	108	167
680	114	120	155
683	114	108	158
681	109	122	161
683	114	107	156
684	126	122	145
683	114	123	159
686	121	106	153
688	132	119	141
687	127	126	147
684	119	113	157
685	119	125	154
682	119	120	156
685	119	128	156
685	115	120	161
685	113	130	163
691	122	112	155
690	125	125	152
688	121	131	156
689	127	128	151
689	123	132	157
692	126	128	153
687	120	134	161
687	116	132	166
693	118	131	161
690	131	136	149
690	121	131	160
689	124	140	160
691	126	134	157
691	124	132	161
691	125	139	161
693	128	133	160
694	120	131	169
693	120	136	168
693	120	133	167
695	124	136	163
693	116	137	174
692	123	137	166
693	116	143	175
693	128	135	161
695	128	146	165
694	130	139	167
690	119	143	179
684	134	153	164
689	117	149	181
689	136	153	163
689	133	152	168
689	127	151	173
685	130	161	173
696	120	151	183
690	130	153	173
677	159	169	144
683	135	166	165
686	133	162	171
687	143	160	158
693	126	155	176
685	157	170	147
693	134	161	172
694	128	160	180
694	124	161	184
694	128	160	182
695	122	158	187
671	181	182	130
689	149	162	160
693	124	154	181
679	164	170	144
693	124	154	181
667	180	173	128
676	158	161	152
682	127	152	180
650	213	180	94
648	230	178	83
621	200	201	113
650	168	161	146
649	132	157	178
610	224	193	89
614	240	186	79
607	215	187	104
602	207	185	112
603	201	178	121
588	193	185	128
589	188	178	132
600	159	159	163
582	155	176	162
585	119	166	196
557	189	181	122
567	161	166	156
556	148	174	167
547	138	171	179
540	134	174	182
518	188	183	126
496	181	204	139
521	132	168	193
497	161	181	156
498	133	180	187
453	202	219	121
474	185	198	144
479	154	177	173
453	154	201	170
463	113	184	212
442	162	195	163
453	119	183	209
445	129	192	199
421	174	216	152
437	122	193	210
434	122	205	205
414	170	219	162
433	120	193	216
428	111	209	216
420	126	207	210
415	127	219	204
411	130	226	205
417	111	223	226
413	109	202	227
411	121	210	213
416	114	214	218
400	139	222	201
406	108	218	237
402	124	223	216
406	122	217	214
406	123	218	219
396	132	229	214
397	109	228	236
395	124	234	224
381	139	247	211
391	107	238	251
395	98	233	258
395	97	235	254
394	113	232	248
393	95	239	259
390	106	237	254
382	121	249	238
392	87	249	271
400	91	233	273
396	108	239	251
394	127	250	235
395	121	252	239
372	178	273	183
388	143	251	226
362	179	277	188
386	132	239	244
379	114	255	252
380	107	257	262
376	99	243	271
367	102	262	260
364	77	251	292
365	89	233	271
356	115	251	248
343	125	258	237
335	127	259	236
337	111	258	253
332	108	260	258
336	90	260	278
330	88	265	281
324	100	273	270
320	99	277	270
322	73	268	302
321	89	268	284
303	98	289	269
306	86	285	285
309	89	283	277
288	98	302	286
301	50	294	314
297	70	281	312
281	80	298	310
288	71	300	314
284	68	290	309
296	81	277	317
284	69	301	320
269	77	309	318
274	49	303	337
271	71	296	333
274	63	302	325
253	82	314	324
258	51	307	345
256	66	302	351
248	50	321	343
249	59	302	341
246	65	306	344
236	62	320	331
240	77	304	345
228	57	327	324
223	64	322	343
227	66	315	351
227	66	313	335
219	73	313	337
208	57	320	355
207	63	317	354
191	55	331	355
196	58	317	355
179	57	332	368
185	51	329	341
173	61	333	366
187	57	332	347
172	64	329	364
168	55	336	359
160	68	328	360
146	72	348	347
142	63	350	352
120	62	373	358
132	53	362	361
126	46	351	382
129	53	347	357
100	56	373	373
114	47	355	362
106	57	368	375
109	56	365	359
86	53	381	352
89	55	374	370
86	46	370	373
71	53	380	380
62	46	389	390
57	51	384	373
56	54	382	368
59	58	374	381
51	57	401	363
52	66	380	369
42	65	405	360
40	59	394	374
38	61	397	365
44	58	389	386
41	67	391	374
35	61	396	363
36	57	388	386
38	65	387	374
34	62	390	369
40	73	377	372
40	81	388	349
46	79	379	363
35	92	372	356
38	76	380	343
37	87	378	356
36	90	369	340
51	96	359	346
44	106	362	342
38	112	373	318
45	107	361	332
38	113	355	330
35	120	369	315
42	121	351	312
57	121	340	317
59	125	335	312
61	127	333	321
55	123	330	296
71	136	318	306
74	143	323	307
87	140	319	313
114	148	303	311
166	169	255	295
170	177	248	291
177	190	251	264
189	183	255	274
198	195	260	272
198	185	251	291
198	188	275	294
199	195	260	296
208	198	276	301
206	196	269	311
213	214	267	297
228	233	251	285
246	250	241	273
253	226	249	294
261	253	252	276
269	260	235	272
275	255	246	282
279	271	238	273
288	271	234	282
297	266	231	285
308	292	235	259
311	278	227	281
309	286	245	274
312	276	233	293
318	302	245	268
328	261	228	319
323	296	237	269
332	305	228	260
335	288	240	286
339	303	234	274
345	266	229	314
340	301	238	269
360	301	232	273
358	306	224	271
362	306	225	275
365	286	232	297
365	314	241	266
370	274	235	314
368	306	241	275
376	284	235	304
376	297	230	289
391	303	228	285
389	282	234	306
311	306	314	280
372	272	265	320
290	243	338	349
223	215	432	400
280	177	387	438
248	136	376	467
262	93	410	517
235	78	421	534
267	48	407	565
252	43	417	562
289	34	396	567
292	56	371	540
288	71	393	515
283	76	423	519
282	77	394	526
318	44	395	556
293	48	395	548
301	65	417	527
300	89	407	507
344	31	396	574
298	100	393	500
360	57	384	549
334	56	359	540
367	27	382	561
321	76	389	516
372	26	383	571
323	77	388	515
379	43	385	554
339	49	393	552
350	24	395	571
346	19	377	572
343	33	377	559
366	23	385	564
340	56	376	536
354	37	388	551
327	50	398	540
324	115	405	478
327	73	396	532
324	43	384	565
313	32	401	567
327	98	369	503
333	49	400	552
333	29	350	571
321	39	392	556
305	16	383	579
324	30	371	561
314	89	363	510
335	155	375	445
297	153	373	449
310	101	403	510
315	85	363	521
310	122	392	482
314	69	342	536
299	57	403	534
282	65	377	532
265	82	448	519
292	45	366	574
277	84	426	515
292	78	376	527
303	77	381	520
271	121	378	475
314	101	387	502
294	82	363	518
288	72	408	524
286	78	361	526
267	83	432	511
278	75	374	537
296	102	396	498
300	112	345	488
269	160	418	439
268	91	389	520
284	76	393	533
278	59	365	542
282	96	398	498
284	86	353	517
271	101	423	496
289	87	350	515
256	100	411	499
284	79	373	524
266	66	383	528
272	96	376	500
263	98	401	497
283	85	349	521
237	87	433	508
324	105	292	498
273	118	403	473
242	74	369	531
242	105	431	493
262	100	373	507
227	67	420	536
279	49	362	558
253	80	362	517
228	89	414	503
257	76	378	524
244	75	375	519
273	69	381	535
245	66	354	534
258	101	389	493
240	61	376	536
233	52	398	541
249	65	364	529
226	66	430	528
228	60	373	545
232	88	418	512
250	68	352	540
231	67	433	528
222	54	403	554
221	44	443	562
225	35	378	577
226	53	434	547
220	67	387	543
245	65	426	536
236	61	372	545
245	57	420	537
244	55	380	547
229	61	413	537
255	95	367	515
253	124	418	477
247	96	358	515
258	101	409	500
228	83	381	524
254	62	411	540
240	43	379	561
243	60	423	537
263	50	353	555
237	98	414	490
240	73	417	527
248	73	357	530
256	88	416	505
243	58	369	547
245	87	428	510
241	61	380	543
256	80	411	516
239	51	371	550
284	107	378	484
260	115	352	481
256	84	405	514
270	112	351	485
242	109	434	491
223	101	381	515
280	116	387	499
253	100	365	516
261	82	420	526
243	72	373	541
254	95	429	506
244	112	384	503
254	139	424	474
246	109	377	513
248	118	424	498
229	93	409	525
261	100	420	515
246	84	373	528
273	120	404	484
248	90	375	515
242	95	426	504
234	49	399	559
254	63	405	536
236	56	385	548
293	87	383	507
254	75	367	519
266	97	407	498
248	78	373	526
280	101	393	495
252	89	372	507
249	79	422	517
237	54	405	547
253	50	419	548
262	73	369	529
264	107	416	485
244	107	377	498
276	121	399	488
261	113	353	504
272	123	407	483
246	128	370	485
265	125	408	488
239	134	402	477
261	113	419	507
238	108	402	505
280	82	390	539
246	99	393	506
254	108	433	502
245	110	411	507
296	124	389	499
271	127	373	484
274	114	400	497
235	113	413	493
298	127	358	492
230	138	435	474
281	118	383	489
234	135	440	472
268	110	393	515
280	94	376	514
249	126	444	475
268	98	386	508
263	89	405	512
265	59	400	537
289	60	406	531
269	71	373	523
288	77	406	510
276	102	361	485
294	108	402	476
268	128	369	466
286	123	393	477
249	135	421	464
283	112	382	483
256	95	416	502
275	52	407	554
284	62	347	531
345	121	354	456
288	109	352	470
287	89	405	493
264	87	392	497
295	84	410	507
249	95	395	503
317	102	379	501
264	128	389	470
345	117	356	489
289	139	357	461
354	162	345	440
307	184	363	408
292	159	417	449
265	130	403	477
351	120	351	494
283	167	371	432
351	179	347	428
279	183	395	405
302	193	403	421
274	169	427	436
353	134	331	473
277	179	410	410
337	188	363	408
304	208	379	392
289	212	418	389
296	216	407	381
328	182	377	408
293	164	391	435
369	180	346	429
284	189	401	395
297	202	415	412
357	188	330	387
293	204	411	382
285	197	433	418
354	199	357	405
320	169	354	432
321	174	395	430
309	170	372	439
303	180	394	426
344	183	368	412
316	196	362	404
359	226	354	386
286	182	401	417
310	156	403	450
313	171	364	425
365	178	347	418
296	197	390	400
328	203	388	393
321	174	384	425
287	145	424	471
341	136	380	481
289	132	410	478
323	107	389	504
303	76	389	530
304	84	445	516
305	82	377	528
322	106	411	496
343	105	340	494
309	102	433	489
300	94	400	508
329	101	408	502
317	145	374	460
349	138	378	473
296	127	403	480
360	110	373	501
301	148	398	449
374	155	355	456
313	181	392	415
322	145	407	453
348	113	359	494
277	158	443	442
348	133	394	489
318	128	384	465
341	96	409	508
312	139	392	463
354	169	373	442
287	157	435	461
388	126	331	486
306	169	395	425
297	154	433	457
366	166	381	451
335	150	367	458
351	160	364	444
300	164	412	440
379	162	339	433
308	194	405	398
323	180	413	407
293	155	432	449
384	134	344	482
345	145	357	449
316	176	412	421
333	166	391	450
363	142	375	460
312	129	405	473
379	148	346	456
339	170	366	423
282	205	463	400
351	116	398	475
309	117	405	482
380	111	343	489
302	142	424	443
383	114	359	487
305	152	402	440
370	99	368	499
328	66	381	525
356	101	389	481
312	123	402	463
372	126	341	459
301	137	444	442
365	142	377	463
318	118	401	460
383	147	344	445
304	166	441	424
359	154	374	439
305	153	438	444
399	167	328	424
324	166	403	421
317	170	428	434
358	136	372	461
314	114	414	484
340	107	394	486
334	125	394	468
353	135	364	447
332	160	393	427
308	167	444	433
390	118	343	453
344	112	374	455
321	95	437	486
342	98	382	495
349	104	381	486
356	104	386	484
317	105	402	482
376	112	369	479
339	102	372	481
375	106	373	480
341	81	383	504
346	101	399	483
337	77	389	513
343	104	398	483
350	96	380	491
328	95	411	494
348	85	387	510
353	98	389	491
363	90	364	497
362	78	369	496
315	117	436	457
345	100	376	493
362	133	365	454
340	139	402	452
389	139	344	445
263	235	474	350
338	176	398	374
337	206	413	383
398	195	347	389
316	261	428	334
391	186	349	362
305	262	456	309
384	201	361	370
340	264	397	325
338	256	403	296
309	294	436	291
357	178	375	367
403	182	354	391
381	174	368	414
358	174	393	417
414	138	352	454
382	131	349	460
388	139	373	452
331	124	423	471
357	89	418	520
346	96	392	506
334	82	433	515
329	97	427	505
384	96	387	509
399	167	352	422
421	142	367	456
398	98	338	496
332	153	467	428
311	57	486	550
317	41	440	567
322	44	485	560
316	44	445	557
314	32	490	574
392	59	365	545
320	38	475	547
351	18	430	575
386	16	419	569
345	18	457	559
398	33	396	548
377	50	431	524
354	13	452	567
392	32	410	552
359	4	444	576
393	33	417	550
355	13	455	567
391	12	431	575
356	0	464	584
425	42	393	548
376	17	446	565
382	30	437	559
359	26	465	564
354	0	477	594
395	58	424	540
391	47	445	550
373	27	453	573
410	55	436	544
383	4	456	599
440	49	400	548
364	11	480	580
424	55	438	541
366	24	483	578
428	43	454	560
385	18	444	587
401	43	494	564
418	93	401	527
415	39	467	580
397	43	445	571
415	80	478	534
377	67	478	555
362	49	542	584
419	47	432	565
435	57	470	559
479	36	376	577
496	66	405	525
507	65	375	527
505	60	397	525
522	159	345	429
496	238	409	354
568	256	346	355
511	264	391	338
439	370	467	224
584	258	315	319
448	382	449	210
505	331	405	244
511	360	386	228
445	419	444	144
423	455	478	109
443	451	473	142
431	430	494	148
455	451	462	138
439	432	486	144
447	451	477	129
456	441	463	132
448	429	472	142
447	430	478	147
468	446	460	138
448	413	474	166
448	440	473	154
443	435	484	147
447	439	484	144
467	426	467	152
458	413	478	172
475	444	454	141
459	417	467	162
469	442	471	137
462	420	474	158
477	440	452	136
488	414	450	153
505	370	409	204
482	402	444	152
458	438	465	137
484	442	447	128
454	442	480	130
465	444	467	123
477	417	450	148
473	433	456	151
459	434	467	147
463	453	463	128
481	420	445	139
470	401	454	169
476	421	439	153
476	440	441	134
493	332	432	227
548	343	346	199
525	377	382	181
473	430	438	135
525	377	396	184
575	373	335	178
497	396	424	150
464	444	461	127
506	386	419	167
501	409	413	158
633	274	296	289
557	300	356	257
450	382	460	179
494	397	423	172
532	362	387	204
650	313	257	236
510	364	414	203
562	359	343	191
658	316	258	245
537	354	383	208
650	302	256	244
493	367	439	198
615	312	294	236
543	358	392	210
561	343	352	209
703	267	204	278
479	415	429	137
580	326	341	234
646	268	282	303
576	285	341	291
588	326	340	243
656	276	268	288
588	298	323	270
562	303	358	267
579	332	341	231
688	261	230	305
512	359	403	203
502	379	403	166
491	406	431	158
486	407	440	164
453	422	468	155
460	423	465	154
468	407	455	176
600	323	312	249
600	281	329	288
572	270	355	301
568	302	356	269
535	324	389	250
598	325	319	238
676	281	250	292
674	265	239	312
616	311	298	254
681	255	246	318
643	299	272	271
639	265	280	303
601	313	309	248
676	261	256	317
569	316	343	248
618	304	306	269
514	405	408	168
663	275	247	292
553	359	363	214
673	290	234	262
665	287	253	287
674	256	242	319
591	307	321	253
620	277	309	294
555	293	360	277
489	412	433	164
577	326	344	264
675	263	242	314
676	267	236	304
625	287	285	287
505	416	415	163
674	249	249	334
665	263	242	310
637	275	278	296
509	412	407	156
676	247	247	331
652	251	258	315
514	375	407	203
674	283	246	286
677	257	235	311
650	255	266	329
548	317	363	260
533	345	380	231
659	273	239	280
657	269	259	299
655	251	265	326
650	261	259	317
615	276	297	285
660	297	260	276
677	250	244	318
667	281	246	282
644	275	275	294
571	329	351	251
687	254	235	311
501	377	413	184
491	408	431	159
629	283	296	295
544	397	377	167
505	400	408	152
680	247	237	325
656	249	259	310
620	287	294	275
482	411	436	156
627	283	295	295
501	397	413	164
678	256	233	320
670	255	241	314
667	234	246	329
593	278	320	285
488	372	425	193
657	283	251	281
665	243	241	324
597	263	309	299
456	409	467	162
611	276	294	290
474	443	437	122
614	346	299	199
570	361	342	191
587	343	324	213
533	395	387	165
457	441	447	116
664	295	243	253
570	330	344	232
658	272	251	276
667	242	231	307
676	269	226	281
630	291	262	243
641	251	269	310
649	256	249	295
660	243	238	303
657	250	247	299
646	257	260	297
652	226	238	331
613	257	287	296
643	270	249	296
661	239	228	325
678	275	205	275
627	306	261	242
665	282	230	278
669	304	218	254
662	329	231	233
435	419	459	151
510	241	405	357
498	100	376	432
513	37	366	478
504	48	382	502
480	46	399	521
503	25	371	531
541	72	356	496
491	78	410	486
487	48	396	538
482	97	395	502
486	68	390	514
528	76	330	505
478	69	379	510
507	75	355	509
493	57	374	531
483	33	368	547
501	44	363	537
469	44	403	533
487	56	367	526
511	79	356	505
480	51	376	531
498	32	372	554
461	82	406	495
519	88	350	508
449	90	406	500
484	43	392	566
503	31	355	568
522	51	344	528
433	76	444	505
456	20	396	584
427	15	420	584
393	22	429	581
438	30	413	593
434	15	400	589
443	23	407	574
422	44	427	571
430	26	433	555
425	9	416	602
413	27	453	591
409	48	453	539
433	60	434	522
405	29	485	578
374	54	508	519
426	69	459	490
368	33	516	554
418	48	465	513
378	48	526	513
361	53	518	495
397	57	480	483
388	63	507	480
363	57	527	484
410	44	514	495
367	32	504	498
428	55	475	493
387	73	513	466
371	62	572	479
393	55	475	456
445	69	502	478
405	41	495	491
377	65	495	470
446	43	490	494
370	57	527	499
425	53	491	486
361	64	536	482
413	45	508	518
395	54	509	492
397	52	539	515
461	32	436	494
399	45	527	518
377	54	497	477
449	57	516	507
386	13	530	522
480	43	471	515
409	58	505	494
386	69	547	496
380	65	532	466
394	57	495	473
397	60	533	493
418	63	525	490
428	67	441	449
428	79	510	486
406	63	504	460
401	75	496	459
380	60	549	492
427	51	482	499
443	65	504	495
372	58	554	511
440	60	470	520
481	69	426	487
515	10	373	567
497	54	374	537
522	39	362	552
564	13	310	577
599	35	289	535
625	47	259	521
584	87	322	477
570	94	318	489
619	56	257	519
585	61	313	496
615	33	271	539
581	69	316	495
617	43	261	536
601	70	286	496
594	64	284	513
611	50	258	521
608	59	258	497
617	76	261	476
570	128	303	417
649	86	229	480
542	211	324	326
532	280	336	288
541	255	324	278
502	382	403	151
556	377	327	116
558	268	305	261
534	400	374	117
639	80	262	408
473	350	416	199
665	303	228	235
640	324	244	189
714	289	192	200
503	472	370	53
511	516	138	87
512	510	84	117
516	501	95	111
515	507	83	117
515	498	88	123
513	504	89	122
512	505	91	115
514	506	88	112
514	510	85	102
512	516	84	103
514	510	82	99
513	522	82	99
517	525	87	85
514	531	65	92
515	544	75	71
507	558	58	70
512	554	55	65
519	544	55	70
528	455	38	159
526	449	115	78
529	450	231	95
516	433	364	78
513	355	377	165
731	266	187	264
509	348	403	167
657	293	240	246
297	256	594	266
534	67	354	505
558	37	328	553
547	29	356	576
543	30	374	576
541	38	391	573
514	56	429	546
517	24	416	578
484	68	450	542
563	52	345	536
514	35	388	566
544	42	351	546
566	23	327	567
562	58	330	530
553	29	320	569
609	31	269	557
511	106	366	477
535	47	347	544
559	21	316	576
547	49	332	539
583	29	321	547
449	62	455	521
395	74	521	477
418	24	475	522
387	45	553	526
405	38	511	522
453	40	438	512
409	37	491	532
427	52	469	502
366	71	521	478
418	47	526	497
395	37	498	517
364	58	508	482
427	56	493	504
376	73	511	471
413	24	476	483
449	50	439	508
371	33	497	508
394	61	513	509
375	60	524	498
343	46	541	506
427	37	496	503
356	56	533	506
395	50	516	506
424	68	460	476
399	73	478	468
404	67	497	487
411	64	473	478
374	29	526	536
439	39	433	497
397	53	510	523
450	38	440	502
385	55	497	509
416	45	493	506
421	50	447	484
364	68	532	516
444	19	444	523
391	31	484	510
370	56	549	492
419	38	433	477
437	32	488	528
384	53	520	502
394	62	494	516
448	45	486	517
403	46	533	531
422	35	473	523
389	40	535	524
455	39	462	537
445	16	446	572
397	55	481	547
486	44	422	565
498	8	386	594
476	47	382	566
519	53	335	565
526	62	335	547
574	32	297	570
580	34	295	560
594	32	285	563
573	34	308	558
575	38	309	558
558	30	312	563
579	28	296	552
571	30	317	546
560	38	323	539
596	28	291	549
572	34	311	545
589	37	298	543
552	40	329	542
575	28	311	542
573	34	302	538
614	29	264	535
604	32	267	529
580	59	292	502
608	38	266	529
580	72	303	495
603	45	279	529
574	64	317	522
577	51	313	535
597	49	280	542
590	47	295	537
581	40	299	550
603	32	284	556
567	36	319	553
601	54	285	540
568	65	314	523
581	47	296	549
599	38	281	551
571	55	314	534
614	35	270	562
589	51	310	533
591	38	309	559
582	40	319	560
564	42	332	566
542	91	346	527
543	54	331	566
525	52	350	571
550	52	310	559
555	44	335	561
530	54	360	551
526	64	360	557
559	45	320	568
510	80	375	540
554	35	304	587
566	43	330	561
578	37	325	564
593	64	321	552
585	48	331	557
602	29	314	576
