0.004003
0.141790
0.137846
0.136008
0.142689
0.145269
0.138307
0.119969
0.107780
0.115007
0.130282
0.134562
0.132712
0.103106
0.181118
0.134571
0.134820
0.128618
0.138292
0.131494
0.164402
0.145004
0.121416
0.164526
0.134462
0.154700
0.139081
0.141319
0.151254
0.137441
0.175666
0.173711
0.156856
0.135880
0.135528
0.133808
0.153797
0.139742
0.131012
0.132008
0.134804
0.125718
0.189013
0.150450
0.125025
0.145924
0.131757
0.149225
0.131816
0.148127
0.117487
0.117937
0.125991
0.115727
0.128657
0.123955
0.125520
0.131252
0.130517
0.155821
0.109779
0.117826
0.153608
0.136546
0.150417
0.161588
0.135422
0.137033
0.129718
0.126300
0.171190
0.154476
0.123428
0.122138
0.151121
0.137297
0.173785
0.164392
0.168311
0.163558
0.140452
0.168821
0.118786
0.167659
0.146923
0.118492
0.123741
0.105142
0.118242
0.139526
0.171272
0.142876
0.144367
0.122682
0.135683
0.124337
0.168261
0.162423
0.161619
0.134697
0.167818
0.146203
0.149870
0.139162
0.123741
0.150638
0.130726
0.137104
0.138570
0.125757
0.125849
0.122068
0.159008
0.146824
0.136973
0.136947
0.144894
0.133501
0.148107
0.140730
0.136723
0.141109
0.155116
0.139761
0.148598
0.135179
0.133783
0.135993
0.121536
0.123416
0.155417
0.135172
0.147900
0.140975
0.161948
0.173888
0.168775
0.167700
0.177401
0.146760
0.137554
0.135127
0.129348
0.168382
0.140807
0.122731
0.172784
0.167032
0.119201
0.140213
0.164455
0.135602
0.124498
0.113574
0.147533
0.151001
0.167299
0.154910
0.138281
0.134822
0.156647
0.139046
0.132680
0.141290
0.158902
0.135356
0.136150
0.139634
0.134945
0.166112
0.138977
0.124619
0.116842
0.124535
0.117993
0.140772
0.180522
0.119727
0.167113
0.129477
0.135076
0.143719
0.166577
0.142739
0.122424
0.136131
0.139584
0.136482
0.118835
0.179392
0.190395
0.146775
0.134367
0.132601
0.153849
0.155437
0.168560
0.177227
0.143814
0.137988
0.138137
0.163201
0.133442
0.147216
0.129797
0.156336
0.125028
0.116302
0.118397
0.148013
0.150241
0.132729
0.139047
0.134070
0.130871
0.140488
0.119747
0.124461
0.148157
0.133761
0.137706
0.147928
0.134667
0.148260
0.137097
0.150666
0.134262
0.130852
0.147493
0.133846
0.136411
0.120318
0.137354
0.137780
0.131366
0.143290
0.121966
0.120404
0.141335
0.144712
0.144321
0.141462
0.140313
0.140449
0.138721
0.116799
0.113176
0.117804
0.177812
0.183009
0.191301
0.189736
0.150002
0.155791
0.146454
0.133167
0.150201
0.136749
0.162670
0.139971
0.131399
0.174514
0.132878
0.158574
0.167373
0.167256
0.147010
0.166970
0.141809
0.141186
0.180960
0.143577
0.164168
0.175560
0.171598
0.140763
0.140241
0.142982
0.131805
0.155533
0.138782
0.172011
0.195739
0.152200
0.129467
0.147740
0.146786
0.133504
0.141243
0.127685
0.164832
0.132075
0.135813
0.140042
0.137396
0.138488
0.137814
0.154378
0.143907
0.168914
0.145597
0.140737
0.135254
0.165635
0.123748
0.139924
0.114715
0.115343
0.179740
0.132148
0.118891
0.134596
0.158365
0.118510
0.117788
0.132437
0.164006
0.151032
0.171288
0.173641
0.137565
0.132084
0.135170
0.133590
0.167298
0.115628
0.118261
0.114028
0.121781
0.148152
0.139892
0.142927
0.117241
0.134530
0.131233
0.120986
0.118953
0.141869
0.133339
0.136919
0.137505
0.151544
0.129648
0.142586
0.137212
0.134221
0.128156
0.156228
0.139553
0.140320
0.126325
0.137666
0.131261
0.143858
0.180544
0.169527
0.141658
0.153468
0.143557
0.141314
0.135490
0.122188
0.122011
0.127492
0.120542
0.124213
0.122300
0.140664
0.133765
0.149460
0.119452
0.121120
0.144918
0.133846
0.152530
0.137724
0.167106
0.149741
0.140637
0.170120
0.162000
0.142368
0.139371
0.135974
0.175024
0.159415
0.172500
0.131719
0.141840
0.148525
0.148228
0.156874
0.137125
0.123768
0.134015
0.136457
0.142443
0.134708
0.126971
0.118267
0.144005
0.151657
0.153684
0.133214
0.138080
0.150554
0.147589
0.147309
0.150418
0.116822
0.145214
0.168893
0.156642
0.149140
0.140013
0.134915
0.133032
0.136765
0.134520
0.157686
0.143118
0.141411
0.201675
0.177294
0.137717
0.199587
0.164364
0.146502
0.130101
0.143998
0.142553
0.143206
0.159033
0.141406
0.135781
0.169151
0.143424
0.151480
0.140502
0.161694
0.161464
0.144853
0.161254
0.151351
0.146819
0.145951
0.162987
0.165231
0.121604
0.155458
0.127146
0.119263
0.109815
0.123783
0.126004
0.169147
0.116280
0.142878
0.166855
0.189045
0.144333
0.147010
0.147687
0.146135
0.136265
0.135400
0.150463
0.135773
0.116516
0.120749
0.116376
0.139828
0.149930
0.126261
0.127124
0.115341
0.174939
0.127242
0.138248
0.117325
0.143244
0.135392
0.121924
0.111244
0.153533
0.176225
0.170210
0.183277
0.210651
0.164440
0.130384
0.156152
0.134687
0.136100
0.133965
0.142371
0.134439
0.121560
0.143584
0.137616
0.120972
0.118295
0.156671
0.140082
0.122197
0.115318
0.143717
0.154456
0.170878
0.158274
0.125824
0.148521
0.137716
0.136751
0.140419
0.146946
0.121257
0.139288
0.138363
0.156583
0.132706
0.112555
0.150374
0.158745
0.137317
0.118942
0.137997
0.148868
0.153138
0.146790
0.147183
0.147970
0.148257
0.143108
0.160676
0.144715
0.133970
0.119525
0.123260
0.144088
0.141658
0.184471
0.132740
0.150288
0.137312
0.154083
0.131958
0.120722
0.117730
0.113061
0.146668
0.122252
0.154225
0.143724
0.124812
0.138292
0.140910
0.119653
0.152789
0.162062
0.138450
0.132139
0.137239
0.124828
0.123914
0.140321
0.137504
0.144490
0.152224
0.135099
0.135439
0.188437
0.140270
0.213219
0.169377
0.172287
0.174521
0.164627
0.154797
0.143342
0.136142
0.181309
0.173453
0.169155
0.161465
0.153369
0.158940
0.141123
0.134452
0.134544
0.169137
0.189531
0.150838
0.140898
0.177338
0.140939
0.154538
0.137557
0.129202
0.139957
0.139508
0.176775
0.138510
0.184438
0.163366
0.143085
0.134677
0.131583
0.151494
0.138301
0.127514
0.152907
0.157463
0.137764
0.135528
0.122962
0.151853
0.141481
0.142093
0.134340
0.127803
0.116913
0.136606
0.136051
0.141627
0.138795
0.151772
0.149763
0.157773
0.170324
0.143008
0.139596
0.139094
0.165680
0.152940
0.144311
0.139746
0.152894
0.148298
0.169139
0.153152
0.146328
0.132298
0.143097
0.143781
0.143401
0.143291
0.166335
0.155525
0.138012
0.133383
0.149087
0.144364
0.140205
0.176504
0.161666
0.159527
0.183923
0.132439
0.153077
0.141781
0.146252
0.146458
0.153567
0.147568
0.135948
0.135403
0.134167
0.116476
0.140142
0.121928
0.161925
0.158381
0.137534
0.127523
0.140111
0.122559
0.151586
0.144845
0.165860
0.140048
0.142286
0.137722
0.128747
0.137094
0.139175
0.137309
0.137355
0.137612
0.173765
0.140830
0.137188
0.139805
0.163224
0.148789
0.144060
0.118145
0.135348
0.140806
0.173044
0.156280
0.224653
0.144854
0.142873
0.132212
0.143547
0.141548
0.149066
0.141516
0.160187
0.138081
0.117714
0.142381
0.136411
0.175824
0.141524
0.164399
0.138301
0.125711
0.130506
0.179542
0.123581
0.178460
0.140807
0.142850
0.158796
0.152887
0.117021
0.129531
0.118898
0.134928
0.124595
0.117873
0.112183
0.115578
0.121136
0.171957
0.167237
0.163381
0.180411
0.152759
0.149827
0.155153
0.136660
0.158987
0.160802
0.135132
0.128921
0.123574
0.167121
0.135355
0.141207
0.121472
0.135200
0.149203
0.145911
0.139774
0.190756
0.157450
0.140842
0.134447
0.142375
0.136011
0.139086
0.146416
0.144141
0.135174
0.130057
0.179017
0.155722
0.155357
0.123083
0.159554
0.137954
0.152319
0.163178
0.140871
0.145688
0.138364
0.157806
0.138852
0.185215
0.118170
0.168073
0.135612
0.136157
0.116095
0.138166
0.151417
0.142729
0.136086
0.119632
0.164808
0.172760
0.179161
0.152046
0.143301
0.146969
0.137505
0.157806
0.141813
0.136706
0.134212
0.140073
0.136693
0.139072
0.167893
0.145350
0.145866
0.151927
0.159240
0.141771
0.177831
0.141088
0.133496
0.142738
0.149095
0.108970
0.109864
0.117860
0.172565
0.164218
0.161989
0.160167
0.134242
0.150766
0.147551
0.165303
0.138567
0.146579
0.142678
0.136997
0.147336
0.137540
0.141010
0.157085
0.132774
0.143522
0.128505
0.122720
0.159456
0.119827
0.120894
0.139935
0.133599
0.115134
0.153700
0.155757
0.116379
0.134475
0.124314
0.170624
0.179339
0.128889
0.158377
0.148864
0.138434
0.146223
0.137544
0.118052
0.148140
0.118499
0.161930
0.138471
0.140879
0.132405
0.136172
0.142618
0.120650
0.140651
0.127109
0.145369
0.155460
0.139223
0.187951
0.148711
0.158496
0.156882
0.142024
0.128697
0.122559
0.187410
0.184761
0.137507
0.139560
0.158234
0.132986
0.133240
0.147497
0.137539
0.138387
0.162309
0.147401
0.137579
0.134715
0.173440
0.143306
0.142587
0.157207
0.160141
0.148198
0.142896
0.120871
0.120467
0.113728
0.115402
0.164240
0.141543
0.128489
0.173561
0.141072
0.136297
0.151704
0.166716
0.158432
0.126541
0.176764
0.185135
0.165383
0.145522
0.161451
0.170126
0.156323
0.137336
0.136365
0.145726
0.137368
0.136414
0.123448
0.142274
0.152492
0.142453
0.141465
0.141932
0.153224
0.160043
0.144783
0.147794
0.124146
0.115467
0.149740
0.161284
0.141327
0.153589
0.140932
0.130753
0.123904
0.125781
0.129089
0.128005
0.129238
0.128427
0.144115
0.145774
0.124117
0.144771
0.138980
0.178695
0.136011
0.196409
0.165024
0.162719
0.153764
0.148488
0.174885
0.150451
0.140795
0.154723
0.159616
0.123596
0.127414
0.154688
0.192918
0.151861
0.136247
0.144171
0.178891
0.118562
0.128760
0.168798
0.160747
0.137794
0.140654
0.143356
0.161688
0.135251
0.153618
0.128689
0.132041
0.124268
0.129731
0.134863
0.150089
0.158255
0.134815
0.133195
0.177656
0.136610
0.127171
0.156563
0.188267
0.128627
0.157642
0.167441
0.157079
0.170419
0.143325
0.145850
0.147275
0.170277
0.163966
0.190172
0.154428
0.160419
0.142855
0.144995
0.142301
0.127219
0.160259
0.185186
0.160469
0.156859
0.164520
0.166137
0.126079
0.140518
0.144585
0.131075
0.130984
0.152541
0.166291
0.155232
0.149486
0.144808
0.126250
0.144998
0.128563
0.131995
0.155896
0.153889
0.162423
0.159933
0.161135
0.162648
0.147636
0.145797
0.127158
0.121726
0.130678
0.140591
0.163797
0.129135
0.150398
0.119537
0.130442
0.152908
0.140015
0.131434
0.159230
0.127101
0.146968
0.146973
0.116000
0.139467
0.123032
0.141780
0.121336
0.117187
0.179054
0.128684
0.144564
0.136012
0.126955
0.145763
0.125169
0.182397
0.163643
0.157872
0.112849
0.136541
0.119900
0.158881
0.122444
0.123419
0.167862
0.134205
0.174504
0.166657
0.125443
0.124018
0.144736
0.145563
0.145119
0.201431
0.137511
0.134299
0.159474
0.115837
0.116115
0.166583
0.140005
0.178403
0.148439
0.146814
0.115310
0.147169
0.135927
0.132089
0.133507
0.144915
0.146958
0.147509
0.151112
0.149017
0.193863
0.158736
0.157785
0.198613
0.136384
0.147134
0.132801
0.116695
0.147736
0.178695
0.150137
0.147512
0.145175
0.134093
0.140344
0.135949
0.139302
0.135266
0.141841
0.139694
0.151676
0.148796
0.179367
0.145869
0.150163
0.148838
0.138083
0.133532
0.176638
0.124430
0.163875
0.134300
0.131947
0.134615
0.192760
0.169896
0.144617
0.149664
0.142917
0.140079
0.160846
0.145046
0.169009
0.133436
0.135962
0.187415
0.149964
0.153476
0.141355
0.146240
0.171013
0.168934
0.145238
0.152313
0.180014
0.164392
0.168901
0.165020
0.143727
0.142136
0.135343
0.146323
0.207069
0.138046
0.147755
0.146575
0.137672
0.135899
0.197245
0.143461
0.168460
0.153452
0.136224
0.138296
0.136986
0.133208
0.132357
0.165540
0.159975
0.136923
0.148791
0.143844
0.115946
0.171899
0.166500
0.142331
0.170665
0.143468
0.120482
0.135522
0.135416
0.143836
0.162090
0.159434
0.125229
0.120266
0.193068
0.165096
0.160320
0.140636
0.136900
0.138979
0.173508
0.142640
0.142636
0.176445
0.144118
0.160788
0.151346
0.138379
0.114964
0.141818
0.179662
0.173273
0.141803
0.136706
0.141343
0.196108
0.143463
0.160609
0.154410
0.145336
0.184425
0.160973
0.165276
0.183125
0.132800
0.138979
0.148594
0.123625
0.144983
0.133537
0.139269
0.125772
0.136612
0.158227
0.161504
0.141273
0.160301
0.142041
0.153219
0.137639
0.153142
0.126116
0.147295
0.116621
0.114349
0.123618
0.134269
0.130493
0.133069
0.137444
0.135896
0.118471
0.135561
0.125701
0.121110
0.132727
0.124013
0.120874
0.127722
0.128585
0.174925
0.168884
0.131624
0.139954
0.123952
0.144291
0.140606
0.144177
0.160257
0.150347
0.153128
0.115086
0.124998
0.124368
0.138371
0.132802
0.150401
0.135266
0.170472
0.164161
0.136057
0.133644
0.133781
0.151540
0.168505
0.173699
0.141818
0.183150
0.168645
0.127445
0.134733
0.134326
0.148050
0.152699
0.124398
0.133521
0.140090
0.122204
0.159724
0.156572
0.144207
0.145902
0.148913
0.132591
0.135727
0.132171
0.127476
0.138570
0.122474
0.134000
0.167434
0.154041
0.142840
0.142756
0.117627
0.132628
0.136064
0.126639
0.138540
0.181273
0.120709
0.123838
0.166032
0.136063
0.125470
0.196794
0.185588
0.132547
0.124417
0.133341
0.163765
0.128817
0.121946
0.177994
0.153044
0.159634
0.148403
0.159138
0.133912
0.135648
0.133692
0.129860
0.119205
0.135379
0.108803
0.103249
0.165228
0.137815
0.155957
0.136708
0.192489
0.177562
0.164607
0.159683
0.137273
0.163851
0.162655
0.150685
0.151948
0.134038
0.165965
0.141961
0.119221
0.156204
0.144046
0.133760
0.128420
0.148916
0.142260
0.133051
0.115365
0.122803
0.145111
0.142917
0.137453
0.119243
0.158587
0.149861
0.151313
0.147419
0.164965
0.144227
0.140745
0.145401
0.177339
0.137506
0.142837
0.132353
0.112314
0.150704
0.135662
0.127178
0.146106
0.141390
0.126968
0.144994
0.150117
0.126791
0.167348
0.129754
0.123327
0.122016
0.133519
0.146064
0.152710
0.152306
0.136364
0.146749
0.158891
0.121261
0.131336
0.163826
0.134227
0.125701
0.160410
0.148784
0.141522
0.127268
0.142605
0.140302
0.150085
0.133432
0.125759
0.155885
0.137725
0.121061
0.165044
0.143268
0.128053
0.156236
0.125314
0.131423
0.115791
0.121361
0.153288
0.132279
0.131428
0.146047
0.128886
0.143044
0.117730
0.143030
0.135395
0.136810
0.116268
0.178783
0.151774
0.140507
0.134094
0.134350
0.162777
0.127717
0.169359
0.139696
0.138597
0.134674
0.128102
0.136678
0.144941
0.193154
0.117342
0.135812
0.131793
0.154191
0.151731
0.130443
0.138553
0.133439
0.134413
0.138629
0.167341
0.159406
0.157843
0.122481
0.136852
0.130009
0.143513
0.156685
0.148935
0.152097
0.118849
0.116048
0.158394
0.132124
0.139429
0.114834
0.121183
0.146741
0.146388
0.129412
0.122212
0.118799
0.124894
0.160338
0.163776
0.129545
0.119602
0.120847
0.117250
0.115207
0.126268
0.137431
0.133993
0.198529
0.128406
0.172237
0.189377
0.121901
0.172981
0.125782
0.128416
0.174944
0.150758
0.154064
0.142457
0.157269
0.168052
0.155061
0.123039
0.128945
0.150498
0.160538
0.138880
0.143386
0.146796
0.142068
0.119094
0.151362
0.112587
0.131268
0.154480
0.132926
0.135522
0.122771
0.149679
0.193619
0.162658
0.141928
0.175521
0.150494
0.120978
0.119008
0.160277
0.188948
0.128706
0.121208
0.158566
0.151405
0.161434
0.159675
0.139881
0.126855
0.125571
0.143035
0.120446
0.148463
0.129537
0.146474
0.121067
0.136144
0.138766
0.134724
0.136778
0.132295
0.120048
0.116163
0.164279
0.144073
0.135818
0.147646
0.148921
0.150340
0.124000
0.214216
0.160078
0.186973
0.157434
0.125742
0.119203
0.146916
0.120866
0.128830
0.158908
0.163029
0.123921
0.123175
0.132726
0.120026
0.136951
0.132399
0.136909
0.138966
0.139878
0.147750
0.140984
0.126197
0.157029
0.158815
0.145837
0.162318
0.134950
0.131208
0.140938
0.163343
0.116020
0.170553
0.123396
0.142750
0.163787
0.137866
0.157499
0.132148
0.133574
0.146963
0.156046
0.157114
0.172452
0.141971
0.112765
0.151617
0.142718
0.140651
0.120764
0.118942
0.120487
0.116030
0.134428
0.146513
0.177438
0.144782
0.146892
0.126314
0.133405
0.122997
0.121933
0.120864
0.134663
0.126588
0.144692
0.124882
0.160544
0.165094
0.137089
0.138709
0.137430
0.133136
0.145240
0.155704
0.119953
0.122631
0.117511
0.126803
0.113827
0.122656
0.119466
0.124105
0.137649
0.118376
0.137486
0.118834
0.134209
0.138259
0.116183
0.123595
0.162338
0.129580
0.121645
0.127906
0.171941
0.150295
0.140355
0.143656
0.145162
0.136222
0.129000
0.131898
0.147845
0.175177
0.175822
0.147530
0.165662
0.199173
0.150216
0.140352
0.138669
0.124400
0.124378
0.130481
0.127431
0.125141
0.121426
0.134015
0.155196
0.129076
0.141355
0.127399
0.124939
0.122234
0.123051
0.163196
0.129126
0.143317
0.132520
0.145190
0.143736
0.134446
0.153558
0.131521
0.125407
0.152806
0.149146
0.147373
0.145037
0.138119
0.147084
0.120508
0.128970
0.119507
0.114269
0.113509
0.139289
0.163738
0.128523
0.163500
0.125387
0.128189
0.115939
0.124322
0.139542
0.146683
0.176860
0.164855
0.112204
0.119135
0.114752
0.122961
0.166157
0.157866
0.135270
0.138299
0.134803
0.139347
0.134172
0.139646
0.184817
0.164732
0.149936
0.135537
0.155455
0.145772
0.154347
0.168268
0.167861
0.141291
0.136955
0.137181
0.135256
0.136077
0.153854
0.135996
0.155002
0.151389
0.121533
0.130947
0.152657
0.162785
0.189769
0.133445
0.121363
0.111349
0.131113
0.118946
0.107539
0.158503
0.145762
0.170236
0.185438
0.166633
0.150270
0.161787
0.145349
0.156274
0.140556
0.139405
0.144685
0.150048
0.124712
0.208755
0.160179
0.156719
0.150133
0.132460
0.134682
0.125896
0.126897
0.131520
0.163206
0.157638
0.128808
0.168432
0.132498
0.185989
0.147745
0.145595
0.125264
0.128986
0.119750
0.143530
0.130764
0.146502
0.134908
0.140411
0.126574
0.126262
0.121925
0.135381
0.154822
0.134402
0.143766
0.133035
0.156981
0.160210
0.175128
0.163110
0.135320
0.112530
0.132473
0.153369
0.167417
0.178771
0.137792
0.141127
0.124094
0.124720
0.140323
0.146280
0.155827
0.164206
0.153546
0.139745
0.143353
0.131490
0.163956
0.153104
0.132404
0.157001
0.124523
0.119792
0.121596
0.131520
0.120127
0.122213
0.122535
0.142251
0.134550
0.140452
0.147671
0.145993
0.158628
0.147026
0.128653
0.133445
0.133160
0.142189
0.142898
0.149194
0.159984
0.125082
0.168898
0.135941
0.120964
0.117101
0.116633
0.169345
0.149156
0.139170
0.148491
0.130325
0.121699
0.141619
0.163553
0.140664
0.165684
0.150575
0.146758
0.159633
0.145263
0.147963
0.150500
0.145631
0.173464
0.160156
0.141851
0.140399
0.156014
0.147787
0.167513
0.149765
0.145383
0.124253
0.152943
0.131781
0.126808
0.128882
0.113050
0.151701
0.125931
0.147286
0.141891
0.145089
0.149200
0.155942
0.127139
0.127040
0.149253
0.118829
0.118318
0.125027
0.144539
0.113365
0.121675
0.153444
0.163065
0.166475
0.145994
0.136172
0.146464
0.139465
0.146504
0.181348
0.139461
0.157855
0.141053
0.153787
0.119532
0.121536
0.136031
0.127398
0.141916
0.143360
0.177201
0.134464
0.141746
0.119356
0.151320
0.144092
0.151558
0.148216
0.147476
0.143751
0.129106
0.124730
0.149878
0.153814
0.184623
0.130069
0.134752
0.147040
0.164187
0.134483
0.161348
0.134936
0.172732
0.140992
0.135182
0.150330
0.138375
0.178165
0.140137
0.114458
0.124547
0.106883
0.117542
0.113050
0.138731
0.151775
0.165047
0.173494
0.144918
0.148596
0.140618
0.134107
0.213095
0.135753
0.155393
0.149708
0.144763
0.141162
0.172068
0.156182
0.116479
0.182965
0.150640
0.140157
0.135141
0.144236
0.120527
0.150462
0.136673
0.148884
0.166929
0.138424
0.142188
0.139879
0.133947
0.141239
0.158373
0.117033
0.126608
0.119954
0.145634
0.167020
0.149635
0.141110
0.115515
0.123127
0.125751
0.124817
0.176626
0.158478
0.151992
0.154502
0.146181
0.135637
0.131358
0.131461
0.127999
0.150692
0.174634
0.138347
0.158934
0.134948
0.174713
0.193620
0.135619
0.155776
0.142493
0.123950
0.116656
0.171168
0.155875
0.154048
0.160809
0.124035
0.127435
0.118077
0.156587
0.118540
0.128713
0.126259
0.112519
0.127882
0.157580
0.152911
0.126182
0.172233
0.137169
0.164496
0.140146
0.139817
0.152489
0.141544
0.147177
0.143299
0.126639
0.155774
0.144890
0.174028
0.196638
0.120762
0.193350
0.196992
0.170632
0.141492
0.141997
0.143607
0.145787
0.124876
0.125497
0.137012
0.143036
0.164023
0.132354
0.123982
0.125308
0.120187
0.144548
0.160242
0.144431
0.163733
0.123956
0.141861
0.137762
0.145135
0.140930
0.155453
0.116960
0.119349
0.116397
0.117601
0.127603
0.153433
0.151865
0.135738
0.122607
0.132426
0.131510
0.152646
0.162788
0.129540
0.127696
0.149930
0.158415
0.146632
0.121093
0.121183
0.139597
0.140280
0.147643
0.143310
0.158017
0.121296
0.128595
0.151408
0.155111
0.122985
0.139074
0.128408
0.164641
0.138272
0.144485
0.162519
0.171826
0.124973
0.136361
0.177043
0.162561
0.168258
0.145329
0.120301
0.160203
0.158534
0.138506
0.122994
0.131680
0.156527
0.143399
0.139226
0.133774
0.150620
0.136581
0.168080
0.140261
0.149810
0.131823
0.121969
0.142129
0.162389
0.154605
0.138787
0.147054
0.141465
0.198646
0.173242
0.181190
0.183603
0.164936
0.140648
0.140370
0.159706
0.145612
0.140124
0.130916
0.143626
0.117759
0.128824
0.119974
0.120273
0.153200
0.114357
0.136984
0.108469
0.149231
0.132505
0.130990
0.136764
0.134581
0.117125
0.120696
0.112718
0.115078
0.136311
0.146581
0.141614
0.139915
0.148265
0.141995
0.176235
0.144021
0.118575
0.131463
0.137857
0.156375
0.139663
0.140971
0.121413
0.117796
0.160162
0.139512
0.140662
0.158627
0.160333
0.129241
0.124695
0.123307
0.146847
0.149976
0.142651
0.120881
0.116842
0.145042
0.148360
0.142182
0.140889
0.152112
0.174072
0.169873
0.134846
0.166145
0.186132
0.138041
0.122944
0.116442
0.119327
0.168775
0.183344
0.141478
0.137738
0.157041
0.138708
0.148705
0.131655
0.115617
0.154016
0.145916
0.168369
0.148737
0.133639
0.156285
0.145244
0.156011
0.145477
0.177970
0.143899
0.140508
0.145124
0.127514
0.143463
0.125564
0.172250
0.131187
0.122652
0.194220
0.126390
0.178894
0.156459
0.150827
0.162794
0.150430
0.134886
0.137615
0.139898
0.151429
0.149119
0.151371
0.140707
0.142075
0.121325
0.168715
0.143064
0.133358
0.135822
0.131250
0.145782
0.156844
0.122538
0.149627
0.117807
0.149783
0.139992
0.139395
0.166322
0.138006
0.151634
0.134682
0.148505
0.140517
0.148273
0.140889
0.123995
0.124773
0.171469
0.166186
0.173395
0.129095
0.138042
0.121770
0.125529
0.128393
0.141070
0.158062
0.160610
0.153375
0.146264
0.128732
0.143295
0.128263
0.172832
0.124809
0.129282
0.144768
0.143040
0.154409
0.151212
0.131491
0.147854
0.120422
0.153991
0.144045
0.123475
0.122154
0.161666
0.155647
0.167174
0.143087
0.144491
0.160235
0.139889
0.132763
0.169881
0.155665
0.169546
0.153822
0.152433
0.170924
0.156846
0.141884
0.134805
0.190866
0.153028
0.150154
0.139599
0.120064
0.182347
0.141068
0.171474
0.160026
0.184979
0.163672
0.131335
0.119640
0.122073
0.141079
0.163340
0.156577
0.146241
0.170510
0.128777
0.142607
0.181379
0.143745
0.126745
0.144002
0.144870
0.182242
0.152702
0.167794
0.166538
0.184019
0.156665
0.130497
0.124231
0.168402
0.158853
0.163532
0.150535
0.181791
0.190890
0.161581
0.144612
0.176704
0.161806
0.154245
0.188677
0.150534
0.148037
0.133216
0.136474
0.169568
0.153813
0.165556
0.137659
0.141725
0.144641
0.135673
0.153504
0.141885
0.143922
0.150219
0.164047
0.150044
0.126205
0.136122
0.128480
0.128433
0.128104
0.140726
0.149090
0.153929
0.136883
0.153404
0.162286
0.131760
0.144576
0.147331
0.168675
0.120901
0.143017
0.122032
0.129201
0.141891
0.134453
0.134643
0.131657
0.128886
0.124654
0.124406
0.137770
0.125483
0.162475
0.122163
0.138524
0.148959
0.128789
0.133488
0.124955
0.140440
0.179120
0.141243
0.168128
0.135613
0.122318
0.131234
0.172766
0.150515
0.161888
0.176159
0.171046
0.135386
0.138528
0.183513
0.148917
0.154708
0.154356
0.153844
0.166817
0.136961
0.152128
0.142405
0.121196
0.118582
0.119168
0.129966
0.164850
0.165674
0.166974
0.156667
0.136086
0.137712
0.162919
0.163284
0.131914
0.138938
0.135835
0.136587
0.137063
0.167530
0.141017
0.121100
0.151311
0.145347
0.139655
0.117501
0.126958
0.148295
0.137186
0.160430
0.141928
0.144270
0.135178
0.131290
0.121758
0.136434
0.149909
0.132106
0.122075
0.138776
0.146275
0.141688
0.142962
0.187685
0.127177
0.143726
0.134694
0.158046
0.155843
0.144281
0.136409
0.154115
0.147297
0.133361
0.119266
0.145350
0.131671
0.142656
0.175178
0.139667
0.144110
0.141981
0.146723
0.145681
0.149947
0.148160
0.139423
0.135229
0.136784
0.139929
0.125974
0.121081
0.138378
0.148337
0.153866
0.132950
0.136630
0.126200
0.131311
0.140058
0.136029
0.161527
0.139515
0.141851
0.127958
0.152914
0.126758
0.124860
0.132354
0.115158
0.114603
0.140391
0.151184
0.140628
0.153020
0.145123
0.183459
0.153937
0.167584
0.156985
0.127723
0.116324
0.117981
0.125510
0.135171
0.126499
0.179391
0.124235
0.134929
0.148667
0.175363
0.160743
0.168947
0.131115
0.174957
0.139872
0.134405
0.144807
0.149888
0.135340
0.143685
0.123610
0.136753
0.138334
0.126401
0.164093
0.199227
0.139754
0.138309
0.136271
0.131984
0.133157
0.118944
0.146307
0.153628
0.128746
0.162839
0.122289
0.156646
0.155491
0.143485
0.159887
0.150279
0.158442
0.165536
0.166773
0.143371
0.134903
0.179331
0.202065
0.164384
0.156064
0.141579
0.152405
0.182782
0.138607
0.137116
0.142016
0.164204
0.154068
0.140272
0.134753
0.142429
0.136674
0.122757
0.132066
0.144850
0.156522
0.174709
0.136022
0.133994
0.124378
0.146074
0.134782
0.153207
0.139074
0.122220
0.121947
0.124259
0.172338
0.117326
0.124719
0.178964
0.187345
0.141136
0.164984
0.141504
0.137987
0.187895
0.192643
0.157840
0.139461
0.129620
0.181923
0.143188
0.146676
0.144880
0.151995
0.138371
0.141098
0.137190
0.148086
0.135548
0.159142
0.146630
0.157501
0.146219
0.141939
0.148542
0.139163
0.141673
0.136612
0.146249
0.141254
0.139319
0.143752
0.143843
0.138258
0.144773
0.138568
0.148158
0.139720
0.162274
0.137686
0.158516
0.139623
0.136986
0.141028
0.142603
0.149277
0.143685
0.152140
0.152966
0.156413
0.135947
0.132951
0.138905
0.159468
0.140397
0.153204
0.154676
0.165354
0.140652
0.153105
0.189706
0.142221
0.141736
0.136583
0.139136
0.140358
0.133571
0.137856
0.146735
0.137084
0.150682
0.166898
0.138748
0.155899
0.143487
0.166243
0.136325
0.124188
0.169370
0.133299
0.142515
0.168530
0.126898
0.177170
0.170483
0.162459
0.160326
0.137566
0.154702
0.143017
0.136386
0.159772
0.152107
0.136946
0.142085
0.176418
0.184008
0.135894
0.163473
0.142422
0.181692
0.141994
0.138572
0.145638
0.156462
0.135531
0.148206
0.133857
0.138276
0.151542
0.138645
0.149384
0.160827
0.134677
0.142502
0.140662
0.173649
0.191638
0.167362
0.174783
0.146258
0.142579
0.138827
0.138472
0.145564
0.143208
0.143987
0.149588
0.155401
0.138330
0.117573
0.178556
0.142781
0.131931
0.139498
0.154447
0.154380
0.142582
0.140718
0.149342
0.146871
0.154931
0.154152
0.160350
0.170909
0.169170
0.170401
0.147188
0.142484
0.135430
0.119279
0.136553
0.141139
0.168629
0.127968
0.120733
0.159530
0.145553
0.137692
0.176821
0.151419
0.155470
0.182511
0.148794
0.145537
0.155915
0.175938
0.160987
0.175917
0.156286
0.153108
0.185941
0.164035
0.166426
0.127158
0.142486
0.168038
0.119428
0.138786
0.165248
0.128553
0.117479
0.123299
0.151125
0.136953
0.138217
0.133228
0.130730
0.126637
0.163353
0.178664
0.138614
0.184454
0.134372
0.150261
0.136436
0.115814
0.141147
0.133926
0.135463
0.120780
0.120522
0.150012
0.163744
0.136114
0.142773
0.160936
0.167003
0.140437
0.135001
0.161347
0.184640
0.143515
0.151936
0.146928
0.150325
0.140220
0.141258
0.136650
0.138486
0.137016
0.136814
0.143119
0.155563
0.155706
0.163305
0.167296
0.158060
0.149944
0.136943
0.135159
0.136212
0.122638
0.157900
0.151114
0.169551
0.150269
0.163435
0.140056
0.135281
0.135941
0.132856
0.165964
0.140671
0.156358
0.133590
0.144422
0.154461
0.140932
0.197857
0.178202
0.168950
0.119239
0.173555
0.150733
0.165885
0.157137
0.139097
0.152410
0.160338
0.147462
0.129303
0.142033
0.174800
0.171821
0.144333
0.142711
0.203397
0.188737
0.140757
0.157195
0.136280
0.135053
0.136190
0.121586
0.157028
0.136273
0.134520
0.147598
0.137636
0.138342
0.155213
0.144146
0.138787
0.140466
0.117906
0.123236
0.122749
0.139401
0.151668
0.153270
0.149618
0.146277
0.176225
0.114651
0.117680
0.117273
0.126865
0.115364
0.155008
0.138158
0.198801
0.134100
0.142091
0.144909
0.170367
0.137001
0.141010
0.119055
0.155360
0.161614
0.168771
0.166798
0.143726
0.167537
0.144222
0.150068
0.175356
0.137751
0.150636
0.188482
0.137734
0.149253
0.124578
0.144592
0.144886
0.144738
0.138964
0.143409
0.152639
0.158498
0.114647
0.136482
0.117549
0.147831
0.138885
0.142365
0.120002
0.118301
0.153200
0.146154
0.145208
0.161140
0.112303
0.128515
0.170044
0.123617
0.123127
0.145347
0.141913
0.147582
0.119575
0.118420
0.134955
0.136271
0.155029
0.150024
0.118512
0.120116
0.121322
0.117744
0.150956
0.143626
0.158943
0.133980
0.139606
0.154755
0.151700
0.135408
0.145110
0.146421
0.135645
0.122230
0.120200
0.130159
0.117685
0.144822
0.147718
0.167823
0.173509
0.121187
0.140885
0.123650
0.124758
0.119245
0.133102
0.164163
0.148591
0.155061
0.133066
0.173034
0.172327
0.152734
0.148295
0.145179
0.144074
0.153354
0.185987
0.195405
0.173387
0.139055
0.136982
0.198662
0.138124
0.176402
0.146621
0.189875
0.121127
0.122197
0.114676
0.115340
0.119393
0.121510
0.166388
0.155587
0.121649
0.144211
0.179065
0.148236
0.137903
0.146646
0.158338
0.142272
0.162287
0.207147
0.162849
0.142181
0.119785
0.122651
0.115183
0.116896
0.117070
0.149050
0.136072
0.150175
0.133530
0.132931
0.124514
0.170777
0.169739
0.168846
0.157883
0.150287
0.146350
0.123920
0.119745
0.129434
0.117826
0.153801
0.137601
0.142142
0.142419
0.136351
0.136518
0.144409
0.131570
0.132262
0.133484
0.140392
0.164520
0.132751
0.132112
0.135142
0.124337
0.118374
0.167243
0.151796
0.163041
0.136921
0.153137
0.166613
0.148589
0.138483
0.172364
0.158095
0.133893
0.134966
0.137495
0.139257
0.116931
0.148294
0.157141
0.134172
0.135218
0.133614
0.142896
0.135075
0.173851
0.135217
0.140649
0.142933
0.135164
0.134441
0.137443
0.108213
0.159752
0.153331
0.186655
0.180041
0.165976
0.169494
0.166154
0.152597
0.145100
0.149420
0.131787
0.132243
0.135462
0.120985
0.171998
0.173101
0.144125
0.140444
0.148174
0.117262
0.116232
0.113771
0.114734
0.138536
0.155443
0.145037
0.177985
0.150509
0.141873
0.137244
0.176265
0.146684
0.144054
0.150279
0.133103
0.132869
0.126804
0.117287
0.118371
0.166057
0.153050
0.133955
0.141100
0.141974
0.133466
0.135939
0.181384
0.172368
0.168022
0.166922
0.146360
0.131792
0.135300
0.139015
0.152734
0.130836
0.115504
0.116390
0.145087
0.152448
0.182158
0.165076
0.144029
0.152237
0.139184
0.149527
0.139243
0.135811
0.141161
0.119268
0.118884
0.120898
0.123611
0.141597
0.157603
0.162157
0.175134
0.166214
0.144883
0.136909
0.145263
0.135381
0.146624
0.142260
0.137468
0.116485
0.138596
0.136823
0.133042
0.135672
0.136614
0.131966
0.119917
0.157266
0.140348
0.133944
0.155072
0.135516
0.140088
0.135267
0.141582
0.158447
0.140210
0.160444
0.146672
0.161300
0.138241
0.140282
0.159019
0.147255
0.144480
0.192427
0.144588
0.144343
0.127694
0.154512
0.172038
0.193983
0.183148
0.167432
0.140877
0.142854
0.141865
0.136184
0.144696
0.135427
0.143894
0.140661
0.144422
0.141321
0.139932
0.136377
0.135858
0.132048
0.149098
0.149978
0.134601
0.139624
0.143665
0.165607
0.169824
0.144628
0.139915
0.149060
0.148101
0.144545
0.147447
0.151186
0.144340
0.145660
0.202721
0.164203
0.159683
0.145584
0.160590
0.149827
0.123726
0.125004
0.157030
0.175810
0.164776
0.140654
0.163263
0.163932
0.156894
0.140747
0.141349
0.133351
0.149409
0.121172
0.137626
0.121879
0.132032
0.159636
0.145047
0.146265
0.138585
0.141689
0.117637
0.158524
0.151404
0.144358
0.150603
0.147998
0.140857
0.136807
0.147596
0.148428
0.149551
0.147037
0.187252
0.151116
0.119355
0.119051
0.146198
0.136331
0.136176
0.124654
0.169680
0.147010
0.133739
0.116730
0.144583
0.136709
0.151700
0.132583
0.129422
0.181538
0.137345
0.123205
0.114823
0.118003
0.117144
0.140796
0.146273
0.134007
0.167084
0.171288
0.122137
0.113168
0.112888
0.118404
0.128320
0.132385
0.123310
0.125695
0.120025
0.180158
0.137448
0.152230
0.145364
0.140046
0.177643
0.167823
0.166226
0.162537
0.168479
0.137836
0.152789
0.140964
0.140807
0.153478
0.148402
0.144748
0.131406
0.135116
0.129493
0.117202
0.134769
0.145672
0.134919
0.133970
0.153550
0.150329
0.140218
0.139381
0.129103
0.139458
0.132176
0.154660
0.143736
0.142253
0.147910
0.135053
0.139068
0.133773
0.129122
0.115397
0.136625
0.147714
0.140663
0.172486
0.161562
0.159214
0.140803
0.138939
0.141887
0.137269
0.149719
0.134762
0.131708
0.129531
0.119505
0.139720
0.147736
0.156175
0.139105
0.135779
0.165261
0.139031
0.137262
0.137619
0.165683
0.154860
0.154306
0.157280
0.141983
0.133017
0.129896
0.121817
0.156301
0.140020
0.117790
0.123991
0.120903
0.147704
0.136210
0.135187
0.124398
0.113709
0.117450
0.132575
0.141572
0.138883
0.122184
0.151884
0.137836
0.151416
0.127101
0.133970
0.121181
0.145988
0.155927
0.131569
0.168839
0.163268
0.142146
0.136340
0.188316
0.178256
0.152972
0.147666
0.135994
0.132950
0.136677
0.139287
0.130524
0.151639
0.134922
0.122648
0.159993
0.144042
0.145771
0.160064
0.127129
0.138671
0.138997
0.134965
0.115450
0.121319
0.117229
0.119392
0.118858
0.156590
0.147165
0.144242
0.148134
0.146214
0.148845
0.168380
0.171626
0.179691
0.147748
0.148459
0.132191
0.155008
0.135346
0.145689
0.141748
0.145767
0.161380
0.135561
0.137450
0.130848
0.137047
0.165334
0.147367
0.133279
0.128287
0.138496
0.137562
0.118511
0.160055
0.134598
0.133104
0.129850
0.117949
0.124701
0.122431
0.160810
0.137004
0.137316
0.139961
0.151646
0.144176
0.184486
0.180043
0.170148
0.165939
0.144457
0.146578
0.139725
0.159531
0.141190
0.183137
0.145320
0.155689
0.136580
0.155832
0.142298
0.144241
0.139958
0.146214
0.196611
0.169013
0.164300
0.130417
0.156505
0.145935
0.166842
0.155998
0.152267
0.233498
0.181359
0.148333
0.163210
0.165041
0.137522
0.139405
0.134377
0.150312
0.143019
0.139726
0.135563
0.120782
0.162424
0.133662
0.139277
0.143140
0.135455
0.119866
0.116740
0.143474
0.141719
0.132302
0.120261
0.165824
0.143961
0.132181
0.125469
0.125268
0.149228
0.117452
0.132924
0.123357
0.121881
0.123427
0.136062
0.171492
0.160141
0.170542
0.180174
0.149203
0.143953
0.132064
0.171343
0.154107
0.143393
0.139404
0.137170
0.128414
0.119490
0.137595
0.148667
0.151403
0.144730
0.126119
0.123125
0.122593
0.157707
0.146445
0.156960
0.143486
0.135729
0.136291
0.165262
0.162541
0.143482
0.137759
0.134394
0.139657
0.130556
0.156010
0.183309
0.180783
0.141907
0.139377
0.151058
0.139224
0.117913
0.119508
0.120069
0.139075
0.171038
0.150932
0.158802
0.138016
0.167870
0.137241
0.134631
0.134457
0.153122
0.142808
0.140840
0.143102
0.147339
0.137355
0.132722
0.151542
0.141829
0.136129
0.136856
0.141921
0.149366
0.141764
0.125970
0.140498
0.140146
0.120504
0.151806
0.158622
0.146460
0.148609
0.132956
0.167999
0.134573
0.146926
0.138614
0.142121
0.148242
0.140708
0.143125
0.144392
0.187192
0.147057
0.152445
0.141846
0.142731
0.136825
0.181638
0.154424
0.178177
0.146068
0.150952
0.144954
0.128937
0.162376
0.139766
0.131950
0.132692
0.180374
0.140177
0.142052
0.145122
0.150943
0.138501
0.172063
0.144579
0.117051
0.143889
0.153730
0.140075
0.149948
0.136395
0.175255
0.165912
0.151930
0.132125
0.165452
0.135619
0.140178
0.140989
0.146091
0.143329
0.154929
0.155377
0.130157
0.115321
0.134039
0.124995
0.150831
0.169362
0.170632
0.191759
0.167016
0.164955
0.147195
0.137468
0.145755
0.158410
0.158898
0.156372
0.170197
0.142988
0.141012
0.157146
0.179045
0.155334
0.130713
0.175069
0.143522
0.144492
0.138335
0.137929
0.170313
0.164084
0.141930
0.144841
0.117300
0.143155
0.155729
0.140145
0.143735
0.158474
0.143502
0.136132
0.125435
0.154899
0.175987
0.143477
0.119745
0.136431
0.148871
0.137502
0.141602
0.148175
0.138402
0.131955
0.158283
0.151223
0.153318
0.138833
0.135557
0.135166
0.123409
0.135419
0.152236
0.134178
0.131756
0.139894
0.134098
0.132393
0.165189
0.163093
0.150335
0.127252
0.149549
0.155051
0.146770
0.125172
0.143085
0.139638
0.158436
0.122051
0.135585
0.157124
0.152251
0.140763
0.135596
0.177874
0.154725
0.153390
0.141734
0.121637
0.145121
0.162895
0.178044
0.168960
0.165941
0.145963
0.151788
0.160088
0.159091
0.136123
0.162756
0.144621
0.147856
0.149541
0.154436
0.134476
0.136443
0.135406
0.139019
0.144619
0.160375
0.120803
0.137980
0.141252
0.140785
0.148871
0.136465
0.113449
0.118889
0.136411
0.153900
0.172972
0.169656
0.134342
0.139135
0.166492
0.139085
0.143105
0.132946
0.163832
0.139557
0.152551
0.170715
0.146288
0.160647
0.137380
0.220492
0.137816
0.166633
0.178720
0.158371
0.147181
0.141247
0.140389
0.135893
0.151620
0.157486
0.135019
0.133754
0.152302
0.137451
0.147697
0.151128
0.153887
0.154595
0.141263
0.136575
0.142690
0.150771
0.154313
0.142171
0.148195
0.147837
0.142461
0.135897
0.137648
0.144139
0.114134
0.125583
0.120135
0.119125
0.136590
0.141644
0.187025
0.135109
0.122514
0.121809
0.124233
0.161259
0.134451
0.133745
0.116990
0.146296
0.153840
0.143050
0.121042
0.128551
0.114263
0.123679
0.115013
0.134341
0.113746
0.108476
0.115162
0.141994
0.149365
0.184718
0.136166
0.149944
0.125155
0.151461
0.144829
0.138231
0.156468
0.143103
0.160470
0.135184
0.140010
0.147928
0.140606
0.138292
0.146451
0.138296
0.182094
0.139283
0.169804
0.141971
0.170508
0.139573
0.135286
0.142810
0.143490
0.145550
0.138170
0.143049
0.160684
0.122874
0.122069
0.160156
0.161370
0.138125
0.132381
0.133084
0.121567
0.144408
0.130271
0.189914
0.146151
0.145696
0.139681
0.132435
0.144423
0.145946
0.146661
0.135196
0.123534
0.143374
0.134289
0.130374
0.170575
0.133130
0.130985
0.152428
0.166803
0.161079
0.137599
0.150370
0.160742
0.158910
0.146719
0.133406
0.139231
0.134815
0.155992
0.136749
0.148926
0.143166
0.135281
0.147919
0.146760
0.119370
0.115756
0.115401
0.138217
0.139818
0.141927
0.137259
0.190183
0.168837
0.190922
0.145312
0.136410
0.141883
0.133100
0.136032
0.139782
0.167449
0.136621
0.138551
0.139965
0.137996
0.148239
0.146962
0.147560
0.153093
0.135102
0.140721
0.135042
0.132947
0.130345
0.132414
0.141704
0.138039
0.135835
0.135875
0.121468
0.121806
0.155846
0.154892
0.146834
0.154587
0.152807
0.134458
0.133966
0.165251
0.155663
0.143315
0.140429
0.162228
0.145970
0.201346
0.140843
0.136492
0.142788
0.142334
0.137871
0.151488
0.132809
0.174584
0.143368
0.168567
0.146330
0.141771
0.136230
0.151747
0.144269
0.126004
0.134741
0.123082
0.151903
0.147892
0.153180
0.136507
0.137999
0.168461
0.115990
0.189437
0.182677
0.121791
0.143714
0.145538
0.147577
0.144203
0.139953
0.151278
0.192303
0.136829
0.135409
0.154258
0.140691
0.122442
0.120268
0.147322
0.134038
0.166574
0.154029
0.132566
0.167637
0.185403
0.147822
0.162443
0.117819
0.147012
0.157372
0.155198
0.176550
0.152012
0.139562
0.159802
0.160652
0.161813
0.137189
0.136952
0.159060
0.148847
0.140434
0.142385
0.160834
0.177618
0.143571
0.167446
0.165472
0.166308
0.157050
0.161565
0.138569
0.147151
0.136572
0.140396
0.158432
0.138716
0.131437
0.169297
0.135836
0.199914
0.177676
0.139873
0.162225
0.172701
0.187082
0.146420
0.148247
0.146220
0.133915
0.121198
0.183358
0.149358
0.137193
0.135548
0.136058
0.155509
0.144968
0.163993
0.173930
0.154207
0.138133
0.139053
0.125831
0.138650
0.195731
0.161746
0.150203
0.149566
0.140285
0.139659
0.122086
0.122773
0.132851
0.158365
0.138750
0.172555
0.161745
0.136957
0.138066
0.142596
0.140456
0.141675
0.148809
0.150688
0.143417
0.172620
0.150240
0.139220
0.141583
0.115760
0.143375
0.134601
0.139372
0.154863
0.138227
0.149988
0.139111
0.124154
0.141739
0.126884
0.123895
0.156627
0.133558
0.178633
0.149153
0.143565
0.178040
0.167995
0.157707
0.139676
0.140146
0.140673
0.137583
0.130613
0.124966
0.145752
0.154202
0.141304
0.137062
0.140664
0.158464
0.157609
0.164410
0.140601
0.192100
0.165319
0.164157
0.151496
0.141083
0.136036
0.135354
0.147706
0.152096
0.162169
0.159854
0.138379
0.142498
0.170419
0.137667
0.141417
0.187709
0.174141
0.151656
0.149926
0.164803
0.163737
0.154335
0.122608
0.149234
0.151863
0.143601
0.141562
0.125718
0.140673
0.138053
0.148331
0.138563
0.154187
0.165247
0.148499
0.136200
0.121106
0.146644
0.169873
0.180546
0.165662
0.164296
0.139576
0.117316
0.151211
0.122623
0.191142
0.162612
0.157027
0.173008
0.157077
0.147732
0.143780
0.160459
0.159829
0.159427
0.153438
0.147311
0.138257
0.144052
0.145494
0.159530
0.166737
0.136690
0.145465
0.140462
0.154624
0.165864
0.173265
0.145223
0.129813
0.115676
0.193714
0.154038
0.138758
0.146281
0.147393
0.166156
0.145690
0.159695
0.161906
0.175961
0.126486
0.171352
0.174731
0.146761
0.143383
0.149135
0.135031
0.138565
0.137135
0.144167
0.160791
0.140247
0.115566
0.131312
0.139247
0.159719
0.131935
0.129397
0.156909
0.161296
0.143237
0.140819
0.123932
0.129470
0.179374
0.129302
0.156350
0.122487
0.116698
0.123997
0.155771
0.145044
0.150151
0.140908
0.149868
0.140909
0.157411
0.124625
0.128427
0.125366
0.159651
0.158819
0.186141
0.145065
0.143726
0.141374
0.140859
0.169120
0.153366
0.137042
0.137804
0.135586
0.137842
0.145051
0.136069
0.125343
0.178102
0.169718
0.125934
0.166454
0.137104
0.138655
0.138256
0.185754
0.153258
0.153847
0.132486
0.141907
0.143011
0.145033
0.143952
0.131641
0.147799
0.116743
0.163698
0.148975
0.164126
0.150399
0.181451
0.140748
0.131967
0.189763
0.137582
0.140431
0.146630
0.151197
0.159164
0.125273
0.112324
0.139450
0.131947
0.140522
0.142111
0.117291
0.120469
0.156837
0.156035
0.140131
0.162515
0.134439
0.146485
0.137478
0.135005
0.140546
0.161232
0.132657
0.140623
0.141714
0.126776
0.136037
0.112024
0.122314
0.128854
0.120848
0.110722
0.119250
0.129215
0.140906
0.152822
0.132985
0.157876
0.162043
0.134222
0.134162
0.122928
0.119457
0.138677
0.138779
0.141277
0.122166
0.149623
0.163563
0.139847
0.148273
0.150576
0.138026
0.157182
0.151204
0.134481
0.134556
0.167142
0.142204
0.143862
0.132407
0.134176
0.157293
0.157076
0.136939
0.138039
0.136728
0.145508
0.127686
0.137915
0.131603
0.140285
0.125851
0.126900
0.189491
0.122618
0.121006
0.148761
0.184990
0.158741
0.160487
0.160771
0.136766
0.120722
0.153392
0.139356
0.136495
0.136584
0.143939
0.137473
0.136352
0.114592
0.122262
0.142774
0.151924
0.121040
0.142199
0.150734
0.159236
0.157467
