0.007431
0.138924
0.136665
0.149424
0.110244
0.141313
0.139242
0.133844
0.137549
0.151444
0.143961
0.129803
0.136949
0.176893
0.155799
0.161983
0.172799
0.161896
0.149854
0.133268
0.107244
0.113943
0.153375
0.149489
0.112407
0.112648
0.107571
0.112010
0.107542
0.112583
0.105763
0.106339
0.111616
0.112910
0.175522
0.131549
0.133372
0.130558
0.132431
0.167916
0.162499
0.137846
0.137460
0.134009
0.155696
0.142410
0.136598
0.135991
0.151863
0.140452
0.137754
0.145773
0.145803
0.144526
0.151643
0.170520
0.166022
0.114948
0.115689
0.169535
0.136333
0.137832
0.167205
0.142697
0.132027
0.132913
0.134138
0.133125
0.137926
0.177615
0.132746
0.138246
0.141119
0.146581
0.154978
0.138587
0.152705
0.137103
0.147412
0.136258
0.139894
0.139872
0.132771
0.134004
0.139348
0.154157
0.137082
0.135788
0.133745
0.133693
0.165475
0.177623
0.133265
0.144017
0.158183
0.145609
0.131450
0.141349
0.133233
0.148702
0.144530
0.135829
0.132609
0.136781
0.155079
0.158448
0.132779
0.134376
0.145014
0.146716
0.176506
0.167413
0.170015
0.140626
0.139320
0.145478
0.184326
0.160071
0.144044
0.150387
0.152848
0.136512
0.154619
0.184947
0.135459
0.134683
0.135146
0.165613
0.154497
0.163027
0.131918
0.148827
0.116751
0.129419
0.116871
0.114311
0.109586
0.109857
0.194465
0.160354
0.172299
0.146180
0.142059
0.164335
0.135509
0.185901
0.159842
0.137844
0.138190
0.124526
0.151916
0.132277
0.136077
0.139286
0.157819
0.137385
0.138864
0.133430
0.133603
0.134599
0.112731
0.187058
0.147423
0.143629
0.159637
0.141336
0.150017
0.136139
0.127950
0.108196
0.111105
0.147818
0.139650
0.165130
0.173731
0.152211
0.133729
0.158479
0.136140
0.147768
0.151155
0.154173
0.139380
0.131222
0.183491
0.138304
0.146085
0.141437
0.142826
0.142208
0.133392
0.161867
0.192743
0.160014
0.171452
0.162776
0.152004
0.145982
0.118341
0.119108
0.160969
0.137435
0.134665
0.127734
0.141203
0.136074
0.135054
0.144185
0.141943
0.134581
0.143798
0.153200
0.183001
0.171971
0.154583
0.133228
0.136686
0.126844
0.112269
0.158466
0.178508
0.116032
0.112446
0.138439
0.135284
0.134998
0.173023
0.167297
0.160996
0.186760
0.162803
0.164637
0.180304
0.144743
0.133558
0.131845
0.156471
0.182536
0.159766
0.170752
0.117036
0.115892
0.105642
0.144130
0.140047
0.115360
0.134688
0.136911
0.156758
0.131967
0.187998
0.133969
0.150149
0.139553
0.154618
0.135720
0.135693
0.143781
0.137127
0.138584
0.132972
0.162513
0.138147
0.144353
0.144100
0.116901
0.144943
0.167077
0.151606
0.136905
0.180257
0.183600
0.137409
0.188348
0.175275
0.160242
0.143202
0.158443
0.145635
0.136006
0.148552
0.147341
0.139642
0.158557
0.134611
0.197980
0.163610
0.165287
0.154608
0.151093
0.149423
0.146880
0.120225
0.156531
0.150653
0.141024
0.134024
0.136015
0.153565
0.168736
0.138702
0.181429
0.169572
0.167819
0.160523
0.139816
0.152127
0.131522
0.133940
0.138594
0.126816
0.160996
0.136065
0.164140
0.175545
0.172830
0.134384
0.132964
0.138240
0.135623
0.132664
0.115144
0.185287
0.137293
0.141515
0.152318
0.138592
0.136252
0.132000
0.111863
0.140496
0.177832
0.110177
0.157767
0.107522
0.119369
0.108196
0.173864
0.160343
0.140602
0.148652
0.136359
0.159416
0.145420
0.155657
0.151027
0.133090
0.148880
0.133502
0.141708
0.125763
0.117321
0.155060
0.136286
0.137942
0.137892
0.146086
0.138178
0.133924
0.153145
0.137251
0.181898
0.145400
0.158971
0.147569
0.150285
0.134197
0.162979
0.144182
0.190451
0.158499
0.146417
0.141047
0.153165
0.132025
0.134124
0.122287
0.161372
0.162584
0.131664
0.147111
0.155676
0.161983
0.150284
0.142817
0.118257
0.101286
0.160803
0.161325
0.160341
0.160878
0.169609
0.140975
0.131701
0.132488
0.134263
0.133450
0.131274
0.157446
0.131142
0.157454
0.160872
0.156585
0.142386
0.152007
0.168485
0.171284
0.146558
0.135934
0.202781
0.154962
0.140110
0.141964
0.139954
0.122833
0.136446
0.116495
0.159560
0.175264
0.168367
0.150521
0.135832
0.145324
0.173286
0.138739
0.192964
0.134260
0.156584
0.152187
0.167457
0.133789
0.138679
0.145907
0.125018
0.141688
0.136832
0.134827
0.121541
0.109275
0.114248
0.120348
0.130874
0.162765
0.134250
0.162139
0.142137
0.164488
0.152312
0.139611
0.181826
0.178488
0.138166
0.134449
0.135407
0.131220
0.156573
0.137011
0.155882
0.141351
0.116579
0.113140
0.142433
0.141763
0.147833
0.127199
0.124833
0.147899
0.178794
0.135657
0.170744
0.133163
0.134348
0.171642
0.137923
0.133837
0.130822
0.141255
0.152964
0.186343
0.140137
0.133635
0.201223
0.153008
0.135479
0.173083
0.161896
0.164030
0.151388
0.134927
0.155003
0.133239
0.139945
0.149548
0.153975
0.142779
0.139400
0.159177
0.139911
0.154461
0.134371
0.115989
0.147423
0.159441
0.164622
0.135318
0.135409
0.164109
0.169040
0.139180
0.154211
0.137504
0.132899
0.135307
0.135392
0.133118
0.132500
0.110268
0.161098
0.164927
0.173433
0.175693
0.133674
0.146030
0.144393
0.135786
0.114150
0.163737
0.139477
0.158788
0.115611
0.183339
0.149527
0.159350
0.165463
0.152099
0.171680
0.146549
0.134209
0.153590
0.158947
0.135112
0.132570
0.150743
0.174130
0.154206
0.178746
0.141384
0.143172
0.137661
0.144951
0.154197
0.183347
0.147627
0.161370
0.134562
0.154673
0.185753
0.161234
0.133609
0.133048
0.129589
0.159553
0.158143
0.163014
0.170774
0.150425
0.162480
0.156130
0.165730
0.160224
0.157562
0.137143
0.134116
0.146117
0.178349
0.139313
0.136869
0.181059
0.132800
0.131307
0.120122
0.107562
0.117548
0.164340
0.142284
0.133590
0.134213
0.136644
0.131310
0.184956
0.149908
0.132982
0.118275
0.119746
0.135329
0.157007
0.139136
0.162715
0.134907
0.155971
0.135160
0.147183
0.140903
0.156229
0.143280
0.161330
0.147250
0.135043
0.131552
0.133621
0.107784
0.142755
0.143303
0.112234
0.113048
0.123205
0.153334
0.167118
0.142905
0.145934
0.122941
0.151889
0.133471
0.176192
0.137196
0.147729
0.140674
0.135700
0.136524
0.131022
0.122012
0.172830
0.158532
0.183200
0.179051
0.129909
0.150697
0.134111
0.143453
0.149688
0.138244
0.166261
0.166169
0.155620
0.136824
0.160090
0.148881
0.172424
0.179541
0.139300
0.171249
0.177423
0.138959
0.139990
0.163079
0.191548
0.162925
0.176957
0.155986
0.170594
0.150692
0.136936
0.143523
0.150418
0.140454
0.157650
0.107397
0.137244
0.158366
0.125217
0.135960
0.169407
0.128513
0.118194
0.151603
0.140786
0.149404
0.142272
0.156449
0.137819
0.137615
0.149378
0.135717
0.134855
0.128858
0.110896
0.146046
0.193380
0.141322
0.179805
0.155626
0.131632
0.171233
0.164647
0.156882
0.167327
0.163488
0.159302
0.136073
0.130760
0.164362
0.137467
0.143665
0.139804
0.155066
0.198912
0.166388
0.162232
0.162579
0.137370
0.151434
0.133820
0.154172
0.183648
0.138995
0.156347
0.161946
0.145235
0.137584
0.135691
0.164996
0.179797
0.183846
0.149541
0.187886
0.158870
0.162515
0.132733
0.132440
0.149155
0.136701
0.135010
0.154115
0.160045
0.135621
0.138136
0.138158
0.134078
0.174842
0.134805
0.146918
0.135236
0.139565
0.138343
0.133819
0.149733
0.135526
0.139690
0.180687
0.169251
0.137544
0.141127
0.137104
0.132258
0.134043
0.134908
0.135363
0.137134
0.135537
0.123042
0.127710
0.126953
0.107037
0.156043
0.152110
0.146502
0.145792
0.146188
0.158754
0.135159
0.157388
0.150033
0.145723
0.146330
0.189205
0.137682
0.178354
0.144780
0.145550
0.136605
0.141013
0.134898
0.153929
0.128314
0.152056
0.140140
0.157065
0.140709
0.137696
0.142618
0.130013
0.173245
0.124620
0.106625
0.196826
0.164940
0.162158
0.140917
0.156999
0.169603
0.142163
0.144280
0.154348
0.160546
0.174040
0.150415
0.153641
0.154809
0.134802
0.172398
0.183384
0.164044
0.172712
0.156998
0.134594
0.143664
0.143154
0.126655
0.111228
0.173858
0.158786
0.135744
0.138712
0.138873
0.157113
0.159771
0.158046
0.140676
0.169615
0.162883
0.142069
0.193562
0.155173
0.131654
0.139070
0.169141
0.179039
0.143168
0.140214
0.137607
0.140660
0.136251
0.149567
0.146104
0.135160
0.134078
0.134173
0.140031
0.131814
0.114065
0.113193
0.139536
0.179715
0.186312
0.134152
0.149253
0.168863
0.168853
0.164553
0.152541
0.153497
0.162255
0.133718
0.173064
0.179067
0.149531
0.140009
0.174852
0.164249
0.147641
0.154896
0.175309
0.152137
0.141059
0.133219
0.136788
0.159528
0.138885
0.187667
0.169399
0.184565
0.155994
0.134355
0.141732
0.134625
0.153677
0.135292
0.181895
0.180212
0.180367
0.165973
0.164792
0.158266
0.174328
0.151631
0.174708
0.168360
0.164127
0.142145
0.138028
0.135978
0.151705
0.152729
0.153299
0.144423
0.138214
0.142533
0.130685
0.136644
0.147228
0.158696
0.146228
0.167538
0.136578
0.136792
0.154313
0.134916
0.170480
0.136959
0.170778
0.137694
0.153673
0.137652
0.144585
0.131528
0.133121
0.132267
0.140222
0.137429
0.133077
0.144397
0.135547
0.137499
0.142162
0.161275
0.133903
0.140251
0.133928
0.140171
0.156015
0.141832
0.141309
0.161115
0.159875
0.148786
0.165300
0.162153
0.138756
0.140340
0.155531
0.134518
0.139344
0.140033
0.147628
0.123325
0.111959
0.151051
0.140836
0.168392
0.157752
0.134379
0.134705
0.139766
0.131897
0.141032
0.143334
0.136821
0.137851
0.162147
0.143579
0.139144
0.166905
0.143219
0.156282
0.138239
0.112637
0.115281
0.172500
0.144579
0.132768
0.143696
0.165028
0.159837
0.131523
0.147203
0.168799
0.153271
0.136950
0.136581
0.153377
0.162518
0.148820
0.137630
0.137931
0.183934
0.112178
0.124141
0.113072
0.139207
0.146971
0.148422
0.213433
0.165882
0.154020
0.137915
0.156820
0.150818
0.176762
0.152418
0.151375
0.147596
0.133080
0.151651
0.136697
0.169710
0.133973
0.133941
0.141553
0.159326
0.159267
0.173458
0.122549
0.138664
0.134592
0.188234
0.155581
0.178756
0.157971
0.150244
0.148368
0.132325
0.142230
0.164708
0.138311
0.124930
0.115659
0.144497
0.113429
0.137335
0.186914
0.152197
0.137014
0.153991
0.137120
0.172736
0.157676
0.156613
0.160612
0.141439
0.182724
0.135169
0.123899
0.188924
0.182049
0.164134
0.161400
0.162116
0.159235
0.161518
0.158286
0.153858
0.135655
0.145275
0.138766
0.135555
0.146469
0.114876
0.166384
0.143553
0.145707
0.161673
0.135502
0.170573
0.165233
0.130374
0.151457
0.177036
0.133537
0.135692
0.133094
0.125299
0.111799
0.115506
0.153819
0.163972
0.138528
0.136009
0.147083
0.196005
0.141700
0.162663
0.137851
0.137829
0.116832
0.107001
0.108016
0.182177
0.163651
0.166454
0.159673
0.165583
0.132147
0.138746
0.131523
0.155082
0.163771
0.200390
0.132813
0.136336
0.154162
0.133145
0.131511
0.126061
0.111454
0.109065
0.107088
0.143471
0.144809
0.137224
0.142794
0.141576
0.138698
0.140235
0.135817
0.127596
0.133737
0.152240
0.119249
0.170429
0.153228
0.148910
0.139043
0.157789
0.190035
0.162499
0.166555
0.165049
0.151621
0.153951
0.116263
0.123224
0.155122
0.133529
0.139595
0.167979
0.133832
0.134156
0.159248
0.133869
0.176168
0.148866
0.149734
0.134876
0.137585
0.135101
0.162691
0.187849
0.137253
0.131488
0.116732
0.118587
0.121416
0.113892
0.107839
0.112638
0.110492
0.116249
0.138362
0.139736
0.140179
0.143351
0.140204
0.121490
0.132311
0.161664
0.151076
0.147944
0.143423
0.181371
0.184886
0.145689
0.140243
0.147611
0.138150
0.138757
0.125073
0.128425
0.126661
0.112286
0.173556
0.146295
0.140584
0.171391
0.137861
0.129539
0.133845
0.191281
0.162998
0.146067
0.138066
0.160675
0.137455
0.139706
0.186117
0.163542
0.168545
0.140660
0.149589
0.134496
0.131076
0.164352
0.138829
0.134815
0.140392
0.133966
0.155687
0.139040
0.142738
0.135804
0.133021
0.173949
0.140517
0.138832
0.133205
0.122817
0.107000
0.145902
0.138361
0.136592
0.133765
0.152579
0.153198
0.135871
0.159052
0.132794
0.114940
0.117235
0.115262
0.116796
0.113828
0.164717
0.134473
0.121831
0.142004
0.140121
0.169099
0.174454
0.173239
0.173283
0.162206
0.144310
0.165146
0.146415
0.134379
0.152729
0.141680
0.133904
0.163047
0.145226
0.144803
0.171067
0.155418
0.157646
0.139104
0.176889
0.165012
0.161334
0.137291
0.136480
0.143707
0.176558
0.159640
0.168476
0.165326
0.176076
0.157269
0.138162
0.136797
0.126500
0.173483
0.110898
0.115584
0.116563
0.107536
0.108671
0.161234
0.133126
0.135892
0.134253
0.150640
0.154013
0.140147
0.168558
0.159177
0.142209
0.117657
0.162147
0.140124
0.133532
0.139012
0.140631
0.150388
0.140263
0.136618
0.146278
0.195854
0.147487
0.147911
0.165448
0.142741
0.140049
0.147065
0.138694
0.168861
0.187688
0.143319
0.150775
0.135841
0.163938
0.117389
0.117189
0.108939
0.154013
0.134503
0.149568
0.137770
0.160131
0.150447
0.139360
0.154207
0.163034
0.142310
0.140954
0.109724
0.155737
0.186087
0.142766
0.138901
0.142338
0.139231
0.140628
0.139918
0.192495
0.162650
0.179229
0.166859
0.142478
0.161649
0.136334
0.135862
0.133611
0.137933
0.179536
0.154892
0.169773
0.138032
0.135240
0.130447
0.173021
0.142367
0.134832
0.142827
