125	2	71	220
127	17	76	182
133	18	69	185
134	15	69	187
126	14	71	186
130	14	67	190
131	14	68	190
130	12	67	187
126	13	73	188
129	9	68	194
128	8	61	192
128	12	65	185
124	10	149	180
105	7	113	188
120	17	108	164
114	16	87	181
122	6	71	202
121	8	71	198
118	10	81	185
112	14	69	183
114	13	63	186
115	14	62	178
100	13	82	166
102	24	71	163
98	13	70	172
95	19	79	161
95	19	78	171
94	24	84	154
95	22	101	169
78	23	93	160
90	31	127	148
78	35	86	148
88	32	80	149
79	27	71	170
84	23	112	162
66	32	93	150
79	22	128	160
64	28	97	154
76	14	152	166
63	13	101	169
76	18	126	167
58	22	91	163
69	16	76	180
72	14	66	185
72	19	72	176
74	22	61	171
71	23	91	168
58	33	79	156
64	20	71	176
69	30	71	161
66	22	95	166
61	32	79	153
69	29	82	159
55	30	85	154
65	27	68	165
67	21	66	171
66	22	67	166
66	25	68	162
66	20	73	167
65	26	84	162
62	23	80	169
66	30	86	167
57	28	87	167
64	31	85	171
64	35	76	160
63	37	73	173
64	30	79	167
65	26	74	181
64	22	76	189
63	21	86	175
69	36	76	174
63	31	83	163
71	28	70	183
70	29	76	177
71	26	78	180
73	25	74	180
73	24	73	187
73	25	77	187
71	31	82	169
76	33	77	178
68	32	96	172
86	27	76	165
89	20	81	169
96	35	75	154
104	29	63	158
102	39	67	156
101	32	70	160
100	42	71	156
96	35	71	161
101	38	66	161
102	26	63	167
102	24	65	171
92	17	72	182
96	20	80	183
96	13	74	172
96	26	70	171
91	21	92	166
94	32	88	162
102	26	78	169
103	32	75	163
104	24	74	169
103	33	70	169
105	23	67	182
100	44	73	155
106	33	67	177
109	39	61	172
105	40	60	168
104	52	63	161
103	53	69	159
101	55	75	156
102	56	92	160
102	57	89	152
105	49	96	169
117	57	94	150
113	49	108	164
129	50	111	157
135	43	97	171
146	43	100	164
161	26	104	189
166	37	97	179
160	33	107	177
160	39	99	184
143	35	122	179
155	34	101	179
145	25	102	190
145	32	89	174
127	26	100	190
134	7	93	193
115	6	122	203
124	11	111	176
111	9	127	153
109	5	122	155
108	3	118	181
115	5	100	185
113	6	123	175
118	0	125	176
119	0	112	187
119	2	155	153
129	4	165	145
126	6	162	149
119	11	166	160
129	16	164	167
134	15	153	185
130	15	153	178
104	27	170	178
112	38	151	172
99	48	147	175
103	44	131	179
85	49	145	174
86	41	135	182
82	52	139	171
85	44	124	173
81	33	117	185
79	36	133	158
72	40	123	170
82	25	135	169
72	43	200	156
111	36	221	162
106	33	231	165
124	25	181	179
129	31	205	164
133	31	200	167
134	29	205	169
146	27	163	168
152	24	113	161
154	31	112	116
160	24	195	176
168	22	173	174
168	25	167	172
175	22	174	165
179	27	171	179
187	27	161	174
193	28	152	173
192	21	153	182
192	29	147	179
193	31	145	168
194	35	137	163
193	34	146	162
191	37	146	160
190	36	145	162
196	39	138	156
196	38	137	165
203	37	129	166
201	29	132	170
205	32	130	160
207	28	123	163
212	32	116	142
213	30	111	145
215	38	111	122
211	41	102	124
213	40	119	121
217	43	98	113
217	47	107	110
218	46	121	117
216	49	133	115
215	48	145	116
216	45	158	131
222	46	143	129
221	50	143	127
222	54	140	121
221	56	149	121
227	58	133	118
221	62	142	112
225	62	136	113
228	62	132	114
234	60	134	113
238	61	136	114
240	60	122	115
240	61	121	113
244	60	121	112
243	58	121	111
248	59	113	111
246	55	116	114
250	57	111	112
241	59	117	112
244	58	128	108
238	57	127	113
242	61	122	109
234	63	126	104
236	61	136	106
239	61	120	107
239	61	119	108
235	58	130	112
242	61	118	110
236	52	123	116
243	58	121	111
241	57	122	115
245	60	119	108
241	55	123	111
240	59	121	107
239	55	126	110
243	58	120	109
240	57	121	109
245	60	111	104
242	58	122	105
242	58	118	106
249	59	108	105
250	59	114	102
255	57	106	105
254	52	105	107
254	53	105	110
256	54	101	108
255	53	104	109
254	53	104	110
253	52	103	109
255	53	106	111
256	48	111	111
255	54	106	108
255	53	107	108
255	53	108	111
257	53	107	107
258	53	103	109
259	52	104	110
264	50	102	110
267	52	96	112
270	52	95	108
272	49	93	114
271	44	99	114
271	43	97	122
271	41	99	119
271	37	101	123
272	39	99	125
272	40	99	116
274	37	97	122
274	38	99	122
275	38	101	121
278	39	103	122
281	39	104	120
276	47	102	118
281	44	108	116
284	48	109	113
289	50	94	115
290	49	98	120
291	53	90	118
290	60	82	114
290	59	88	113
292	65	70	118
291	60	71	126
289	66	83	117
289	66	84	113
290	73	84	112
290	63	84	117
291	73	83	115
291	69	87	113
291	76	85	112
287	64	91	119
288	75	84	112
287	67	85	119
286	76	90	112
285	70	94	110
287	75	83	114
285	66	91	115
286	74	83	114
283	68	93	114
284	73	92	110
279	78	99	101
273	74	106	105
279	74	101	103
278	75	102	104
276	75	109	102
279	76	107	101
277	76	113	100
279	76	102	105
275	78	104	100
274	79	107	98
272	78	107	97
273	78	107	97
272	79	107	100
270	80	106	95
269	79	112	96
270	78	108	97
268	79	112	96
268	80	109	96
265	79	107	95
263	80	122	95
267	79	103	96
258	80	125	94
264	77	103	98
264	77	115	96
264	77	98	96
261	76	120	97
269	75	100	97
264	76	118	94
269	76	96	95
263	75	116	96
266	75	102	96
265	75	113	94
269	75	100	96
268	77	107	96
263	76	112	96
266	77	109	96
261	73	114	100
261	73	110	99
261	75	121	95
265	72	103	100
260	74	117	95
264	73	107	98
263	72	102	99
258	73	104	100
257	72	108	100
259	70	116	98
262	68	98	100
257	69	98	109
257	69	105	100
258	68	103	103
257	68	104	100
257	64	103	105
258	65	97	105
258	65	99	103
258	64	91	109
255	64	92	108
256	63	89	114
256	64	90	105
256	63	88	116
256	67	90	105
255	64	89	118
255	66	88	103
250	65	90	116
252	64	88	104
255	69	82	112
252	56	85	112
254	64	82	115
252	66	82	106
250	61	83	117
250	67	83	105
249	62	83	116
250	64	82	107
250	61	81	115
250	63	82	112
251	63	80	114
250	54	80	112
251	62	79	115
249	52	76	113
248	62	78	112
247	52	79	120
246	60	81	117
245	53	81	109
246	58	78	116
244	49	79	121
242	57	81	120
241	46	80	115
243	56	79	116
241	45	79	118
243	53	79	120
244	50	76	118
243	49	78	125
248	51	73	111
246	52	75	118
244	47	76	125
246	53	77	118
244	46	78	123
247	55	77	116
244	49	79	116
243	54	81	116
243	50	82	117
243	55	82	113
241	52	83	117
241	54	83	114
240	55	83	117
239	49	83	119
237	58	85	114
237	51	83	111
232	54	87	118
230	49	88	117
229	56	89	115
226	56	90	105
221	53	92	118
220	52	92	108
220	55	94	119
218	46	94	116
220	53	91	122
214	44	95	117
217	51	91	122
215	43	93	117
217	51	91	122
215	45	96	118
217	49	93	124
216	46	94	115
218	51	95	122
218	50	94	112
218	48	92	126
217	50	94	111
219	52	89	120
218	49	90	110
219	56	89	117
218	55	89	105
219	55	91	118
218	51	92	109
219	56	101	119
221	54	96	110
221	55	98	119
220	53	98	117
221	55	96	124
220	52	96	114
222	56	99	125
221	53	98	116
222	56	96	123
221	54	96	117
222	56	98	125
222	54	96	114
223	58	96	125
222	53	96	114
225	61	96	123
223	52	97	118
225	58	95	127
224	53	96	120
225	59	96	127
223	54	98	122
225	58	98	129
225	54	97	131
225	58	98	133
226	58	98	125
227	64	96	127
226	59	98	122
228	65	96	125
225	65	100	119
225	64	99	120
224	66	101	118
226	66	98	123
221	64	104	122
226	68	98	123
224	66	100	121
226	68	98	130
224	63	100	124
226	67	97	137
224	62	100	139
223	65	100	139
222	60	101	141
222	65	100	144
221	62	100	135
222	66	99	143
221	61	101	136
222	64	99	146
221	63	101	141
220	60	101	146
220	62	103	149
219	58	105	148
219	55	105	159
219	53	106	158
219	54	106	153
219	53	104	166
221	55	105	155
223	53	102	165
222	56	105	158
221	57	98	157
220	58	102	163
221	65	102	143
222	62	100	156
222	61	100	155
221	57	102	166
219	59	102	152
218	53	103	169
219	53	97	162
219	56	101	165
219	50	95	166
217	49	98	168
218	47	96	162
221	56	92	157
220	54	87	153
223	52	88	152
220	58	90	151
223	59	85	146
224	63	85	133
224	67	85	144
229	61	80	124
227	63	81	121
225	66	83	113
226	66	82	113
226	65	81	126
227	66	82	121
226	62	85	160
227	59	84	152
224	62	86	133
224	58	88	162
230	64	88	137
226	58	81	153
224	65	85	138
227	69	81	134
224	61	81	135
225	67	74	111
228	73	63	95
229	70	70	141
225	60	76	130
231	70	62	84
233	65	71	129
229	72	72	108
230	68	70	132
231	68	74	138
236	56	61	98
235	58	66	134
230	64	57	61
238	54	56	87
236	52	67	127
232	56	54	61
250	48	39	74
246	45	39	78
248	49	29	60
247	61	35	49
247	47	36	49
247	44	37	63
237	61	50	53
240	57	44	54
236	56	80	108
233	63	56	82
230	65	67	84
230	64	54	70
229	61	38	50
229	62	71	48
224	63	73	51
228	65	64	54
223	60	80	64
229	57	61	82
226	63	46	53
228	54	73	81
224	61	42	57
225	60	61	75
226	66	43	54
227	62	104	108
226	59	69	101
225	66	80	94
227	62	96	126
227	63	93	113
230	61	108	148
233	65	100	124
235	65	91	119
236	65	98	134
238	65	87	103
238	61	61	92
241	58	73	112
241	58	70	105
245	56	51	84
244	56	62	97
246	61	54	84
247	54	66	125
243	60	75	147
244	64	80	138
242	71	70	129
247	76	70	129
242	69	71	134
239	76	69	125
241	68	66	138
238	67	65	132
234	80	69	118
237	68	66	126
232	78	53	115
232	75	56	117
227	80	59	111
226	80	59	111
223	76	54	112
220	81	55	106
218	80	54	108
216	80	55	109
215	81	54	108
215	81	55	108
212	87	52	103
209	83	59	107
211	81	59	111
208	82	60	109
208	80	62	112
208	79	64	111
206	76	66	115
206	76	67	117
208	77	67	116
209	76	66	113
208	81	67	113
207	78	68	122
204	77	75	126
204	74	78	135
202	79	85	136
205	69	84	154
204	72	94	151
207	68	95	155
207	67	126	125
214	59	138	116
225	48	144	126
231	51	132	132
223	47	158	142
218	43	160	153
220	41	163	157
206	39	172	155
213	35	179	161
188	44	185	163
205	25	179	175
200	39	176	164
192	40	186	164
167	39	210	163
189	35	190	166
157	40	210	162
153	37	219	169
148	41	215	165
145	37	213	168
155	39	201	165
144	42	208	164
158	43	191	164
143	38	201	173
145	42	200	165
141	43	202	167
209	46	129	165
202	52	133	171
161	49	171	169
158	43	176	168
208	48	128	160
186	45	146	166
227	47	102	161
172	43	160	177
219	52	108	155
193	44	134	177
217	52	108	154
173	44	151	175
230	56	90	149
151	47	173	176
257	61	60	145
226	31	77	192
152	44	161	171
194	47	113	154
168	47	141	163
183	43	122	154
187	46	117	159
229	41	73	157
163	44	140	128
216	44	79	172
187	44	111	145
211	54	84	169
217	50	78	160
201	47	88	164
190	38	104	185
174	31	119	187
192	47	100	168
170	29	121	189
195	46	97	167
167	23	125	192
166	38	122	169
178	33	110	180
173	31	117	182
157	33	132	181
178	32	107	181
151	29	138	187
176	30	110	184
130	24	159	182
163	24	121	174
135	21	147	184
136	14	143	195
136	15	139	188
146	15	130	188
144	12	130	186
148	12	122	180
143	9	118	181
142	14	116	179
132	16	110	145
157	10	107	139
147	4	103	129
166	17	78	115
167	16	78	115
160	13	86	113
159	3	86	135
145	5	99	194
114	23	115	172
117	25	120	155
122	20	105	140
134	16	120	129
121	17	118	172
121	16	118	186
135	16	105	170
124	23	114	171
128	27	109	164
124	33	112	163
147	23	88	163
92	39	146	155
135	21	115	161
128	27	112	156
91	44	152	153
128	29	122	162
130	50	119	145
119	39	131	159
140	49	116	147
123	41	133	156
155	54	113	141
95	58	170	133
99	48	175	142
75	52	197	139
79	51	197	143
119	51	159	144
59	49	206	144
131	47	148	147
76	56	194	134
82	54	192	142
81	55	178	145
65	48	204	149
117	47	158	151
163	55	101	139
63	56	201	131
178	51	94	141
73	52	184	140
180	53	81	130
59	60	194	127
161	55	104	129
64	60	194	124
174	57	78	110
75	47	149	142
174	51	78	126
100	36	146	143
184	46	70	126
125	42	121	132
162	52	92	122
143	41	108	137
173	47	76	129
159	40	88	132
103	50	148	125
163	28	93	134
110	38	145	125
160	34	103	127
139	26	119	137
150	39	108	121
113	34	149	128
152	38	110	130
105	41	138	133
89	42	158	135
75	42	152	144
122	32	132	148
97	39	137	149
98	30	151	144
99	33	108	158
123	29	135	143
100	39	144	140
96	34	123	153
100	41	136	143
105	30	118	150
102	31	91	154
130	27	54	120
120	15	69	134
110	28	70	102
119	23	62	99
112	19	71	108
116	20	63	106
110	19	74	117
112	24	66	138
113	31	74	112
113	28	72	119
116	28	76	128
112	28	104	130
99	35	178	123
114	31	101	143
89	40	166	130
91	30	134	148
103	34	111	143
123	39	88	134
126	33	85	134
129	32	83	137
129	30	85	140
136	31	79	140
136	30	81	140
133	27	88	142
144	33	83	140
139	27	83	138
138	25	86	144
140	25	86	145
141	26	87	141
141	26	90	141
132	28	104	144
132	28	107	147
129	26	104	153
120	29	115	151
96	32	147	152
74	30	159	152
152	37	81	142
87	34	147	140
110	34	122	150
76	35	146	154
155	40	80	140
74	31	158	150
93	29	125	157
73	24	149	161
90	35	118	150
68	28	148	160
91	36	115	148
62	26	151	169
81	37	112	150
80	37	127	154
65	35	136	160
88	39	128	144
143	39	66	148
75	33	135	148
84	42	119	150
137	36	67	155
107	39	101	143
140	34	63	156
103	42	105	138
139	36	60	151
128	37	76	141
129	46	76	132
128	42	79	138
106	47	101	136
140	38	63	151
112	42	99	142
142	47	67	144
124	51	86	134
145	42	66	149
137	43	74	142
139	38	76	142
138	34	79	144
139	37	78	142
137	33	79	143
136	39	81	128
136	44	81	123
139	33	80	137
138	28	81	140
136	43	78	128
139	36	73	127
137	44	61	125
139	39	65	123
139	40	48	125
142	43	53	124
146	34	64	118
148	34	51	120
148	27	57	108
153	26	55	109
157	28	57	107
155	29	51	106
155	33	56	99
158	31	58	97
156	35	51	96
159	40	52	92
160	43	51	95
158	45	47	94
167	43	45	97
166	46	43	93
176	46	39	107
173	46	40	100
183	47	40	100
182	47	39	96
183	51	50	83
183	48	48	86
183	46	42	96
189	48	50	85
191	47	38	88
196	51	44	77
216	37	33	85
214	43	61	66
212	37	73	72
202	39	86	80
196	42	74	89
200	40	87	90
204	40	67	98
205	40	88	93
209	44	69	100
208	42	83	93
213	39	84	102
215	40	86	109
219	36	93	107
221	39	92	109
221	35	104	114
223	30	131	134
223	22	143	164
219	25	148	157
206	34	160	153
226	35	143	144
0	51	319	134
94	44	272	155
231	36	143	150
60	46	187	146
101	43	262	147
81	40	266	161
33	40	328	151
19	23	320	183
29	14	349	166
27	21	203	195
39	15	291	188
30	9	335	178
49	13	304	187
61	14	193	197
65	18	149	182
69	30	161	188
76	12	157	189
82	12	167	204
115	13	265	181
134	7	229	190
138	3	248	188
145	5	206	187
147	2	217	190
151	7	201	184
144	4	210	193
148	8	207	187
153	11	196	183
156	11	172	187
162	17	188	176
169	10	159	187
167	14	157	189
175	19	180	173
179	19	157	185
184	24	159	171
187	26	147	174
192	29	138	173
192	29	127	181
191	25	136	186
193	31	126	184
192	22	115	201
194	26	122	193
196	26	124	190
203	25	133	182
205	23	150	159
208	25	124	180
210	27	129	177
208	19	140	174
209	21	135	183
209	24	131	184
209	22	143	185
210	21	147	189
212	23	143	189
213	20	140	192
213	19	149	192
208	23	153	188
210	21	153	190
210	16	135	205
206	18	139	194
207	19	151	187
208	16	154	190
206	9	158	196
205	6	151	198
210	8	146	191
211	5	149	199
211	5	141	193
213	2	147	196
215	0	133	199
214	0	146	200
214	4	130	201
210	6	150	197
211	6	148	196
213	9	148	195
214	9	150	196
213	12	151	193
214	9	153	199
210	9	147	201
208	10	120	212
201	12	140	211
200	25	146	196
202	23	150	187
199	29	136	188
199	31	151	176
200	21	105	177
200	20	74	187
200	13	74	196
196	8	70	198
191	5	74	184
188	5	74	196
177	8	90	200
172	3	79	202
161	9	104	191
155	3	94	203
145	5	112	199
140	4	123	206
134	5	123	197
131	2	190	200
138	9	118	179
122	0	188	203
128	6	121	179
114	0	205	203
123	6	122	183
108	5	257	197
115	7	134	194
90	0	245	197
103	3	138	189
78	0	163	209
79	9	138	188
70	0	141	212
67	5	126	204
53	0	145	220
53	1	143	191
35	0	162	214
28	0	202	207
21	9	234	198
40	9	130	192
6	7	165	209
22	0	292	194
51	14	285	187
29	6	148	199
17	2	299	205
51	22	275	188
33	17	265	196
50	18	276	194
37	20	276	194
43	20	272	195
36	18	269	197
39	16	282	198
39	19	279	196
41	15	267	199
46	12	190	199
37	4	245	191
54	5	164	188
41	6	300	208
73	20	181	192
37	5	270	191
65	3	172	196
48	5	292	201
74	6	163	203
50	3	249	190
76	5	226	190
76	10	270	186
61	6	249	193
83	7	168	191
73	9	242	195
88	7	155	193
66	8	181	184
74	14	286	197
100	10	159	204
78	3	239	195
96	5	179	191
92	8	259	198
110	6	137	199
93	5	210	192
109	6	191	190
111	5	126	180
98	11	154	192
103	9	239	193
121	3	129	195
109	8	248	203
131	5	134	201
114	5	165	188
118	11	145	179
115	15	206	186
127	8	152	189
123	10	143	181
119	11	161	182
120	12	134	176
119	13	118	162
121	16	239	200
145	14	179	199
140	14	205	202
148	16	194	203
143	19	222	204
137	21	214	202
151	23	197	190
133	20	226	191
152	18	202	192
133	15	230	190
152	15	193	193
147	19	205	187
143	18	209	190
151	18	194	193
140	20	204	193
154	17	181	193
150	19	181	193
150	18	172	195
149	9	171	199
151	12	155	204
149	12	147	206
147	13	137	205
143	18	137	205
141	19	134	191
141	19	132	193
142	17	122	193
146	14	123	198
143	18	128	191
148	18	124	180
147	16	123	179
149	18	122	174
151	16	120	174
154	20	116	165
155	19	113	171
157	18	108	162
159	21	102	164
161	13	98	171
162	16	101	168
163	12	98	167
167	18	95	160
170	14	92	167
171	18	90	162
179	13	85	168
176	13	89	165
176	15	89	161
182	16	83	164
186	14	80	167
187	11	82	168
187	14	84	164
188	15	86	164
192	12	82	168
187	12	89	167
189	17	82	163
192	14	82	165
193	13	86	166
195	16	81	164
193	12	80	168
196	12	83	166
196	16	78	162
198	14	78	163
194	14	80	163
193	16	85	160
194	21	87	158
198	13	79	168
193	20	82	160
193	17	86	163
193	23	87	157
195	17	83	165
192	20	88	161
193	20	87	163
194	18	86	165
191	16	90	165
188	23	98	159
190	18	97	160
189	26	99	155
189	19	98	160
186	30	102	152
189	19	101	157
187	27	104	156
187	23	105	152
188	28	104	151
189	27	104	151
189	27	104	149
189	31	105	144
190	24	103	150
190	34	104	146
192	21	102	152
191	31	102	151
193	18	101	154
193	28	102	154
197	16	96	158
194	24	96	158
197	15	94	163
195	27	98	153
198	18	89	163
196	19	93	160
199	18	85	162
198	18	91	162
198	21	85	161
201	19	89	159
204	20	82	156
201	18	89	159
199	17	94	162
199	18	98	165
199	18	101	164
197	24	107	159
196	29	110	149
195	27	110	153
195	34	110	146
195	33	109	142
194	35	109	150
194	35	110	143
194	38	110	146
195	32	113	142
197	36	110	151
196	34	117	136
197	35	112	154
194	34	125	137
195	31	119	151
194	35	124	144
196	35	122	146
197	32	128	146
199	31	132	152
198	30	130	146
200	29	131	153
200	28	131	154
199	27	134	152
201	29	129	150
197	29	134	150
197	27	135	152
197	28	133	154
197	28	136	149
200	30	132	149
197	28	134	152
196	30	134	150
198	32	132	148
196	27	138	154
199	33	130	143
195	27	133	153
198	34	129	148
191	26	145	151
195	33	135	146
194	26	138	151
196	32	131	149
189	25	144	149
195	34	132	150
191	27	141	148
196	35	130	151
189	27	151	145
194	31	136	149
192	25	136	147
194	33	128	148
192	26	142	143
192	27	131	161
191	25	136	147
194	31	127	156
192	25	137	149
194	30	129	146
193	27	127	153
194	24	130	152
195	32	124	146
195	30	127	147
194	28	125	152
194	32	125	142
196	31	127	154
193	32	127	141
196	34	123	151
193	33	131	139
196	35	123	152
195	30	132	143
197	33	124	152
193	34	127	139
197	32	132	145
199	31	125	145
197	32	124	146
196	33	126	147
196	33	127	148
196	33	128	147
196	32	126	149
196	35	124	153
196	32	125	149
196	34	123	155
197	31	122	148
198	35	118	156
197	31	120	146
198	36	116	154
198	32	118	145
199	35	115	154
199	33	118	146
199	33	116	155
199	31	117	148
199	33	116	155
198	32	117	146
198	36	115	151
199	30	117	145
200	36	114	150
200	31	116	144
200	34	114	150
200	33	115	145
200	34	114	148
200	33	115	147
200	37	115	144
200	29	115	148
196	37	119	142
197	31	118	144
194	38	120	141
197	28	120	143
196	39	121	137
196	37	119	140
197	38	120	139
197	36	119	140
197	40	120	137
196	38	119	138
202	36	114	140
203	37	112	141
212	34	104	143
224	27	93	158
240	21	82	159
245	24	77	155
247	24	76	152
250	23	75	152
257	23	68	150
242	24	81	146
242	21	80	152
244	21	79	153
232	21	88	150
213	22	107	156
210	25	108	160
215	25	103	162
217	23	101	160
207	19	111	167
218	30	98	153
191	17	124	168
205	27	109	163
209	18	103	163
202	21	111	168
203	22	110	159
203	24	108	167
199	18	109	166
196	23	115	171
195	20	116	162
197	21	114	172
197	20	115	172
197	19	113	168
199	20	110	172
199	14	112	176
200	19	112	172
200	15	112	172
202	16	111	174
202	15	112	175
203	17	113	168
201	14	115	178
200	16	119	174
200	19	121	177
202	15	118	165
203	14	118	181
202	13	119	175
205	14	118	182
205	21	121	175
208	30	121	171
209	22	120	165
210	28	120	171
211	22	120	171
211	29	120	174
211	18	122	176
210	24	123	184
209	16	128	186
210	29	129	182
211	19	132	173
212	30	130	176
212	21	132	169
212	27	130	176
212	28	135	164
215	28	134	169
216	28	139	168
216	26	138	171
215	21	141	171
215	24	143	174
214	24	144	173
216	25	152	191
213	19	155	180
215	23	153	174
219	27	151	179
219	33	150	173
216	30	154	169
219	29	150	174
219	31	149	169
220	35	149	166
219	35	151	159
222	39	147	160
217	26	155	169
216	22	153	182
219	26	150	168
223	30	147	169
220	29	148	166
221	25	147	170
224	25	143	173
224	26	143	171
224	23	142	173
224	22	141	176
224	25	141	172
223	20	144	178
224	12	145	187
225	16	146	183
224	17	147	179
223	19	152	178
224	20	150	178
221	19	146	189
218	20	150	176
216	21	152	173
218	21	144	164
220	18	139	175
219	23	126	165
215	29	136	150
217	28	124	148
219	31	119	144
217	29	112	143
216	32	110	143
215	28	110	143
215	30	106	141
214	30	104	144
212	28	105	146
212	27	101	143
211	28	105	142
211	30	102	141
210	27	102	144
210	27	102	145
209	30	102	145
207	25	98	139
207	26	99	146
206	27	101	145
205	27	101	140
205	30	109	135
208	27	107	139
209	28	99	136
209	27	105	138
210	28	102	137
210	28	110	135
212	30	99	133
212	30	108	133
214	29	93	132
213	34	105	130
215	27	109	134
216	29	98	133
215	29	103	138
215	31	106	129
216	30	102	131
216	29	108	132
216	30	101	128
217	32	109	128
216	29	105	132
215	31	113	125
218	29	107	125
218	31	109	122
219	31	104	124
219	29	105	128
218	30	103	122
217	29	106	125
218	29	105	126
216	28	105	130
214	28	103	126
212	28	107	132
213	30	104	126
212	29	114	128
212	30	103	127
211	31	115	129
212	27	107	135
210	35	103	145
207	26	115	160
206	34	121	163
206	21	136	172
207	33	137	178
209	28	156	184
212	31	144	192
213	31	148	192
214	33	157	190
216	32	163	191
213	28	163	195
210	26	168	179
216	32	164	158
218	31	168	167
214	34	168	158
210	36	170	147
211	40	166	168
199	33	188	152
202	36	193	172
196	31	186	164
196	34	192	155
186	35	206	159
192	34	195	172
186	34	197	162
182	34	206	161
176	33	215	163
173	31	205	167
176	30	206	165
167	32	216	160
161	30	213	162
170	29	201	161
152	31	230	157
165	27	216	162
150	28	237	160
153	26	230	165
155	25	227	169
143	24	232	170
157	25	216	169
152	23	223	168
153	20	223	170
157	20	210	170
152	20	216	166
156	20	208	167
155	21	210	167
157	19	209	164
157	18	208	167
149	17	217	167
153	17	209	172
147	17	224	179
147	13	218	165
148	16	219	172
150	15	221	182
145	14	225	164
150	17	225	173
138	13	230	162
144	16	214	179
144	15	202	181
135	16	199	193
141	14	223	181
147	10	214	163
146	13	224	168
135	13	220	170
141	12	205	185
147	9	208	181
140	11	213	186
150	8	213	182
143	7	221	180
144	8	213	184
146	6	210	185
146	4	213	191
145	9	211	190
149	10	198	189
146	8	207	189
139	14	195	184
143	19	256	176
148	13	239	193
142	2	207	205
148	13	228	193
153	0	218	206
151	2	223	197
151	7	208	193
149	10	192	186
148	9	185	181
144	13	190	173
142	11	185	171
142	12	151	176
147	16	175	164
147	16	123	177
148	21	124	125
151	21	99	151
153	24	123	126
143	30	140	128
146	26	127	138
150	21	115	143
148	29	89	136
146	48	99	124
146	36	109	129
150	38	130	122
146	32	128	162
159	26	131	172
156	27	125	159
157	26	122	162
157	19	102	160
159	19	107	166
157	16	116	169
156	14	125	169
155	15	122	176
153	17	127	172
152	24	106	175
146	17	132	174
148	22	116	179
146	27	129	170
148	26	116	175
148	20	129	173
149	21	103	188
149	26	117	180
150	29	132	166
155	27	114	174
158	26	123	177
159	27	108	177
161	29	117	179
160	29	113	175
160	28	118	183
159	27	115	179
160	18	111	191
157	19	113	191
156	17	111	190
158	15	106	192
159	11	101	189
154	20	106	183
152	9	80	182
148	15	96	179
142	6	98	179
141	6	107	184
135	5	89	160
136	2	93	169
133	10	99	161
131	13	110	158
131	13	108	172
130	16	102	178
126	17	90	180
123	19	89	178
121	19	87	175
120	22	93	161
116	19	93	170
110	28	96	162
108	20	88	172
106	18	87	174
97	18	96	172
90	14	99	174
88	13	108	174
89	18	103	175
90	6	100	187
93	3	96	190
94	4	94	181
94	5	85	179
93	3	86	178
92	6	86	191
90	3	92	200
91	4	96	190
87	4	83	164
89	4	87	185
84	5	94	170
85	4	100	188
86	5	106	188
88	8	108	186
86	16	98	161
86	9	86	176
83	9	99	167
83	2	97	147
87	6	89	136
87	7	88	127
84	8	92	136
75	14	95	154
80	23	93	144
69	24	96	142
66	19	100	158
66	26	86	144
67	14	81	145
67	18	156	125
57	10	83	175
51	23	73	151
42	22	142	138
38	26	168	167
37	42	221	163
47	21	177	184
45	25	216	174
49	30	201	171
43	27	205	175
48	26	207	173
47	32	201	169
51	29	196	168
53	23	183	180
55	25	173	174
56	23	165	169
56	22	161	173
56	21	145	170
56	21	146	177
54	25	141	173
51	13	92	163
44	18	148	178
48	9	129	176
47	10	135	188
49	4	132	178
50	11	139	186
64	12	119	159
64	23	121	167
65	16	122	159
67	13	102	159
68	11	105	165
66	9	85	151
66	22	78	128
54	23	87	115
60	27	84	96
48	26	93	87
71	24	75	103
69	14	78	102
75	22	71	97
74	27	74	99
73	17	75	94
73	26	91	95
61	24	103	118
65	17	101	116
63	14	102	123
70	7	101	121
85	16	91	133
105	15	86	137
104	8	81	142
101	32	134	145
57	37	174	169
83	32	143	165
106	25	137	165
79	33	166	169
50	37	54	153
109	20	35	168
113	8	65	150
114	16	102	163
134	33	102	190
105	10	147	213
117	37	139	185
147	48	107	172
78	27	176	192
55	35	241	168
109	41	122	166
136	48	122	144
105	24	144	172
65	40	66	140
115	26	109	152
150	32	72	142
148	6	81	169
153	17	85	154
154	13	89	165
154	9	90	179
153	9	92	179
146	9	94	183
146	9	92	169
138	13	94	175
140	17	92	171
143	16	95	173
146	14	93	181
147	20	93	173
149	20	91	172
131	17	112	158
127	31	129	154
112	39	128	147
131	30	121	165
141	37	112	157
151	29	113	168
145	35	99	162
166	25	97	175
142	35	108	166
164	26	86	169
151	33	92	173
163	31	81	174
153	37	87	172
161	34	79	165
168	32	70	178
168	32	68	178
169	31	65	181
164	34	69	171
163	35	68	175
161	36	67	171
151	42	73	167
153	38	66	170
147	44	70	167
147	43	66	165
140	44	72	166
139	42	69	165
137	38	76	175
137	33	73	181
133	32	75	182
133	34	74	185
135	28	69	189
135	32	67	188
133	30	68	191
133	33	66	184
130	37	69	181
127	41	72	181
124	38	76	185
123	40	78	183
120	38	80	185
117	42	88	181
120	40	98	169
111	47	79	175
112	50	90	162
110	48	98	157
103	45	116	144
95	48	98	147
105	37	84	153
107	37	58	175
101	40	64	171
99	40	65	174
98	37	77	175
99	40	63	180
102	38	59	183
101	43	61	175
101	39	60	177
101	47	60	169
101	43	65	173
99	39	60	178
98	31	68	176
96	40	67	169
96	37	91	165
103	35	55	170
98	32	96	166
102	28	75	179
99	33	92	173
108	29	101	162
101	27	92	189
108	26	99	176
104	31	94	178
105	28	92	179
97	27	97	177
99	24	95	180
94	27	88	170
95	28	91	188
96	29	83	168
96	29	88	183
96	30	84	175
96	30	84	181
94	30	82	173
93	30	85	180
92	30	77	177
94	30	85	181
92	29	76	173
94	30	80	180
97	31	70	172
99	29	80	179
98	32	74	170
101	35	80	176
102	35	79	168
104	34	77	168
106	33	77	166
107	28	78	170
106	25	81	173
105	22	80	172
104	22	84	173
103	21	83	170
96	18	91	171
95	14	90	166
94	12	94	176
95	12	91	172
101	13	82	174
104	14	81	172
93	17	92	164
110	17	82	156
92	19	103	164
109	14	91	160
77	18	121	149
116	23	91	139
111	29	91	135
92	19	116	151
111	31	99	146
128	17	83	163
129	14	79	150
132	12	79	164
128	12	78	145
128	14	83	160
125	11	83	150
119	12	90	152
77	6	133	141
73	13	136	149
87	13	117	150
81	21	123	135
56	22	146	140
87	25	115	142
76	31	125	140
91	20	113	154
71	30	132	145
105	9	98	167
127	15	74	155
125	17	76	154
117	15	84	155
134	13	67	161
123	14	84	158
137	12	68	154
114	16	95	156
122	16	84	152
48	30	159	145
113	26	102	153
83	27	119	146
100	29	109	145
57	28	143	144
127	28	79	150
124	25	74	142
127	21	74	151
117	17	76	156
107	18	81	154
93	22	90	151
103	27	78	147
76	23	106	156
73	21	102	160
79	18	102	163
80	18	98	168
84	17	94	182
84	16	89	173
91	15	89	191
92	17	82	175
98	22	81	178
100	27	78	169
99	30	81	168
100	32	81	165
101	32	81	165
102	39	78	151
101	49	83	140
101	57	83	138
102	47	87	154
103	44	84	157
101	42	89	161
101	35	90	169
103	27	96	169
98	19	127	156
97	22	143	186
98	34	115	166
96	21	147	191
92	35	161	160
94	29	108	159
96	18	127	187
94	24	148	170
98	22	135	177
100	20	126	171
100	18	127	173
97	19	146	163
90	15	132	167
100	16	123	168
89	20	89	155
91	17	90	157
90	20	93	163
89	23	102	169
89	32	98	153
88	22	102	150
88	22	112	156
88	22	94	155
88	18	99	164
87	17	93	155
85	18	95	167
83	15	96	159
87	15	95	167
84	14	94	170
85	16	79	177
89	20	68	181
93	32	65	169
96	31	63	169
100	33	59	167
93	20	64	179
91	26	63	175
86	16	72	182
85	16	77	180
84	13	82	174
78	12	91	172
80	10	94	172
80	11	103	167
83	12	104	156
79	9	106	173
82	12	109	164
85	12	110	160
97	22	91	173
101	21	91	160
111	18	81	179
107	30	85	156
119	45	82	150
126	57	70	136
126	62	67	127
128	61	66	124
141	40	57	141
135	56	66	119
134	54	64	125
122	49	75	131
52	9	147	175
137	23	97	168
62	11	176	181
147	20	105	159
139	27	111	163
168	20	83	171
64	16	194	175
155	33	111	152
151	50	116	150
150	32	109	154
145	31	109	159
141	27	109	162
138	19	101	165
133	33	103	147
133	30	104	156
136	29	103	161
149	25	88	164
150	26	84	159
156	22	83	172
142	27	99	169
114	48	126	161
131	34	104	178
110	47	125	162
122	48	110	162
93	59	139	153
131	39	107	175
122	41	111	165
102	48	130	157
123	32	105	172
112	39	119	166
113	34	113	168
124	31	98	171
134	27	84	173
147	29	70	162
138	30	81	162
140	29	76	167
130	36	88	163
119	41	100	160
113	42	105	159
109	47	110	152
103	45	114	154
111	50	104	146
110	47	106	150
104	48	114	149
105	46	110	149
106	55	110	141
97	46	119	148
104	53	112	142
108	54	109	142
109	53	108	142
129	59	84	131
123	68	90	124
146	84	64	98
124	58	84	121
110	57	98	114
123	64	81	104
112	55	87	115
121	60	76	105
119	46	77	120
127	55	69	109
115	39	83	128
126	46	72	119
128	46	71	124
129	46	72	126
133	44	69	134
133	46	70	137
134	45	64	138
137	47	63	135
133	50	65	131
138	56	55	124
129	55	57	126
136	62	53	124
130	60	52	128
134	57	55	135
125	59	62	131
128	51	59	140
119	56	67	135
122	40	67	154
116	45	72	144
123	45	66	146
118	44	71	142
120	47	71	141
116	45	75	145
120	44	69	144
116	36	76	152
120	39	67	143
120	40	71	143
117	42	73	140
121	39	68	145
120	33	67	146
127	33	65	148
126	24	66	149
132	29	66	145
142	24	61	152
146	24	63	149
156	23	53	134
165	27	54	126
177	24	52	127
183	27	56	123
198	21	52	129
225	27	56	118
230	27	55	118
230	27	59	118
238	30	54	117
244	37	51	110
243	40	51	105
247	47	49	103
242	50	39	88
240	53	45	88
237	57	36	80
233	58	35	79
230	60	38	77
228	63	37	75
225	63	29	67
224	65	32	64
221	65	32	66
218	66	32	64
216	66	34	64
215	67	32	63
213	68	27	62
211	69	31	63
209	69	31	61
208	68	29	59
205	68	28	62
202	69	28	57
201	69	27	58
198	69	28	60
196	69	29	59
195	68	29	61
192	68	31	67
193	69	26	58
191	69	27	64
190	68	27	59
191	68	28	64
189	68	27	58
191	69	26	61
189	67	26	60
191	67	26	63
189	68	26	61
189	67	27	60
190	68	25	57
191	67	26	59
190	66	27	59
191	67	25	58
190	67	27	58
190	67	25	55
190	67	26	59
190	67	27	59
189	67	24	53
191	68	24	55
189	67	26	55
189	67	24	59
188	67	26	56
188	67	26	55
189	67	25	55
188	67	25	53
188	67	25	57
188	67	25	56
186	68	26	56
187	68	27	63
186	68	27	62
187	68	26	64
188	67	25	55
187	68	25	56
188	68	25	62
186	68	29	69
187	68	28	61
188	67	27	71
187	68	27	67
188	68	28	70
188	68	27	67
188	66	25	70
189	68	24	69
189	67	24	69
189	66	11	73
189	69	24	66
189	68	20	72
190	68	17	71
189	69	19	70
190	71	16	70
190	68	19	71
190	70	13	70
189	69	25	67
190	67	15	75
189	71	17	65
189	70	19	65
190	71	25	67
191	68	19	69
191	71	26	69
191	69	27	68
191	67	28	74
191	68	29	72
191	67	30	72
192	71	26	70
191	70	29	71
190	68	29	71
192	72	28	69
193	68	27	72
191	67	26	75
190	68	28	71
191	69	28	73
191	68	28	72
191	69	28	73
191	68	28	72
191	69	28	72
191	69	28	72
191	68	29	73
192	69	29	71
191	68	27	71
191	69	28	73
191	68	28	71
191	69	28	71
190	68	27	69
190	68	28	75
190	69	29	70
191	69	27	69
191	68	27	75
190	68	27	71
190	69	27	74
191	68	27	70
191	69	27	74
191	69	27	71
191	68	28	73
190	68	29	74
190	69	25	72
190	68	28	74
189	68	27	71
189	69	26	75
189	68	27	73
188	69	27	75
189	68	28	73
189	71	28	72
189	69	23	69
189	69	26	74
188	70	28	73
184	69	27	71
185	71	30	71
185	72	30	68
183	73	31	67
188	71	26	70
182	76	34	69
185	74	31	71
182	72	33	70
182	74	33	67
175	74	41	68
174	73	43	74
155	70	61	80
176	67	39	78
154	73	63	73
175	68	42	82
107	70	112	81
167	69	50	82
146	72	74	81
154	73	64	75
130	75	89	78
110	74	111	78
173	73	49	77
142	70	79	85
143	74	78	77
146	71	73	81
126	71	94	84
116	75	104	78
174	74	49	78
184	69	38	87
167	72	54	82
182	67	38	88
165	68	53	85
173	66	46	93
169	65	51	93
166	65	51	93
161	62	57	97
159	60	58	95
153	62	61	94
149	62	63	95
158	61	53	95
144	64	63	92
155	61	52	94
153	58	54	97
153	57	54	98
154	55	53	101
150	53	57	102
158	52	50	105
152	54	53	103
154	52	56	106
150	50	62	111
153	46	63	118
142	44	77	123
151	38	70	131
151	38	72	133
144	36	79	138
140	33	86	145
126	39	103	140
108	45	120	134
91	46	138	138
91	49	138	129
91	47	140	137
87	48	144	133
93	47	139	134
87	43	143	138
81	40	147	140
82	39	144	142
87	40	137	142
111	43	113	139
81	30	140	154
108	38	115	144
95	30	124	151
100	38	119	144
116	37	103	143
113	25	106	157
109	33	110	153
103	32	118	151
65	33	159	154
98	37	125	147
97	32	131	159
103	37	124	153
107	25	123	168
91	32	145	167
87	38	147	164
145	43	94	164
147	27	92	175
145	22	89	186
153	22	83	185
158	21	77	184
155	20	86	182
161	21	81	185
160	17	84	186
161	17	84	187
160	17	86	185
163	20	84	182
162	21	83	180
159	22	83	179
159	23	86	179
154	23	89	183
150	23	91	185
139	21	99	189
126	17	109	198
136	16	108	198
114	23	122	192
102	26	141	189
131	29	115	186
115	24	124	188
128	22	116	192
131	30	113	180
105	24	133	186
154	17	85	193
124	19	109	188
136	15	99	200
152	18	83	195
158	21	78	182
151	25	84	182
140	26	98	180
142	19	97	183
148	18	93	186
152	17	88	184
156	18	83	179
152	18	86	180
157	17	76	186
151	14	87	186
139	14	95	191
135	13	94	188
140	18	87	187
134	18	96	188
127	29	98	179
139	29	94	175
109	37	118	169
127	35	108	174
132	24	103	177
125	29	110	166
121	21	115	165
135	21	96	173
121	23	117	148
124	34	111	144
124	26	111	147
124	28	110	144
130	21	104	153
129	25	106	146
140	21	95	150
152	14	81	165
149	15	86	162
145	20	91	166
148	20	92	180
142	23	101	178
137	24	104	177
151	22	88	183
148	22	91	179
151	23	84	185
155	17	82	187
152	20	88	184
154	14	82	185
162	16	77	185
169	16	73	181
172	18	67	171
173	20	72	171
163	21	77	166
169	24	74	162
166	26	74	163
169	27	72	154
164	29	78	161
166	26	74	152
160	30	78	164
160	35	74	153
166	35	71	155
151	40	84	144
145	42	91	151
136	41	99	145
128	36	110	150
115	41	118	147
97	32	150	155
107	38	134	154
97	29	147	166
124	34	113	159
144	27	88	161
135	35	94	142
146	42	87	137
153	40	76	139
157	40	72	144
154	37	77	145
151	32	79	156
129	32	100	157
131	27	100	157
111	35	114	149
106	39	125	152
90	46	141	147
126	39	108	157
118	40	113	147
104	35	124	149
118	47	106	137
94	33	128	144
116	48	95	134
