0.003550
0.131929
0.131079
0.182895
0.135495
0.130551
0.128910
0.134006
0.189447
0.146220
0.128552
0.116900
0.144547
0.136055
0.133652
0.129939
0.178579
0.137640
0.134103
0.141582
0.138674
0.144797
0.132673
0.134344
0.148291
0.151593
0.155152
0.158226
0.153425
0.151753
0.149054
0.136325
0.135520
0.152695
0.135200
0.128327
0.133940
0.178536
0.159604
0.139619
0.185607
0.123740
0.126875
0.152481
0.131747
0.186615
0.169824
0.148766
0.168202
0.158959
0.136161
0.133529
0.132185
0.167695
0.163177
0.166409
0.183023
0.128845
0.161097
0.165896
0.171824
0.166527
0.164578
0.163735
0.124522
0.124221
0.129945
0.153311
0.131692
0.145975
0.136808
0.136631
0.179695
0.161319
0.157533
0.138018
0.125519
0.163062
0.138004
0.135044
0.155272
0.137702
0.149573
0.138155
0.127700
0.148426
0.160480
0.154036
0.122685
0.143233
0.127693
0.146075
0.176507
0.132547
0.131565
0.127351
0.128863
0.129578
0.107859
0.132168
0.127639
0.200032
0.159341
0.183836
0.131628
0.131386
0.132508
0.108639
0.103145
0.172152
0.159550
0.133818
0.132307
0.133291
0.174240
0.159756
0.158097
0.179971
0.136370
0.157867
0.174083
0.152548
0.159931
0.139128
0.135388
0.136151
0.138264
0.136850
0.165406
0.175669
0.192970
0.168647
0.149976
0.205780
0.133720
0.158656
0.136402
0.128442
0.185218
0.161930
0.188987
0.138483
0.145530
0.134689
0.214103
0.159276
0.148166
0.133979
0.130769
0.149398
0.136541
0.183926
0.165214
0.157159
0.168129
0.128577
0.128325
0.128327
0.129863
0.149082
0.152903
0.133440
0.130529
0.127670
0.132570
0.129077
0.117778
0.104395
0.099776
0.102527
0.187405
0.146579
0.128861
0.132637
0.134386
0.160562
0.133826
0.107133
0.109911
0.131718
0.142112
0.131263
0.133326
0.190018
0.155804
0.145072
0.130236
0.134885
0.184018
0.134073
0.137305
0.162767
0.146719
0.165454
0.141720
0.154609
0.153797
0.129098
0.130451
0.129075
0.202839
0.133160
0.153282
0.174530
0.149819
0.136454
0.167625
0.132352
0.128411
0.132820
0.127454
0.161296
0.156390
0.132094
0.136291
0.122706
0.198741
0.134650
0.137893
0.183097
0.157833
0.164382
0.153530
0.175429
0.137400
0.162475
0.187246
0.163646
0.172446
0.161798
0.142865
0.156732
0.132601
0.131670
0.133620
0.124249
0.111716
0.122455
0.155878
0.162386
0.130389
0.149911
0.131164
0.129284
0.160087
0.131978
0.137013
0.127825
0.166488
0.149192
0.128414
0.129678
0.124440
0.101134
0.177722
0.155627
0.129441
0.146364
0.131607
0.155145
0.141517
0.157885
0.133558
0.137594
0.128523
0.128194
0.162102
0.208638
0.152456
0.130713
0.163460
0.181857
0.145016
0.160903
0.164417
0.148622
0.159014
0.138663
0.132785
0.130405
0.134218
0.156725
0.140137
0.126330
0.122232
0.105314
0.160269
0.203808
0.125271
0.158138
0.201396
0.115417
0.134898
0.177104
0.154465
0.151337
0.148627
0.131960
0.132454
0.133104
0.153589
0.171664
0.197693
0.171686
0.136436
0.155926
0.131031
0.171694
0.187367
0.127759
0.132084
0.130620
0.100856
0.103509
0.144174
0.130828
0.129766
0.175424
0.169300
0.138526
0.128788
0.107834
0.158744
0.132500
0.133191
0.137158
0.133898
0.153098
0.154742
0.187667
0.136320
0.134582
0.196924
0.156679
0.204049
0.137413
0.133122
0.174116
0.140377
0.123573
0.197223
0.156797
0.162897
0.145982
0.133413
0.158833
0.154415
0.155029
0.156382
0.161566
0.130330
0.138699
0.133605
0.130160
0.128867
0.131090
0.132003
0.131534
0.127372
0.141583
0.154954
0.190031
0.146309
0.134794
0.133375
0.129209
0.154574
0.133896
0.139711
0.134033
0.134612
0.135326
0.132166
0.128669
0.129580
0.146436
0.136899
0.147784
0.152636
0.189818
0.163712
0.163727
0.166338
0.158730
0.139182
0.126124
0.130033
0.129246
0.148855
0.125917
0.130206
0.135732
0.159292
0.140754
0.154433
0.143162
0.151146
0.137456
0.183264
0.146616
0.187693
0.162096
0.158899
0.159698
0.158161
0.145390
0.132595
0.140640
0.130686
0.110967
0.110003
0.153404
0.129762
0.188910
0.163809
0.138464
0.169076
0.164942
0.157690
0.134021
0.132077
0.130240
0.138332
0.130441
0.139672
0.139294
0.136309
0.172302
0.144382
0.153650
0.152408
0.135886
0.152359
0.126301
0.140477
0.153122
0.131158
0.134381
0.134428
0.171048
0.144365
0.136842
0.129753
0.150315
0.129241
0.124707
0.191468
0.149300
0.129586
0.176654
0.154216
0.157105
0.126997
0.150234
0.152037
0.166856
0.184370
0.137687
0.131613
0.133117
0.136347
0.136615
0.141253
0.137235
0.151531
0.130132
0.134707
0.132463
0.133931
0.136085
0.116926
0.177094
0.133882
0.177982
0.136400
0.175319
0.128017
0.157429
0.149888
0.127375
0.150048
0.152574
0.134226
0.131267
0.170929
0.145102
0.155328
0.134781
0.136184
0.147988
0.139943
0.129805
0.133262
0.147193
0.153147
0.147781
0.162639
0.132413
0.141582
0.134427
0.164787
0.153453
0.149471
0.134386
0.133455
0.126521
0.118002
0.157501
0.169939
0.157811
0.204690
0.102866
0.103374
0.176185
0.176209
0.151675
0.128409
0.129591
0.132733
0.115202
0.156139
0.136733
0.150978
0.129469
0.154071
0.129494
0.135485
0.160382
0.130199
0.160475
0.175812
0.132582
0.161725
0.182408
0.140309
0.170836
0.140481
0.140260
0.188612
0.166452
0.144006
0.173327
0.169679
0.168841
0.161886
0.140434
0.152115
0.195133
0.185723
0.163888
0.194971
0.154902
0.158020
0.154355
0.154796
0.155168
0.154543
0.135538
0.126686
0.170291
0.159738
0.159860
0.140951
0.140250
0.182037
0.133214
0.139776
0.132601
0.154191
0.143207
0.136916
0.148533
0.159295
0.133890
0.188712
0.203220
0.160163
0.170191
0.159863
0.151626
0.105424
0.105247
0.105254
0.105079
0.158993
0.179551
0.183607
0.153895
0.135144
0.128525
0.154703
0.158359
0.133747
0.175534
0.164464
0.169633
0.147335
0.180338
0.132674
0.135020
0.128885
0.145171
0.133168
0.140304
0.174507
0.174695
0.160711
0.134263
0.165884
0.131558
0.134584
0.132044
0.130077
0.120459
0.187217
0.167133
0.158600
0.134605
0.133641
0.162177
0.143631
0.161439
0.138315
0.104461
0.153230
0.155658
0.151612
0.132348
0.157059
0.150501
0.141588
0.131353
0.140856
0.128102
0.134801
0.154664
0.133816
0.137456
0.148849
0.151864
0.157331
0.152771
0.128162
0.130572
0.136744
0.132179
0.132051
0.200266
0.153435
0.131799
0.151182
0.133250
0.138956
0.131917
0.154664
0.131098
0.134975
0.138453
0.130858
0.155652
0.131462
0.161818
0.158325
0.158450
0.155060
0.161339
0.135015
0.172113
0.165701
0.145863
0.137103
0.136126
0.137519
0.134113
0.173449
0.109060
0.197051
0.109678
0.103926
0.118241
0.105633
0.137177
0.128625
0.175964
0.198289
0.161001
0.108336
0.127369
0.172493
0.158880
0.129390
0.129150
0.171131
0.138741
0.132636
0.134214
0.133358
0.118690
0.140358
0.104222
0.159817
0.138334
0.136385
0.153486
0.149002
0.153248
0.153279
0.133440
0.183847
0.176539
0.163425
0.182069
0.169464
0.181414
0.125646
0.142805
0.146686
0.131528
0.161504
0.141845
0.134008
0.132347
0.139768
0.175852
0.179967
0.198755
0.153154
0.169637
0.161596
0.181104
0.137392
0.129763
0.115619
0.106877
0.104355
0.177963
0.135750
0.133170
0.133240
0.129329
0.169591
0.148420
0.130590
0.131495
0.134845
0.112980
0.159276
0.140617
0.133063
0.135044
0.132374
0.129695
0.105071
0.117094
0.149820
0.136745
0.130430
0.128305
0.156014
0.125320
0.161309
0.159169
0.152807
0.129612
0.195746
0.136212
0.176988
0.175884
0.132498
0.128883
0.132099
0.118938
0.165309
0.139791
0.183173
0.179537
0.168940
0.193412
0.156207
0.167219
0.137769
0.133454
0.132254
0.126087
0.102793
0.103933
0.174155
0.164980
0.161066
0.154898
0.128666
0.131768
0.124764
0.127529
0.126605
0.143166
0.127079
0.131337
0.132628
0.128895
0.128209
0.127059
0.124762
0.124919
0.130218
0.150454
0.132854
0.132676
0.114499
0.158346
0.143800
0.183718
0.146893
0.177993
0.138786
0.159727
0.166182
0.184008
0.142772
0.130227
0.164178
0.139759
0.136176
0.143370
0.149883
0.134078
0.154373
0.136368
0.134433
0.120989
0.102581
0.105660
0.105381
0.104284
0.102570
0.096704
0.104109
0.106874
0.104135
0.109571
0.153603
0.132807
0.149413
0.144419
0.140835
0.141411
0.128793
0.109656
0.106188
0.108356
0.202229
0.160761
0.171762
0.160232
0.143024
0.127905
0.126666
0.163984
0.168674
0.159766
0.145913
0.158104
0.140023
0.168156
0.149670
0.155747
0.168385
0.150072
0.130376
0.150697
0.140341
0.135541
0.183405
0.171453
0.135100
0.129199
0.150499
0.125455
0.148125
0.103660
0.153817
0.134899
0.155022
0.155554
0.165207
0.139032
0.147563
0.159059
0.165965
0.135643
0.132149
0.149303
0.105605
0.185581
0.159246
0.134275
0.128425
0.130521
0.135265
0.151054
0.207218
0.183120
0.163699
0.160233
0.159409
0.129214
0.141352
0.134766
0.125019
0.125804
0.131693
0.141552
0.161398
0.183025
0.164395
0.161464
0.161410
0.153747
0.143220
0.126636
0.168773
0.181422
0.152326
0.134284
0.153815
0.128676
0.134656
0.129569
0.130699
0.106309
0.140404
0.132583
0.135536
0.170220
0.174446
0.156432
0.160814
0.136265
0.135854
0.193938
0.187235
0.163519
0.163303
0.160352
0.159580
0.176267
0.168796
0.152220
0.130479
0.127976
0.201911
0.131694
0.149881
0.129570
0.134886
0.133760
0.136422
0.156112
0.199832
0.178468
0.134269
0.134401
0.162404
0.131404
0.197108
0.154342
0.135437
0.141865
0.129231
0.144361
0.139426
0.141768
0.128865
0.127283
0.121221
0.136556
0.130143
0.150424
0.127835
0.141435
0.151000
0.134637
0.132892
0.174233
0.169128
0.164300
0.160946
0.172863
0.149277
0.151394
0.131715
0.130002
0.127332
0.165953
0.191568
0.169495
0.132949
0.132341
0.154485
0.139231
0.131694
0.131210
0.128939
0.181088
0.175576
0.162287
0.163593
0.165487
0.163001
0.168364
0.166168
0.128364
0.133239
0.143776
0.129809
0.129270
0.158753
0.169851
0.136311
0.167559
0.135453
0.192769
0.136580
0.164876
0.188355
0.142177
0.137842
0.124625
0.100900
0.171106
0.153115
0.106505
0.176475
0.163482
0.116094
0.170722
0.125327
0.128158
0.145261
0.168581
0.131672
0.151236
0.116293
0.136433
0.131884
0.166973
0.183285
0.146758
0.154435
0.145198
0.132121
0.132470
0.129286
0.136989
0.169583
0.171774
0.141601
0.129881
0.136705
0.151843
0.138302
0.151118
0.158423
0.136815
0.132121
0.170542
0.159264
0.137867
0.162466
0.133130
0.132283
0.143835
0.138572
0.138346
0.158030
0.131583
0.106715
0.107039
0.115963
0.139868
0.113515
0.134977
0.140677
0.133144
0.134487
0.133819
0.126452
0.151609
0.118948
0.177165
0.154595
0.132405
0.130642
0.119517
0.109710
0.111581
0.149045
0.162007
0.141070
0.159333
0.146834
0.116063
0.148052
0.179105
0.168661
0.159918
0.135555
0.136190
0.155869
0.133021
0.172940
0.134258
0.137190
0.140822
0.194315
0.150722
0.155339
0.130279
0.131371
0.153417
0.131393
0.132612
0.188525
0.162455
0.135277
0.134105
0.127171
0.126168
0.155802
0.122220
0.104745
0.106257
0.175821
0.159068
0.159949
0.161866
0.182099
0.159777
0.155419
0.102879
0.173876
0.134056
0.133275
0.172117
0.149285
0.148452
0.135925
0.130499
0.134342
0.127327
0.151063
0.131374
0.155586
0.135605
0.135052
0.135548
0.173364
0.140646
0.128380
0.151122
0.140712
0.139369
0.126024
0.181813
0.159571
0.158533
0.160088
0.150892
0.132456
0.134740
0.127360
0.135685
0.131196
0.135119
0.173343
0.136383
0.157607
0.139325
0.148220
0.133192
0.158063
0.137336
0.164244
0.166014
0.154865
0.152687
0.132864
0.136855
0.129720
0.152165
0.133433
0.132077
0.187428
0.152657
0.131192
0.132058
0.170958
0.171077
0.129161
0.115205
0.103197
0.108143
0.100783
0.106793
0.108334
0.184745
0.131047
0.141188
0.138001
0.102322
0.135970
0.127896
0.129262
0.127832
0.128513
0.132295
0.134546
0.162450
0.140522
0.185013
0.143243
0.102154
0.115535
0.133933
0.151726
0.155306
0.130710
0.135422
0.154824
0.165243
0.185456
0.181002
0.153130
0.133167
0.149278
0.152799
0.143784
0.151945
0.157695
0.140124
0.155617
0.135660
0.131878
0.140267
0.134821
0.144806
0.105929
0.147426
0.129062
0.173184
0.167286
0.145835
0.134341
0.155893
0.144772
0.144873
0.152017
0.131256
0.129959
0.135643
0.115705
