0.005026
0.156405
0.143236
0.152529
0.141155
0.162230
0.122190
0.115269
0.153727
0.178299
0.136847
0.135725
0.176835
0.137467
0.124617
0.138544
0.148589
0.187113
0.163728
0.159857
0.142019
0.137499
0.139644
0.172374
0.121940
0.142666
0.160533
0.138263
0.146278
0.148818
0.151067
0.121639
0.155401
0.133098
0.170362
0.144651
0.136637
0.152690
0.122180
0.154227
0.134811
0.157468
0.173499
0.156332
0.130198
0.174190
0.133236
0.137070
0.146880
0.154400
0.156554
0.137231
0.130059
0.136970
0.168863
0.140303
0.156685
0.157027
0.151311
0.139413
0.144378
0.137033
0.139904
0.155063
0.138911
0.139576
0.151228
0.140098
0.161489
0.123852
0.146725
0.138641
0.144886
0.148217
0.147856
0.157738
0.168515
0.137856
0.158401
0.160429
0.138124
0.137822
0.138944
0.142373
0.156088
0.141502
0.164706
0.161936
0.149056
0.156568
0.120292
0.138784
0.139401
0.167152
0.149409
0.131644
0.172388
0.143996
0.160582
0.202341
0.152845
0.160859
0.174432
0.137227
0.160338
0.112921
0.116205
0.119217
0.120198
0.158903
0.135088
0.114350
0.165497
0.139338
0.144062
0.145315
0.148551
0.131042
0.172155
0.168815
0.148415
0.153733
0.129583
0.137918
0.154306
0.160436
0.141814
0.138189
0.141690
0.138254
0.125911
0.172704
0.137746
0.147290
0.142857
0.151807
0.145840
0.149825
0.142615
0.142136
0.163387
0.138694
0.154188
0.187845
0.141608
0.130123
0.150576
0.136181
0.148755
0.143049
0.167449
0.138710
0.154253
0.136536
0.191850
0.167379
0.165117
0.155579
0.147164
0.142208
0.156176
0.178782
0.163868
0.154345
0.166635
0.152201
0.170855
0.122315
0.179434
0.154192
0.138582
0.125129
0.131862
0.124577
0.137841
0.151278
0.162817
0.128494
0.156598
0.160089
0.146231
0.137454
0.132343
0.145588
0.147711
0.145642
0.145228
0.150512
0.152937
0.153570
0.196990
0.195152
0.147786
0.134216
0.180031
0.162178
0.156326
0.145610
0.178646
0.151834
0.161191
0.141381
0.139809
0.118108
0.116896
0.141095
0.150504
0.153562
0.137130
0.137551
0.148811
0.111634
0.140089
0.122836
0.170222
0.160414
0.150364
0.145064
0.139071
0.168160
0.139145
0.172266
0.130251
0.136836
0.180678
0.145825
0.124695
0.139059
0.168779
0.123217
0.134978
0.137950
0.161155
0.177405
0.133371
0.148633
0.124278
0.130977
0.128162
0.129472
0.123350
0.161802
0.173933
0.145679
0.151468
0.171361
0.191438
0.154982
0.130279
0.143349
0.130494
0.150534
0.128261
0.134371
0.143516
0.141087
0.177361
0.145025
0.176197
0.164272
0.166200
0.138899
0.127151
0.156958
0.146610
0.142254
0.151285
0.160393
0.143288
0.145816
0.161587
0.157153
0.156712
0.147297
0.124555
0.129028
0.129927
0.150266
0.126701
0.120392
0.191923
0.158531
0.138647
0.166323
0.158220
0.151762
0.169945
0.162118
0.158293
0.154079
0.151757
0.143087
0.147628
0.171169
0.164332
0.132158
0.149329
0.136930
0.175358
0.139242
0.126819
0.124835
0.123862
0.142660
0.157401
0.120147
0.117950
0.149321
0.140764
0.127922
0.127786
0.116564
0.160307
0.122155
0.124524
0.150325
0.130782
0.152601
0.137168
0.158781
0.164993
0.176416
0.150240
0.141614
0.135491
0.133192
0.176122
0.159824
0.152170
0.164327
0.143626
0.157194
0.162754
0.142546
0.166091
0.148987
0.135263
0.180602
0.207981
0.147761
0.142227
0.131047
0.121206
0.140632
0.139999
0.150992
0.149006
0.148053
0.138969
0.138091
0.134875
0.128633
0.150443
0.160465
0.151805
0.180101
0.128084
0.137984
0.144253
0.149422
0.135071
0.149248
0.203295
0.151325
0.176831
0.126073
0.167679
0.137006
0.121834
0.142015
0.144258
0.181374
0.172571
0.175903
0.152332
0.152739
0.119142
0.122023
0.127848
0.142044
0.168042
0.140406
0.122980
0.161550
0.162141
0.166594
0.123488
0.146120
0.144496
0.131440
0.167514
0.146405
0.134118
0.155921
0.140601
0.142211
0.160090
0.164037
0.136018
0.166018
0.148062
0.138906
0.133596
0.157271
0.140095
0.146114
0.138851
0.177888
0.128581
0.166830
0.162606
0.143790
0.146040
0.125681
0.128915
0.142898
0.145598
0.164094
0.128771
0.186621
0.131085
0.157151
0.134691
0.154118
0.164441
0.132347
0.173093
0.133435
0.161157
0.175483
0.147513
0.144575
0.124452
0.142820
0.145216
0.140244
0.133817
0.137963
0.129870
0.132928
0.144695
0.186514
0.119577
0.182319
0.154660
0.129429
0.155485
0.181662
0.146573
0.135239
0.156729
0.147569
0.155077
0.173602
0.156629
0.142975
0.147660
0.150707
0.158718
0.137697
0.145340
0.164544
0.139218
0.147907
0.137866
0.140971
0.161116
0.145660
0.133593
0.140027
0.135280
0.154652
0.165005
0.144311
0.130089
0.143264
0.163205
0.135518
0.166482
0.119694
0.158032
0.162161
0.164874
0.139715
0.120431
0.145240
0.136734
0.136196
0.144221
0.141841
0.153770
0.156800
0.150747
0.135179
0.130767
0.156321
0.179578
0.149100
0.136276
0.134727
0.160620
0.179430
0.154394
0.148790
0.128222
0.192930
0.135805
0.161312
0.128938
0.154409
0.137211
0.168286
0.155584
0.124267
0.144614
0.131891
0.201669
0.145425
0.137090
0.143118
0.163703
0.142573
0.127810
0.151865
0.160115
0.187797
0.169876
0.125375
0.131359
0.132154
0.162102
0.150115
0.170987
0.145329
0.145493
0.164550
0.140686
0.165300
0.137278
0.132716
0.135257
0.151171
0.140375
0.147643
0.136621
0.126908
0.148523
0.122359
0.163271
0.158620
0.177153
0.137895
0.128154
0.123570
0.172335
0.155686
0.165559
0.147515
0.148073
0.144169
0.168008
0.138858
0.142719
0.143250
0.155191
0.149847
0.175950
0.155812
0.155525
0.129919
0.125430
0.145874
0.164937
0.175705
0.124847
0.152758
0.151231
0.150302
0.130866
0.134788
0.166681
0.147218
0.156986
0.124083
0.128187
0.127855
0.165303
0.143491
0.131399
0.153559
0.149412
0.144752
0.154562
0.152652
0.159384
0.164557
0.152452
0.147555
0.149840
0.176093
0.181964
0.159081
0.173219
0.150625
0.148502
0.144348
0.121130
0.133131
0.162289
0.137532
0.141865
0.124763
0.143039
0.213949
0.165560
0.154550
0.135055
0.148972
0.163948
0.126125
0.180861
0.162512
0.154915
0.159651
0.167065
0.147574
0.134670
0.142817
0.127173
0.163600
0.159525
0.127843
0.132318
0.141842
0.129580
0.147389
0.153265
0.148329
0.137649
0.144866
0.172014
0.153612
0.179098
0.152709
0.140811
0.137964
0.123218
0.118412
0.122466
0.178772
0.133814
0.135446
0.136859
0.138240
0.141886
0.136855
0.149501
0.126346
0.106312
0.105817
0.110974
0.135795
0.172525
0.158036
0.142216
0.125818
0.139112
0.164175
0.148993
0.164458
0.147918
0.137005
0.147974
0.137864
0.159320
0.180631
0.164438
0.159145
0.166266
0.142731
0.145868
0.128571
0.188959
0.146992
0.127051
0.165537
0.139389
0.134748
0.137956
0.122182
0.202828
0.166655
0.139064
0.118299
0.152208
0.163122
0.158610
0.130024
0.124005
0.163864
0.147081
0.112855
0.162072
0.122963
0.153878
0.124977
0.160658
0.138496
0.145301
0.154575
0.167891
0.158050
0.148113
0.120583
0.141895
0.141585
0.151778
0.139924
0.149463
0.152357
0.138787
0.149327
0.128578
0.128189
0.147269
0.171236
0.149707
0.154167
0.144938
0.156177
0.166243
0.155365
0.136781
0.140741
0.148882
0.152963
0.129709
0.159075
0.166009
0.145509
0.139663
0.141557
0.143738
0.119250
0.147022
0.162116
0.168717
0.176973
0.166600
0.157252
0.150803
0.117398
0.148633
0.148462
0.142871
0.152214
0.137719
0.129672
0.130478
0.150216
0.124967
0.135855
0.119811
0.140830
0.132428
0.123791
0.146639
0.133291
0.120554
0.155762
0.167884
0.157444
0.141333
0.188700
0.175908
0.143926
0.151741
0.146235
0.203165
0.136857
0.166188
0.157449
0.119138
0.141551
0.139222
0.128062
0.154513
0.135527
0.141206
0.118956
0.132665
0.148075
0.149686
0.137875
0.140456
0.140335
0.161473
0.151247
0.216969
0.140702
0.134160
0.166787
0.153520
0.144322
0.135215
0.143504
0.161866
0.171410
0.136212
0.161248
0.147916
0.160527
0.196365
0.162756
0.147549
0.150903
0.132167
0.140120
0.143506
0.159733
0.168294
0.158630
0.145478
0.166152
0.146165
0.145565
0.175226
0.132842
0.157799
0.168640
0.143230
0.151926
0.133272
0.118471
0.162822
0.148768
0.138008
0.162652
0.131576
0.142054
0.136411
0.130825
0.174417
0.160037
0.137654
0.165467
0.146801
0.141377
0.158110
0.143683
0.138934
0.125773
0.125722
0.142924
0.139205
0.154652
0.138130
0.161455
0.170270
0.142068
0.171483
0.157867
0.145212
0.140090
0.140649
0.165945
0.147017
0.148752
0.136848
0.175499
0.147187
0.148611
0.142942
0.166504
0.152432
0.123485
0.117211
0.116258
0.118390
0.167628
0.149702
0.175003
0.159293
0.140601
0.154690
0.149802
0.140049
0.140732
0.139531
0.114454
0.144914
0.144054
0.142214
0.128777
0.145104
0.146071
0.144324
0.138877
0.179027
0.151097
0.166340
0.143918
0.147478
0.154433
0.154930
0.147784
0.141474
0.119967
0.164777
0.153391
0.149494
0.155677
0.146077
0.119999
0.120682
0.117865
0.127238
0.117661
0.160450
0.172105
0.155645
0.135298
0.160189
0.122772
0.163284
0.152767
0.190389
0.136581
0.141739
0.139346
0.145538
0.142762
0.139228
0.150106
0.144199
0.159387
0.125104
0.135047
0.149379
0.115007
0.204150
0.175510
0.165788
0.162151
0.139636
0.170988
0.135808
0.176036
0.133907
0.180710
0.144041
0.140151
0.134703
0.194965
0.142931
0.129072
0.166223
0.141673
0.138750
0.142107
0.144610
0.144902
0.150337
0.159074
0.146607
0.209147
0.150828
0.141120
0.155082
0.156806
0.166191
0.111710
0.143713
0.159998
0.192379
0.169097
0.150455
0.142483
0.129471
0.122781
0.119599
0.143992
0.124059
0.163586
0.167927
0.159028
0.123188
0.148504
0.130918
0.170656
0.158042
0.140384
0.156397
0.147715
0.167095
0.181750
0.140642
0.173497
0.135114
0.127798
0.156925
0.142413
0.148914
0.180277
0.121916
0.136190
0.182652
0.111577
0.158424
0.146460
0.155284
0.164110
0.148263
0.133646
0.142654
0.157601
0.145865
0.154687
0.162748
0.155546
0.133106
0.154177
0.137224
0.129784
0.141050
0.145256
0.122226
0.177011
0.149037
0.144565
0.139897
0.145130
0.150102
0.153904
0.150666
0.143992
0.162416
0.133174
0.126705
0.127557
0.155576
0.129559
0.157419
0.134812
0.137240
0.163074
0.155778
0.142241
0.145758
0.140804
0.123147
0.131457
0.107148
0.133007
0.167246
0.168976
0.137297
0.135614
0.105459
0.160387
0.158227
0.155538
0.165753
0.148912
0.191657
0.159434
0.139669
0.117058
0.154655
0.155924
0.135714
0.141321
0.149356
0.154635
0.147882
0.155484
0.186791
0.138797
0.144906
0.139015
0.153765
0.140232
0.160810
0.133614
0.137804
0.153687
0.158716
0.146189
0.163534
0.142824
0.185359
0.151720
0.173944
0.157497
0.162553
0.123573
0.141330
0.146185
0.124497
0.145901
0.152380
0.145246
0.143718
0.149131
0.136955
0.138236
0.138652
0.127429
0.128750
0.154238
0.149307
0.151768
0.163266
0.157795
0.137481
0.133591
0.156884
0.159883
0.133282
0.139279
0.114356
0.135575
0.118554
0.152289
0.135170
0.144456
0.141524
0.200039
0.155364
0.134896
0.158326
0.156454
0.146034
0.150692
0.175370
0.148582
0.173492
0.127065
0.139956
0.139421
0.167892
0.145263
0.156532
0.141737
0.154303
0.167690
0.144351
0.135839
0.137295
0.142523
0.124760
0.133214
0.190786
0.138030
0.186494
0.146162
0.142958
0.140017
0.176923
0.145703
0.140644
0.155909
0.118429
0.170001
0.138259
0.124033
0.146763
0.154238
0.138193
0.148692
0.156253
0.146341
0.177884
0.177820
0.138734
0.157009
0.136969
0.178094
0.139912
0.141406
0.148400
0.159723
0.132874
0.188912
0.144595
0.159369
0.139863
0.151537
0.135257
0.133132
0.145988
0.148795
0.139281
0.166636
0.140538
0.170609
0.148667
0.153504
0.157825
0.130866
0.174146
0.115958
0.176721
0.149260
0.151696
0.146810
0.133368
0.154656
0.175672
0.172190
0.155362
0.160514
0.122515
0.151950
0.155721
0.131079
0.161694
0.141080
0.174635
0.156536
0.139528
0.150381
0.157281
0.134040
0.151725
0.149189
0.149837
0.137367
0.162382
0.149915
0.139325
0.135958
0.144576
0.162188
0.148058
0.117784
0.140848
0.132906
0.131031
0.120919
0.116800
0.136176
0.151127
0.137428
0.154838
0.136754
0.141632
0.127505
0.144315
0.140599
0.161906
0.129049
0.149209
0.136662
0.131627
0.125382
0.138813
0.122868
0.125930
0.164927
0.144644
0.127354
0.141786
0.136855
0.142483
0.139901
0.159697
0.140830
0.135239
0.150841
0.141733
0.123918
0.140681
0.167410
0.166884
0.142433
0.157241
0.167974
0.136148
0.134514
0.143722
0.126960
0.150803
0.166008
0.140437
0.155634
0.133645
0.165955
0.142227
0.150045
0.144515
0.140987
0.115778
0.123420
0.148363
0.133881
0.166240
0.115505
0.158558
0.144960
0.129124
0.131699
0.133121
0.162071
0.164969
0.153916
0.160023
0.156657
0.183903
0.129907
0.149949
0.138406
0.132978
0.146205
0.124635
0.139841
0.152352
0.125431
0.121696
0.146626
0.177099
0.150112
0.176618
0.151527
0.136707
0.174551
0.176347
0.149837
0.148006
0.169963
0.162895
0.140528
0.149775
0.146070
0.146612
0.152823
0.121804
0.118675
0.131566
0.182217
0.143636
0.159338
0.146481
0.150463
0.137519
0.121922
0.135719
0.171676
0.123381
0.134181
0.142467
0.122510
0.149923
0.126336
0.140441
0.172733
0.130258
0.180868
0.137173
0.116754
0.115961
0.141439
0.162048
0.163160
0.148087
0.144222
0.146721
0.140707
0.175799
0.154936
0.172138
0.186160
0.171257
0.145491
0.132537
0.135237
0.132672
0.128398
0.141915
0.148114
0.158846
0.140773
0.131167
0.146137
0.188542
0.148759
0.150286
0.137347
0.122440
0.154743
0.143282
0.129020
0.156348
0.147211
0.137555
0.149840
0.150745
0.162936
0.152395
0.172819
0.179032
0.139607
0.147114
0.175821
0.162914
0.133879
0.160432
0.123354
0.179112
0.143126
0.146593
0.143855
0.140810
0.149345
0.141757
0.146389
0.132105
0.115789
0.121369
0.132647
0.129592
0.168840
0.156228
0.201332
0.137749
0.136508
0.161627
0.138754
0.140316
0.143449
0.125318
0.124062
0.138278
0.171030
0.161233
0.142729
0.163420
0.123499
0.121557
0.157901
0.143868
0.156519
0.146645
0.149791
0.142229
0.145463
0.145063
0.134397
0.113827
0.118693
0.140301
0.154600
0.140352
0.146641
0.157739
0.153205
0.143770
0.167540
0.136338
0.144706
0.138017
0.161023
0.124374
0.139282
0.124882
0.195077
0.141486
0.116973
0.123841
0.146551
0.147075
0.143223
0.124664
0.121781
0.156904
0.135404
0.119506
0.135965
