0.004214
0.149896
0.144928
0.153293
0.135327
0.163790
0.146957
0.177357
0.138956
0.153455
0.142098
0.150765
0.139404
0.142234
0.138402
0.143168
0.181643
0.146953
0.134175
0.179777
0.140298
0.136026
0.149817
0.135013
0.132277
0.159495
0.147065
0.139013
0.133223
0.176148
0.140145
0.142384
0.166540
0.137605
0.134919
0.136868
0.158119
0.148255
0.139584
0.157748
0.137415
0.147805
0.167842
0.155153
0.134481
0.136959
0.138756
0.139364
0.117961
0.144912
0.169921
0.144729
0.159307
0.141523
0.187978
0.136426
0.155501
0.136921
0.164434
0.142751
0.140290
0.142705
0.143252
0.157329
0.127794
0.162972
0.163830
0.147701
0.153524
0.143275
0.135475
0.189863
0.145313
0.160306
0.149695
0.126794
0.108149
0.114273
0.115580
0.129489
0.140518
0.146234
0.138489
0.156875
0.123753
0.123736
0.151423
0.137087
0.177636
0.138543
0.132962
0.172364
0.134417
0.143142
0.135584
0.140014
0.167972
0.124064
0.137571
0.172286
0.156461
0.147163
0.131690
0.137935
0.151155
0.147229
0.140644
0.154247
0.137002
0.123167
0.150796
0.140817
0.155478
0.136231
0.168795
0.159368
0.148902
0.159924
0.136922
0.158330
0.143048
0.140683
0.131454
0.147442
0.161448
0.151027
0.129948
0.151187
0.134818
0.163948
0.154073
0.191750
0.139987
0.132164
0.155464
0.135470
0.124068
0.164486
0.147692
0.140421
0.141089
0.166502
0.165520
0.157461
0.180317
0.155055
0.139945
0.149114
0.152163
0.137791
0.196783
0.138075
0.172923
0.160261
0.198183
0.171857
0.159287
0.135522
0.123897
0.127460
0.142636
0.145963
0.163438
0.161246
0.173272
0.115839
0.108749
0.114772
0.132140
0.166930
0.142526
0.147006
0.174705
0.146290
0.158519
0.150554
0.149215
0.137823
0.137097
0.145883
0.139030
0.186776
0.149500
0.158973
0.136173
0.139579
0.141822
0.155215
0.148052
0.156563
0.153143
0.143355
0.114169
0.144273
0.175588
0.150114
0.154643
0.147487
0.136730
0.135164
0.150997
0.156048
0.146664
0.161598
0.131078
0.136358
0.151387
0.167564
0.144015
0.149029
0.143221
0.131707
0.151711
0.162223
0.140683
0.134826
0.160518
0.119097
0.137723
0.147514
0.154451
0.147232
0.152338
0.120754
0.116804
0.120622
0.115588
0.113650
0.161667
0.156685
0.141010
0.156653
0.136700
0.136483
0.145098
0.153392
0.137122
0.140606
0.139786
0.131421
0.135392
0.147124
0.156312
0.134709
0.123190
0.124433
0.157317
0.138726
0.145467
0.156016
0.146592
0.150043
0.141618
0.139644
0.136303
0.129577
0.190348
0.139519
0.144561
0.169314
0.171635
0.128198
0.125460
0.119431
0.138742
0.165028
0.165505
0.140291
0.149724
0.144536
0.142950
0.162328
0.139295
0.132719
0.128267
0.162385
0.196099
0.142761
0.167427
0.139095
0.141918
0.202096
0.132535
0.137189
0.182337
0.157119
0.136105
0.182668
0.139441
0.131098
0.157787
0.162751
0.143442
0.113706
0.097421
0.122730
0.142821
0.149013
0.148940
0.139827
0.109196
0.177070
0.133283
0.139991
0.159817
0.144052
0.170015
0.136443
0.144362
0.161606
0.159143
0.158955
0.140580
0.167260
0.174017
0.164649
0.118689
0.120633
0.137783
0.135833
0.167721
0.145416
0.135115
0.116683
0.118980
0.159213
0.130375
0.131257
0.145926
0.143206
0.134267
0.136101
0.161777
0.158383
0.135523
0.152451
0.148562
0.143461
0.135016
0.131831
0.138007
0.151826
0.133140
0.142160
0.144012
0.133098
0.161637
0.131878
0.119452
0.159658
0.112082
0.144012
0.143280
0.185242
0.155286
0.148181
0.167010
0.148698
0.119823
0.150129
0.137038
0.154027
0.139460
0.152539
0.172839
0.162172
0.165988
0.159138
0.144283
0.133510
0.148862
0.164357
0.142913
0.154450
0.143851
0.160572
0.156574
0.204057
0.133178
0.115742
0.161035
0.186179
0.148428
0.141903
0.149125
0.137707
0.116486
0.135753
0.169097
0.134077
0.152961
0.142039
0.137717
0.143199
0.173096
0.172623
0.146327
0.149754
0.138424
0.169120
0.138351
0.144603
0.148967
0.123008
0.151708
0.147109
0.154480
0.122020
0.158917
0.124533
0.140619
0.152447
0.140759
0.143647
0.155106
0.139974
0.153983
0.121415
0.136976
0.153375
0.143816
0.143706
0.182249
0.144603
0.158309
0.175807
0.155558
0.119489
0.172087
0.164947
0.185781
0.166095
0.116689
0.164774
0.121948
0.110448
0.114628
0.105455
0.145548
0.160000
0.140506
0.152093
0.152277
0.131510
0.149962
0.145313
0.155963
0.142020
0.153025
0.141228
0.179940
0.142593
0.138268
0.175517
0.140399
0.166759
0.159216
0.159745
0.127487
0.138136
0.150286
0.127691
0.140536
0.134290
0.158621
0.178950
0.180121
0.160630
0.130560
0.130325
0.130364
0.109094
0.119333
0.145247
0.148056
0.139084
0.146857
0.155333
0.202942
0.140916
0.158070
0.134965
0.139400
0.146768
0.114170
0.128947
0.165621
0.142379
0.178001
0.150761
0.144363
0.145230
0.165558
0.137882
0.134750
0.132646
0.142802
0.150510
0.138262
0.143790
0.149714
0.140268
0.161045
0.140434
0.137205
0.137745
0.135556
0.157927
0.158709
0.142300
0.164535
0.134068
0.165801
0.132568
0.151647
0.149559
0.130463
0.109650
0.170294
0.142971
0.145098
0.133956
0.132710
0.124984
0.122173
0.143966
0.138234
0.196254
0.133540
0.132189
0.147447
0.141021
0.149843
0.134325
0.175743
0.147300
0.158554
0.143302
0.191568
0.191540
0.151466
0.148120
0.169518
0.177688
0.138232
0.141193
0.172854
0.170093
0.134025
0.159373
0.156046
0.161799
0.140894
0.156771
0.160936
0.134071
0.139376
0.150908
0.150870
0.143332
0.160704
0.127322
0.143786
0.155586
0.139911
0.167828
0.188125
0.161035
0.164423
0.172081
0.127266
0.140972
0.138588
0.132175
0.179260
0.166439
0.132646
0.143900
0.152826
0.146910
0.158450
0.130773
0.117100
0.141767
0.158415
0.151577
0.145521
0.160351
0.160942
0.166014
0.174608
0.158276
0.130293
0.145766
0.146954
0.139689
0.146601
0.160803
0.148353
0.139590
0.145147
0.159418
0.148699
0.154942
0.129343
0.132349
0.175742
0.180674
0.150807
0.134541
0.141456
0.137769
0.111077
0.124751
0.172517
0.137224
0.155593
0.175496
0.149299
0.141621
0.201375
0.135529
0.153542
0.164586
0.139309
0.148514
0.137462
0.152409
0.134439
0.122706
0.162969
0.140802
0.149094
0.171996
0.138753
0.138788
0.140989
0.141848
0.171223
0.123796
0.128557
0.113727
0.126137
0.124362
0.154998
0.142122
0.138547
0.143898
0.141557
0.138789
0.147679
0.157521
0.188467
0.162094
0.140059
0.133011
0.141557
0.160463
0.142390
0.177095
0.177197
0.168604
0.160529
0.175171
0.158301
0.161342
0.155918
0.175682
0.153857
0.161977
0.142673
0.133744
0.135073
0.168034
0.131655
0.157854
0.142777
0.127896
0.157861
0.143034
0.170808
0.134590
0.160676
0.139884
0.171231
0.132515
0.130351
0.139652
0.136143
0.137328
0.154383
0.152437
0.200437
0.143146
0.142169
0.128075
0.115895
0.134028
0.145118
0.152673
0.168458
0.146716
0.114272
0.109717
0.153483
0.165316
0.166843
0.136540
0.154418
0.132850
0.138066
0.140216
0.115313
0.174830
0.139760
0.152657
0.150244
0.171220
0.139272
0.146346
0.178974
0.141782
0.144143
0.167968
0.171886
0.136740
0.138917
0.150295
0.140882
0.134979
0.135613
0.130655
0.138294
0.152133
0.140614
0.171120
0.152362
0.139062
0.133475
0.144122
0.142869
0.164145
0.148801
0.133832
0.112244
0.142294
0.186639
0.185005
0.161205
0.141434
0.144509
0.155698
0.169552
0.139148
0.175705
0.161341
0.168029
0.136293
0.139966
0.157262
0.141896
0.168447
0.146396
0.158149
0.143267
0.146950
0.117089
0.148227
0.167638
0.146998
0.129804
0.132736
0.186489
0.150110
0.139952
0.155669
0.147354
0.142217
0.132618
0.158990
0.152552
0.138597
0.155663
0.155829
0.148055
0.168433
0.114316
0.156415
0.153459
0.170708
0.144201
0.136799
0.124571
0.117745
0.149486
0.145773
0.138522
0.135037
0.116475
0.170339
0.142882
0.143913
0.139452
0.172808
0.167966
0.140828
0.159720
0.141551
0.183397
0.165323
0.186882
0.144718
0.140869
0.152816
0.161112
0.156676
0.133418
0.178135
0.165926
0.137366
0.187944
0.141764
0.143825
0.157326
0.157193
0.139116
0.122314
0.171801
0.143901
0.146788
0.156873
0.127528
0.128890
0.139122
0.167649
0.110716
0.152892
0.170660
0.147680
0.151429
0.147523
0.146146
0.147436
0.137006
0.165389
0.113875
0.118498
0.111203
0.156722
0.151423
0.157122
0.143514
0.153236
0.161139
0.131934
0.139182
0.141793
0.186010
0.147080
0.124352
0.135166
0.148417
0.102004
0.103503
0.097326
0.106275
0.098342
0.097386
0.100806
0.098215
0.098399
0.101806
0.191554
0.149314
0.135806
0.138242
0.136997
0.135708
0.168839
0.157371
0.140707
0.147024
0.132231
0.148062
0.143740
0.147008
0.166506
0.151058
0.163940
0.172556
0.134091
0.183900
0.109012
0.116099
0.105638
0.113223
0.132679
0.142223
0.158359
0.167488
0.141390
0.147260
0.141798
0.133951
0.171830
0.133855
0.136636
0.165428
0.134705
0.152987
0.145289
0.168174
0.125405
0.144994
0.207579
0.150807
0.136939
0.133582
0.165290
0.159761
0.143316
0.147662
0.124955
0.126253
0.122956
0.150968
0.163267
0.148724
0.163486
0.135891
0.134474
0.123095
0.174846
0.173318
0.149047
0.173543
0.159337
0.158506
0.163381
0.155126
0.147563
0.143205
0.145648
0.187186
0.182198
0.175365
0.152859
0.178461
0.154889
0.164264
0.144845
0.138045
0.211493
0.179441
0.141615
0.133494
0.158803
0.162768
0.149496
0.166647
0.146336
0.166464
0.163897
0.146795
0.136049
0.112600
0.162904
0.120483
0.126323
0.182673
0.141433
0.153500
0.152313
0.124794
0.115575
0.172638
0.136575
0.145232
0.138289
0.154862
0.148359
0.153197
0.120198
0.117765
0.140775
0.115419
0.107279
0.160466
0.159978
0.156170
0.155194
0.147202
0.141698
0.156077
0.160919
0.150684
0.144297
0.152005
0.132888
0.133447
