0.006117
0.139715
0.144243
0.142402
0.131895
0.123752
0.141947
0.134516
0.136928
0.138648
0.160371
0.145303
0.158266
0.134978
0.153180
0.157831
0.153411
0.213348
0.165195
0.145604
0.171021
0.154818
0.161252
0.168124
0.191522
0.167958
0.160739
0.158586
0.148857
0.181364
0.148641
0.138626
0.189208
0.175899
0.141267
0.146803
0.134658
0.187431
0.127038
0.132141
0.127396
0.127527
0.196377
0.179054
0.177879
0.151989
0.177244
0.165689
0.192413
0.167337
0.148989
0.151639
0.162892
0.142250
0.148743
0.145681
0.154469
0.147287
0.156750
0.156773
0.166390
0.183907
0.133349
0.168736
0.145081
0.140333
0.175249
0.143179
0.147005
0.137380
0.159019
0.139312
0.135907
0.151773
0.153513
0.153810
0.125202
0.178785
0.134456
0.136971
0.170216
0.166600
0.192132
0.155075
0.136616
0.146841
0.137541
0.140752
0.156528
0.152889
0.125907
0.161269
0.158220
0.155567
0.162277
0.164546
0.138037
0.151104
0.156645
0.149538
0.168411
0.121687
0.153926
0.144128
0.138997
0.164857
0.146350
0.158257
0.136030
0.191828
0.147677
0.136425
0.157475
0.148584
0.135362
0.142009
0.144425
0.147259
0.162006
0.120668
0.159074
0.143698
0.162320
0.148303
0.152313
0.149181
0.176518
0.144060
0.152071
0.154968
0.166688
0.184814
0.153337
0.134787
0.138272
0.139180
0.150426
0.134398
0.192881
0.174159
0.136157
0.140514
0.144388
0.144649
0.189915
0.153266
0.143274
0.200248
0.165317
0.185412
0.170155
0.151212
0.143892
0.180882
0.135680
0.180375
0.179706
0.149512
0.180450
0.141591
0.180514
0.171235
0.149475
0.143546
0.159108
0.179403
0.153123
0.145016
0.158333
0.165893
0.165476
0.158344
0.155706
0.158991
0.141854
0.145493
0.165348
0.136653
0.170986
0.146073
0.160973
0.113868
0.131573
0.155662
0.135629
0.166412
0.166405
0.173800
0.149019
0.176626
0.182584
0.136834
0.137816
0.138517
0.142456
0.185912
0.128457
0.156481
0.156617
0.153043
0.121638
0.153826
0.143474
0.142739
0.171237
0.153283
0.152555
0.142325
0.133622
0.177094
0.156941
0.185898
0.191926
0.132396
0.162334
0.139707
0.131418
0.145438
0.128982
0.170720
0.142375
0.134607
0.137088
0.115764
0.149979
0.113661
0.149142
0.138029
0.174730
0.141412
0.178067
0.153091
0.138861
0.119324
0.144106
0.182399
0.170489
0.184371
0.147899
0.137920
0.120228
0.127911
0.138941
0.147936
0.140759
0.143881
0.137313
0.151116
0.161682
0.148524
0.133913
0.138301
0.146672
0.132502
0.162089
0.147401
0.144369
0.137800
0.137070
0.160718
0.153373
0.143201
0.160599
0.160443
0.138823
0.143363
0.165082
0.135809
0.182978
0.154714
0.145569
0.135790
0.134562
0.167036
0.181394
0.119183
0.152689
0.116656
0.185955
0.139524
0.145205
0.146786
0.115589
0.154720
0.144120
0.164098
0.158298
0.152228
0.166453
0.146054
0.120613
0.145578
0.162697
0.131773
0.154264
0.145360
0.131630
0.142646
0.132169
0.170182
0.147363
0.152399
0.139651
0.185662
0.148839
0.177538
0.137665
0.155786
0.147097
0.131083
0.123295
0.116753
0.121429
0.148011
0.170315
0.164850
0.157894
0.137672
0.156647
0.152544
0.148008
0.140828
0.146324
0.115270
0.163604
0.132887
0.160722
0.185230
0.174064
0.133807
0.147233
0.141171
0.145293
0.142120
0.136919
0.131468
0.129954
0.148232
0.141395
0.149870
0.132089
0.138532
0.128157
0.143397
0.116009
0.148408
0.151280
0.157557
0.119282
0.121711
0.121691
0.187309
0.223650
0.163666
0.144553
0.139138
0.170426
0.151598
0.145705
0.143573
0.139894
0.141311
0.160949
0.143902
0.162444
0.152965
0.146482
0.169930
0.137887
0.146287
0.145070
0.152458
0.154747
0.178049
0.168308
0.142899
0.135169
0.157580
0.135988
0.157210
0.141658
0.119476
0.146386
0.151718
0.142668
0.193448
0.168501
0.150668
0.107129
0.158695
0.161059
0.225220
0.139189
0.175176
0.145869
0.161392
0.149758
0.144319
0.161859
0.142781
0.166907
0.144359
0.182186
0.142757
0.137047
0.161409
0.144943
0.177717
0.155740
0.150745
0.137240
0.160939
0.156054
0.164522
0.146939
0.121585
0.147883
0.122523
0.118644
0.185058
0.160162
0.121659
0.169707
0.147501
0.180913
0.160373
0.149211
0.147051
0.187654
0.140088
0.173846
0.145765
0.141566
0.139343
0.153754
0.169206
0.163757
0.174361
0.174465
0.149038
0.143291
0.182037
0.137719
0.138229
0.131856
0.160427
0.162870
0.165304
0.154610
0.157202
0.143845
0.136124
0.143944
0.171010
0.149858
0.180199
0.143667
0.146847
0.190631
0.181499
0.169710
0.140847
0.150625
0.142300
0.144531
0.144899
0.176777
0.218440
0.160244
0.164530
0.142754
0.170770
0.163685
0.161755
0.136529
0.137374
0.180140
0.139058
0.184869
0.146562
0.161774
0.183731
0.122528
0.136579
0.141187
0.139194
0.155959
0.139060
0.147791
0.133807
0.142773
0.146603
0.161705
0.141321
0.173019
0.155447
0.208564
0.166294
0.163327
0.134759
0.150223
0.152230
0.166496
0.152231
0.136772
0.136089
0.137046
0.133630
0.132234
0.154099
0.160689
0.143442
0.137331
0.139060
0.161018
0.168170
0.157312
0.169056
0.140202
0.178872
0.161958
0.186373
0.160346
0.141375
0.141891
0.144354
0.134551
0.140571
0.152970
0.195024
0.154691
0.142546
0.145022
0.166408
0.149720
0.140389
0.141816
0.176747
0.190645
0.153297
0.166986
0.176907
0.190189
0.139412
0.142454
0.124335
0.188516
0.143447
0.151812
0.160637
0.114942
0.161613
0.141875
0.153074
0.196738
0.184301
0.135145
0.159468
0.175588
0.170085
0.206462
0.168721
0.160449
0.193472
0.198459
0.165844
0.158847
0.155835
0.144569
0.184486
0.138920
0.145915
0.181242
0.145463
0.140505
0.165469
0.148116
0.146046
0.164543
0.137879
0.130885
0.130884
0.158865
0.160740
0.155681
0.148699
0.155845
0.139904
0.138801
0.160512
0.126436
0.152086
0.114965
0.113662
0.118334
0.117543
0.118222
0.186216
0.157904
0.141549
0.137977
0.191441
0.161067
0.164007
0.129713
0.130650
0.149559
0.139262
0.172387
0.174710
0.171113
0.119152
0.138061
0.156811
0.139915
0.164400
0.141122
0.161341
0.141085
0.173129
0.168139
0.149738
0.138188
0.142597
0.136741
0.147064
0.119133
0.122731
0.167500
0.190238
0.149939
0.176050
0.145929
0.160923
0.187081
0.147079
0.143923
0.138474
0.147148
0.158589
0.156256
0.176157
0.156339
0.136516
0.159590
0.140144
0.164075
0.181858
0.142245
0.147880
0.135998
0.171784
0.125035
0.149338
0.116871
0.155146
0.135549
0.150806
0.123700
0.164762
0.143477
0.142025
0.151001
0.159845
0.141863
0.140301
0.141526
0.174762
0.161155
0.172490
0.192163
0.138443
0.160388
0.146025
0.158335
0.175425
0.135643
0.140330
0.168241
0.144222
0.139198
0.171701
0.166786
0.175399
0.164464
0.142616
0.145665
0.161672
0.141730
0.165408
0.150483
0.137659
0.187567
0.163825
0.142637
0.167452
0.178778
0.146787
0.136841
0.149553
0.137986
0.119491
0.139378
0.142356
0.131916
0.113343
0.119768
0.124025
0.126466
0.189512
0.138754
0.142339
0.163548
0.114511
0.110749
0.117502
0.171701
0.139638
0.174907
0.138261
0.137992
0.166152
0.145550
0.138004
0.152022
0.142505
0.136459
0.141605
0.195557
0.154529
0.170753
0.141226
0.130452
0.162248
0.132123
0.136649
0.169481
0.122581
0.165059
0.169977
0.139949
0.138108
0.153461
0.137698
0.133194
0.186146
0.188928
0.172897
0.168617
0.195580
0.176520
0.200814
0.171394
0.188298
0.137397
0.140337
0.144396
0.157630
0.154336
0.168233
0.164418
0.170829
0.165438
0.143250
0.180920
0.157461
0.147014
0.136690
0.153812
0.143475
0.162670
0.139101
0.158773
0.141738
0.153629
0.135900
0.147471
0.138285
0.155113
0.163685
0.187022
0.139977
0.136617
0.156388
0.172448
0.167136
0.137990
0.136952
0.133111
0.133842
0.164505
0.192192
0.169109
0.171803
0.165713
0.144897
0.160209
0.138799
0.176391
0.165938
0.160172
0.161168
0.142537
0.146700
0.170727
0.149945
0.159199
0.136507
0.153486
0.137415
0.163077
0.133957
0.166792
0.135376
0.135680
0.144765
0.139364
0.164969
0.169663
0.156717
0.150101
0.131079
0.159877
0.150723
0.158968
0.142781
0.144213
0.139022
0.139874
0.162324
0.172222
0.136132
0.133113
0.142618
0.168493
0.159657
0.135552
0.157402
0.158801
0.188042
0.187318
0.139797
0.211175
0.143900
0.142371
0.182590
0.161429
0.167464
0.122962
0.116504
0.113423
0.140913
0.119524
0.116200
0.161559
0.187263
0.161933
0.170341
0.200249
0.141792
0.137830
0.160426
0.158702
0.147393
0.145694
0.166194
0.145201
0.167654
0.141545
0.152218
0.149278
0.155035
0.122240
0.136852
0.142623
0.179312
0.150362
0.136423
0.139283
0.143269
0.140067
0.136864
0.132717
0.170717
0.134491
0.176174
0.156654
0.148956
0.114272
0.159629
0.131258
0.133312
0.157940
0.188985
0.139235
0.168090
0.133162
0.137944
0.136679
0.145522
0.151049
0.144151
0.151597
0.138929
0.136330
0.153504
0.165706
0.137230
0.147937
0.163942
0.140900
0.128081
0.135693
0.139595
0.142407
0.149410
0.145271
0.141899
0.165492
0.168567
0.154907
0.139404
0.186807
0.137620
0.162541
0.167010
0.164433
0.166241
0.148133
0.139243
0.131692
0.172825
0.157912
0.172472
0.150449
0.145481
0.146178
0.153049
0.151417
0.157611
0.142809
0.136201
0.131263
0.117806
0.114814
0.146742
0.165577
0.165305
0.141728
0.150244
0.154151
0.156177
0.178297
0.155448
0.130850
0.151511
0.136354
0.145701
0.178427
0.172371
0.165184
0.142462
0.137804
0.135298
0.163682
0.156055
0.169577
0.157198
0.149267
0.145023
0.165601
0.135172
0.139046
0.139176
0.120959
0.113335
0.161285
0.144941
0.178411
0.151863
0.139676
0.144834
0.144590
0.121662
0.155390
0.158745
0.151587
0.141379
0.161716
0.176010
0.180718
0.169688
0.198347
0.173843
0.125454
0.119250
0.130033
0.124674
0.117668
0.149127
0.151737
0.135865
0.137701
0.139799
0.122577
0.116729
0.167133
0.162957
0.142536
0.146523
0.145927
0.118253
0.144876
0.133914
0.123555
0.165433
0.160557
0.186923
0.141074
0.140756
0.144700
0.131939
0.161664
0.166643
0.190547
0.164905
0.157614
0.142370
0.151055
0.143705
0.163435
0.185845
0.143594
0.137481
0.132174
0.142548
0.139875
0.141044
0.141359
0.143129
0.173963
0.197059
0.152945
0.176545
0.122607
0.156181
0.141268
0.180576
0.155680
0.177076
0.148593
0.161023
0.137812
0.159293
0.175145
0.183504
0.139605
0.196495
0.157798
0.142193
0.172023
0.152300
0.136265
0.187342
0.179253
0.140615
0.142776
0.131563
0.147338
0.140546
0.140903
0.129185
0.138328
0.139807
0.147476
0.145777
0.138113
0.122292
0.192921
0.186620
0.165570
0.160705
0.150871
0.161831
0.174424
0.136462
0.150867
0.157780
0.135650
0.133061
0.135811
0.168047
0.155957
0.139519
0.140799
0.144688
0.159772
0.144011
0.122085
0.127828
0.142014
0.154609
0.154976
0.179491
0.141487
0.163934
0.145754
0.146407
0.145305
0.141773
0.141143
0.164424
0.172575
0.152631
0.142305
0.150995
0.133873
0.141354
0.130851
0.159580
0.148030
0.157385
0.141898
0.174737
0.163957
0.143010
0.134829
0.187332
0.156683
0.145288
0.149451
0.140242
0.142079
0.149291
0.173656
0.139573
0.169648
0.136089
0.145766
0.136737
0.141629
0.162499
0.165946
0.129583
0.150246
0.163447
0.187680
0.138374
0.136485
0.195624
0.171274
0.175012
0.143543
0.118658
0.121106
0.161580
0.140143
0.183706
0.151232
0.133713
0.157865
0.165575
0.132936
0.174751
0.150105
0.139211
0.137033
0.130076
0.150322
0.149453
0.139687
0.117747
0.180735
0.160826
0.158783
0.164186
0.199094
0.177859
0.156640
0.123655
0.172252
0.135138
0.141356
0.118427
0.116563
0.123343
0.128242
0.169062
0.134335
0.166836
0.138134
0.138371
0.124205
0.124725
0.121070
0.123846
0.137607
0.120977
0.121189
0.156884
0.141555
0.145509
0.140527
0.148877
0.155696
0.179537
0.138648
0.138823
0.148071
0.151083
0.147350
0.143947
0.146583
0.150090
0.130860
0.183348
0.118991
0.112980
0.115861
0.121946
0.149369
0.142309
0.122071
0.120168
0.154842
0.140586
0.129857
0.120062
0.140146
0.120645
0.121712
0.118833
0.117408
0.164307
0.134249
0.165223
0.115716
0.117661
0.119227
0.133584
0.130748
0.116240
0.122178
0.113879
0.168747
0.163316
0.161471
0.138106
0.117193
0.159060
0.139407
0.137946
0.133225
0.152277
0.144908
0.153371
0.163432
0.150294
0.184072
0.185555
0.167825
0.115145
0.154822
0.138848
0.130735
0.146564
0.180865
0.139065
0.148320
0.129951
0.131932
0.156226
0.139958
0.148651
0.157933
0.120249
0.123861
0.163552
0.142125
0.143988
0.168087
0.143248
0.127823
0.119146
0.158398
0.178867
0.168353
0.172381
0.142238
0.143970
0.147328
0.124097
0.130686
0.125264
0.155305
0.121245
0.180993
0.173760
0.140870
0.146006
0.154786
0.148316
0.147496
0.135207
0.175863
0.141218
0.146893
0.130807
0.125282
0.126274
0.151675
0.152703
0.166378
0.157812
0.159033
0.139864
0.126257
0.128872
0.163013
0.149407
0.144154
0.128139
0.136614
0.172405
0.180484
0.128603
0.159458
0.136853
0.150074
0.139310
0.182056
0.150251
0.170386
0.143266
0.189269
0.204517
0.145948
0.148293
0.137949
0.171150
0.146153
0.163647
0.142281
0.163868
0.144958
0.127024
0.170141
0.173578
0.157432
0.131768
0.152433
0.169358
0.162273
0.146165
0.154130
0.148960
0.141972
0.125240
0.136094
0.151721
0.132338
0.143315
0.131516
0.139979
0.171862
0.146663
0.126418
0.153544
0.149337
0.162327
0.151218
0.170393
0.157427
0.121909
0.146419
0.166097
0.136882
0.140052
0.184092
0.124739
0.158691
0.139130
0.150841
0.148535
0.138348
0.161855
0.144014
0.157164
0.165328
0.191804
0.142511
0.144125
0.129471
0.147999
0.145812
0.132145
0.160412
0.141258
0.140271
0.140658
0.145943
0.145556
0.160744
0.148662
0.141292
0.145452
0.153616
0.183424
0.165323
0.145624
0.159961
0.150431
0.156269
0.173911
0.160822
0.156147
0.181802
0.145592
0.149750
0.146181
0.152003
0.177607
0.140198
0.195308
0.147736
0.145112
0.139484
0.156618
0.143495
0.140735
0.165870
0.152958
0.129494
0.169424
0.151430
0.146706
0.135754
0.136719
0.161854
0.177082
0.157706
0.171189
0.151059
0.144455
0.149982
0.167688
0.187470
0.170513
0.150105
0.162759
0.162891
0.134353
0.122321
0.127699
0.130318
0.153218
0.143138
0.179513
0.148255
0.163980
0.146084
0.121655
0.127128
0.130264
0.159061
0.161241
0.160624
0.136192
0.130642
0.142146
0.138855
0.153625
0.156390
0.147682
0.161972
0.182771
0.163898
0.148321
0.148324
0.130016
0.130770
0.128568
0.127188
0.164752
0.150434
0.163709
0.175905
0.144870
0.149408
0.148114
0.158323
0.155839
0.148439
0.147558
0.138950
0.162823
0.143630
0.149709
0.174734
0.157862
0.167337
0.146834
0.149369
0.150109
0.174425
0.145328
0.160656
0.130819
0.151111
0.149235
0.143249
0.163868
0.148501
0.135818
0.143520
0.134509
0.142987
0.158990
0.150534
0.190404
0.172232
0.151526
0.154027
0.144398
0.151184
0.142272
0.160623
0.119304
0.161448
0.136340
0.133133
0.148126
0.165032
0.155634
0.152632
0.179420
0.145042
0.131964
0.183491
0.159668
0.168247
0.178358
0.151761
0.161841
0.154104
0.146959
0.185981
0.167658
0.145629
0.147635
0.170148
0.154959
0.158114
0.151517
0.165463
0.153607
0.123825
0.124978
0.131772
0.170635
0.177229
0.176529
0.123211
0.191210
0.185700
0.145938
0.141906
0.124087
0.133412
0.147314
0.151813
0.153456
0.152287
0.165050
0.129784
0.130158
0.161115
0.137623
0.131581
0.143910
0.139405
0.157270
0.153258
0.135147
0.126115
0.125680
0.165895
0.158920
0.126878
0.161523
0.160252
0.158958
0.151811
0.163863
0.175715
0.157716
0.157610
0.169040
0.171331
0.148724
0.158703
0.143825
0.142208
0.130500
0.121502
0.124467
0.141278
0.158630
0.151472
0.156126
0.139421
0.174575
0.172206
0.194029
0.143726
0.176853
0.156276
0.153586
0.162393
0.135944
0.190585
0.167131
0.142963
0.172047
0.178611
0.171527
0.157259
0.143237
0.171324
0.146760
0.144979
0.146691
0.154390
0.189831
0.143620
0.124959
0.120482
0.150510
0.156446
0.144781
0.193086
0.176795
0.146179
0.144644
0.130992
0.120166
0.115455
0.159766
0.176287
0.159669
0.135795
0.157785
0.123238
0.139366
0.147107
0.124221
0.181813
0.158355
0.189296
0.172343
0.171129
0.149400
0.147718
0.153403
0.144446
0.165685
0.151106
0.137336
0.156075
0.150092
0.149783
0.153308
0.178839
0.157918
0.148703
0.147944
0.139091
0.149095
0.142515
0.140992
0.143504
0.160718
0.145286
0.140811
0.153833
0.153493
0.145766
0.136110
0.155915
0.140834
0.125164
0.147647
0.150167
0.145174
0.149399
0.143385
0.150505
0.151949
0.129095
0.162383
0.171065
0.124456
0.154433
0.138001
0.132940
0.148075
0.154047
0.130985
0.159020
0.142474
0.141015
0.158888
0.142168
0.171774
0.122013
0.159639
0.125960
0.152946
0.131746
0.198208
0.169482
0.173582
0.153820
0.166985
0.189939
0.183525
0.145525
0.150676
0.197144
0.172844
0.132479
0.179387
0.155131
0.141198
0.153086
0.133483
0.140251
0.161896
0.127592
0.131245
0.197026
0.150758
0.131109
0.127867
0.146324
0.160946
0.161575
0.135894
0.131630
0.158359
0.131366
0.141082
0.147437
0.143586
0.159067
0.154067
0.177031
0.157579
0.180678
0.196621
0.193826
0.130569
0.203312
0.168906
0.135600
0.128506
0.142807
0.174773
0.159795
0.120199
0.147943
0.153870
0.166721
0.183136
0.133447
0.116086
0.151599
0.151522
0.145476
0.126065
0.153830
0.125548
0.128810
0.139528
0.160908
0.158962
0.153638
0.146028
0.147974
0.142536
0.138498
0.182441
0.162249
0.140500
0.142717
0.147952
0.154242
0.139723
0.164160
0.144169
0.136607
0.143415
0.149866
0.152509
0.187521
0.191643
0.184014
0.149320
0.167054
0.145091
0.180644
0.152244
0.127616
0.164828
0.143412
0.145013
0.141699
0.152120
0.166830
0.168520
0.152544
0.176019
0.142260
0.129304
0.166643
0.141024
0.173417
0.136496
0.199317
0.170017
0.116449
0.136850
0.162329
0.154078
0.146393
0.151039
0.137382
0.117900
0.161561
0.125788
0.143591
0.167671
0.149788
0.181776
0.149828
0.151120
0.145063
0.146365
0.146455
0.146010
0.139353
0.164568
0.147399
0.145803
0.158354
0.149943
0.175569
0.127638
0.132741
0.128565
0.116009
0.117610
0.167156
0.154198
0.145306
0.146255
0.167242
0.145383
0.138751
0.130264
0.145773
0.143651
0.138387
0.173863
0.136669
0.123389
0.155096
0.142407
0.132177
0.155455
0.166862
0.138967
0.141351
0.135236
0.193599
0.124201
0.120670
0.125235
0.126030
0.125827
0.144354
0.123749
0.122669
0.138724
0.148893
0.137347
0.126752
0.121350
0.176008
0.153186
0.129051
0.142384
0.143586
0.188754
0.126502
0.178649
0.131020
0.158648
0.154436
0.159182
0.181485
0.130241
0.159004
0.164205
0.176327
0.178777
0.146039
0.142776
0.154906
0.146539
0.153919
0.141346
0.141617
0.132482
0.130278
0.129127
0.128987
0.141439
0.157884
0.125464
0.121478
0.135793
0.128441
0.148199
0.171146
0.201632
0.152677
0.156775
0.135387
0.143471
0.137135
0.153404
0.182962
0.146518
0.145256
0.149801
0.175882
0.177181
0.156323
0.150513
0.147582
0.148394
0.134574
0.158260
0.124202
0.130400
0.144024
0.150563
0.131111
0.119485
0.136555
0.145521
0.138600
0.162435
0.152957
0.155879
0.143898
0.145850
0.119831
0.125303
0.147591
0.187207
0.189012
0.190553
0.166891
0.158067
0.145370
0.158757
0.130066
0.141064
0.166259
0.152199
0.151080
0.164009
0.142183
0.142578
0.179774
0.135978
0.157353
0.164096
0.144516
0.134901
0.186338
0.150967
0.179755
0.194231
0.132238
0.174759
0.138562
0.172559
0.142928
0.159792
0.146581
0.158853
0.183277
0.131201
0.122687
0.131358
0.138187
0.181640
0.149529
0.193626
0.179417
0.151200
0.175920
0.179625
0.149190
0.143072
0.158740
0.152129
0.158739
0.164875
0.153329
0.141735
0.120699
0.166980
0.149456
0.158068
0.139782
0.174366
0.164793
0.152056
0.154936
0.140920
0.139848
0.130319
0.133041
0.152199
0.142478
0.160462
0.148285
0.144422
0.137057
0.141703
0.212186
0.134365
0.147779
0.170235
0.127669
0.154873
0.126742
0.154110
0.195482
0.147964
0.150685
0.146008
0.174793
0.167494
0.162158
0.198704
0.177518
0.164588
0.140117
0.169079
0.141487
0.143231
0.156448
0.149217
0.198404
0.179876
0.158124
0.160983
0.150954
0.145720
0.169701
0.139473
0.175962
0.158837
0.150284
0.143157
0.157140
0.151812
0.167610
0.158076
0.134607
0.130455
0.132041
0.160492
0.146904
0.143678
0.152883
0.160038
0.134044
0.173397
0.146077
0.130873
0.137590
0.141342
0.146741
0.145097
0.174907
0.132941
0.135119
0.147152
0.144892
0.122871
0.137862
0.125222
0.147862
0.137922
0.155883
0.139871
0.141991
0.148835
0.121411
0.134361
0.140081
0.149302
0.135782
0.151667
0.127362
0.154953
0.144873
0.127541
0.133383
0.128508
0.134355
0.124491
0.161488
0.145460
0.151914
0.147689
0.157310
0.150789
0.144758
0.150833
0.152995
0.148301
0.168377
0.156943
0.141829
0.127438
0.148168
0.162801
0.144593
0.173199
0.147526
0.177807
0.142136
0.137500
0.152166
0.154470
0.140853
0.150705
0.201053
0.163976
0.158567
0.142517
0.159114
0.171543
0.142840
0.139872
0.158859
0.144660
0.159990
0.165895
0.172701
0.136045
0.144451
0.141033
0.156933
0.152549
0.172156
0.148884
0.145781
0.170630
0.189960
0.169480
0.146742
0.143777
0.179730
0.175479
0.210472
0.143972
0.139524
0.141637
0.130998
0.150860
0.181555
0.125688
0.142215
0.148772
0.188100
0.146317
0.176623
0.135950
0.174937
0.157253
0.154289
0.130378
0.153955
0.140181
0.171438
0.152283
0.173257
0.127069
0.150141
0.141320
0.141540
0.153644
0.161741
0.139594
0.146992
0.130934
0.150457
0.142909
0.170374
0.119566
0.168530
0.139467
0.126321
0.123181
0.116626
0.120539
0.115641
0.149064
0.145374
0.121951
0.142566
0.132720
0.179088
0.147287
0.147598
0.182718
0.184775
0.147719
0.135057
0.126637
0.174243
0.162504
0.184409
0.132371
0.142695
0.134837
0.122140
0.145166
0.203780
0.136207
0.177608
0.153587
0.165181
0.181063
0.149068
0.141422
0.138640
0.130226
0.148812
0.151364
0.163796
0.156379
0.136898
0.154978
0.150534
0.150747
0.163698
0.187451
0.164284
0.177026
0.179733
0.142379
0.151199
0.171797
0.175024
0.150107
0.129089
0.141393
0.148023
0.162654
0.179022
0.149149
0.161563
0.116168
0.171857
0.180900
0.150910
0.179910
0.151363
0.148093
0.172283
0.155689
0.139329
0.167467
0.172814
0.171758
0.154351
0.151098
0.146252
0.156773
0.133435
0.145278
0.174621
0.179545
0.121380
0.154690
0.168512
0.120672
0.152213
0.145167
0.156301
0.151672
0.138746
0.143927
0.120976
0.161283
0.153615
0.144201
0.139307
0.136377
0.133394
0.145172
0.143756
0.135344
0.168778
0.150291
0.151640
0.153200
0.175987
0.151063
0.150772
0.134387
0.145256
0.192164
0.139110
0.137096
0.137012
0.132725
0.174343
0.156086
0.174137
0.166103
0.161448
0.157128
0.159068
0.170233
0.154537
0.141195
0.124706
0.147887
0.154013
0.140262
0.133418
0.112551
0.134841
0.164440
0.189976
0.190567
0.173340
0.183743
0.171475
0.140572
0.149051
0.152151
0.173429
0.143431
0.182136
0.140496
0.141137
0.171075
0.144507
0.147205
0.158760
0.149089
0.156613
0.137384
0.158441
0.149272
0.135446
0.123569
0.160525
0.148612
0.144926
0.142613
0.138019
0.146446
0.143545
0.146076
0.141081
0.138916
0.179000
0.144851
0.217598
0.162598
0.166139
0.180255
0.150166
0.170848
0.148493
0.170906
0.177010
0.186884
0.128588
0.126237
0.149659
0.145418
0.143816
0.120309
0.121894
0.169467
0.176280
0.141888
0.133996
0.139330
0.151698
0.169567
0.183167
0.151171
0.129774
0.130577
0.140301
0.155609
0.139931
0.164549
0.143846
0.143659
0.167078
0.155817
0.168979
0.187432
0.150346
0.130108
0.156524
0.122249
0.113343
0.147803
0.207680
0.139235
0.138140
0.141420
0.145293
0.196887
0.166512
0.138620
0.155169
0.170944
0.159778
0.164043
0.148155
0.154266
0.151628
0.164103
0.152464
0.140844
0.134202
0.156273
0.124513
0.169261
0.138954
0.154788
0.141101
0.152317
0.167623
0.153229
0.171987
0.166028
0.160545
0.145180
0.152629
0.176573
0.169120
0.153020
0.145221
0.125830
0.138797
0.147240
0.168208
0.199763
0.142013
0.142736
0.140497
0.155652
0.155587
0.151499
0.179865
0.149831
0.139066
0.158015
0.165323
0.168717
0.155354
0.189159
0.159667
0.150546
0.143281
0.164168
0.152054
0.165572
0.135753
0.159138
0.149457
0.161526
0.192446
0.145425
0.164262
0.154180
0.157360
0.164953
0.167004
0.169032
0.192498
0.179696
0.144903
0.144735
0.189016
0.132378
0.120160
0.141034
0.141422
0.129718
0.137367
0.139530
0.139903
0.127359
0.125779
0.146648
0.120521
0.127274
0.145259
0.146665
0.123007
0.177665
0.148350
0.135036
0.111662
0.169766
0.145670
0.184943
0.142627
0.181164
0.124311
0.139177
0.158091
0.120347
0.150924
0.118222
0.125228
0.148354
0.131639
0.194815
0.122477
0.131887
0.111575
0.130006
0.130645
0.145065
0.120618
0.155822
0.146900
0.135903
0.181803
0.185121
0.175278
0.139678
0.187854
0.138302
0.147477
0.141190
0.165299
0.137002
0.160396
0.139529
0.149970
0.142738
0.167898
0.171891
0.198007
0.194286
0.156284
0.173385
0.146949
0.182765
0.193864
0.158333
0.151085
0.122410
0.154200
0.114693
0.108010
0.163975
0.166111
0.163999
0.151388
0.156879
0.140457
0.122647
0.163139
0.140065
0.159224
0.164419
0.128497
0.123142
0.144638
0.136847
0.129492
0.140036
0.154590
0.162908
0.154884
0.191018
0.139257
0.172078
0.160728
0.140759
0.171959
0.172318
0.190961
0.159881
0.148718
0.185869
0.162647
0.189707
0.144764
0.134418
0.196477
0.154321
0.176216
0.144680
0.129548
0.164155
0.174817
0.181154
0.164297
0.141122
0.139264
0.144360
0.138464
0.163277
0.141384
0.150369
0.145243
0.140103
0.145614
0.136056
0.158720
0.149782
0.163848
0.165328
0.146235
0.146733
0.138700
0.171995
0.154598
0.158400
0.132236
0.136154
0.138758
0.135610
0.191938
0.159487
0.153828
0.148221
0.137896
0.150756
0.143502
0.141737
0.139606
0.174124
0.141621
0.145189
0.137291
0.150578
0.198540
0.177106
0.166756
0.176035
0.149003
0.148287
0.139351
0.186172
0.149993
0.147311
0.159497
0.154459
0.155582
0.150436
0.143979
0.150104
0.139559
0.152608
0.154965
0.136197
0.123018
0.144297
0.140940
0.157838
0.162154
0.139801
0.152070
0.134622
0.175387
0.148798
0.162782
0.146392
0.144990
0.153008
0.149332
0.150476
0.162207
0.156958
0.168235
0.130976
0.150942
0.155488
0.157540
0.141621
0.158264
0.126470
0.156364
0.189116
0.139195
0.141519
0.152759
0.162468
0.142164
0.131329
0.143748
0.137628
0.136823
0.132675
0.184182
0.117083
0.143712
0.151293
0.153911
0.154693
0.146251
0.147469
0.119980
0.151928
0.150778
0.147891
0.131788
0.147096
0.136074
0.149762
0.185718
0.156760
0.163638
0.170319
0.157336
0.146043
0.172486
0.154329
0.153661
0.139509
0.158763
0.139648
0.128794
0.143112
0.147133
0.141941
0.147292
0.140316
0.174000
0.151749
0.163276
0.165833
0.154554
0.194063
0.142253
0.149805
0.168477
0.150012
0.142971
0.141276
0.163047
0.133176
0.147753
0.150014
0.201964
0.160640
0.179596
0.169553
0.145383
0.134493
0.167719
0.120761
0.150506
0.118999
0.148387
0.147222
0.131467
0.175956
0.147381
0.153883
0.154474
0.127961
0.133019
0.190461
0.153443
0.117908
0.162229
0.132975
0.137617
0.144658
0.138649
0.130143
0.179485
0.141551
0.126328
0.147532
0.124757
0.178375
0.184650
0.142580
0.188413
0.175126
0.155016
0.150372
0.160619
0.146512
0.172151
0.169077
0.171075
0.170120
0.147363
0.138905
0.133376
0.142660
0.145032
0.163298
0.123423
0.139400
0.129424
0.145488
0.158823
0.138091
0.126563
0.151161
0.185820
0.128355
0.165338
0.139320
0.144450
0.154866
0.149855
0.144095
0.137686
0.142545
0.168292
0.136317
0.148120
0.156882
0.152349
0.134633
0.151505
0.159114
0.171805
0.153880
0.147259
0.147713
0.124806
0.152987
0.126204
0.162544
0.123588
0.152839
0.157120
0.157107
0.179097
0.145362
0.140074
0.148556
0.148082
0.126811
0.117993
0.166046
0.166109
0.145363
0.127320
0.174825
0.171040
0.134708
0.172778
0.144981
0.142102
0.127317
0.142728
0.139897
0.153066
0.139391
0.153878
0.183868
0.149108
0.136781
0.145279
0.154513
0.178006
0.139091
0.169716
0.153563
0.200688
0.141677
0.141099
0.181263
0.152555
0.148438
0.186801
0.191319
0.150266
0.149634
0.139957
0.139582
0.160125
0.149371
0.139666
0.137848
0.127259
0.182170
0.135596
0.149186
0.136221
0.141467
0.136472
0.157119
0.152392
0.150512
0.169909
0.138012
0.149415
0.147533
0.172587
0.143267
0.141986
0.160255
0.168627
0.147812
0.128966
0.125350
0.120745
0.146034
0.126161
0.117616
0.130348
0.161162
0.183626
0.148638
0.144101
0.163401
0.147372
0.138469
0.161720
0.149735
0.163512
0.161547
0.147332
0.157969
0.152241
0.124024
0.159712
0.136739
0.138865
0.139247
0.205944
0.164696
0.150966
0.126828
0.135604
0.121736
0.149464
0.131459
0.167611
0.151877
0.176337
0.145091
0.184664
0.154840
0.162095
0.166374
0.135882
0.160982
0.164816
0.119641
0.117943
0.140510
0.156986
0.158860
0.170213
0.117478
0.116920
0.126962
0.164543
0.141341
0.146183
0.145169
0.135268
0.160939
0.139439
0.159154
0.127692
0.126659
0.144534
0.142207
0.145449
0.154971
0.170073
0.160353
0.148333
0.140958
0.172772
0.149382
0.153089
0.126291
0.181944
0.172282
0.154993
0.146688
0.133433
0.135961
0.141404
0.140088
0.140563
0.144242
0.141082
0.147135
0.144631
0.139175
0.148247
0.165983
0.124247
0.178983
0.174824
0.167273
0.146362
0.148728
0.177598
0.171142
0.142111
0.135784
0.154325
0.138257
0.160694
0.167525
0.143765
0.142797
0.183836
0.165401
0.160634
0.143970
0.140134
0.165339
0.190029
0.135838
0.178225
0.140094
0.148992
0.138152
0.165911
0.139809
0.137537
0.144469
0.147878
0.172710
0.149297
0.142065
0.136934
0.146469
0.142276
0.173742
0.131797
0.133612
0.137355
0.152874
0.143468
0.122060
0.128260
0.149218
0.147882
0.143141
0.121067
0.160589
0.112850
0.121892
0.110317
0.151619
0.170791
0.145659
0.133734
0.162075
0.139262
0.158213
0.136514
0.125323
0.135106
0.143680
0.150613
0.143996
0.143809
0.152433
0.138374
0.136192
0.139641
0.169228
0.141789
0.134665
0.135732
0.148266
0.134688
0.128139
0.111382
0.158452
0.165416
0.142215
0.134859
0.151520
0.159346
0.180381
0.158544
0.160686
0.151917
0.148851
0.153464
0.152370
0.172897
0.144537
0.164203
0.182595
0.185563
0.141752
0.185340
0.161725
0.155556
0.142146
0.146348
0.148695
0.150412
0.161372
0.143149
0.140916
0.160523
0.131374
0.154902
0.152548
0.168909
0.135837
0.146918
0.149418
0.189612
0.140536
0.141449
0.130815
0.151728
0.143091
0.120393
0.130822
0.116310
0.150463
0.140064
0.161146
0.141715
0.146955
0.120076
0.159099
0.132056
0.142811
0.146143
0.150604
0.139785
0.142055
0.157892
0.140403
0.139575
0.143255
0.126486
0.149494
0.152770
0.127608
0.133715
0.143063
0.164322
0.114736
0.157862
0.124051
0.168293
0.151905
0.175556
0.134522
0.167259
0.193322
0.145294
0.158802
0.136928
0.160297
0.140701
0.144457
0.156505
0.139098
0.158437
0.144741
0.191825
0.169921
0.181036
0.150274
0.140197
0.146082
0.145712
0.155852
0.167063
0.140712
0.134758
0.148753
0.147745
0.142642
0.171273
0.162997
0.178623
0.152709
0.150820
0.155748
0.149742
0.176327
0.167846
0.149103
0.136422
0.142489
0.140604
0.146355
0.163134
0.177538
0.158755
0.126951
0.129228
0.162932
0.130530
0.178313
0.156852
0.134547
0.123423
0.141825
0.142352
0.162047
0.141841
0.143070
0.119990
0.125937
0.125625
0.153769
0.141931
0.147623
0.148438
0.150130
0.149639
0.165051
0.146657
0.161784
0.176255
0.160236
0.160767
0.135151
0.166227
0.169288
0.128899
0.142954
0.163555
0.155877
0.152640
0.152058
0.149701
0.149033
0.192729
0.181287
0.152503
0.130835
0.164208
0.156431
0.147450
0.141636
0.149712
0.156329
0.157984
0.152041
0.122140
0.166289
0.139918
0.140132
0.153385
0.132659
0.125633
0.159294
0.130159
0.143211
0.116328
0.157802
0.156746
0.150815
0.138692
0.133626
0.191646
0.179647
0.151018
0.145901
0.120010
0.148153
0.138268
0.167456
0.143946
0.162921
0.155786
0.153754
0.152580
0.150992
0.146504
0.145595
0.142987
0.136742
0.143415
0.148514
0.157404
0.139428
0.144408
0.158803
0.164373
0.137490
0.145907
0.188751
0.146186
0.155618
0.152245
0.141007
0.182186
0.134879
0.149308
0.143201
0.153361
0.142052
0.144720
0.170753
0.161621
0.153013
0.130676
0.171380
0.156329
0.145036
0.185652
0.138538
0.159770
0.174245
0.143911
0.141926
0.156512
0.174721
0.156734
0.136199
0.131346
0.133068
0.157283
0.141978
0.132138
0.140140
0.141330
0.142690
0.122348
0.146041
0.138921
0.143193
0.125718
0.125888
0.147764
0.193247
0.137651
0.121465
0.123802
0.173099
0.159240
0.162848
0.131491
0.148509
0.159194
0.170838
0.141176
0.151294
0.152737
0.138275
0.144955
0.149641
0.135772
0.172605
0.184589
0.120108
0.129716
0.174892
0.151420
0.131461
0.123149
0.121337
0.127609
0.132251
0.142789
0.137243
0.117036
0.141683
0.135737
0.191047
0.138484
0.155756
0.157978
0.143691
0.141167
0.162066
0.152822
0.134038
0.163711
0.147324
0.139081
0.155512
0.154604
0.170485
0.151864
0.148814
0.149162
0.147731
0.136957
0.169487
0.163155
0.152508
0.121674
0.153545
0.153127
0.139505
0.145478
0.119854
0.140908
0.135492
0.151966
0.173209
0.143001
0.139739
0.177853
0.162913
0.124882
0.190163
0.132192
0.161967
0.124524
0.162071
0.164943
0.136238
0.154428
0.167696
0.147169
0.192874
0.128040
0.148170
0.177813
0.140887
0.128925
0.150415
0.120862
0.122281
0.129390
0.137650
0.135839
0.177205
0.138578
0.196575
0.175101
0.146873
0.137971
0.157951
0.116365
0.148657
0.120559
0.129951
0.147863
0.156718
0.141642
0.155991
0.119486
0.134378
0.168272
0.156301
0.166805
0.149149
0.167116
0.148917
0.137929
0.156911
0.139463
0.150915
0.143697
0.144577
0.121818
0.143875
0.122451
0.159377
0.170292
0.182402
0.172986
0.151507
0.160412
0.138412
0.173640
0.123738
0.200049
0.144862
0.162496
0.143264
0.173073
0.120023
0.134908
0.133065
0.139225
0.137925
0.144093
0.151290
0.129057
0.120175
0.120746
0.130877
0.116902
0.124624
0.145279
0.153614
0.162812
0.148760
0.159114
0.135522
0.168403
0.169737
0.121032
0.148315
0.193976
0.146746
0.138157
0.131091
0.133680
0.126035
0.147157
0.127509
0.154357
0.145116
0.160063
0.150552
0.152232
0.143555
0.120689
0.176287
0.128720
0.147980
0.172943
0.132570
0.145225
0.165735
0.160015
0.181686
0.160148
0.195607
0.193747
0.157132
0.188118
0.153570
0.176784
0.152497
0.125991
0.177001
0.128474
0.156793
0.183782
0.132892
0.136117
0.153645
0.139445
0.141172
0.189227
0.146396
0.142945
0.167748
0.148520
0.144523
0.146093
0.144249
0.143171
0.143638
0.149088
0.150589
0.147996
0.144381
0.179141
0.169226
0.177875
0.172239
0.159108
0.151386
0.144965
0.154460
0.158492
0.161124
0.176838
0.143550
0.140936
0.158926
0.146229
0.142104
0.178483
0.132562
0.122195
0.131825
0.161376
0.153006
0.128976
0.163440
0.167324
0.143343
0.153269
0.136069
0.160393
0.151140
0.146674
0.146187
0.137537
0.145478
0.168406
0.178997
0.135997
0.132071
0.131642
0.132110
0.164272
0.150248
0.175519
0.191559
0.144141
0.144971
0.147361
0.167659
0.186833
0.160079
0.135161
0.163199
0.145786
0.139438
0.146559
0.173219
0.136827
0.166389
0.164788
0.153728
0.142676
0.182658
0.166652
0.146580
0.140360
0.166441
0.178349
0.161173
0.144195
0.143114
0.176753
0.152164
0.140990
0.151346
0.145512
0.130508
0.134652
0.165976
0.149171
0.174182
0.143103
0.185938
0.123456
0.176986
0.178328
0.142834
0.151281
0.158135
0.167273
0.150468
0.177228
0.140485
0.150732
0.135104
0.149353
0.162115
0.161206
0.138048
0.136701
0.145916
0.167382
0.151925
0.125287
0.156743
0.157824
0.144464
0.150938
0.164830
0.164733
0.156939
0.189644
0.136540
0.142973
0.186178
0.144355
0.176318
0.139088
0.133368
0.131040
0.136003
0.149300
0.174228
0.160527
0.170867
0.148223
0.162979
0.178762
0.168485
0.137831
0.155816
0.159528
0.147568
0.137550
0.149886
0.210525
0.178415
0.162140
0.153259
0.142800
0.164291
0.159276
0.165426
0.170698
0.136019
0.139598
0.164857
0.147954
0.153739
0.160836
0.152041
0.145674
0.169634
0.150066
0.135178
0.153405
0.186028
0.183240
0.164322
0.167013
0.160686
0.158927
0.159787
0.136759
0.152474
0.156211
0.169366
0.146111
0.160545
0.148760
0.126142
0.168900
0.123512
0.147555
0.199993
0.173259
0.123192
0.149810
0.134877
0.151945
0.163606
0.157597
0.129493
0.154694
0.149049
0.178407
0.149984
0.142944
0.174209
0.163507
0.132296
0.156022
0.185880
0.139663
0.132088
0.134283
0.144723
0.116632
0.143940
0.136353
0.134936
0.143026
0.141159
0.137821
0.162434
0.141259
0.161590
0.179565
0.130669
0.142025
0.138764
0.151129
0.126175
0.162345
0.152596
0.171666
0.167641
0.145849
0.175936
0.155381
0.165494
0.144771
0.179689
0.150105
0.204206
0.177773
0.152785
0.136520
0.199638
0.183270
0.150199
0.171219
0.144951
0.140568
0.180326
0.135379
0.154602
0.180472
0.135058
0.137598
0.144308
0.144889
0.175690
0.144752
0.158296
0.152184
0.155759
0.117320
0.119619
0.167644
0.193197
0.148858
0.114325
0.165351
0.117055
0.152321
0.133944
0.143344
0.141973
0.173280
0.146970
0.151242
0.121685
0.151034
0.168671
0.122361
0.121013
0.134566
0.117730
0.168938
0.142700
0.129666
0.154344
0.149229
0.131219
0.169464
0.174329
0.161878
0.161762
0.137713
0.166394
0.165814
0.150833
0.155581
0.171912
0.145338
0.143903
0.163608
0.139965
0.181499
0.142467
0.133600
0.141062
0.158482
0.145902
0.157547
0.145320
0.140821
0.192342
0.144499
0.122336
0.133590
0.118583
0.146542
0.157470
0.157959
0.160947
0.156383
0.180613
0.156968
0.164691
0.143216
0.186151
0.146875
0.122915
0.149633
0.150152
0.114179
0.125444
0.126472
0.118396
0.125505
0.140650
0.145910
0.201871
0.141421
0.136432
0.145004
0.136882
0.142515
0.140397
0.130148
0.174224
0.170512
0.165673
0.141577
0.184464
0.129624
0.152050
0.141892
0.166099
0.165437
0.121008
0.118392
0.118880
0.154047
0.112487
0.170816
0.137525
0.136497
0.147262
0.126039
0.133685
0.174797
0.144433
0.153232
0.144029
0.150215
0.175082
0.152970
0.142776
0.159037
0.146817
0.132485
0.144814
0.126972
0.149404
0.155317
0.141800
0.188629
0.155585
0.148472
0.142784
0.170329
0.188476
0.197067
0.146186
0.144144
0.125504
0.129922
0.147841
0.137192
0.148469
0.138256
0.131435
0.144715
0.140856
0.159745
0.148056
0.140575
0.169503
0.118591
0.155156
0.150596
0.139866
0.192940
0.150591
0.144081
0.142652
0.146007
0.154612
0.142196
0.118070
0.127676
0.133535
0.176828
0.175403
0.130634
0.169266
0.141550
0.143709
0.153597
0.149080
0.129287
0.118138
0.110898
0.109825
0.126636
0.130184
0.157400
0.135748
0.139471
0.144509
0.173371
0.142307
0.170377
0.136935
0.144817
0.152251
0.194012
0.146290
0.164889
0.141281
0.152271
0.156358
0.132341
0.177275
0.174297
0.168671
0.168926
0.147266
0.166443
0.164107
0.164054
0.143200
0.153367
0.159554
0.148446
0.153585
0.175395
0.166196
0.122248
0.181055
0.152461
0.158406
0.133098
0.135775
0.140344
0.127538
0.167823
0.147962
0.163045
0.160459
0.117081
0.141124
0.152042
0.174089
0.166126
0.159538
0.172268
0.150108
0.160217
0.147401
0.133694
0.149151
0.142734
0.199460
0.149803
0.165183
0.170980
0.154458
0.173765
0.151876
0.146875
0.140610
0.182397
0.160491
0.134496
0.138974
0.138007
0.138204
0.152091
0.145061
0.159807
0.140511
0.116261
0.133515
0.128333
0.117901
0.158787
0.133945
0.182148
0.143833
0.190424
0.168337
0.138613
0.119223
0.163076
0.168813
0.138604
0.146883
0.135113
0.155613
0.141112
0.164441
0.167592
0.146819
0.134347
0.141926
0.156475
0.182398
0.162091
0.169588
0.160818
0.169294
0.155734
0.179629
0.162252
0.141566
0.145889
0.141294
0.152548
0.168113
0.135313
0.156731
0.201537
0.128473
0.114223
0.129246
0.166145
0.143199
0.173765
0.124835
0.188468
0.138582
0.140764
0.154860
0.177531
0.150123
0.142286
0.137694
0.148903
0.145050
0.129409
0.137131
0.141701
0.174004
0.145007
0.152829
0.154775
0.138220
0.150992
0.139305
0.149271
0.146015
0.140738
0.150053
0.157334
0.131213
0.156303
0.158363
0.140728
0.162431
0.159065
0.194065
0.150291
0.150225
0.129306
0.143917
0.136922
0.141584
0.191104
0.150792
0.122796
0.123650
0.145220
0.172110
0.143697
0.151425
0.129349
0.134573
0.136789
0.154444
0.134642
0.123502
0.133852
0.164177
0.121432
0.159835
0.172271
0.150951
0.144878
0.157192
0.138410
0.160302
0.142093
0.147205
0.170972
0.134874
0.149922
0.162876
0.152133
0.144843
0.162259
0.175907
0.134298
0.158970
0.151496
0.137266
0.114044
0.127275
0.122370
0.158663
0.120014
0.129825
0.182873
0.164307
0.136526
0.132991
0.131738
0.157403
0.136167
0.131179
0.185435
0.156987
0.136453
0.184320
0.156614
0.152265
0.150468
0.171873
0.185256
0.145106
0.172758
0.164483
0.140515
0.151176
0.122972
0.137510
0.142601
0.183925
0.188644
0.145374
0.136665
0.141575
0.173568
0.172766
0.136404
0.135566
0.159473
0.149872
0.148343
0.146012
0.168456
0.162496
0.145208
0.157631
0.188071
0.140411
0.128408
0.133973
0.124986
0.129018
0.144874
0.125459
0.160693
0.129542
0.149875
0.158719
0.160286
0.132957
0.133274
0.123526
0.110173
0.134590
0.155764
0.161325
0.163286
0.140454
0.193126
0.158404
0.159942
0.173656
0.190639
0.166288
0.140469
0.136533
0.144974
0.187505
0.149330
0.162542
0.184094
0.141799
0.145062
0.122961
0.152963
0.118854
0.183304
0.166975
0.170997
0.173237
0.157553
0.141978
0.162028
0.158266
0.152954
0.150612
0.138910
0.169929
0.141905
0.146051
0.140597
0.150612
0.178979
0.165985
0.182168
0.149988
0.164193
0.154902
0.159929
0.157495
0.146178
0.144185
0.124818
0.136513
0.139826
0.205081
0.143480
0.136686
0.141781
0.134993
0.114016
0.200143
0.141488
0.139560
0.135803
0.127125
0.141211
0.140931
0.126288
0.178173
0.142094
0.146441
0.152194
0.188121
0.156477
0.191014
0.155990
0.173367
0.144108
0.164756
0.151710
0.139592
0.188250
0.127241
0.152107
0.122367
0.146468
0.134935
0.141795
0.132666
0.131751
0.136753
0.119239
0.147979
0.126991
0.123809
0.122786
0.135720
0.122909
0.145106
0.150560
0.174218
0.139588
0.167222
0.158403
0.144996
0.157174
0.140516
0.152641
0.183596
0.146334
0.141569
0.163867
0.148205
0.130887
0.163362
0.144338
0.139496
0.160563
0.125918
0.139922
0.135247
0.132473
0.114976
0.129434
0.126309
0.140327
0.154710
0.154562
0.166450
0.163329
0.167512
0.155224
0.136869
0.157379
0.127059
0.128548
0.152134
0.133044
0.156243
0.149966
0.142801
0.154365
0.130269
0.169889
0.176566
0.185735
0.165076
0.156881
0.151592
0.174183
0.171943
0.189176
0.146413
0.178717
0.156950
0.180339
0.143201
0.140241
0.175956
0.141201
0.159330
0.160139
0.190832
0.148754
0.146000
0.137345
0.168778
0.156376
0.139089
0.141279
0.130027
0.119546
0.111558
0.135515
0.137360
0.145415
0.202452
0.161502
0.152570
0.150419
0.169027
0.145816
0.143115
0.134234
0.115215
0.157590
0.173113
0.146676
0.149076
0.127848
0.124612
0.116769
0.114085
0.127416
0.143339
0.173646
0.169610
0.148612
0.173746
0.168158
0.149629
0.146309
0.152732
0.148749
0.174980
0.171364
0.172291
0.176862
0.155257
0.176369
0.144080
0.141269
0.136711
0.129859
0.160749
0.200837
0.166914
0.145545
0.145189
0.140188
0.129442
0.158974
0.147230
0.153834
0.196161
0.137923
0.150740
0.148069
0.159373
0.190499
0.146076
0.181210
0.140851
0.142876
0.124202
0.149734
0.155928
0.159195
0.139640
0.152440
0.133594
0.146998
0.144537
0.166161
0.132703
0.138146
0.144853
0.149688
0.140070
0.119820
0.158220
0.137473
0.130410
0.145241
0.144158
0.219603
0.165532
0.165379
0.132904
0.133384
0.119548
0.153796
0.158954
0.159057
0.158536
0.168369
0.138098
0.132130
0.146579
0.161116
0.120384
0.127644
0.144579
0.191588
0.135524
0.136035
0.143837
0.130609
0.132044
0.121549
0.139819
0.170539
0.158245
0.137013
0.131451
0.123972
0.131977
0.124736
0.148259
0.144500
0.118365
0.119386
0.115905
0.115566
0.122829
0.157784
0.142022
0.134328
0.124050
0.142683
0.136639
0.131445
0.165329
0.145189
0.177265
0.152894
0.145133
0.137208
0.167919
0.158749
0.172704
0.169423
0.134983
0.130055
0.147972
0.156744
0.143581
0.141405
0.135896
0.142576
0.142471
0.140337
0.138905
0.140600
0.128087
0.117962
0.118351
0.130559
0.143822
0.160030
0.144785
0.150239
0.173138
0.144456
0.194467
0.149016
0.138202
0.163907
0.129922
0.135181
0.126653
0.115285
0.140683
0.162269
0.146545
0.138019
0.154991
0.159734
0.134691
0.156640
0.157318
0.129858
0.173194
0.122382
0.178600
0.144698
0.141721
0.146408
0.114358
0.128495
0.121743
0.158379
0.158764
0.134433
0.125769
0.118600
0.191656
0.151677
0.139352
0.139165
0.182235
0.143786
0.146048
0.139491
0.158964
0.132029
0.144889
0.148923
0.150819
0.150589
0.153251
0.161831
0.191113
0.145119
0.120367
0.139657
0.160828
0.174378
0.136528
0.138825
0.147250
0.143449
0.138905
0.168920
0.190842
0.167447
0.145813
0.188174
0.184315
0.147866
0.155974
0.156175
0.145350
0.165498
0.133047
0.151706
0.158278
0.135190
0.160036
0.148952
0.141500
0.139765
0.144852
0.154153
0.167923
0.146709
0.137521
0.145581
0.146793
0.126107
0.163643
0.150020
0.141330
0.147622
0.142530
0.155853
0.142925
0.158309
0.135910
0.124993
0.122412
0.130640
0.142196
0.132938
0.124630
0.117164
0.161933
0.118797
0.159370
0.137626
0.142960
0.164237
0.149029
0.145118
0.147934
0.143807
0.143269
0.164602
0.119472
0.164730
0.134541
0.133747
0.120566
0.182616
0.139948
0.174978
0.148911
0.142323
0.140304
0.135933
0.141547
0.157725
0.156097
0.143956
0.169953
0.161305
0.143023
0.153054
0.127300
0.166090
0.143440
0.143371
0.178914
0.170237
0.145202
0.186467
0.145036
0.141040
0.137306
0.154363
0.183142
0.177707
0.170900
0.161464
0.162401
0.147896
0.159815
0.139760
0.143818
0.145002
0.138353
0.144866
0.152726
0.139468
0.157961
0.181982
0.146589
0.137703
0.154810
0.131126
0.154217
0.151699
0.134590
0.139799
0.142179
0.158009
0.167696
0.143708
0.137068
0.144975
0.146572
0.146524
0.152858
0.148397
0.144528
0.149443
0.137303
0.116362
0.146265
0.134013
0.151208
0.146418
0.144611
0.143774
0.146580
0.166206
0.189850
