0.040371
0.086632
0.093000
0.075436
0.093138
0.075801
0.105619
0.087234
0.088224
0.068472
0.090462
0.068850
0.043598
0.081663
0.064399
0.080456
0.066578
0.084986
0.080884
0.094914
0.092545
0.097811
0.067631
0.094988
0.065131
0.077114
0.080638
0.091448
0.080454
0.112806
0.129157
0.080999
0.092900
0.089743
0.095281
0.074285
0.096106
0.096054
0.079082
0.109976
0.073302
0.089693
0.098734
0.089456
0.067991
0.047666
0.054754
0.067677
0.092508
0.095447
0.088549
0.083641
0.102005
0.075748
0.080449
0.051978
0.054483
0.057630
0.088633
0.049057
0.107186
0.084594
0.053363
0.104492
0.090167
0.072351
0.078335
0.088606
0.103933
0.104964
0.095648
0.105711
0.114007
0.055404
0.090942
0.087882
0.077286
0.078607
0.083429
0.093060
0.082222
0.090730
0.085951
0.109089
0.104211
0.058519
0.108881
0.068034
0.063748
0.099202
0.088444
0.071570
0.053310
0.096550
0.104763
0.077445
0.065129
0.075866
0.104462
0.091138
0.082015
0.066829
0.088909
0.061696
0.132740
0.101690
0.093795
0.058474
0.085845
0.094832
0.072752
0.075178
0.078190
0.064540
0.074742
0.103081
0.088312
0.076972
0.073821
0.076055
0.076475
0.085809
0.077183
0.077034
0.065494
0.046170
0.061199
0.097807
0.099661
0.088034
0.073331
0.113932
0.104486
0.117140
0.087017
0.102866
0.068862
0.069244
0.052678
0.060507
0.054109
0.079280
0.058902
0.060749
0.053895
0.073941
0.067011
0.071484
0.091457
0.090135
0.083941
0.068003
0.063435
0.078496
0.067300
0.075965
0.079382
0.088676
0.081981
0.127080
0.075508
0.096172
0.099345
0.089765
0.090799
0.094351
0.102461
0.067556
0.069603
0.052024
0.067455
0.110879
0.063092
0.057576
0.086401
0.098908
0.071519
0.063954
0.091720
0.065150
0.057627
0.054206
0.069247
0.089147
0.095509
0.076261
0.074693
0.072570
0.075832
0.056930
0.066574
0.121336
0.107445
0.077216
0.103632
0.066293
0.061549
0.057236
0.090630
0.063876
0.052643
0.072108
0.080605
0.084325
0.068374
0.082489
0.086116
0.092613
0.063667
0.130576
0.070794
0.060642
0.075634
0.084005
0.058342
0.083604
0.050169
0.074681
0.103665
0.071471
0.090865
0.107063
0.074088
0.063907
0.088102
0.095778
0.100103
0.069931
0.087950
0.083513
0.077791
0.056325
0.079652
0.096868
0.096744
0.054385
0.087758
0.053311
0.044970
0.052303
0.076506
0.108109
0.079893
0.065753
0.104991
0.068464
0.082732
0.064417
0.077295
0.088966
0.089687
0.059585
0.049351
0.051058
0.133773
0.112523
0.071634
0.110874
0.088098
0.081224
0.109788
0.077035
0.092161
0.071646
0.053593
0.073687
0.065909
0.072339
0.052073
0.083578
0.095150
0.089492
0.074809
0.076034
0.074134
0.051895
0.081512
0.069846
0.070576
0.074339
0.083459
0.089793
0.095544
0.070045
0.080426
0.092164
0.080518
0.054953
0.068408
0.052278
0.061465
0.039681
0.056708
0.064449
0.053745
0.082506
0.103491
0.075662
0.070833
0.064059
0.060701
0.082830
0.069602
0.087065
0.059742
0.054206
0.058751
0.095846
0.066732
0.059989
0.069462
0.051045
0.055011
0.058079
0.057556
0.086785
0.079093
0.078950
0.061404
0.097126
0.092525
0.126476
0.086526
0.066970
0.081798
0.056248
0.102718
0.097958
0.064235
0.106292
0.060344
0.057357
0.082987
0.066204
0.060743
0.064565
0.091802
0.078881
0.092321
0.096387
0.082294
0.113799
0.091724
0.095396
0.051108
0.055553
0.093642
0.099369
0.076456
0.077589
0.090159
0.068294
0.055153
0.071813
0.104666
0.099975
0.074745
0.055937
0.085133
0.065544
0.049976
0.061788
0.102217
0.086164
0.109890
0.077656
0.089553
0.095625
0.089086
0.089664
0.099635
0.076165
0.059846
0.050790
0.071821
0.085168
0.057988
0.054310
0.090266
0.121582
0.085694
0.046709
0.055969
0.055761
0.076805
0.097685
0.065527
0.085917
0.087145
0.090208
0.069886
0.053432
0.077184
0.063230
0.076141
0.075259
0.068556
0.077369
0.103498
0.089494
0.081996
0.093874
0.066194
0.063534
0.105356
0.073917
0.068399
0.050861
0.064941
0.084996
0.103979
0.061461
0.083618
0.072302
0.068153
0.064444
0.074315
0.066813
0.066191
0.078913
0.078926
0.097618
0.077960
0.096597
0.065567
0.068994
0.079371
0.086069
0.052019
0.092572
0.111780
0.108773
0.105130
0.088926
0.073483
0.124016
0.106745
0.059620
0.070318
0.066215
0.064282
0.065548
0.072358
0.054223
0.080970
0.078531
0.056687
0.078605
0.103876
0.064052
0.081261
0.076103
0.087227
0.055194
0.079175
0.107732
0.076134
0.079833
0.082068
0.088764
0.083372
0.074812
0.067683
0.050459
0.107229
0.052576
0.060974
0.044529
0.095767
0.080262
0.088431
0.086254
0.056678
0.085419
0.093716
0.065622
0.073448
0.045164
0.084377
0.058816
0.055108
0.101707
0.070722
0.054549
0.064881
0.084692
0.106866
0.088550
0.061608
0.076728
0.094940
0.089176
0.101835
0.076632
0.059379
0.051483
0.046387
0.046450
0.045634
0.112195
0.065195
0.102718
0.088269
0.051550
0.090194
0.081075
0.069828
0.059134
0.092811
0.063277
0.066439
0.059874
0.090241
0.087153
0.060372
0.067391
0.080217
0.087301
0.082284
0.080251
0.086973
0.081317
0.075774
0.081905
0.088630
0.109017
0.099349
0.118918
0.086298
0.092174
0.071371
0.115911
0.069489
0.054220
0.078265
0.083539
0.051045
0.063536
0.042942
0.079914
0.072500
0.074869
0.052809
0.114450
0.068518
0.078142
0.062958
0.077678
0.079422
0.056108
0.058552
0.088327
0.054013
0.081148
0.092503
0.052456
0.046860
0.073704
0.059678
0.107101
0.051793
0.099796
0.099936
0.122649
0.095292
0.096370
0.061780
0.076724
0.056782
0.061953
0.115865
0.047132
0.076746
0.091051
0.078666
0.081039
0.089987
0.078650
0.096447
0.089276
0.057302
0.061411
0.132355
0.071460
0.105413
0.090668
0.106407
0.074196
0.096086
0.106568
0.079185
0.056418
0.113625
0.092072
0.060528
0.077939
0.085903
0.075663
0.113904
0.082445
0.082743
0.099671
0.058889
0.055015
0.071353
0.053314
0.108282
0.086617
0.059569
0.109800
0.059902
0.082854
0.079291
0.063388
0.055243
0.055237
0.069731
0.077209
0.074436
0.069685
0.050335
0.110027
0.058705
0.117432
0.070276
0.137562
0.047932
0.082989
0.045977
0.066368
0.080287
0.059262
0.104352
0.054219
0.097824
0.048622
0.059762
0.049908
0.064443
0.050631
0.056091
0.057208
0.064655
0.125087
0.063745
0.113893
0.060601
0.065836
0.073207
0.106956
0.083459
0.090083
0.090130
0.101022
0.071055
0.096968
0.066283
0.088728
0.057402
0.117408
0.083186
0.104396
0.082457
0.088023
0.096369
0.055420
0.073699
0.079734
0.092209
0.107976
0.059505
0.117250
0.080519
0.079943
0.103572
0.086841
0.096465
0.077340
0.081836
0.051889
0.059077
0.099359
0.071526
0.093205
0.066823
0.059544
0.061050
0.071402
0.054703
0.071925
0.090201
0.085228
0.063880
0.111986
0.089482
0.101789
0.094664
0.050324
0.099539
0.076016
0.076455
0.092567
0.077424
0.099433
0.079184
0.054718
0.087188
0.100824
0.054946
0.073645
0.055976
0.052088
0.060505
0.081766
0.087946
0.075509
0.086634
0.076996
0.095400
0.091306
0.078795
0.061876
0.100529
0.066700
0.066673
0.089161
0.069118
0.100407
0.091036
0.068032
0.072514
0.095631
0.083785
0.087274
0.091209
0.086949
0.057411
0.081177
0.059815
0.064058
0.071084
0.068191
0.070082
0.060400
0.076286
0.069758
0.061622
0.083207
0.110185
0.079541
0.078125
0.076862
0.070708
0.078327
0.098086
0.082511
0.108114
0.059047
0.054417
0.059189
0.080020
0.072856
0.080920
0.100825
0.079419
0.089714
0.079508
0.090659
0.101527
0.097267
0.061123
0.106709
0.110133
0.076644
0.079790
0.083737
0.066450
0.078455
0.091778
0.083313
0.078257
0.088374
0.105158
0.066292
0.079255
0.059905
0.076272
0.056507
0.084277
0.073420
0.081391
0.070371
0.077770
0.053528
0.063458
0.086806
0.050034
0.068444
0.060449
0.074700
0.094181
0.057152
0.058460
0.106184
0.098641
0.080294
0.092231
0.099576
0.079070
0.078017
0.056367
0.048808
0.072879
0.112509
0.065796
0.050898
0.048235
0.080385
0.079034
0.091319
0.062979
0.077761
0.068593
0.081627
0.115493
0.105035
0.059738
0.076274
0.053917
0.054637
0.101116
0.049194
0.063849
0.070863
0.040681
0.041520
0.048504
0.053650
0.064899
0.059951
0.098349
0.091949
0.052380
0.054960
0.100085
0.068488
0.061584
0.077382
0.090483
0.066520
0.056456
0.106100
0.103137
0.061728
0.074805
0.074183
0.055160
0.051924
0.099211
0.082864
0.070605
0.080478
0.069083
0.038864
0.069881
0.068976
0.073792
0.046116
0.087942
0.089597
0.068233
0.074852
0.058191
0.100635
0.073338
0.104945
0.074581
0.077272
0.107282
0.052939
0.105066
0.091740
0.101784
0.049316
0.070927
0.113453
0.102703
0.094203
0.051442
0.104288
0.107309
0.082662
0.097393
0.096194
0.093304
0.086618
0.107953
0.057452
0.087868
0.067315
0.061249
0.060731
0.065899
0.056277
0.070036
0.050375
0.066082
0.084761
0.072362
0.092290
0.079570
0.063579
0.060709
0.098072
0.116674
0.069372
0.087271
0.087839
0.079563
0.097859
0.086682
0.078267
0.053105
0.101031
0.082273
0.076021
0.083999
0.089082
0.081775
0.067008
0.088127
0.089656
0.063288
0.088571
0.070258
0.077071
0.112563
0.056573
0.080954
0.078690
0.065270
0.096340
0.103822
0.062589
0.081429
0.128050
0.054581
0.066335
0.110277
0.071768
0.068129
0.101407
0.075014
0.067378
0.086771
0.062351
0.060225
0.090973
0.077445
0.089354
0.092101
0.079878
0.070417
0.092706
0.092381
0.075552
0.106583
0.045295
0.067307
0.094349
0.074285
0.070167
0.086805
0.091236
0.086267
0.081437
0.093515
0.060858
0.100734
0.098208
0.085778
0.074011
0.076751
0.055292
0.071497
0.086339
0.052329
0.062629
0.046978
0.096846
0.065450
0.041641
0.054918
0.062243
0.078501
0.050300
0.060830
0.073715
0.097373
0.081418
0.093265
0.088912
0.092133
0.091175
0.093821
0.083163
0.067518
0.096064
0.080476
0.084158
0.110353
0.099476
0.093742
0.066725
0.056781
0.096063
0.076753
0.079484
0.065981
0.069916
0.084489
0.077997
0.053892
0.090215
0.071359
0.054827
0.050986
0.090182
0.057056
0.066215
0.075889
0.073513
0.118624
0.084682
0.077167
0.069478
0.082091
0.093062
0.085242
0.049726
0.102609
0.070249
0.049678
0.098083
0.072484
0.084113
0.060166
0.084843
0.059721
0.086306
0.102564
0.065156
0.058334
0.100970
0.062998
0.100655
0.103925
0.104908
0.070359
0.061483
0.065056
0.058071
0.082009
0.054398
0.053242
0.065719
0.065918
0.070564
0.063383
0.056055
0.102401
0.054717
0.062389
0.073316
0.065121
0.057093
0.066144
0.060568
0.102217
0.051345
0.088031
0.076915
0.065823
0.056974
0.072521
0.067366
0.072277
0.057618
0.072840
0.065730
0.063136
0.080627
0.119848
0.078857
0.057586
0.054304
0.068550
0.067449
0.094477
0.072768
0.090305
0.069027
0.084805
0.066333
0.061945
0.121447
0.116369
0.071261
0.082033
0.079955
0.044582
0.088004
0.054972
0.059292
0.074695
0.088902
0.073664
0.104507
0.091985
0.059422
0.049830
0.094713
0.092711
0.085496
0.071376
0.087926
0.076577
0.082640
0.073954
0.056087
0.066444
0.104923
0.087810
0.066443
0.079630
0.078785
0.103261
0.079746
0.079891
0.061444
0.056937
0.075463
0.053896
0.079901
0.070078
0.103722
0.068387
0.062683
0.100095
0.090108
0.077427
0.066463
0.104408
0.095351
0.088116
0.070539
0.048282
0.069815
0.078790
0.048890
0.055447
0.087301
0.067843
0.108674
0.069136
0.066705
0.057167
0.061118
0.122944
0.093916
0.070637
0.066067
0.072045
0.076371
0.063735
0.072324
0.073831
0.108090
0.105870
0.062553
0.110839
0.106595
0.104497
0.102580
0.098464
0.088678
0.110760
0.092629
0.067485
0.045825
0.059838
0.084384
0.087224
0.053080
0.069072
0.091925
0.053797
0.136103
0.090626
0.094179
0.062666
0.085357
0.062288
0.092853
0.102721
0.042778
0.052680
0.059259
0.060218
0.092003
0.106796
0.088244
0.096935
0.091388
0.077932
0.113297
0.073513
0.051722
0.095741
0.078808
0.082596
0.081560
0.066660
0.069727
0.052985
0.070933
0.064271
0.078380
0.091734
0.064703
0.113261
0.055566
0.082888
0.089676
0.042376
0.083710
0.076667
0.062909
0.073331
0.083683
0.059394
0.093778
0.095181
0.057226
0.068596
0.065927
0.060961
0.074358
0.069731
0.068230
0.076998
0.090733
0.128939
0.087249
0.122875
0.091603
0.072781
0.071084
0.056751
0.113695
0.092893
0.060981
0.053372
0.071234
0.045205
0.091581
0.071867
0.056784
0.049116
0.046077
0.080966
0.102920
0.090593
0.073463
0.105303
0.086756
0.089775
0.074233
0.065528
0.098332
0.076362
0.050795
0.079890
0.091653
0.085968
0.115903
0.076621
0.083301
0.062905
0.133168
0.069387
0.059542
0.090170
0.059191
0.106621
0.101273
0.103780
0.084406
0.098075
0.083498
0.104170
0.077117
0.076880
0.080873
0.070096
0.073307
0.082724
0.052655
0.048613
0.062161
0.053393
0.072435
0.074590
0.087190
0.079846
0.054613
0.084154
0.076065
0.063562
0.088511
0.077985
0.071327
0.073058
0.068402
0.051561
0.085084
0.096944
0.051642
0.109425
0.080752
0.058946
0.091259
0.079586
0.070665
0.105308
0.078958
0.097768
0.092799
0.061382
0.055508
0.094181
0.058043
0.107544
0.068659
0.078161
0.058768
0.090218
0.078934
0.076170
0.087072
0.103893
0.091206
0.126888
0.111526
0.096284
0.091225
0.085281
0.087302
0.086114
0.092811
0.105322
0.081306
0.069808
0.086153
0.064529
0.069873
0.055907
0.070544
0.077546
0.067057
0.073424
0.054343
0.064987
0.122671
0.076205
0.087469
0.052485
0.081869
0.074594
0.075826
0.055529
0.104729
0.058764
0.074639
0.047292
0.073915
0.050477
0.055780
0.052794
0.051312
0.098054
0.102457
0.075973
0.108881
0.099856
0.108916
0.108279
0.107440
0.098322
0.066183
0.088030
0.059205
0.089953
0.093242
0.092921
0.085454
0.068836
0.056844
0.059277
0.053365
0.067755
0.068884
0.064764
0.095266
0.048969
0.057768
0.083907
0.087993
0.059114
0.045683
0.089477
0.063327
0.099728
0.076370
0.085666
0.061940
0.094177
0.093018
0.102759
0.054655
0.055783
0.050184
0.104610
0.090263
0.060641
0.058584
0.052769
0.053024
0.073609
0.060411
0.071513
0.074937
0.062802
0.081704
0.073780
0.072012
0.079383
0.125318
0.088128
0.063417
0.065608
0.067527
0.077094
0.065352
0.071007
0.066735
0.067270
0.095535
0.094513
0.044652
0.097920
0.070484
0.076962
0.064241
0.070085
0.077804
0.066957
0.075547
0.056298
0.097071
0.066417
0.074692
0.060586
0.063236
0.090823
0.058313
0.099161
0.112577
0.073154
0.089156
0.101599
0.092456
0.060300
0.092443
0.071267
0.060713
0.072634
0.059833
0.066920
0.084220
0.094665
0.062323
0.062440
0.049775
0.108085
0.087805
0.081589
0.096440
0.064814
0.054911
0.080508
0.045883
0.054553
0.106166
0.066874
0.051515
0.076313
0.086081
0.054931
0.071337
0.086404
0.062094
0.091422
0.075090
0.066424
0.091045
0.083884
0.063318
0.062923
0.071012
0.083634
0.064808
0.057239
0.096531
0.096379
0.062166
0.049484
0.071329
0.076348
0.072214
0.093157
0.050955
0.077235
0.089390
0.057524
0.068644
0.064619
0.103898
0.086678
0.091115
0.077697
0.072488
0.090383
0.103954
0.099395
0.108478
0.044927
0.075422
0.049940
0.081898
0.058820
0.059995
0.066128
0.090260
0.129803
0.077219
0.064228
0.068080
0.091040
0.079289
0.055481
0.073729
0.074006
0.108914
0.106067
0.088632
0.097226
0.062155
0.092046
0.054315
0.057471
0.061246
0.086126
0.050528
0.068661
0.093369
0.060526
0.066189
0.087668
0.090033
0.104957
0.077929
0.078338
0.111776
0.064011
0.108884
0.067455
0.110722
0.098993
0.065090
0.076910
0.066018
0.055175
0.121268
0.083417
0.071774
0.102124
0.077310
0.057824
0.064080
0.075373
0.052327
0.052791
0.084357
0.049712
0.053927
0.102137
0.051871
0.066175
0.099021
0.067265
0.048094
0.048051
0.096079
0.082773
0.077705
0.082930
0.086873
0.098991
0.106341
0.073607
0.079265
0.088149
0.099515
0.059058
0.089851
0.080204
0.085118
0.060372
0.090429
0.096613
0.046654
0.060889
0.051043
0.054276
0.083560
0.081319
0.039274
0.086197
0.093895
0.082438
0.085803
0.080138
0.072195
0.074422
0.077354
0.111406
0.087502
0.095989
0.086899
0.101920
0.057881
0.104182
0.086736
0.057423
0.071870
0.063067
0.068232
0.062906
0.051268
0.069854
0.063812
0.076045
0.063582
0.050038
0.050598
0.042793
0.061420
0.068821
0.068592
0.059619
0.056402
0.090550
0.073798
0.084301
0.049706
0.053357
0.063026
0.089271
0.067858
0.054578
0.110562
0.075352
0.046757
0.113068
0.089363
0.079848
0.080898
0.055502
0.086452
0.086558
0.119067
0.060008
0.087060
0.099343
0.090156
0.076331
0.086649
0.103454
0.096093
0.099208
0.079453
0.068769
0.129577
0.110306
0.089208
0.091118
0.104173
0.082212
0.088407
0.056480
0.068538
0.082241
0.056775
0.072803
0.066325
0.058563
0.090786
0.081329
0.086633
0.080947
0.059469
0.054163
0.053181
0.063331
0.058908
0.062336
0.067236
0.054112
0.111919
0.101525
0.085491
0.083860
0.098608
0.102874
0.067900
0.065458
0.052962
0.080523
0.065884
0.068318
0.091958
0.062091
0.070515
0.051652
0.108650
0.125763
0.124284
0.072579
0.063432
0.084763
0.076325
0.074611
0.113256
0.076270
0.078664
0.057273
0.122014
0.100341
0.050108
0.067177
0.065096
0.061019
0.081905
0.091447
0.053891
0.094657
0.074712
0.053290
0.116583
0.084491
0.091319
0.096615
0.092647
0.078574
0.070626
0.051607
0.093442
0.075994
0.087551
0.086522
0.075075
0.074556
0.068877
0.114069
0.076759
0.078271
0.082948
0.081681
0.094632
0.047892
0.098548
0.104320
0.111742
0.082667
0.077003
0.047491
0.069417
0.053505
0.086896
0.095508
0.094154
0.063541
0.061344
0.062002
0.062387
0.064564
0.080767
0.114159
0.079352
0.068599
0.064013
0.074446
0.087029
0.088201
0.080734
0.071501
0.054755
0.075906
0.069564
0.106364
0.104837
0.093796
0.056179
0.103610
0.060045
0.078589
0.093823
0.074198
0.061982
0.114527
0.077230
0.099223
0.065908
0.068233
0.099319
0.081439
0.104420
0.072008
0.105399
0.081645
0.092214
0.085803
0.095294
0.065297
0.085476
0.087830
0.073350
0.082101
0.098508
0.086170
0.081390
0.050853
0.086463
0.066925
0.052088
0.096233
0.087960
0.051005
0.065250
0.062866
0.076251
0.067195
0.094014
0.079264
0.089840
0.092122
0.070794
0.069007
0.085475
0.058852
0.071375
0.089797
0.071598
0.074653
0.090306
0.094675
0.056097
0.047111
0.095885
0.058691
0.096243
0.077104
0.070111
0.046628
0.096188
0.072222
0.063902
0.048617
0.117256
0.052097
0.059891
0.056008
0.058398
0.056971
0.072741
0.079701
0.117793
0.092725
0.088219
0.091849
0.058264
0.059798
0.056605
0.047455
0.054123
0.053572
0.053760
0.072063
0.057004
0.058574
0.067574
0.080906
0.052563
0.104173
0.103033
0.080154
0.114934
0.066414
0.071046
0.086256
0.099218
0.080294
0.081330
0.083157
0.086165
0.095896
0.071447
0.053959
0.100035
0.102645
0.077947
0.099002
0.092613
0.096384
0.062455
0.067225
0.055791
0.099668
0.081809
0.081231
0.099417
0.088853
0.094451
0.096052
0.123275
0.091483
0.054714
0.092120
0.109475
0.112428
0.094027
0.093772
0.086851
0.106997
0.050385
0.072836
0.107239
0.053547
0.053938
0.086217
0.057532
0.058542
0.087098
0.096122
0.078753
0.073238
0.098992
0.070252
0.061460
0.061490
0.085199
0.077507
0.057279
0.084490
0.081385
0.067227
0.125767
0.089295
0.073550
0.070782
0.081500
0.049949
0.073544
0.112398
0.079003
0.072919
0.085891
0.058470
0.120100
0.077460
0.092416
0.114263
0.061798
0.083317
0.099575
0.076152
0.109591
0.069489
0.051965
0.070553
0.107556
0.092169
0.053999
0.101055
0.051706
0.102704
0.101202
0.078471
0.080949
0.079658
0.086172
0.080099
0.090896
0.095109
0.082011
0.080431
0.082777
0.076643
0.110082
0.087311
0.056567
0.062871
0.064023
0.061773
0.082932
0.071828
0.057058
0.062735
0.055968
0.077071
0.054528
0.060613
0.064664
0.057160
0.085841
0.056999
0.072884
0.086537
0.053015
0.102938
0.086596
0.058726
0.070976
0.070400
0.055525
0.059429
0.082447
0.051667
0.092051
0.075930
0.080504
0.070473
0.061043
0.074734
0.058494
0.054130
0.081535
0.067794
0.085478
0.058651
0.062568
0.129428
0.075713
0.063792
0.078316
0.065785
0.069513
0.089821
0.056789
0.067781
0.085120
0.094983
0.074933
0.078704
0.123264
0.118668
0.059941
0.097826
0.078942
0.076625
0.057264
0.049567
0.090009
0.081009
0.055281
0.123204
0.090588
0.076151
0.077057
0.073168
0.118881
0.060311
0.064846
0.087480
0.057353
0.104186
0.096485
0.065468
0.060673
0.061220
0.082439
0.087574
0.117873
0.086521
0.071136
0.110122
0.060926
0.068742
0.087816
0.078530
0.090317
0.078714
0.102354
0.076547
0.077407
0.050544
0.074070
0.112037
0.086920
0.089647
0.066053
0.098062
0.098423
0.094687
0.087824
0.080040
0.079032
0.098625
0.057479
0.086322
0.080997
0.055175
0.091826
0.084050
0.095263
0.087091
0.079426
0.110206
0.085232
0.125312
0.094350
0.078979
0.089685
0.087688
0.076554
0.077374
0.085175
0.079108
0.086150
0.083255
0.087508
0.089823
0.081384
0.085848
0.075405
0.066747
0.088296
0.052457
0.090482
0.113855
0.089587
0.059856
0.086213
0.089272
0.086597
0.091790
0.071981
0.072751
0.092547
0.088169
0.066850
0.098359
0.091879
0.082883
0.080470
0.115423
0.058734
0.095355
0.076318
0.120955
0.105726
0.083429
0.059794
0.081258
0.053000
0.056209
0.060408
0.061238
0.094802
0.068564
0.075025
0.114707
0.053160
0.102796
0.081278
0.105226
0.098889
0.095871
0.088688
0.124013
0.087909
0.080428
0.097956
0.101868
0.079512
0.097461
0.072804
0.105089
0.081358
0.098719
0.080036
0.091118
0.111069
0.071991
0.104696
0.067950
0.101173
0.077150
0.075564
0.081293
0.074704
0.044760
0.057687
0.064073
0.056277
0.090104
0.058629
0.056099
0.097487
0.054709
0.062946
0.064183
0.092511
0.080778
0.106019
0.090300
0.049282
0.082400
0.080720
0.085521
0.092306
0.085220
0.074113
0.060870
0.105354
0.098774
0.084302
0.074054
0.092473
0.079672
0.073400
0.077805
0.077868
0.103637
0.113543
0.092461
0.111624
0.110294
0.099851
0.094675
0.040631
0.076467
0.091481
0.094647
0.100402
0.089681
0.087130
0.061170
0.093880
0.048941
0.110529
0.090268
0.091638
0.085480
0.070757
0.081568
0.081927
0.100604
0.094140
0.090112
0.076020
0.048993
0.078228
0.080982
0.057913
0.071258
0.096912
0.069625
0.055477
0.091394
0.084088
0.101243
0.112664
0.093584
0.087773
0.084055
0.079356
0.107349
0.061141
0.111852
0.043874
0.042379
0.070101
0.088824
0.098295
0.132181
0.089416
0.065387
0.122904
0.066959
0.048774
0.044437
0.077164
0.092038
0.072194
0.095541
0.053973
0.047396
0.065309
0.072610
0.050782
0.053622
0.093520
0.095995
0.097069
0.053113
0.071600
0.089969
0.068786
0.053065
0.094815
0.078487
0.072587
0.074745
0.080004
0.075381
0.066162
0.090483
0.074113
0.088605
0.095965
0.072920
0.074237
0.102059
0.089913
0.069168
0.069084
0.056145
0.088628
0.122461
0.092925
0.074235
0.055870
0.070737
0.101534
0.076705
0.081153
0.056814
0.081228
0.114053
0.111582
0.071128
0.084510
0.101148
0.049740
0.052027
0.064742
0.088717
0.081137
0.051907
0.075853
0.059342
0.058108
0.106958
0.072187
0.067801
0.077450
0.081131
0.094558
0.064676
0.093990
0.084446
0.115233
0.099780
0.090044
0.060130
0.098377
0.089217
0.052341
0.076873
0.087786
0.071934
0.045044
0.056206
0.087191
0.070740
0.086368
0.059848
0.067096
0.078059
0.052430
0.049510
0.098376
0.097915
0.086822
0.103863
0.088127
0.085894
0.115669
0.082264
0.103433
0.102084
