0.078287
0.068361
0.078043
0.051267
0.095092
0.081258
0.079256
0.071017
0.084281
0.098143
0.093495
0.086568
0.112907
0.093776
0.073936
0.085778
0.097778
0.069581
0.079086
0.049404
0.069499
0.065249
0.062451
0.054726
0.105471
0.077555
0.062963
0.060472
0.083626
0.100057
0.072467
0.081728
0.092443
0.065935
0.063194
0.062901
0.076710
0.084096
0.079276
0.087285
0.094720
0.054760
0.066718
0.063188
0.072625
0.091816
0.090522
0.082027
0.098902
0.086240
0.074615
0.103793
0.088960
0.093507
0.086238
0.086238
0.055945
0.057783
0.051926
0.063038
0.054909
0.083641
0.109662
0.093442
0.081059
0.091159
0.074795
0.085309
0.070311
0.053246
0.047101
0.136075
0.066941
0.052834
0.065870
0.062544
0.102003
0.109741
0.064853
0.066171
0.090059
0.083550
0.063777
0.080203
0.088444
0.085018
0.070346
0.077171
0.059413
0.076907
0.088344
0.085518
0.095938
0.058179
0.059158
0.114295
0.075064
0.076040
0.063449
0.103245
0.068727
0.091616
0.055086
0.094001
0.097153
0.062792
0.050214
0.080920
0.067696
0.049567
0.105161
0.065624
0.095385
0.073506
0.054061
0.070499
0.057432
0.049223
0.100236
0.066067
0.059528
0.087363
0.103374
0.095647
0.064917
0.074544
0.046952
0.075792
0.051240
0.121508
0.061015
0.076429
0.054549
0.066874
0.068384
0.047692
0.055688
0.109541
0.047028
0.058647
0.093722
0.099877
0.051516
0.085436
0.074650
0.043275
0.093663
0.080420
0.055583
0.077293
0.065956
0.064412
0.095330
0.111352
0.076763
0.068884
0.066403
0.073512
0.058919
0.068441
0.061608
0.059429
0.051753
0.058671
0.072057
0.051389
0.076961
0.075305
0.058604
0.045012
0.050627
0.077460
0.046383
0.091132
0.075108
0.058976
0.056875
0.057734
0.059598
0.074854
0.054585
0.060380
0.088780
0.069014
0.054906
0.088334
0.107666
0.063629
0.090551
0.080689
0.057071
0.078308
0.091204
0.120698
0.088930
0.062711
0.051341
0.049729
0.112610
0.055752
0.086210
0.058661
0.053398
0.047645
0.061703
0.056557
0.059074
0.046197
0.077875
0.054879
0.090957
0.058003
0.080947
0.064409
0.052977
0.052116
0.101995
0.084867
0.060497
0.073249
0.070563
0.067056
0.103261
0.108039
0.085190
0.113755
0.090944
0.092194
0.053785
0.053009
0.078310
0.090809
0.084809
0.084610
0.091452
0.062801
0.098282
0.063433
0.087606
0.135298
0.052977
0.091945
0.059538
0.055908
0.074057
0.067956
0.063444
0.055577
0.069628
0.086321
0.102076
0.065673
0.040942
0.064923
0.050641
0.067383
0.085368
0.072006
0.058135
0.047767
0.070890
0.085675
0.074080
0.075877
0.092307
0.111573
0.097241
0.081909
0.122945
0.080671
0.060934
0.077269
0.050632
0.058689
0.083541
0.065611
0.067868
0.072036
0.121970
0.108044
0.085736
0.075469
0.059963
0.072085
0.094103
0.054147
0.060449
0.067772
0.106694
0.059705
0.068953
0.078443
0.061764
0.069072
0.070167
0.050946
0.085580
0.096307
0.067713
0.056479
0.051268
0.088551
0.091281
0.077901
0.106250
0.094037
0.063968
0.058057
0.049378
0.089051
0.065331
0.057451
0.099131
0.087632
0.090135
0.092648
0.070863
0.089307
0.093408
0.113574
0.090509
0.094559
0.096534
0.091109
0.076358
0.063499
0.054509
0.075345
0.067419
0.083125
0.056262
0.080335
0.053894
0.106199
0.070946
0.082771
0.078811
0.081811
0.079235
0.077484
0.052489
0.086706
0.063637
0.052985
0.052754
0.074277
0.087687
0.076775
0.081163
0.087139
0.093435
0.066781
0.054513
0.092309
0.086400
0.077764
0.096282
0.082561
0.090115
0.091296
0.070184
0.091149
0.045596
0.062043
0.045446
0.057368
0.060960
0.084591
0.090502
0.059131
0.072617
0.052122
0.092580
0.111313
0.103042
0.071417
0.064158
0.068400
0.075247
0.098194
0.052045
0.051389
0.062116
0.074474
0.068156
0.112528
0.061430
0.089314
0.062761
0.065352
0.059544
0.077029
0.067961
0.077365
0.061147
0.066960
0.052178
0.083076
0.082129
0.096284
0.064237
0.088484
0.068965
0.076887
0.083304
0.090752
0.046749
0.068144
0.088374
0.111330
0.051697
0.057832
0.112614
0.052975
0.085969
0.069262
0.052409
0.055515
0.061931
0.055605
0.059895
0.047506
0.108311
0.067320
0.064384
0.076012
0.060807
0.056768
0.063690
0.067703
0.054209
0.115070
0.087288
0.066308
0.081517
0.060150
0.066340
0.064784
0.083260
0.115058
0.053980
0.075830
0.099935
0.093685
0.117043
0.066557
0.105484
0.095285
0.061200
0.097801
0.075495
0.076565
0.083650
0.082327
0.059994
0.053933
0.101118
0.060086
0.064241
0.056492
0.073218
0.081572
0.108058
0.090952
0.064335
0.066667
0.082996
0.107737
0.112543
0.064659
0.064722
0.058407
0.046188
0.071922
0.102448
0.072947
0.085375
0.054392
0.059027
0.075631
0.102454
0.060237
0.056158
0.051348
0.065993
0.063349
0.072989
0.099385
0.055259
0.063597
0.050076
0.052457
0.089664
0.083608
0.079517
0.078304
0.096534
0.066529
0.078929
0.056174
0.057333
0.079121
0.076187
0.085577
0.080140
0.097052
0.073090
0.098202
0.070821
0.106849
0.067945
0.054680
0.071190
0.062687
0.077232
0.116172
0.079165
0.111961
0.066505
0.071540
0.094368
0.078262
0.078438
0.110067
0.083219
0.068499
0.060174
0.054593
0.125969
0.054698
0.079825
0.076586
0.089262
0.075934
0.086084
0.056859
0.055021
0.060556
0.080649
0.070203
0.094891
0.082330
0.058760
0.066898
0.058646
0.074422
0.046931
0.054331
0.055437
0.093390
0.041536
0.042377
0.059670
0.052739
0.062736
0.051134
0.089597
0.055115
0.062320
0.049442
0.083066
0.045875
0.044842
0.051275
0.050013
0.079607
0.052998
0.060344
0.070291
0.072527
0.074325
0.060622
0.084645
0.072337
0.076910
0.105057
0.072012
0.124227
0.067003
0.061639
0.051105
0.070527
0.133604
0.084564
0.080697
0.052839
0.100890
0.095007
0.095056
0.085500
0.084566
0.126733
0.069792
0.053779
0.087215
0.055417
0.065848
0.077118
0.059443
0.074947
0.075755
0.098187
0.089268
0.052960
0.078946
0.064562
0.052243
0.059280
0.063528
0.041533
0.045919
0.063564
0.103177
0.075849
0.079912
0.059911
0.057520
0.112187
0.088552
0.069029
0.070759
0.092691
0.097185
0.094370
0.046684
0.103107
0.071349
0.042876
0.058230
0.079708
0.095639
0.084376
0.047633
0.083888
0.070150
0.098078
0.088408
0.049435
0.060570
0.104215
0.085514
0.058033
0.112904
0.085674
0.068358
0.052804
0.077257
0.081922
0.080144
0.059411
0.079353
0.110066
0.073625
0.058487
0.095538
0.056944
0.061486
0.090573
0.062531
0.076672
0.085336
0.078910
0.083405
0.080296
0.062542
0.089063
0.090789
0.076625
0.084479
0.070481
0.096831
0.088120
0.081542
0.092710
0.101049
0.091683
0.094969
0.101519
0.088834
0.094988
0.077214
0.053834
0.089868
0.101383
0.056697
0.061808
0.063122
0.065409
0.091075
0.087609
0.068936
0.058420
0.068422
0.095585
0.087646
0.111162
0.109565
0.084785
0.057231
0.058984
0.064755
0.082175
0.072321
0.094682
0.056462
0.080565
0.107425
0.104503
0.073374
0.088078
0.071354
0.069429
0.065457
0.071288
0.088172
0.117802
0.083457
0.062908
0.058155
0.062433
0.119806
0.073624
0.082945
0.104707
0.088769
0.087986
0.113148
0.106764
0.070616
0.086389
0.076543
0.112252
0.070074
0.050808
0.063089
0.048791
0.063972
0.086965
0.104768
0.060201
0.099182
0.084265
0.056918
0.075354
0.113643
0.104096
0.071995
0.078396
0.065843
0.120687
0.094260
0.102885
0.106501
0.085780
0.098750
0.066532
0.096677
0.068320
0.079410
0.055816
0.078638
0.083008
0.058666
0.079068
0.050732
0.072639
0.084060
0.057086
0.086768
0.078218
0.086622
0.085782
0.062672
0.084085
0.067566
0.083095
0.089550
0.113296
0.103327
0.065317
0.082495
0.127622
0.082992
0.068727
0.069435
0.089192
0.114743
0.096216
0.100241
0.080976
0.099988
0.065087
0.064699
0.116659
0.088275
0.056661
0.101945
0.071026
0.068618
0.099559
0.085524
0.057378
0.071863
0.073149
0.092579
0.102710
0.081163
0.108513
0.117499
0.090146
0.106144
0.090528
0.075397
0.083366
0.077422
0.078294
0.063152
0.075938
0.118456
0.096000
0.075623
0.120101
0.116330
0.087292
0.089289
0.105556
0.110201
0.085862
0.124240
0.123103
0.077226
0.087327
0.066087
0.118803
0.095004
0.089542
0.103047
0.120523
0.124253
0.095026
0.081575
0.071061
0.073399
0.102832
0.066525
0.076046
0.078563
0.079390
0.100454
0.081297
0.092055
0.078467
0.101451
0.098659
0.155253
0.088079
0.107017
0.095508
0.086251
0.132374
0.092930
0.095855
0.091446
0.118138
0.113389
0.137269
0.133009
0.122776
0.114857
0.154599
0.093141
0.135965
0.095628
0.135209
0.128513
0.119666
0.131195
0.135942
0.155786
0.141164
0.146102
0.130611
0.150655
0.158082
0.123882
0.095797
0.106707
0.138202
0.090768
0.103210
0.118772
0.099490
0.125376
0.137163
0.170017
0.144734
0.093285
0.091320
0.099529
0.152929
0.094712
0.133925
0.093488
0.102702
0.095793
0.097655
0.140684
0.149404
0.105026
0.128625
0.107078
0.106765
0.110609
0.110691
0.096016
0.100118
0.114804
0.128689
0.078999
0.095227
0.130145
0.084390
0.156668
0.148926
0.144719
0.147428
0.122133
0.109538
0.168439
0.146251
0.121308
0.110824
0.150537
0.166292
0.150854
0.116533
0.134518
0.161946
0.166095
0.213664
0.136661
0.125680
0.098732
0.175794
0.122120
0.142233
0.139780
0.145108
0.201257
0.166078
0.122567
0.142593
0.192648
0.145331
0.199813
0.177303
0.152442
0.155172
0.161245
0.152403
0.207520
0.182177
0.163191
0.185239
0.141882
0.127134
0.163911
0.142585
0.143685
0.141757
0.151311
0.155355
0.138072
0.151901
0.146667
0.147149
0.137486
0.139575
0.183581
0.154062
0.182068
0.143208
0.142863
0.167490
0.145177
0.151643
0.132748
0.176572
0.131088
0.147292
0.149786
0.168130
0.152265
0.177104
0.165968
0.126445
0.136717
0.158926
0.123085
0.154447
0.145621
0.144961
0.148037
0.117160
0.153360
0.114742
0.149682
0.162991
0.133964
0.128049
0.108778
0.131716
0.108407
0.147151
0.142226
0.128279
0.139970
0.179123
0.117247
0.165908
0.136068
0.147866
0.133191
0.115774
0.128144
0.119670
0.135920
0.152956
0.124814
0.132609
0.152417
0.117212
0.121251
0.136668
0.132328
0.149036
0.156381
0.114467
0.098475
0.141089
0.157344
0.175708
0.139340
0.147929
0.131843
0.126097
0.117168
0.172509
0.202027
0.154309
0.121575
0.143042
0.115379
0.140600
0.109342
0.192621
0.170919
0.158056
0.155660
0.125677
0.179186
0.119728
0.169674
0.157226
0.156329
0.150801
0.193764
0.143813
0.153826
0.153448
0.146532
0.162322
0.135803
0.193016
0.175021
0.186375
0.178073
0.172847
0.145917
0.145734
0.135966
0.112766
0.182789
0.153602
0.198658
0.184466
0.127747
0.128319
0.171302
0.139824
0.105155
0.142754
0.148611
0.102803
0.143239
0.165288
0.139608
0.182356
0.189324
0.169643
0.185019
0.134523
0.136650
0.162895
0.109046
0.153066
0.157945
0.133756
0.160585
0.150807
0.132558
0.169587
0.193249
0.145545
0.158072
0.207087
0.143783
0.137580
0.171804
0.185334
0.131097
0.104505
0.110374
0.127467
0.136820
0.128041
0.165275
0.144146
0.176264
0.163066
0.141841
0.175365
0.134103
0.142426
0.174682
0.154307
0.158604
0.123080
0.191041
0.154225
0.200381
0.137161
0.150311
0.228316
0.180913
0.183763
0.131382
0.181720
0.128920
0.158322
0.198069
0.147991
0.164947
0.150100
0.192368
0.181910
0.146411
0.111433
0.128997
0.162513
0.175438
0.150419
0.172707
0.146648
0.137920
0.206147
0.196873
0.142962
0.183195
0.193623
0.200427
0.142455
0.138062
0.176061
0.100272
0.139632
0.143523
0.135049
0.160746
0.161026
0.172297
0.188350
0.175817
0.163090
0.137964
0.174927
0.156581
0.136177
0.101403
0.139954
0.156730
0.177075
0.133943
0.163562
0.171890
0.161711
0.121516
0.135194
0.134528
0.158089
0.141009
0.139552
0.152910
0.140996
0.126922
0.139648
0.137799
0.149148
0.137978
0.202359
0.150624
0.159471
0.220812
0.199363
0.105478
0.155615
0.154746
0.130636
0.176778
0.127057
0.130182
0.100166
0.110754
0.138195
0.162711
0.192675
0.154079
0.122550
0.139862
0.157555
0.142017
0.152229
0.130567
0.123563
0.126413
0.130564
0.179241
0.219820
0.159298
0.148636
0.143549
0.180892
0.157196
0.131418
0.096341
0.143085
0.203910
0.173052
0.112307
0.179042
0.101562
0.110080
0.158117
0.124806
0.130495
0.120958
0.151413
0.131486
0.113309
0.118456
0.113771
0.129153
0.133028
0.117184
0.099348
0.128748
0.096227
0.160182
0.169474
0.140908
0.148993
0.134635
0.119819
0.125042
0.090602
0.108064
0.173587
0.110799
0.132784
0.152312
0.118622
0.137161
0.151598
0.135425
0.139849
0.177118
0.140989
0.113519
0.150041
0.152167
0.104783
0.127715
0.146521
0.137326
0.125638
0.144559
0.130314
0.132809
0.144016
0.135815
0.109638
0.139034
0.112759
0.133069
0.142627
0.107759
0.114420
0.133825
0.116667
0.114711
0.108249
0.164682
0.091894
0.156376
0.111755
0.157607
0.098206
0.120337
0.096090
0.114816
0.143739
0.122772
0.124086
0.163125
0.130372
0.098161
0.132867
0.131347
0.153414
0.129194
0.133313
0.169080
0.176400
0.184520
0.128251
0.140682
0.118770
0.153068
0.113655
0.089597
0.118408
0.121463
0.150218
0.116081
0.111819
0.125981
0.137685
0.133375
0.142744
0.167022
0.135000
0.156946
0.094302
0.168935
0.085445
0.158651
0.143161
0.198314
0.139172
0.165353
0.163011
0.123909
0.113096
0.110734
0.184144
0.130503
0.193251
0.179706
0.117677
0.141366
0.141438
0.092098
0.132271
0.159311
0.143895
0.168049
0.118286
0.154361
0.131956
0.155700
0.150854
0.108099
0.135995
0.124994
0.100354
0.103629
0.114521
0.155192
0.144569
0.155655
0.088852
0.127939
0.148227
0.143480
0.177015
0.115304
0.156323
0.183721
0.151489
0.134089
0.158214
0.131984
0.187864
0.134344
0.109493
0.121783
0.121469
0.152715
0.169005
0.180238
0.091900
0.093746
0.086085
0.119300
0.125047
0.103912
0.107847
0.152778
0.183366
0.163887
0.181918
0.136244
0.139811
0.154543
0.120258
0.185958
0.175759
0.159127
0.183011
0.145032
0.159218
0.170776
0.146337
0.198259
0.145055
0.162017
0.173743
0.139642
0.193023
0.150514
0.134232
0.133154
0.148821
0.122811
0.127839
0.137950
0.149268
0.148521
0.148551
0.184282
0.176377
0.104448
0.165700
0.153090
0.187237
0.134927
0.199432
0.106869
0.155766
0.183490
0.155379
0.145880
0.151676
0.122100
0.179284
0.192952
0.187134
0.116896
0.147568
0.170520
0.182190
0.177837
0.178037
0.166415
0.125103
0.142095
0.137177
0.119796
0.112903
0.086348
0.118850
0.085096
0.096370
0.116705
0.089904
0.137001
0.165167
0.085559
0.157830
0.117746
0.147914
0.129274
0.183485
0.144144
0.140743
0.129980
0.126961
0.129678
0.117882
0.139693
0.145913
0.113696
0.116702
0.136328
0.107000
0.127237
0.135600
0.121845
0.118650
0.128297
0.121490
0.177367
0.122421
0.110917
0.089790
0.092180
0.106793
0.114932
0.113755
0.121259
0.132015
0.099314
0.123476
0.113762
0.123029
0.148941
0.111591
0.130643
0.161576
0.153159
0.117498
0.105894
0.134392
0.118398
0.148863
0.152683
0.144208
0.161872
0.130096
0.153872
0.112588
0.129250
0.128755
0.092382
0.122070
0.090919
0.120067
0.117913
0.084856
0.090556
0.201630
0.165395
0.146661
0.099649
0.100595
0.226017
0.112731
0.116423
0.100339
0.115247
0.116268
0.143326
0.114607
0.113574
0.125697
0.131311
0.173791
0.119261
0.160795
0.133257
0.150664
0.135804
0.130796
0.134690
0.108007
0.123707
0.122468
0.110066
0.141449
0.137155
0.127413
0.130280
0.132581
0.147407
0.131704
0.140039
0.116062
0.101388
0.099909
0.144583
0.138923
0.105223
0.118072
0.110929
0.145254
0.131297
0.109230
0.127367
0.116522
0.163150
0.123378
0.120241
0.118617
0.131883
0.134758
0.137772
0.144371
0.149855
0.139161
0.140248
0.114635
0.130514
0.186260
0.162644
0.134276
0.157135
0.142181
0.138766
0.218156
0.220448
0.196262
0.213202
0.247256
0.187308
0.218730
0.196888
0.202607
0.140630
0.182753
0.166304
0.209256
0.177109
0.205411
0.207945
0.183702
0.193559
0.177594
0.214723
0.187991
0.181632
0.190318
0.218585
0.231172
0.202997
0.198117
0.192391
0.198448
0.232192
0.229530
0.183075
0.224139
0.183947
0.206488
0.215162
0.198949
0.198272
0.224835
0.221820
0.234456
0.241361
0.204068
0.226076
0.220766
0.229998
0.216577
0.211120
0.220608
0.190315
0.257315
0.195939
0.179176
0.177835
0.228322
0.287277
0.299143
0.218452
0.218108
0.180698
0.239810
0.214460
0.227431
0.229471
0.181496
0.193743
0.170803
0.206720
0.235854
0.201098
0.222217
0.222601
0.189672
0.135474
0.177251
0.253863
0.189819
0.233932
0.248768
0.186121
0.179906
0.195223
0.223060
0.212238
0.271409
0.225633
0.190458
0.196211
0.194118
0.192924
0.214064
0.189723
0.265035
0.217993
0.223211
0.215663
0.189867
0.227835
0.229507
0.209638
0.181343
0.147105
0.254494
0.219362
0.225826
0.224089
0.175742
0.209253
0.194944
0.224712
0.216817
0.194427
0.192388
0.205680
0.190432
0.216640
0.200414
0.215406
0.195525
0.188584
0.202403
0.147649
0.202465
0.184840
0.218286
0.210792
0.219254
0.197074
0.212994
0.179972
0.195488
0.159376
0.208989
0.259777
0.165628
0.199508
0.237415
0.169190
0.158123
0.168665
0.147010
0.173793
0.249151
0.202601
0.206560
0.188831
0.190859
0.220801
0.233551
0.199148
0.176545
0.176257
0.167830
0.224237
0.204817
0.161736
0.210768
0.140344
0.201635
0.205918
0.188720
0.198979
0.186563
0.211933
0.205860
0.236246
0.226147
0.222832
0.173366
0.200577
0.249990
0.171301
0.146289
0.242343
0.220226
0.229581
0.196828
0.179919
0.174681
0.169638
0.249424
0.207009
0.285582
0.217145
0.202883
0.174884
0.247690
0.204872
0.176167
0.231877
0.230084
0.256027
0.187116
0.203355
0.195249
0.191362
0.218522
0.224336
0.199862
0.210818
0.178313
0.206025
0.254296
0.231784
0.232648
0.286049
0.253915
0.198605
0.169457
0.167096
0.140293
0.135736
0.163446
0.179966
0.149869
0.180075
0.210277
0.218426
0.171487
0.181174
0.183179
0.190776
0.170320
0.249438
0.281276
0.225410
0.240911
0.180951
0.189724
0.197760
0.164433
0.154739
0.198946
0.180104
0.223162
0.208943
0.179842
0.235934
0.185861
0.188981
0.242375
0.193916
