0.045454
0.064361
0.058652
0.084186
0.074324
0.067609
0.049387
0.092653
0.070204
0.081264
0.070966
0.056146
0.094276
0.083152
0.070931
0.076915
0.058338
0.079289
0.063285
0.063061
0.054157
0.057010
0.046947
0.049609
0.056473
0.096529
0.118748
0.052517
0.077423
0.048781
0.073817
0.061549
0.055388
0.053923
0.108803
0.060887
0.058396
0.055400
0.077082
0.103691
0.054662
0.071922
0.060038
0.075367
0.071923
0.076411
0.066094
0.054809
0.066639
0.056403
0.071452
0.094702
0.083682
0.076017
0.077061
0.108244
0.060237
0.058737
0.058200
0.089026
0.057628
0.069024
0.053916
0.051449
0.058088
0.077712
0.051061
0.115090
0.062129
0.084837
0.067952
0.057083
0.083907
0.069344
0.063374
0.057112
0.111468
0.064626
0.081470
0.072424
0.089709
0.080250
0.083075
0.061628
0.055577
0.054504
0.104550
0.107337
0.090821
0.066433
0.100643
0.043119
0.062164
0.075241
0.069426
0.059239
0.067207
0.094666
0.054261
0.083748
0.080615
0.061260
0.077116
0.072203
0.059198
0.076280
0.074342
0.063473
0.089274
0.052381
0.075296
0.055276
0.057045
0.062552
0.096855
0.096497
0.078642
0.061460
0.075895
0.054020
0.088684
0.060896
0.050881
0.064192
0.083377
0.067918
0.063849
0.067907
0.096309
0.065366
0.059088
0.097005
0.066401
0.087696
0.077500
0.085534
0.084253
0.075119
0.081089
0.070454
0.103900
0.080267
0.070254
0.065812
0.073234
0.091221
0.090705
0.072122
0.049792
0.056559
0.088816
0.080688
0.068074
0.058042
0.052341
0.076618
0.073425
0.065836
0.047315
0.077144
0.045619
0.089132
0.065320
0.072764
0.056584
0.077678
0.062314
0.050315
0.066988
0.055735
0.071398
0.056097
0.048209
0.097419
0.083780
0.100055
0.086673
0.058814
0.060531
0.087279
0.059979
0.088306
0.056225
0.060878
0.059866
0.055691
0.062856
0.067459
0.078209
0.058336
0.077287
0.053603
0.075187
0.095375
0.065193
0.065978
0.056479
0.088251
0.068228
0.087765
0.063579
0.054019
0.065816
0.056914
0.047554
0.069516
0.059829
0.055941
0.063632
0.088199
0.053196
0.045540
0.071100
0.051598
0.064074
0.103319
0.086038
0.095846
0.057036
0.071043
0.060258
0.090869
0.064670
0.077425
0.071270
0.101128
0.080231
0.081042
0.077079
0.064097
0.085150
0.120390
0.068526
0.051819
0.052543
0.061885
0.106217
0.072868
0.084474
0.075209
0.056970
0.057037
0.054373
0.053795
0.052694
0.076252
0.053044
0.055908
0.083647
0.063538
0.072881
0.062960
0.060770
0.048561
0.053903
0.074973
0.066469
0.046020
0.095921
0.057434
0.081723
0.070144
0.084842
0.068307
0.097406
0.079252
0.078421
0.056660
0.097470
0.063550
0.078348
0.083545
0.049060
0.051931
0.081473
0.066905
0.065468
0.057783
0.099273
0.069263
0.073973
0.055596
0.078588
0.083828
0.056905
0.111408
0.062602
0.079261
0.060688
0.102324
0.051277
0.054578
0.083869
0.077604
0.074394
0.111069
0.063845
0.096032
0.055745
0.069083
0.058173
0.049783
0.071285
0.082851
0.086023
0.087398
0.075018
0.057184
0.073608
0.063186
0.064730
0.088205
0.082987
0.079954
0.046081
0.065046
0.081421
0.074360
0.066554
0.085716
0.069022
0.078818
0.057987
0.052538
0.051865
0.067667
0.061907
0.065250
0.071238
0.055165
0.072695
0.069712
0.111551
0.050758
0.071617
0.045882
0.107358
0.094295
0.065325
0.066842
0.061614
0.061839
0.068573
0.055345
0.105294
0.056282
0.075900
0.054338
0.058635
0.055572
0.053422
0.056271
0.060237
0.060501
0.079146
0.069777
0.108902
0.071269
0.054356
0.087201
0.101480
0.061723
0.064041
0.099814
0.110959
0.072096
0.051289
0.075387
0.100676
0.086021
0.094450
0.084444
0.057485
0.097537
0.062766
0.097818
0.065418
0.068126
0.051135
0.069254
0.070824
0.084603
0.079119
0.088824
0.077677
0.101242
0.080563
0.054573
0.056036
0.060033
0.070350
0.066199
0.051565
0.076542
0.077980
0.070577
0.070768
0.051678
0.088908
0.095292
0.081319
0.093101
0.077913
0.060098
0.090922
0.053078
0.052315
0.060477
0.049773
0.076248
0.055072
0.046635
0.082574
0.048918
0.051843
0.059538
0.099843
0.082123
0.099664
0.075620
0.112188
0.071688
0.083035
0.106395
0.074770
0.061419
0.071818
0.053646
0.057504
0.103753
0.074362
0.091379
0.090791
0.065178
0.100664
0.091790
0.070967
0.060113
0.100973
0.064644
0.097904
0.072673
0.056813
0.052560
0.082868
0.079582
0.115872
0.083504
0.083823
0.083065
0.128687
0.063373
0.101654
0.059937
0.065396
0.091989
0.059854
0.051214
0.068345
0.070255
0.062045
0.051496
0.054354
0.092649
0.076209
0.069371
0.064042
0.081950
0.082412
0.061789
0.097539
0.081550
0.056451
0.087002
0.046011
0.077742
0.059481
0.053646
0.059494
0.054599
0.049280
0.082784
0.054302
0.075943
0.047760
0.039939
0.072584
0.080081
0.096713
0.080766
0.055723
0.064934
0.058067
0.086042
0.088779
0.056619
0.063313
0.066311
0.081956
0.091823
0.090947
0.059800
0.115920
0.090871
0.056912
0.104806
0.068391
0.064110
0.056049
0.066234
0.049522
0.050811
0.106559
0.092337
0.064396
0.097464
0.047483
0.090969
0.105910
0.054590
0.056610
0.093617
0.075952
0.050296
0.085909
0.066150
0.054911
0.056826
0.064467
0.107688
0.052080
0.065252
0.091669
0.076610
0.056839
0.058211
0.057940
0.049758
0.091209
0.077952
0.048490
0.057622
0.068589
0.052842
0.082720
0.048862
0.054740
0.067933
0.081147
0.061706
0.069799
0.072283
0.091570
0.068882
0.105593
0.054833
0.053881
0.093696
0.045342
0.078104
0.089453
0.060702
0.088145
0.067939
0.063704
0.085366
0.069741
0.088933
0.057518
0.054491
0.074309
0.070777
0.105896
0.065651
0.059276
0.078331
0.048583
0.116987
0.056859
0.068498
0.093529
0.069312
0.074121
0.062488
0.077797
0.084182
0.057739
0.055495
0.071342
0.051728
0.078636
0.069014
0.082488
0.052811
0.066262
0.039034
0.089890
0.064241
0.059979
0.070618
0.087249
0.054919
0.047679
0.045525
0.065072
0.063146
0.060361
0.072249
0.066775
0.096055
0.083090
0.090358
0.093672
0.092025
0.081412
0.079714
0.075027
0.101319
0.077225
0.111008
0.079866
0.059792
0.073551
0.061465
0.068174
0.106245
0.102485
0.121344
0.046584
0.063448
0.075733
0.098478
0.101458
0.062080
0.097395
0.068580
0.059076
0.084470
0.096179
0.058628
0.078190
0.091411
0.053462
0.054647
0.083552
0.074740
0.076153
0.058392
0.059872
0.064746
0.054617
0.072018
0.076633
0.067276
0.051190
0.051381
0.056632
0.092566
0.053796
0.059319
0.058839
0.075446
0.050815
0.057974
0.083186
0.075031
0.050596
0.053670
0.079460
0.050340
0.052691
0.062446
0.044218
0.063666
0.089453
0.061075
0.102789
0.058497
0.052456
0.080043
0.105782
0.089341
0.070983
0.087762
0.082804
0.063079
0.068300
0.044691
0.098280
0.083004
0.087649
0.081653
0.069337
0.067116
0.092606
0.083245
0.107637
0.065081
0.055048
0.079439
0.075216
0.076515
0.068820
0.058411
0.075407
0.070454
0.113917
0.085865
0.080915
0.050850
0.046440
0.043303
0.055609
0.095193
0.066252
0.079807
0.117831
0.040935
0.085670
0.099915
0.045565
0.054481
0.069457
0.053143
0.080731
0.097904
0.068388
0.081459
0.053442
0.076019
0.086802
0.069328
0.061156
0.110995
0.087895
0.062517
0.075697
0.091632
0.065377
0.052491
0.080583
0.071343
0.091294
0.083218
0.078063
0.056607
0.062716
0.077995
0.075625
0.063472
0.070744
0.076401
0.102984
0.063814
0.073587
0.096342
0.100086
0.073700
0.068687
0.051251
0.053988
0.068027
0.065003
0.075400
0.058309
0.073712
0.072382
0.062899
0.063615
0.073731
0.071898
0.092893
0.053115
0.079393
0.054683
0.060280
0.065287
0.078159
0.064669
0.097156
0.094311
0.096162
0.102666
0.082276
0.048240
0.059113
0.054193
0.069298
0.071080
0.090024
0.068933
0.053725
0.080814
0.054894
0.099624
0.095073
0.090394
0.067487
0.076726
0.074870
0.078655
0.075155
0.094529
0.056022
0.112733
0.079518
0.067668
0.091762
0.078189
0.057132
0.052346
0.096407
0.053705
0.070216
0.067563
0.069683
0.071379
0.051716
0.065544
0.083571
0.075807
0.111551
0.114397
0.095441
0.082767
0.094773
0.085125
0.068766
0.095847
0.082608
0.083050
0.109808
0.083376
0.121614
0.079947
0.058823
0.076543
0.095218
0.052524
0.071682
0.061908
0.051846
0.068558
0.087420
0.049086
0.054024
0.086787
0.085778
0.088891
0.086481
0.096003
0.097517
0.075433
0.093256
0.081565
0.089016
0.102762
0.091854
0.089362
0.056465
0.076885
0.052721
0.042470
0.048594
0.054069
0.071086
0.073551
0.068849
0.092658
0.084114
0.055458
0.064073
0.100611
0.072637
0.093993
0.058150
0.068579
0.085594
0.061553
0.074268
0.098712
0.081617
0.098643
0.058712
0.068471
0.060284
0.100486
0.041703
0.089769
0.087419
0.082825
0.121128
0.043982
0.073627
0.066917
0.053200
0.077404
0.051824
0.086565
0.074529
0.068867
0.082477
0.047760
0.052781
0.073482
0.072716
0.056427
0.060228
0.083538
0.084923
0.043794
0.096360
0.086041
0.101125
0.076423
0.083407
0.053312
0.056576
0.061467
0.060704
0.073994
0.073249
0.077012
0.059505
0.064388
0.055321
0.062274
0.066018
0.103313
0.070618
0.078321
0.060349
0.048102
0.064947
0.042895
0.069094
0.058372
0.076181
0.096687
0.077579
0.056066
0.134843
0.098319
0.065063
0.062995
0.054582
0.108363
0.083181
0.099160
0.096847
0.096575
0.099921
0.068574
0.083541
0.064761
0.082413
0.054624
0.050595
0.048162
0.068388
0.054232
0.057299
0.079842
0.095779
0.076230
0.066020
0.079169
0.070027
0.078906
0.097163
0.075725
0.078442
0.077920
0.069873
0.053835
0.052931
0.095343
0.065886
0.098196
0.064328
0.073901
0.053432
0.070867
0.066016
0.057522
0.098712
0.097611
0.087076
0.063402
0.074849
0.074761
0.071453
0.053968
0.060682
0.050075
0.052917
0.071145
0.055291
0.076478
0.077482
0.060498
0.062436
0.085144
0.060603
0.123093
0.053282
0.074175
0.079590
0.045886
0.052983
0.082531
0.081203
0.065325
0.051013
0.042273
0.067574
0.060352
0.076002
0.100346
0.059345
0.081103
0.083404
0.076074
0.056503
0.060103
0.046361
0.066410
0.074943
0.061654
0.060758
0.067736
0.058848
0.062997
0.046625
0.059283
0.077160
0.070995
0.056061
0.053662
0.080419
0.062008
0.071742
0.092318
0.054159
0.075314
0.062777
0.093902
0.082327
0.070579
0.066840
0.089003
0.101021
0.093935
0.064178
0.090967
0.096561
0.060001
0.071703
0.074963
0.073882
0.065284
0.049636
0.046836
0.055660
0.081481
0.077663
0.057638
0.072152
0.068699
0.109540
0.069551
0.058991
0.064379
0.048776
0.052761
0.058995
0.092724
0.055697
0.060343
0.087604
0.075791
0.071588
0.061724
0.044688
0.043738
0.096519
0.055945
0.062672
0.073073
0.083553
0.060815
0.055823
0.081577
0.110143
0.059618
0.063121
0.058313
0.058606
0.069163
0.056190
0.085175
0.067809
0.082716
0.055397
0.084755
0.052219
0.058851
0.062857
0.055476
0.058322
0.061592
0.055624
0.059233
0.067662
0.069663
0.055854
0.084955
0.109543
0.058785
0.093347
0.087301
0.100116
0.091171
0.087357
0.054566
0.051361
0.063631
0.053976
0.098153
0.058892
0.054702
0.050952
0.078565
0.063564
0.051853
0.059993
0.087711
0.069103
0.091764
0.108171
0.055280
0.082999
0.083611
0.061262
0.081414
0.074010
0.077735
0.107974
0.084252
0.061056
0.117391
0.082335
0.051581
0.056437
0.101475
0.078678
0.091263
0.083856
0.084229
0.066596
0.083730
0.050980
0.046493
0.069564
0.060213
0.056910
0.065117
0.060944
0.076212
0.083825
0.071621
0.085507
0.070876
0.093357
0.097342
0.079881
0.091106
0.064999
0.122128
0.083492
0.052001
0.070494
0.065590
0.069770
0.109430
0.071029
0.075120
0.053567
0.050496
0.050891
0.049230
0.077880
0.102276
0.061725
0.058195
0.098006
0.065191
0.053364
0.050401
0.120702
0.094416
0.082856
0.053764
0.065760
0.060458
0.087882
0.095044
0.090058
0.079337
0.108918
0.052632
0.047203
0.059104
0.068581
0.073011
0.060459
0.077266
0.056732
0.053102
0.050195
0.088572
0.068050
0.073047
0.098607
0.068804
0.092602
0.090438
0.060119
0.050567
0.056089
0.063510
0.053016
0.092127
0.068562
0.055320
0.073452
0.057315
0.051334
0.052917
0.051073
0.073472
0.059858
0.055992
0.115174
0.050843
0.055441
0.100709
0.110334
0.060342
0.057578
0.076669
0.077950
0.066240
0.091706
0.076579
0.076167
0.067686
0.054715
0.082016
0.088681
0.068492
0.069886
0.083872
0.066864
0.057020
0.050407
0.060569
0.077858
0.094496
0.076812
0.054759
0.046291
0.082678
0.047211
0.050756
0.089371
0.040384
0.088700
0.078719
0.062055
0.072852
0.055885
0.067909
0.050426
0.044107
0.062445
0.088140
0.073973
0.049148
0.066102
0.087204
0.050665
0.063800
0.049179
0.060305
0.051720
0.048806
0.077546
0.115485
0.077688
0.107001
0.096425
0.093472
0.099451
0.079557
0.058443
0.052997
0.094462
0.083432
0.049532
0.082825
0.079935
0.078444
0.054940
0.079220
0.075134
0.074329
0.092458
0.062321
0.047589
0.067773
0.051352
0.062250
0.063891
0.089892
0.072173
0.074829
0.116394
0.075788
0.078020
0.060193
0.087193
0.059944
0.043570
0.046988
0.086710
0.071364
0.054715
0.061338
0.089170
0.042902
0.047979
0.085355
0.079057
0.094765
0.067730
0.062995
0.097229
0.103080
0.093561
0.088657
0.046936
0.077489
0.071027
0.058560
0.050333
0.072102
0.072614
0.071626
0.092125
0.066253
0.048382
0.085907
0.055261
0.079822
0.050964
0.075172
0.057195
0.106723
0.067704
0.063609
0.080849
0.101130
0.096001
0.082340
0.073767
0.088567
0.068158
0.068395
0.062433
0.074346
0.074542
0.069417
0.069092
0.068777
0.051985
0.054597
0.054369
0.070796
0.066602
0.064265
0.097871
0.090966
0.089862
0.058892
0.058577
0.048068
0.050616
0.081523
0.055595
0.072824
0.098116
0.065414
0.064725
0.061227
0.081148
0.081370
0.062583
0.080739
0.065999
0.082281
0.091952
0.078842
0.102463
0.069724
0.086950
0.053894
0.085661
0.068715
0.098575
0.077449
0.089939
0.049199
0.072584
0.055245
0.056042
0.044423
0.054320
0.065580
0.062824
0.062755
0.084829
0.082260
0.069760
0.052895
0.060264
0.090317
0.062439
0.063322
0.062716
0.046088
0.052147
0.059201
0.060380
0.063842
0.052407
0.057338
0.053418
0.061307
0.067868
0.047149
0.071161
0.064586
0.045312
0.054689
0.069971
0.083675
0.062339
0.056012
0.079420
0.085610
0.070729
0.093902
0.059549
0.077354
0.095760
0.079573
0.088758
0.063105
0.100891
0.050430
0.115081
0.056244
0.088849
0.082601
0.074083
0.053359
0.114634
0.047038
0.054682
0.075911
0.074524
0.073510
0.059640
0.088397
0.046334
0.068429
0.049598
0.053496
0.071432
0.053174
0.054928
0.063493
0.069117
0.106953
0.070822
0.060110
0.055628
0.068185
0.103763
0.089694
0.054729
0.071387
0.064011
0.054777
0.065978
0.051486
0.048305
0.063475
0.057692
0.048701
0.049864
0.106032
0.069229
0.079973
0.054128
0.074613
0.095907
0.077468
0.085788
0.087503
0.073342
0.075256
0.060330
0.098744
0.070880
0.069467
0.103746
0.087077
0.075315
0.068999
0.099748
0.069748
0.086646
0.074041
0.053623
0.064735
0.060701
0.068965
0.071998
0.060968
0.059011
0.072298
0.057767
0.054526
0.070930
0.097180
0.090003
0.089536
0.086365
0.065864
0.068841
0.088216
0.072005
0.050895
0.058428
0.079584
0.093177
0.089025
0.073712
0.074805
0.072221
0.082830
0.056219
0.058457
0.081124
0.059518
0.086756
0.088566
0.064589
0.060709
0.065943
0.062454
0.083607
0.068299
0.086583
0.083095
0.053514
0.097925
0.086507
0.081984
0.068529
0.074192
0.084312
0.046008
0.054979
0.083663
0.069322
0.053356
0.069344
0.069838
0.056144
0.063889
0.112643
0.091659
0.066729
0.054618
0.075929
0.055745
0.069381
0.065475
0.080281
0.093588
0.059667
0.068917
0.063147
0.115394
0.076343
0.093969
0.067966
0.060449
0.061197
0.079424
0.073129
0.050326
0.064848
0.087183
0.073953
0.058430
0.047510
0.067452
0.052528
0.091666
0.082761
0.052228
0.074471
0.071479
0.063979
0.063250
0.084796
0.099306
0.082844
0.067473
0.043340
0.073967
0.115528
0.084751
0.068527
0.080978
0.084034
0.089826
0.075019
0.080891
0.065533
0.077051
0.072711
0.057023
0.056518
0.064815
0.074317
0.060373
0.085445
0.096016
0.096422
0.072992
0.077488
0.053804
0.099853
0.088304
0.090517
0.081624
0.059103
0.089777
0.051487
0.086033
0.085600
0.068133
0.064080
0.093037
0.068822
0.057992
0.088638
0.053308
0.054886
0.082907
0.066761
0.086987
0.061421
0.046314
0.052294
0.047052
0.073708
0.058964
0.054023
0.063193
0.079192
0.075873
0.060658
0.060601
0.057450
0.060336
0.103468
0.068680
0.055156
0.086873
0.081148
0.095454
0.093318
0.057902
0.063092
0.097323
0.063825
0.043103
0.058625
0.049744
0.057721
0.077182
0.078148
0.055598
0.074896
0.087201
0.064264
0.081256
0.055206
0.104443
0.065927
0.069146
0.069071
0.112341
0.080999
0.056266
0.080107
0.059819
0.093923
0.057808
0.069258
0.098421
0.085612
0.057796
0.070590
0.091141
0.082273
0.076293
0.072664
0.068060
0.059564
0.076963
0.078904
0.084492
0.074885
0.074998
0.071252
0.071640
0.045614
0.073026
0.061148
0.072428
0.069882
0.082242
0.061806
0.088329
0.056918
0.097101
0.063408
0.051345
0.077312
0.103391
0.120274
0.073762
0.078401
0.080673
0.066223
0.075135
0.074398
0.069147
0.051019
0.100713
0.068890
0.068116
0.087088
0.079371
0.068046
0.063553
0.059228
0.052387
0.073770
0.053983
0.052649
0.073673
0.109843
0.055652
0.068266
0.078526
0.052262
0.071161
0.060738
0.072825
0.063417
0.122066
0.078462
0.087252
0.081460
0.061823
0.095213
0.096115
0.087627
0.062054
0.102098
0.049880
0.078138
0.100803
0.097448
0.081917
0.072415
0.060301
0.046659
0.077179
0.051826
0.050908
0.063827
0.070063
0.068485
0.076238
0.083377
0.079863
0.057782
0.073909
0.053583
0.111168
0.082752
0.089098
0.073535
0.096352
0.071901
0.072181
0.054397
0.047318
0.054305
0.049180
0.053318
0.092064
0.074454
0.044585
0.074741
0.049633
0.069927
0.074426
0.073055
0.058767
0.063589
0.080136
0.049453
0.064594
0.057233
0.063394
0.061284
0.052903
0.092580
0.096424
0.074731
0.068892
0.055933
0.067083
0.090189
0.090602
0.049879
0.067651
0.079549
0.070178
0.052224
0.043201
0.086138
0.059804
0.072454
0.072140
0.095985
0.050016
0.048189
0.060416
0.099212
0.083020
0.109899
0.050455
0.062002
0.109625
0.067026
0.069919
0.050092
0.100811
0.062601
0.110949
0.062019
0.076008
0.055156
0.060478
0.090686
0.062618
0.058410
0.053941
0.046954
0.093427
0.084450
0.061217
0.051335
0.056621
0.057679
0.071074
0.066947
0.051623
0.053733
0.049598
0.081483
0.054057
0.068299
0.051940
0.063952
0.062044
0.075320
0.051910
0.092084
0.066580
0.050348
0.051008
0.072957
0.072251
0.088496
0.074765
0.100430
0.062025
0.051234
0.061589
0.083717
0.082132
0.069402
0.057150
0.128539
0.096937
0.070352
0.100336
0.086959
0.082791
0.082537
0.072455
0.086072
0.080678
0.110475
0.050154
0.058091
0.093092
0.072501
0.051586
0.058023
0.076331
0.073514
0.051249
0.091116
0.081877
0.051614
0.075854
0.063128
0.086641
0.081583
0.082005
0.088156
0.081568
0.102926
0.059771
0.075353
0.052576
0.062444
0.056718
0.051545
0.054110
0.067899
0.057665
0.071999
0.054560
0.068001
0.056452
0.046467
0.098745
0.095532
0.074994
0.051167
0.086572
0.042201
0.073893
0.070328
0.085463
0.061700
0.085673
0.056125
0.060944
0.052628
0.077086
0.086071
0.102713
0.078329
0.043460
0.073688
0.069259
0.096375
0.070540
0.050844
0.058527
0.093442
0.108527
0.065468
0.093247
0.082697
0.058430
0.064123
0.051981
0.061841
0.064161
0.082045
0.065080
0.059258
0.122517
0.086668
0.044578
0.062306
0.060958
0.057102
0.106616
0.060933
0.072996
0.047766
0.070494
0.083274
0.089824
0.072480
0.068017
0.061951
0.058940
0.084850
0.068141
0.067814
0.044642
0.066262
0.081264
0.074459
0.056020
0.081609
0.077691
0.067840
0.056767
0.051227
0.079459
0.077200
0.054693
0.074026
0.051443
0.067694
0.065400
0.066317
0.065017
0.072635
0.077327
0.078588
0.061850
0.083899
0.064365
0.086081
0.065143
0.062443
0.048160
0.067833
0.120536
0.068898
0.061240
0.056205
0.053448
0.082877
0.053694
0.068622
0.066012
0.089445
0.058772
0.052433
0.045935
0.050743
0.077868
0.056600
0.085275
0.083164
0.059081
0.054268
0.051177
0.065738
0.091742
0.097919
0.082200
0.094155
0.078385
0.092270
0.059802
0.061627
0.071239
0.062858
0.049551
0.062417
0.057538
0.088271
0.059438
0.071784
0.047009
0.067330
0.054030
0.081584
0.074121
0.073763
0.050157
0.096576
0.069440
0.080356
0.067114
0.088365
0.077243
0.065121
0.052838
0.045649
0.063630
0.089381
0.064561
0.077007
0.053204
0.068707
0.069903
0.091639
0.052089
0.057197
0.054397
0.051182
0.109049
0.070095
0.076792
0.061633
0.083439
0.074144
0.080894
0.098648
0.084558
0.072033
0.074755
0.088085
0.069535
0.081985
0.081742
0.053237
0.075575
0.066821
0.079425
0.060221
0.093275
0.052511
0.067136
0.060660
0.055500
0.105676
0.097814
0.081584
0.058535
0.060449
0.074701
0.065384
0.053820
0.074348
0.070369
0.059583
0.051190
0.064355
0.056072
0.066656
0.099084
0.106120
0.064836
0.090599
0.079715
0.070739
0.059674
0.071340
0.088748
0.084392
0.050697
0.077874
0.072152
0.078036
0.085238
0.053229
0.060473
0.095807
0.099017
0.054028
0.080627
0.100403
0.077240
0.086229
0.095872
0.062312
0.066719
0.048561
0.063595
0.073245
0.088090
0.054793
0.059999
0.060052
0.052734
0.062292
0.116172
0.075684
0.049703
0.067222
0.051529
0.068107
0.087802
0.061091
0.080277
0.064604
0.083405
0.051368
0.064205
0.081998
0.072258
0.082743
0.079115
0.054582
0.060367
0.115969
0.093619
0.120804
0.082798
0.083215
0.080946
0.058273
0.085144
0.088611
0.081182
0.054754
0.101151
0.047538
0.066363
0.066119
0.066449
0.054734
0.071356
0.048940
0.055424
0.055079
0.087219
0.053793
0.059387
0.071048
0.103951
0.080833
0.077443
0.055954
0.096001
0.080191
0.083028
0.055289
0.063644
0.059416
0.051569
0.071388
0.043323
0.062335
0.055974
0.076422
0.088585
0.102109
0.103015
0.063862
0.101766
0.094301
0.118553
0.094253
0.058756
0.080703
0.101071
0.064215
0.083211
0.096216
0.047956
0.061266
0.082528
0.091971
0.044884
0.070532
0.064749
0.042470
0.065886
0.067915
0.076869
0.046288
0.054044
0.063336
0.068882
0.083529
0.054259
0.054034
0.062051
0.084227
0.044373
0.071557
0.062924
0.093165
0.063951
0.096583
0.069994
0.084344
0.054976
0.059654
0.060928
0.050943
0.052424
0.073196
0.086934
0.048293
0.052950
0.077473
0.059613
0.067659
0.081405
0.093025
0.084010
0.069314
0.086278
0.076877
0.104007
0.080766
0.082577
0.058105
0.085551
0.080385
0.081407
0.091470
0.079391
0.078486
0.080912
0.083575
0.061433
0.052411
0.074382
0.089267
0.104203
0.082536
0.093841
0.091757
0.053403
0.078338
0.089482
0.098291
0.072062
0.085233
0.053089
0.056791
0.045686
0.103494
0.065439
0.087077
0.059473
0.049629
0.060630
0.072403
0.117466
0.069025
0.065329
0.069715
0.041889
0.064706
0.100544
0.058592
0.084104
0.039778
0.061788
0.112298
0.072249
0.062440
0.051696
0.056136
0.084635
0.063697
0.083557
0.110637
0.056189
0.069470
0.089020
0.124865
0.093177
0.082530
0.069650
0.055423
0.076914
0.060764
0.100312
0.088551
0.091118
0.073632
0.089657
0.039558
0.063521
0.083344
0.069804
0.090747
0.080029
0.068115
0.090724
0.078884
0.104617
0.105847
0.071493
0.095149
0.061465
0.062918
0.056945
0.090782
0.070410
0.075407
0.094369
0.075593
0.092175
0.079503
0.052017
0.065746
0.104272
0.090943
0.059320
0.105550
0.064963
0.051784
0.054486
0.074759
0.067183
0.091837
0.056242
0.053589
0.053981
0.065250
0.107526
0.057411
0.057102
0.056570
0.081245
0.066243
0.060812
0.076116
0.056625
0.081814
0.057474
0.059511
0.059835
0.070627
0.088894
0.100528
0.101804
0.117738
0.100934
0.069674
0.065822
0.064770
0.056038
0.061827
0.077308
0.074220
0.081856
0.069749
0.057585
0.087734
0.076115
0.058971
0.067866
0.105121
0.097871
0.089594
0.055590
0.063183
0.074817
0.075930
0.076362
0.095599
0.063001
0.084697
0.067920
0.113191
0.082534
0.101300
0.061013
0.077644
0.057755
0.063895
0.068420
0.075146
0.069425
0.067085
0.101267
0.047961
0.057374
0.071722
0.057312
0.064595
0.086289
0.091908
0.063527
0.087256
0.102240
0.082174
0.103416
0.073233
0.070015
0.092821
0.063953
0.082746
0.077965
0.086850
0.104939
0.114579
0.056106
0.057323
0.082250
0.055106
0.089147
0.062135
0.081075
0.076293
0.082456
0.087245
0.083674
0.073791
0.063093
0.076361
0.087616
0.078051
0.077124
0.110881
0.087074
0.059519
0.069436
0.043839
0.064678
0.055386
0.063660
0.076667
0.051545
0.057253
0.059181
0.063066
0.079040
0.069193
0.087492
0.082687
0.059295
0.064194
0.065668
0.048291
0.066004
0.090530
0.050055
0.054411
0.063613
0.068190
0.080245
0.089565
0.051879
0.070540
0.056588
0.059425
0.083561
0.097676
0.085220
0.071713
0.061453
0.067625
0.060389
0.073825
0.046478
0.092834
0.051446
0.078575
0.059599
0.081708
0.073320
0.049377
0.061932
0.055110
0.059674
0.074470
0.074478
0.048306
0.066458
0.068916
0.055937
0.125980
0.079885
0.074639
0.119084
0.097316
0.088082
0.079191
0.078043
0.065737
0.078379
0.058985
0.062361
0.090531
0.050388
0.095582
0.051387
0.083120
0.107423
0.092732
0.078552
0.077781
0.111248
0.054824
0.058456
0.078508
0.053845
0.077496
0.085576
0.071737
0.069685
0.084755
0.042501
0.070090
0.071155
0.075972
0.060620
0.048908
0.085869
0.084296
0.064400
0.079568
0.053293
0.058651
0.138673
0.073010
0.087735
0.082545
0.084652
0.045324
0.051003
0.044962
0.102087
0.058754
0.058529
0.052293
0.054182
0.054870
0.091206
0.088036
0.118695
0.082636
0.079478
0.047201
0.076827
0.093293
0.060038
0.066101
0.085556
0.070033
0.089284
0.062405
0.077883
0.088337
0.102706
0.092453
0.075758
0.099350
0.046387
0.091943
0.077558
0.101598
0.057379
0.048535
0.064587
0.095042
0.102823
0.092693
0.074466
0.095087
0.067238
0.084729
0.055746
0.093222
0.083211
0.099853
0.104360
0.095547
0.092368
0.063026
0.075468
0.074577
0.055914
0.056007
0.084701
0.070263
0.070515
0.067626
0.072322
0.104420
0.071669
0.081163
0.100375
0.101142
0.081689
0.077952
0.083391
0.065105
0.045855
0.080058
0.045971
0.054132
0.057030
0.067503
0.038907
0.066192
0.060982
0.065642
0.053799
0.052864
0.069146
0.092314
0.065462
0.091624
0.065915
0.071768
0.102023
0.060060
0.055320
0.075995
0.077198
0.055099
0.111965
0.096151
0.064585
0.058696
0.061388
0.054618
0.042293
0.049576
0.098294
0.057119
0.078314
0.075929
0.077224
0.094153
0.077763
0.086066
0.073478
0.075451
0.074145
0.069721
0.081584
0.051785
0.069756
0.041210
0.058227
0.075530
0.053831
0.064418
0.061263
0.108860
0.095468
0.070102
0.058080
0.070342
0.064871
0.058409
0.083607
0.080422
0.052460
0.051212
0.064876
0.092965
0.082833
0.047918
0.097650
0.073642
0.084259
0.090853
0.041437
0.066174
0.051557
0.066516
0.088915
0.063592
0.054109
0.106537
0.082663
0.082800
0.062804
0.054375
0.072533
0.077843
0.097875
0.103361
0.105358
0.042699
0.085001
0.080883
0.110387
0.087732
0.068694
0.084236
0.107212
0.073673
0.066792
0.067037
0.076098
0.070472
0.082522
0.061148
0.076523
0.059419
0.079671
0.060294
0.062901
0.076087
0.119359
0.060335
0.067246
0.103603
0.097390
0.066314
0.076090
0.072188
0.056227
0.057388
0.042048
0.117084
0.075062
0.074300
0.073956
0.089545
0.083040
0.090337
0.099822
0.070053
0.082734
0.061755
0.090030
0.062352
0.051785
0.050350
0.083950
0.053601
0.055651
0.076118
0.098917
0.111235
0.079810
0.065344
0.077899
0.077484
0.094009
0.058403
0.060948
0.053074
0.050513
0.107066
0.080402
0.072999
0.057583
0.094788
0.062276
0.080039
0.068606
0.084605
0.088477
0.077569
0.051778
0.053535
0.064575
0.073261
0.086400
0.051604
0.082991
0.056891
0.050386
0.053612
0.057112
0.083215
0.080178
0.065799
0.059603
0.067437
0.095606
0.066225
0.094771
0.077782
0.088027
0.092718
0.075404
0.054549
0.073146
0.059150
0.072940
0.072670
0.082649
0.110978
0.064739
0.075612
0.067166
0.055871
0.101177
0.075291
0.070387
0.092153
0.105695
0.095063
0.086581
0.087566
0.070634
0.104246
0.073908
0.078460
0.079121
0.106420
0.105568
0.083185
0.065990
0.090443
0.061865
0.083109
0.054796
0.115780
0.063914
0.047032
0.088158
0.076388
0.079476
0.064211
0.084470
0.094991
0.095194
0.063182
0.066304
0.057065
0.054348
0.101567
0.092634
0.078955
0.052497
0.086976
0.087272
0.083440
0.059588
0.067859
0.088665
0.059606
0.043244
0.112165
0.079072
0.068284
0.051811
0.068223
0.072816
0.056277
0.053708
0.104622
0.084474
0.085553
0.088882
0.060300
0.078650
0.053155
0.077468
0.084978
0.068718
0.069179
0.082859
0.066925
0.068990
0.075799
0.096133
0.065634
0.049051
0.047862
0.074153
0.072055
0.069271
0.058322
0.060393
0.063850
0.060277
0.073490
0.062690
0.065066
0.061777
0.086374
0.079327
0.091559
0.093475
0.099706
0.108783
0.082802
0.084215
0.097750
0.083422
0.054512
0.084938
0.057410
0.050713
0.097350
0.060164
0.120057
0.052371
0.071703
0.074533
0.092121
0.111734
0.055706
0.048925
0.056333
0.082927
0.083239
0.081945
0.086022
0.057645
0.082515
0.088835
0.054485
0.108436
0.090042
0.087291
0.095061
0.088102
0.076422
0.079592
0.108889
0.062669
0.060132
0.068459
0.058998
0.056450
0.070797
0.052167
0.081499
0.078029
0.088199
0.047357
0.077542
0.059723
0.075459
0.096168
0.085620
0.086288
0.071366
0.086174
0.060785
0.094298
0.067469
0.118644
0.087994
0.081887
0.061024
0.114627
0.096335
0.095692
0.067808
0.098390
0.086428
0.084924
0.052971
0.107857
0.082065
0.099598
0.053217
0.068035
0.069762
0.066352
0.047012
0.070163
0.057730
0.041544
0.061275
0.060094
0.102790
0.100390
0.066094
0.049560
0.077516
0.080079
0.089142
0.094146
0.050709
0.072716
0.100813
0.107376
0.094768
0.083626
0.070286
0.046457
0.098829
0.078591
0.102866
0.087413
0.099238
0.087829
0.080613
0.069811
0.074065
0.075234
0.097707
0.072060
0.075502
0.049454
0.094994
0.083341
0.081419
0.065590
0.107589
0.077606
0.120153
0.090463
0.072481
0.079984
0.087525
0.074060
0.096130
0.086334
0.094954
0.066816
0.056091
0.091639
0.059933
0.076519
0.064759
0.080091
0.089055
0.072651
0.073593
0.092313
0.066566
0.060709
0.090735
0.098359
0.056881
0.050922
0.088418
0.069597
0.049335
0.067181
0.074713
0.089175
0.086343
0.065962
0.067812
0.059603
0.092334
0.093582
0.097977
0.059832
0.064158
0.051618
0.051210
0.061360
0.071637
0.081075
0.080363
0.059934
0.058308
0.103264
0.080921
0.085961
0.072448
0.085896
0.062918
0.066846
0.075628
0.094326
0.069691
0.092475
0.100833
0.063787
0.072425
0.073545
0.095808
0.064807
0.080703
0.074212
0.093230
0.106631
0.093616
0.094288
0.077316
0.066535
0.061807
0.069967
0.081444
0.070866
0.079065
0.107695
0.068179
0.043904
0.050320
0.104765
0.079030
0.093593
0.088123
0.110124
0.071481
0.072356
0.105729
0.086131
0.053697
0.066549
0.092207
0.055845
0.091774
0.108378
0.081848
0.067766
0.089356
0.066624
0.059143
0.105914
0.068953
0.105260
0.075864
0.095355
0.064672
0.102453
0.074056
0.112356
0.077476
0.099792
0.063870
0.061589
0.051396
0.076449
0.074687
0.086751
0.065448
0.067596
0.112199
0.081887
0.082287
0.081059
0.082801
0.079876
0.086214
0.072613
0.077391
0.080567
0.079850
0.076877
0.065020
0.092812
0.073299
0.082481
0.063074
0.060332
0.068492
0.072912
0.084651
0.070480
0.121589
0.058507
0.063635
0.078808
0.064158
0.058417
0.107535
0.075482
0.078060
0.081296
0.055374
0.066977
0.062975
0.056488
0.061162
0.084137
0.050193
0.088871
0.044132
0.051260
0.092859
0.122294
0.100540
0.057180
0.078357
0.058388
0.074711
0.092005
0.081371
0.083305
0.128402
0.088115
0.076608
0.060493
0.060612
0.069815
0.078837
0.076781
0.081438
0.064320
0.079150
0.087603
0.083508
0.095320
0.051145
0.089639
0.062051
0.099746
0.062482
0.053953
0.071629
0.044137
0.073529
0.049026
0.048517
0.075144
0.063958
0.063250
0.079134
0.099528
0.051759
0.067925
0.090495
0.089055
0.063148
0.069040
0.049299
0.070277
0.075064
0.085195
0.071433
0.080225
0.094571
0.045602
0.081484
0.058672
0.073383
0.124155
0.087838
0.093974
0.093800
0.079040
0.077482
0.072408
0.053138
0.084634
0.065583
0.081000
0.093709
0.064734
0.051299
0.082950
0.059727
0.058062
0.087882
0.075701
0.058053
0.064439
0.083776
0.072957
0.096454
0.083382
0.133687
0.074114
0.082398
0.077169
0.058176
0.065858
0.066534
0.055081
0.115226
0.080344
0.110450
0.087344
0.100125
0.126491
0.087841
0.087448
0.059642
0.057475
0.053683
0.066030
0.061788
0.055228
0.064767
0.076445
0.044276
0.068267
0.084831
0.081376
0.065471
0.057504
0.069447
0.074509
0.057397
0.088970
0.093220
0.097118
0.076421
0.097712
0.095326
0.055490
0.071367
0.085649
0.062625
0.081817
0.072507
0.052329
0.097740
0.058183
0.087655
0.066953
0.092571
0.053661
0.092277
0.062335
0.057999
0.080179
0.059868
0.063621
0.072732
0.086656
0.080899
0.072049
0.061267
0.098166
0.075483
0.072579
0.055941
0.076761
0.051496
0.059137
0.095787
0.067686
0.070674
0.044404
0.045111
0.060030
0.038640
0.066028
0.081247
0.054136
0.063437
0.053580
0.057932
0.051187
0.101218
0.099853
0.075032
0.048509
0.071627
0.046822
0.078993
0.049429
0.060054
0.096387
0.074742
0.063443
0.077450
0.084167
0.065269
0.060066
0.049002
0.058988
0.076880
0.050530
0.059473
0.095755
0.078849
0.054455
0.097410
0.057570
