613	313	91	101
627	307	87	86
622	300	123	99
630	289	126	119
648	291	139	117
679	307	138	104
699	323	132	98
736	324	124	85
763	336	123	93
785	339	122	97
812	344	116	95
824	347	125	97
863	349	116	102
843	356	157	100
836	356	196	96
939	371	131	101
953	373	146	91
954	376	177	106
1011	400	133	108
992	409	154	101
933	404	207	91
940	404	213	92
958	402	168	89
911	394	161	102
939	359	133	123
897	363	115	121
857	342	115	119
723	344	225	81
606	329	321	75
580	301	296	101
549	282	297	108
560	273	260	121
689	298	126	85
645	326	88	87
610	319	118	83
618	317	95	61
625	328	77	51
625	334	85	78
609	340	96	72
622	340	95	90
560	326	172	112
512	267	238	196
477	285	294	198
580	360	209	129
566	320	236	174
577	349	252	143
575	381	270	117
730	409	137	94
768	397	109	101
777	405	114	83
793	410	111	78
810	409	106	71
825	407	93	77
797	403	117	85
795	421	115	80
752	404	153	85
717	391	194	100
698	382	223	111
671	368	253	129
669	378	245	144
684	390	211	151
651	376	219	187
642	353	212	207
649	342	190	219
713	470	163	115
576	433	277	132
685	476	167	112
695	500	169	102
721	495	172	95
752	500	166	96
707	479	219	117
621	442	317	137
632	430	295	133
633	419	297	137
636	404	308	150
630	396	255	155
642	391	223	144
776	333	166	145
792	336	175	110
773	330	160	91
593	293	276	137
580	281	298	115
562	262	298	148
645	236	165	153
571	263	224	136
492	260	265	166
478	193	248	267
516	272	189	194
494	300	200	170
510	307	164	172
494	332	177	155
478	349	206	146
459	390	239	112
401	367	294	139
437	363	232	137
474	364	156	119
494	362	212	122
489	364	209	115
483	366	219	118
492	386	200	109
510	383	214	103
514	376	228	124
523	379	237	133
533	377	230	143
547	391	200	124
552	411	186	118
544	428	180	97
537	440	188	91
509	438	205	91
485	431	205	98
480	427	190	99
469	420	181	107
437	415	183	107
403	405	186	118
375	398	185	132
342	400	194	128
316	405	206	116
265	427	238	97
233	437	256	85
287	458	182	65
400	450	71	72
397	446	84	71
397	450	66	74
393	455	80	72
405	457	74	71
402	458	72	72
414	462	69	70
411	465	77	74
415	466	81	71
421	471	78	70
418	475	77	73
421	471	77	75
421	476	74	71
425	471	78	75
422	471	76	80
421	467	83	79
416	460	93	81
396	456	108	87
390	455	106	85
374	458	117	83
313	459	175	82
286	453	193	84
351	446	122	86
296	450	170	77
265	442	189	83
230	433	236	87
243	431	224	87
236	427	219	89
255	427	211	84
314	432	123	75
360	430	78	74
344	436	98	75
347	436	95	74
341	436	101	74
346	433	94	75
338	434	102	79
326	428	112	73
330	425	106	83
333	426	106	71
346	424	95	73
354	424	91	65
343	415	97	80
349	412	103	70
342	411	109	77
349	408	109	79
353	406	99	89
356	406	98	85
363	410	106	75
367	405	108	73
355	416	105	83
359	416	114	73
376	417	106	77
377	415	106	66
306	417	175	74
380	415	109	91
387	418	103	91
388	432	99	89
388	442	103	82
280	420	209	112
270	415	213	119
257	420	220	117
261	421	193	117
290	432	150	117
304	434	100	131
271	435	117	154
249	386	138	214
223	368	149	230
173	372	169	227
115	430	202	180
68	479	230	152
12	498	284	136
0	498	262	140
15	471	257	151
31	439	242	153
30	460	262	118
3	472	232	164
18	468	176	174
7	468	182	154
110	208	146	330
25	441	228	173
86	424	252	183
341	103	80	479
249	121	181	414
48	327	467	231
87	305	417	215
91	312	424	234
79	312	435	236
109	362	462	188
94	438	407	164
91	470	145	144
72	481	273	162
75	467	333	180
59	471	356	159
31	487	265	157
36	478	244	136
25	476	165	124
24	458	149	105
23	469	139	98
25	452	160	130
36	478	137	103
59	493	212	111
122	481	223	119
68	470	287	147
112	442	286	159
120	438	260	153
144	419	226	156
140	408	289	154
137	397	254	119
152	397	165	97
156	392	214	86
158	379	253	100
154	353	270	117
175	335	212	113
152	331	139	82
158	334	254	95
160	331	278	116
189	322	212	110
195	341	204	98
226	338	165	107
181	333	113	80
182	332	99	84
180	322	94	72
179	311	87	73
178	301	126	96
181	291	220	149
198	290	227	134
192	273	250	136
200	261	190	107
232	254	161	113
253	252	144	131
268	239	122	127
300	231	113	122
306	231	145	118
323	226	139	98
343	222	127	86
362	221	120	84
380	220	117	82
394	227	105	94
398	238	95	94
402	256	82	78
405	263	91	77
414	264	101	76
422	261	103	74
395	248	68	63
350	253	82	58
328	261	77	52
305	261	153	75
271	270	102	70
248	285	81	55
231	293	67	51
215	317	63	51
198	326	74	73
175	344	119	70
186	352	104	56
213	320	90	74
218	315	87	74
231	332	77	65
252	341	79	63
273	343	99	60
315	345	91	64
347	346	85	67
382	336	88	77
426	349	81	64
466	349	89	70
496	361	102	57
527	368	99	54
567	372	95	52
595	362	82	56
614	368	81	58
618	360	88	57
639	366	84	55
645	365	94	54
656	369	98	52
664	375	91	54
669	382	89	54
674	370	85	59
672	365	85	56
665	357	88	56
667	350	83	54
654	355	91	49
659	358	82	48
656	359	82	51
658	354	78	51
654	359	80	55
656	353	79	55
657	358	81	46
652	355	84	55
655	351	82	53
650	356	84	58
651	355	81	49
644	358	86	55
644	358	83	49
640	361	84	52
642	355	81	52
635	360	86	57
638	353	80	56
639	362	79	54
639	358	79	51
638	363	79	55
637	358	79	53
629	363	86	58
631	354	82	59
632	364	85	57
635	361	82	60
635	363	85	58
637	354	87	67
631	362	95	60
627	350	96	67
630	360	95	55
645	346	95	62
635	336	118	65
631	330	135	84
658	329	119	74
648	325	142	104
655	330	144	90
653	310	160	117
668	325	160	107
674	337	164	93
689	350	156	80
731	360	130	70
742	364	119	72
746	366	118	75
771	364	94	78
789	364	83	58
782	363	80	57
789	362	70	52
782	363	73	56
776	359	74	62
766	351	82	52
739	347	94	48
737	336	87	46
693	335	90	54
719	310	43	85
699	308	67	70
682	309	82	58
667	303	84	60
653	298	84	66
642	297	83	57
634	293	75	62
631	299	69	63
635	306	66	64
622	324	69	61
630	344	67	61
638	376	63	55
625	390	79	65
624	408	84	60
653	422	70	65
657	420	69	55
672	424	64	54
676	427	70	57
676	440	79	65
702	443	65	59
725	451	63	56
731	463	60	52
752	465	49	59
749	477	66	59
753	491	71	69
746	480	98	57
762	478	81	66
770	479	78	72
777	476	85	74
784	475	85	85
786	499	96	66
797	515	100	57
813	511	83	67
802	510	100	68
804	492	95	79
798	480	96	68
807	467	85	63
797	454	83	63
786	461	88	72
775	454	99	66
766	453	91	68
752	451	86	82
734	453	97	66
720	455	94	71
705	467	95	71
694	475	88	69
674	478	86	75
657	472	84	84
638	469	92	80
611	451	92	75
598	448	89	70
586	443	88	70
576	447	62	82
589	452	71	68
583	444	78	72
568	458	87	76
607	460	58	73
621	486	55	61
605	480	80	71
603	470	92	88
601	473	99	91
474	451	238	112
500	467	164	138
520	472	129	122
523	476	199	78
649	430	91	110
652	436	94	103
653	427	110	101
665	427	109	92
682	427	103	91
691	433	99	82
702	438	89	76
710	444	80	76
702	464	79	73
710	471	67	71
702	475	67	74
699	460	61	76
664	451	51	111
679	418	42	98
666	394	59	82
643	382	51	112
628	377	72	74
608	366	82	81
608	363	72	80
601	345	72	90
591	351	73	76
594	366	63	70
604	367	45	82
615	367	54	87
496	419	146	53
516	409	118	95
535	412	123	86
548	412	94	86
542	413	106	91
618	389	60	97
615	378	75	50
617	360	60	71
623	353	50	84
628	348	49	82
634	347	44	75
642	347	60	54
651	350	56	58
663	356	42	56
637	374	63	63
627	361	90	86
633	351	96	102
635	357	107	99
635	338	117	115
641	372	115	75
637	380	101	69
650	380	138	51
677	373	118	58
726	381	80	61
733	383	75	49
746	395	66	45
769	402	61	46
775	402	57	45
778	400	58	48
765	393	67	53
764	388	65	59
769	388	60	54
768	377	62	62
766	381	60	63
751	390	69	56
752	391	62	59
740	393	67	57
734	392	58	58
725	391	60	55
707	372	67	71
685	359	76	85
662	354	86	91
656	349	90	97
627	348	109	97
614	358	106	88
586	372	116	71
575	378	88	67
554	388	75	55
545	391	62	53
529	395	71	47
525	394	65	55
514	385	58	60
506	380	78	60
498	377	75	60
491	374	73	58
489	368	84	77
485	367	82	72
490	377	69	56
491	373	78	64
490	385	71	52
503	394	102	60
505	395	127	63
496	392	97	67
511	392	77	59
524	385	71	64
539	386	68	66
551	384	67	62
562	386	122	69
571	380	116	70
581	380	98	75
584	381	110	74
589	383	111	72
595	384	115	68
604	386	114	65
611	386	116	68
613	388	122	75
610	386	122	75
619	386	115	76
614	386	110	77
616	386	116	77
612	384	119	78
612	384	126	73
611	384	117	71
608	384	122	71
608	384	128	74
608	384	131	75
606	384	122	72
609	381	108	75
605	377	98	74
598	362	102	82
589	351	93	81
587	350	63	51
567	343	63	43
561	333	113	98
566	337	125	110
541	330	135	88
537	330	148	83
527	336	149	61
505	345	131	60
494	346	64	57
479	359	57	46
469	362	60	54
466	373	57	58
457	382	63	49
444	384	68	47
444	379	67	56
442	373	101	56
442	371	106	64
445	367	128	71
451	362	75	63
446	364	82	65
452	364	68	51
454	365	75	55
459	368	67	54
466	374	101	63
466	376	114	62
469	376	68	54
476	379	97	63
478	379	124	64
481	377	127	71
489	375	132	74
498	374	130	74
503	376	133	71
511	376	133	75
515	376	135	71
521	380	140	71
526	383	139	70
529	383	139	68
533	385	133	69
538	387	95	63
543	392	88	58
545	396	86	53
549	395	68	52
546	400	62	48
542	404	59	50
540	406	62	48
538	402	61	53
531	402	62	51
525	402	61	51
523	401	58	50
520	402	63	48
520	402	59	48
518	396	69	53
519	397	61	51
516	397	63	50
514	398	60	49
513	397	63	49
513	399	70	47
517	403	63	46
518	395	62	54
520	402	65	46
519	399	60	50
518	401	61	46
518	395	65	52
520	399	66	47
521	399	61	48
526	400	64	46
528	403	61	44
534	397	62	50
536	401	65	46
535	395	64	53
534	395	64	52
532	392	59	55
529	387	58	62
524	388	66	59
524	395	65	57
523	389	66	61
533	395	64	52
532	396	57	56
529	397	66	54
529	405	60	51
527	399	61	58
525	405	58	57
519	402	60	57
514	399	60	59
510	401	61	55
507	395	58	58
504	398	64	53
518	399	61	53
524	388	66	53
518	380	64	59
514	375	63	61
510	370	67	59
509	374	63	54
509	380	57	55
506	375	67	58
509	375	64	57
510	375	72	59
515	379	78	57
532	382	71	55
547	387	66	51
549	394	75	55
564	402	91	55
572	407	78	55
592	414	69	49
599	404	84	56
604	393	78	65
603	390	74	63
601	383	72	50
589	379	72	51
588	379	62	52
583	375	60	54
579	384	59	43
572	377	58	50
570	387	54	50
567	397	52	47
565	405	50	45
564	411	56	47
563	420	56	46
562	414	66	51
560	420	57	42
546	413	63	49
546	422	55	41
533	415	61	47
533	413	53	48
530	408	51	51
525	406	53	49
512	414	60	51
512	409	67	53
512	418	60	46
511	411	61	53
510	421	57	41
511	415	62	48
519	417	62	45
520	410	56	52
519	414	64	45
524	405	65	53
524	399	58	57
523	407	64	45
527	398	65	52
530	395	59	50
530	397	68	45
532	389	57	55
539	387	60	52
540	393	60	44
540	386	66	51
551	387	63	49
558	379	62	55
566	373	62	54
577	370	61	54
585	366	62	55
600	360	58	42
615	342	53	45
626	338	51	48
624	337	59	48
624	345	53	40
627	350	57	48
625	359	53	38
624	354	47	47
612	363	56	48
608	359	55	50
591	355	66	51
590	356	59	56
587	351	58	58
581	347	59	58
570	342	66	59
553	349	60	50
552	342	56	55
548	339	56	55
545	341	56	51
541	341	54	50
533	338	58	52
527	331	59	62
518	328	64	60
514	323	62	62
506	324	63	55
502	323	60	54
501	322	57	55
504	330	60	49
506	335	53	60
508	341	62	52
516	347	63	51
524	351	62	58
531	354	52	63
536	360	59	61
537	367	54	63
542	374	53	61
545	377	62	49
544	371	55	60
539	367	58	55
532	361	59	49
525	354	57	52
516	351	59	47
513	350	55	59
515	355	55	64
521	354	54	56
522	346	50	58
520	343	50	62
522	341	51	60
525	339	57	57
527	342	54	62
533	345	62	52
536	344	55	58
540	347	54	58
542	351	53	53
550	354	52	56
553	357	54	54
560	357	58	59
559	364	55	56
569	370	57	50
576	372	62	51
574	373	57	51
578	370	63	59
579	368	56	52
580	369	54	51
573	365	56	59
566	361	61	60
570	360	58	61
564	355	61	59
557	354	62	56
555	350	59	56
556	351	54	53
552	355	57	52
560	351	60	55
561	346	55	54
562	340	62	60
565	337	55	55
564	328	58	52
562	322	60	58
556	323	79	62
556	324	50	42
550	326	63	52
557	327	123	113
543	316	136	106
529	318	134	105
530	319	117	84
529	325	120	85
522	325	108	81
531	331	96	73
527	331	62	55
526	334	56	58
530	338	49	58
529	340	48	62
527	337	52	68
531	341	48	58
533	347	53	61
534	337	52	64
545	344	42	54
539	343	59	74
540	336	93	89
543	333	97	86
547	331	106	98
538	331	96	85
543	332	84	75
537	335	64	60
533	339	62	56
528	341	61	60
527	345	57	55
525	348	56	55
518	350	59	61
515	351	68	57
511	353	63	55
507	354	67	56
503	354	68	57
502	354	69	60
500	355	69	58
498	357	64	55
503	359	70	53
501	360	74	57
501	362	68	57
501	365	68	54
507	365	51	52
515	365	106	74
512	359	70	57
521	362	64	57
520	363	80	57
521	363	116	73
532	358	125	77
526	358	137	78
533	358	136	80
529	358	150	82
538	355	148	84
531	356	162	86
539	359	159	85
535	356	162	88
532	357	165	86
540	354	159	91
551	353	153	89
544	354	167	92
551	353	163	89
548	352	167	91
548	352	166	92
547	353	167	93
543	354	175	94
537	355	183	96
528	354	181	91
520	350	119	74
524	351	69	72
519	354	70	62
518	354	62	59
515	354	55	59
511	345	58	78
509	352	67	63
506	355	71	67
503	358	69	69
497	363	72	69
494	369	69	71
494	374	90	61
495	373	125	61
499	369	145	68
494	372	120	63
503	369	72	64
500	373	69	74
507	370	68	70
507	375	140	60
507	369	130	65
515	366	151	73
512	370	158	73
510	369	160	76
511	370	163	69
514	372	159	74
515	370	156	74
515	370	166	78
522	372	153	73
517	373	157	75
521	373	156	75
518	373	161	74
528	373	160	70
522	372	160	74
522	370	156	71
527	371	169	76
534	369	153	65
536	368	162	75
537	366	155	81
543	364	150	70
535	368	173	75
543	364	157	74
538	365	171	79
539	367	167	79
539	364	161	77
540	365	176	81
537	367	167	83
543	363	102	70
543	372	65	67
546	373	72	62
544	375	67	58
545	375	96	60
546	372	58	64
544	372	60	58
541	375	60	60
541	371	61	66
541	375	57	56
541	376	59	54
543	372	114	71
543	369	149	73
539	368	152	72
542	366	155	76
541	370	162	72
542	368	148	74
539	371	151	72
537	370	151	78
539	372	149	76
537	371	149	76
536	369	149	77
534	374	154	72
531	372	152	76
537	371	149	78
531	375	149	67
528	376	151	73
532	375	145	66
530	376	149	72
527	377	109	62
528	374	77	58
523	372	72	58
519	364	71	67
510	365	74	58
514	361	63	58
512	363	61	54
510	364	60	53
508	366	63	51
510	367	60	50
508	368	61	49
507	368	56	48
507	370	66	52
506	366	61	55
505	367	59	53
507	369	67	58
508	368	65	60
506	365	85	70
504	363	61	58
503	366	59	52
499	362	57	50
493	359	57	51
489	355	58	44
485	353	56	45
478	349	58	53
470	351	64	50
463	349	63	55
460	350	60	52
457	348	58	60
454	349	58	55
458	349	49	51
454	349	50	57
458	354	45	38
436	331	64	63
461	353	92	75
472	344	95	76
475	329	104	88
477	328	85	74
477	321	53	55
480	324	42	52
490	318	98	101
485	309	153	101
504	307	119	84
506	305	98	75
509	292	49	57
515	293	13	28
528	283	21	52
541	244	10	87
524	282	17	51
543	248	19	69
507	288	30	29
495	294	11	30
480	281	24	10
457	296	10	21
461	306	10	27
480	306	12	13
465	323	28	12
439	316	52	14
435	342	36	24
431	340	68	62
409	343	102	64
406	340	128	69
402	335	131	80
390	329	132	85
382	325	141	91
377	317	146	100
372	315	137	99
380	315	136	98
379	316	146	97
389	319	139	96
401	323	127	94
407	321	127	94
427	325	118	89
422	317	132	96
432	316	127	96
441	317	114	94
458	328	109	83
455	315	126	97
471	318	123	92
487	317	115	90
508	326	114	86
510	320	120	89
512	314	115	87
534	320	112	84
522	301	133	102
532	309	118	92
523	301	99	94
533	313	110	90
567	333	101	67
551	327	86	69
528	333	108	68
549	331	87	69
538	332	72	66
525	335	92	62
520	334	95	67
535	332	77	66
525	334	79	61
517	334	86	62
520	332	71	61
516	334	78	58
509	334	76	58
516	334	70	59
505	334	77	57
503	334	85	60
504	332	85	63
497	332	139	71
496	324	139	80
507	318	148	87
498	316	116	84
501	315	152	89
502	309	105	89
495	312	144	87
513	314	134	89
503	316	140	88
512	316	134	89
512	314	117	85
514	317	114	83
508	317	133	84
524	314	126	91
528	318	131	88
535	316	127	92
539	319	132	90
535	320	126	91
534	320	135	92
538	315	133	98
541	320	135	93
539	324	141	90
538	324	149	93
544	321	141	99
549	318	143	97
555	327	135	90
539	325	148	90
542	319	140	93
539	316	150	95
539	312	134	97
535	312	120	94
532	317	102	84
527	319	109	79
528	319	102	80
533	319	99	78
527	321	102	75
525	322	97	75
525	321	105	74
527	320	107	77
522	319	108	78
529	319	98	79
527	321	101	77
530	322	97	76
526	323	104	76
527	322	99	77
526	324	103	76
526	324	101	76
531	324	101	77
532	324	95	76
528	327	105	76
529	327	107	77
538	326	101	79
536	328	103	77
533	328	106	80
535	329	110	79
534	328	123	81
534	326	139	86
539	322	137	93
538	320	136	95
532	320	128	95
534	323	121	90
530	325	130	88
531	323	135	89
530	321	130	92
530	320	137	92
534	318	133	91
531	317	132	91
532	316	133	92
533	315	127	93
542	316	123	91
541	319	113	88
537	326	119	80
536	327	122	81
535	328	119	82
539	327	123	82
539	330	124	80
539	330	130	81
550	329	122	81
550	330	127	81
550	331	128	81
551	331	127	83
554	330	125	80
550	332	125	81
554	336	133	78
554	334	131	81
552	336	131	81
552	336	135	82
553	335	139	84
554	333	143	89
548	336	144	87
548	336	148	88
547	336	141	86
547	338	130	75
543	340	131	66
536	343	98	53
534	344	93	61
529	342	114	66
524	341	94	63
522	342	119	64
512	344	122	65
510	348	149	65
508	345	120	69
499	345	159	73
497	348	148	66
489	340	153	68
488	338	148	76
483	334	149	84
476	332	128	74
464	332	90	75
460	335	83	69
456	338	78	64
453	356	72	45
449	353	65	51
442	356	65	61
440	365	62	59
432	365	66	57
426	364	79	58
422	361	147	74
435	353	131	78
431	350	110	85
429	349	118	93
425	347	94	73
421	347	72	73
424	352	64	72
407	348	79	67
400	360	80	54
405	366	81	49
407	370	76	65
401	374	87	61
414	373	86	65
404	372	163	78
418	363	78	66
407	361	68	63
391	360	78	62
367	367	81	55
360	373	77	59
359	383	68	61
356	395	67	62
348	405	69	70
340	411	95	77
329	411	116	82
313	415	164	101
316	407	167	106
298	411	168	99
290	414	132	74
273	420	96	64
289	421	121	77
292	433	75	69
305	432	56	73
307	432	71	61
317	417	55	55
314	410	55	57
323	403	60	62
336	395	65	71
350	393	58	63
375	387	49	54
393	384	48	45
418	368	32	45
449	351	50	76
478	336	67	81
494	319	59	95
510	307	58	76
519	309	46	60
532	308	55	82
534	298	81	115
534	290	58	72
544	305	74	81
566	306	74	65
560	306	72	53
542	310	138	105
553	318	143	93
571	320	154	87
595	314	123	76
600	318	72	50
603	323	61	52
617	324	58	57
628	322	60	54
632	322	66	53
636	331	68	57
638	337	69	55
643	342	72	54
647	349	71	54
647	353	68	55
653	355	72	53
659	353	74	57
665	347	73	62
659	344	71	63
656	342	68	66
651	335	68	58
639	336	73	55
623	337	79	58
611	333	76	67
607	336	71	66
592	346	126	72
581	345	166	77
572	345	172	80
576	333	163	98
568	317	162	108
552	320	163	105
544	316	148	101
539	319	137	90
533	330	110	71
535	337	89	55
539	345	72	52
540	353	68	73
537	358	75	64
536	369	82	75
537	376	117	76
536	390	159	62
533	384	160	76
535	378	159	85
546	356	156	89
536	373	172	96
528	365	182	98
520	360	182	92
510	357	140	81
497	364	138	67
493	358	131	76
493	353	123	74
490	346	133	81
490	328	135	100
499	313	129	116
502	304	132	105
504	300	118	118
509	291	112	125
508	290	113	120
506	288	68	78
509	285	56	71
510	285	80	89
508	293	60	66
503	306	53	51
506	315	47	55
510	329	48	57
513	333	105	70
523	323	105	83
518	323	100	89
520	324	102	84
521	326	110	86
521	327	118	88
520	326	131	88
510	322	152	93
495	325	173	93
487	333	175	85
481	338	144	77
470	353	152	69
463	351	150	68
459	346	141	66
453	339	123	74
462	329	114	76
454	320	113	87
441	318	120	90
441	304	126	105
436	305	137	103
435	307	121	105
430	308	114	102
438	308	76	87
440	321	76	86
463	328	101	66
470	326	98	71
484	311	93	100
490	323	100	99
513	341	94	87
533	340	104	84
548	347	110	73
571	346	119	72
591	341	119	71
609	339	112	76
623	338	122	78
644	341	121	86
666	343	127	78
687	344	135	83
706	347	124	94
714	349	131	89
721	347	137	88
721	346	149	96
740	347	141	96
737	349	138	95
731	351	108	92
727	352	107	85
721	351	124	88
717	352	120	100
699	357	124	102
694	359	121	91
691	362	113	103
679	367	116	92
670	369	115	85
665	369	121	85
653	371	117	88
641	374	126	92
637	381	141	94
641	384	131	86
633	386	141	92
629	387	131	89
629	389	123	88
620	389	121	84
619	389	132	90
619	388	128	85
620	387	133	88
613	384	135	86
616	382	133	88
614	381	134	86
613	381	136	89
619	379	123	85
622	375	125	86
613	375	132	90
610	371	136	90
616	370	133	88
612	370	142	91
608	370	136	88
612	372	135	84
609	371	141	93
609	373	131	86
609	374	133	84
606	373	132	83
602	372	141	93
600	374	134	85
604	372	136	83
601	372	135	86
602	373	138	89
602	373	136	81
597	374	142	92
601	376	131	83
597	378	132	79
601	377	129	80
599	379	134	87
594	380	137	82
599	381	131	81
598	383	136	86
599	383	131	81
600	382	132	82
599	382	135	82
604	385	133	81
604	388	133	81
607	393	130	81
607	397	133	78
608	400	130	75
610	401	128	75
604	402	133	73
602	403	132	72
600	403	131	71
599	403	130	73
597	402	134	72
599	403	129	73
596	403	131	72
593	403	134	73
592	401	135	71
593	398	133	73
593	400	134	72
591	400	132	70
594	396	131	71
592	395	131	73
595	395	129	73
595	395	131	73
602	394	129	74
601	396	134	71
603	394	131	75
608	392	131	77
606	387	138	80
606	380	142	89
608	371	144	98
606	362	146	103
594	349	143	110
586	339	139	116
584	317	129	133
570	327	134	113
563	331	139	107
559	331	129	106
545	335	120	100
547	332	88	100
399	192	229	230
397	263	215	190
464	272	130	165
502	337	96	107
481	369	121	79
482	373	122	79
480	371	130	86
471	375	133	84
459	371	132	84
448	371	141	86
436	369	154	91
425	370	156	95
418	368	117	118
410	399	124	82
408	403	92	85
402	412	83	77
392	410	115	78
393	409	110	87
385	409	105	102
392	406	116	106
398	411	94	74
398	415	67	68
389	418	87	73
376	409	106	82
390	437	86	83
386	448	116	91
388	457	95	101
394	470	89	84
400	464	101	88
396	467	176	91
404	458	154	99
403	458	130	100
402	464	119	94
397	465	116	90
407	465	105	89
401	472	101	101
404	479	97	102
401	478	203	75
396	466	125	101
386	447	246	108
407	433	201	137
429	429	114	106
405	434	146	128
398	434	120	86
385	432	115	87
376	424	112	102
375	416	104	105
357	439	114	85
349	454	102	88
340	462	101	100
323	477	104	73
329	462	107	78
327	450	154	91
316	439	203	125
313	405	131	121
305	403	122	111
299	410	131	96
296	418	121	91
294	416	117	92
294	425	113	83
297	434	109	79
307	449	106	95
319	463	106	77
335	468	100	76
347	455	84	70
347	449	96	75
348	457	95	78
371	447	95	88
380	455	104	91
373	448	119	97
371	465	122	100
366	458	122	94
361	463	224	87
344	455	174	92
329	448	135	96
331	431	246	113
323	415	237	130
338	397	227	143
327	382	244	161
326	369	219	152
332	365	172	121
332	367	117	120
323	393	239	137
331	386	292	153
349	378	284	155
383	361	272	166
397	348	272	167
409	355	251	162
438	346	205	153
448	334	213	127
429	345	241	124
433	355	250	116
432	364	251	89
429	370	217	118
426	374	235	109
452	366	205	109
454	357	233	115
450	365	229	124
437	378	228	111
442	379	227	101
465	376	223	115
482	375	224	112
475	373	233	108
476	386	229	105
479	400	211	106
494	417	168	100
505	426	183	110
495	434	176	105
496	434	210	122
505	426	209	120
509	423	212	117
524	416	194	114
535	406	153	113
537	398	157	105
542	392	153	103
546	388	160	122
547	385	161	109
551	380	171	123
563	363	174	128
566	369	170	127
567	349	158	142
562	349	165	137
578	334	148	145
572	333	156	150
581	332	143	149
587	335	143	155
597	330	138	155
605	331	142	159
610	332	136	168
615	333	137	175
617	338	134	177
620	349	131	171
629	351	126	177
632	357	124	174
629	368	124	167
626	369	110	154
635	376	113	163
633	372	111	156
631	383	121	156
641	382	116	164
654	377	99	158
663	382	103	186
657	378	100	179
664	374	86	184
671	370	73	186
678	369	65	146
682	365	52	88
669	371	58	74
663	376	58	69
656	374	60	71
657	374	55	73
650	381	56	64
647	389	54	58
642	386	55	61
637	400	57	50
634	394	61	61
631	403	60	54
628	402	59	53
623	409	60	49
622	407	59	50
620	407	59	48
620	407	55	50
618	404	53	55
614	401	54	66
607	399	55	64
600	397	63	68
608	394	54	73
599	395	62	67
607	401	54	73
598	402	61	64
592	416	62	57
592	411	68	62
600	417	57	43
600	409	62	49
597	422	67	37
603	411	58	51
600	422	67	56
606	399	70	65
594	404	76	76
591	399	74	123
596	401	71	163
599	397	74	155
599	396	69	149
590	395	79	132
601	390	69	164
589	391	86	168
582	391	73	168
579	396	89	154
602	390	77	145
618	388	73	61
621	391	71	54
623	393	69	57
626	393	68	57
624	396	71	56
629	394	67	60
627	395	69	63
626	398	69	63
627	396	70	65
624	395	75	70
616	397	78	72
622	397	71	90
622	395	77	75
621	395	75	73
619	395	67	87
601	401	82	83
611	397	81	78
614	397	64	93
604	399	79	86
609	397	70	99
608	400	76	81
609	399	77	78
609	396	73	75
606	399	72	75
605	400	79	76
608	402	68	95
605	402	74	76
599	406	74	73
597	407	70	80
596	406	75	75
593	408	71	81
592	406	72	89
589	407	72	85
588	408	73	84
589	406	77	79
587	405	73	87
586	402	76	80
586	402	76	77
586	402	79	76
584	400	75	77
584	400	73	83
585	396	81	77
584	397	76	84
585	398	77	81
585	399	77	76
588	397	82	78
588	394	77	82
585	395	77	84
582	399	82	75
586	395	81	78
584	398	81	79
587	398	82	79
586	398	79	78
586	396	80	78
585	396	80	78
587	394	78	79
587	390	82	79
586	391	78	79
587	392	85	75
592	391	81	74
594	390	81	76
597	390	81	74
594	386	82	80
591	384	79	76
590	380	83	76
595	376	83	78
592	376	79	72
589	378	82	81
593	370	89	73
589	363	80	74
577	369	84	78
565	375	82	80
560	372	81	74
564	373	83	76
556	381	83	76
550	388	81	78
545	383	79	74
533	382	82	80
516	379	89	75
502	370	90	75
490	365	89	71
480	356	87	74
473	346	84	74
464	336	83	72
459	326	82	75
461	316	79	72
459	312	77	70
452	309	78	69
442	316	78	69
430	329	81	64
421	340	81	68
411	347	81	73
410	351	84	66
416	356	80	68
431	357	67	62
417	359	79	65
412	363	84	66
420	363	85	69
432	355	86	65
440	348	87	68
446	348	79	66
436	347	87	67
440	350	82	66
451	351	75	65
440	350	85	67
432	350	89	69
443	344	79	75
443	341	82	70
435	334	88	71
432	327	89	69
426	324	95	69
424	317	97	67
422	308	88	70
412	317	86	74
408	329	91	71
415	320	91	72
405	322	97	74
396	317	94	74
380	317	97	81
365	322	105	79
370	327	109	87
374	336	117	83
360	351	138	78
413	347	86	113
414	358	101	77
418	361	100	75
429	359	93	69
438	348	89	72
426	348	91	79
434	346	90	74
435	342	97	74
438	344	99	76
448	339	97	76
459	334	92	75
467	332	90	73
476	326	89	69
485	319	90	73
494	317	90	83
501	321	91	71
495	324	89	77
487	330	97	75
495	331	94	80
503	330	97	76
513	327	93	76
500	330	93	85
494	340	88	89
502	340	98	76
513	333	96	81
517	335	87	80
523	333	88	79
522	330	89	77
532	324	88	78
536	320	92	75
543	314	91	77
559	306	83	78
554	303	88	79
555	305	92	75
563	303	89	75
567	297	87	78
575	299	79	79
574	300	86	79
561	300	94	86
558	307	92	86
562	310	87	80
564	312	85	83
565	317	89	81
568	322	78	90
554	328	103	78
555	329	89	90
558	331	97	82
560	332	90	86
564	331	97	84
547	335	101	95
555	339	94	99
558	334	96	93
548	337	95	91
552	338	100	88
546	339	94	89
553	340	98	85
554	341	88	90
559	339	97	85
557	341	90	86
563	336	97	89
552	341	95	93
559	339	101	87
565	340	94	89
555	338	96	93
562	343	98	75
573	342	85	82
587	346	61	102
562	346	88	91
558	350	83	117
555	341	88	124
549	349	83	126
542	347	85	123
497	356	121	119
392	348	230	134
367	350	227	123
363	353	226	132
354	358	235	139
426	375	153	134
441	383	105	137
437	394	107	136
385	326	149	213
382	326	133	210
364	323	134	231
337	323	149	233
313	343	164	227
284	385	187	205
261	421	164	184
241	468	149	147
228	489	184	144
228	509	167	166
203	504	167	174
141	542	235	133
153	559	283	96
151	525	188	38
155	606	103	97
159	612	114	107
188	606	108	107
203	598	129	108
230	583	158	119
232	582	170	120
237	567	345	136
237	579	439	126
274	555	453	143
359	447	437	106
295	546	492	151
882	55	146	128
1134	17	76	122
1079	83	166	66
940	132	215	78
769	124	75	185
712	209	212	157
463	397	454	229
231	484	269	166
247	441	268	175
257	405	278	155
263	374	233	162
260	346	242	171
252	333	178	159
243	315	172	131
241	287	149	106
244	248	163	112
248	227	182	143
247	206	200	155
256	187	220	182
274	169	184	150
314	163	164	176
348	155	209	214
355	165	192	163
360	155	174	185
362	191	199	179
364	225	163	160
398	231	344	245
415	199	341	255
435	200	282	228
456	196	237	224
474	180	221	223
489	165	194	211
507	155	153	192
510	159	120	172
508	162	99	103
515	170	73	74
520	180	69	78
521	183	147	171
506	194	127	187
489	219	115	174
476	242	101	155
460	250	112	148
447	256	120	138
445	263	123	127
437	271	113	128
417	281	120	124
403	287	126	127
411	288	139	124
423	294	149	125
419	311	164	122
407	324	162	139
409	322	180	136
426	314	184	134
449	302	177	136
462	299	150	125
474	298	160	152
488	300	136	130
501	289	138	125
509	294	123	117
519	298	116	117
527	302	110	114
528	302	98	118
533	302	83	121
546	304	71	113
548	303	67	105
551	310	63	106
559	306	63	103
566	296	66	105
553	288	72	109
542	279	74	109
534	271	76	108
537	265	75	106
534	262	77	105
538	253	75	105
529	245	76	112
521	248	72	114
518	248	73	119
524	255	65	115
528	254	60	119
531	256	60	117
524	258	64	117
517	261	62	111
512	264	64	106
514	263	64	107
509	261	68	107
505	258	70	107
505	251	67	104
510	242	62	108
508	236	63	111
508	234	66	107
513	231	62	104
515	227	63	96
512	227	62	93
510	227	65	85
519	225	60	92
518	224	62	99
507	227	76	93
505	218	80	97
499	226	88	92
486	233	99	87
476	246	103	81
470	249	109	78
457	252	116	80
435	256	123	82
418	258	141	81
415	261	150	75
407	262	157	78
399	270	159	71
403	275	181	71
412	273	185	71
421	278	172	68
426	281	182	70
432	282	176	68
442	288	183	65
448	285	173	59
453	289	175	65
458	286	184	56
470	285	167	65
471	287	154	55
472	293	139	51
477	294	155	52
480	295	139	53
480	295	177	55
481	296	172	62
480	294	178	55
487	295	172	64
480	298	172	60
486	296	164	56
494	297	169	64
493	296	162	65
493	292	157	72
498	286	150	78
497	286	154	77
492	283	160	84
490	287	138	77
498	284	152	82
492	287	153	86
499	285	144	91
508	287	84	114
511	292	70	103
510	294	61	97
510	299	76	90
511	301	80	92
503	301	89	96
497	314	85	90
496	323	85	92
486	329	95	93
472	334	117	88
468	298	115	126
454	276	121	158
439	267	135	165
410	270	146	164
399	268	143	162
383	285	129	142
358	321	129	96
350	315	141	100
350	317	148	109
361	307	180	115
389	299	195	118
416	287	192	99
441	291	165	109
449	286	161	104
463	278	164	119
468	260	122	103
467	248	130	103
497	241	117	126
491	263	118	109
498	277	123	132
497	280	118	136
489	299	123	113
477	314	116	112
438	337	128	94
407	353	183	117
376	367	146	126
372	353	166	136
365	374	218	110
344	359	244	135
333	354	219	142
332	356	138	115
327	344	131	123
314	367	152	130
283	386	242	119
258	397	254	111
253	403	219	109
266	413	165	134
260	418	155	109
265	417	136	79
273	397	130	98
261	386	141	108
261	390	137	102
265	366	149	126
259	351	174	132
257	350	179	118
255	351	207	121
262	356	167	116
301	370	141	101
333	382	126	91
340	368	137	103
353	380	120	94
368	374	126	99
390	358	123	95
409	343	115	105
406	328	117	120
397	326	118	92
397	313	135	133
395	316	212	133
414	307	271	151
430	293	215	160
445	280	176	138
457	275	149	114
448	252	141	124
462	248	139	117
457	247	110	111
464	248	64	70
484	241	61	96
504	265	68	64
524	277	45	63
519	306	59	42
535	317	70	10
557	342	32	29
565	354	26	21
555	359	24	47
552	353	50	33
557	333	44	53
570	299	52	64
572	294	61	65
556	305	48	74
540	335	51	66
544	340	127	131
547	342	123	120
534	349	123	110
518	342	117	112
502	349	114	118
492	360	120	123
501	361	134	112
509	342	143	123
487	340	153	109
465	306	154	137
437	297	185	129
446	269	194	148
475	255	185	127
499	242	153	118
482	269	149	75
494	262	123	80
512	252	105	81
528	255	86	81
524	264	83	84
529	263	79	91
537	275	92	76
548	289	91	74
559	290	75	67
571	293	42	49
573	304	42	47
556	335	42	47
550	359	46	49
543	355	109	80
524	352	139	81
515	329	139	76
507	297	142	79
502	286	110	71
490	279	111	82
489	278	113	79
481	281	122	80
480	298	134	82
486	311	134	82
479	327	153	90
495	338	151	85
479	338	130	91
452	346	152	96
450	335	161	84
466	307	122	91
450	284	99	98
404	291	133	113
387	317	158	112
406	315	155	112
429	307	151	104
440	302	153	107
425	307	154	100
418	309	163	90
417	317	169	82
423	320	163	83
432	307	157	94
435	309	153	91
436	291	132	103
436	294	124	111
444	300	110	104
447	306	104	101
450	323	121	104
475	348	112	84
493	344	129	94
483	349	135	91
468	364	149	87
478	362	150	85
469	359	155	81
460	359	165	81
462	354	158	80
473	346	141	83
477	342	129	77
467	337	136	83
456	335	128	84
450	334	133	84
441	328	138	84
421	328	144	83
406	329	160	82
400	338	165	71
400	344	164	67
401	353	170	64
407	354	155	69
419	346	150	73
420	338	158	80
458	331	140	79
460	326	143	81
444	323	157	88
439	341	168	76
466	333	132	86
452	330	123	76
469	326	122	69
460	321	112	76
446	318	136	80
450	338	139	65
429	349	158	61
428	346	151	69
421	344	168	68
435	335	150	71
459	328	130	84
455	325	151	80
485	317	150	85
477	327	126	78
478	325	160	82
479	321	163	86
514	344	137	71
509	341	147	81
529	344	136	86
511	371	154	86
517	389	154	93
524	406	156	96
568	420	127	85
562	418	143	89
562	414	154	95
557	406	169	102
558	380	178	120
568	409	157	90
562	402	164	99
557	394	179	106
581	392	164	103
562	387	193	98
523	342	227	130
502	294	239	170
504	266	234	181
500	263	229	173
493	255	222	175
489	236	219	181
473	240	200	197
470	223	135	234
457	234	216	183
450	285	180	163
445	362	148	88
433	389	196	91
460	380	166	111
452	387	119	126
457	394	175	103
453	388	191	108
472	377	185	112
476	394	171	113
495	390	170	117
483	391	198	118
477	390	219	124
519	333	185	190
567	270	178	236
494	367	247	163
521	345	225	182
544	362	197	151
531	370	232	141
564	368	179	142
571	364	190	122
558	358	197	125
587	336	178	130
567	341	174	125
546	345	186	123
565	350	182	121
541	360	221	115
553	366	215	121
591	386	186	114
572	412	218	99
607	397	188	126
594	356	216	161
603	313	181	198
584	349	193	172
523	398	267	115
525	392	256	130
527	388	253	127
522	380	259	128
517	372	265	134
511	367	110	113
497	399	88	76
495	404	81	74
505	397	85	76
498	400	84	70
496	402	77	66
492	400	76	66
492	399	169	100
485	380	191	93
481	385	197	100
474	388	237	101
479	389	223	90
464	406	232	97
458	415	214	99
450	419	194	108
434	431	211	97
427	434	218	104
416	435	184	69
422	447	283	123
434	437	348	32
456	445	314	130
467	429	228	121
483	372	392	39
446	445	238	129
424	420	349	10
537	402	45	132
394	398	86	70
391	394	160	124
407	385	116	92
411	380	128	86
415	378	145	80
432	378	250	21
431	376	157	101
334	477	98	113
442	390	130	94
438	392	210	122
467	385	140	137
463	393	165	123
480	393	169	125
501	393	188	86
506	406	11	254
513	416	86	101
527	394	69	65
526	387	75	73
523	383	84	74
541	396	72	78
551	400	79	88
543	397	83	82
538	415	83	62
538	418	77	63
536	410	107	84
528	404	93	67
525	398	126	98
516	393	196	124
505	372	185	117
498	378	169	108
499	384	182	108
486	382	191	92
472	377	171	96
448	377	132	101
430	377	98	89
422	370	97	103
400	388	113	88
387	405	113	85
359	419	123	71
350	425	148	82
340	441	216	80
340	451	241	86
339	466	231	87
338	467	247	99
386	419	209	157
413	370	204	194
431	383	209	167
475	401	183	145
500	427	182	116
545	430	162	112
578	434	170	104
646	433	138	101
682	432	99	101
712	431	91	87
732	430	65	86
733	433	57	89
754	425	52	77
772	417	77	48
817	414	85	60
847	417	77	71
855	421	83	68
863	421	79	70
872	423	85	84
844	427	130	69
823	428	147	86
816	428	153	110
807	428	150	133
790	432	153	127
772	433	153	151
758	431	148	157
744	427	150	170
735	422	146	174
721	426	144	164
703	424	140	169
684	414	143	169
680	420	126	174
678	414	130	154
670	417	122	159
652	419	131	162
652	418	125	182
646	415	122	159
646	420	120	157
643	412	121	173
639	399	123	187
640	381	92	166
641	376	63	78
628	377	55	71
602	375	62	73
576	364	67	91
562	353	63	92
531	342	108	135
512	351	88	77
491	348	65	75
468	352	144	137
437	354	164	149
428	351	99	98
411	367	132	110
399	368	197	127
385	334	208	157
378	332	176	141
356	337	202	158
334	336	217	140
316	345	217	121
305	345	224	117
293	333	209	129
277	336	186	101
267	347	161	94
257	336	161	107
244	331	155	112
243	332	172	111
203	330	219	107
181	331	230	112
160	328	229	104
146	338	238	100
145	331	230	101
145	340	197	94
156	344	187	93
160	334	186	100
171	327	173	92
172	326	122	98
175	327	102	80
183	328	109	83
208	324	110	68
214	321	202	98
216	319	190	105
238	319	160	104
259	319	130	90
281	311	116	84
305	302	114	87
318	295	107	75
340	290	66	55
363	284	51	51
372	276	52	59
400	278	37	56
410	277	30	49
411	283	42	58
413	288	110	73
421	285	102	73
416	291	79	66
423	296	67	59
413	273	64	69
404	282	59	62
394	287	63	68
371	280	69	73
359	298	75	63
358	306	104	61
365	291	82	57
375	297	79	52
373	295	91	44
377	290	90	53
384	270	68	59
386	268	77	72
382	273	74	65
