0.024999
0.174369
0.192429
0.178835
0.185256
0.162995
0.168809
0.189965
0.172946
0.186479
0.179873
0.162974
0.170022
0.183308
0.195594
0.173925
0.173571
0.220544
0.187749
0.164973
0.171536
0.168082
0.172815
0.193619
0.195415
0.171031
0.161984
0.154518
0.148917
0.210420
0.186000
0.173400
0.155372
0.162966
0.198592
0.179209
0.171118
0.172231
0.161271
0.180270
0.158834
0.185601
0.176539
0.182599
0.164815
0.216627
0.167915
0.180683
0.184493
0.170335
0.189837
0.208758
0.167699
0.157991
0.210042
0.168317
0.173270
0.148790
0.157808
0.192630
0.174549
0.176974
0.168890
0.172899
0.175205
0.174566
0.167903
0.182418
0.162206
0.174661
0.161997
0.209172
0.163223
0.169261
0.209593
0.167739
0.180467
0.147547
0.161760
0.157455
0.222331
0.179022
0.156706
0.197824
0.192255
0.161166
0.187692
0.172522
0.205816
0.181908
0.187693
0.205442
0.174340
0.166515
0.175303
0.148067
0.158953
0.159776
0.167980
0.171876
0.175952
0.192262
0.203591
0.169826
0.164459
0.185342
0.183844
0.187979
0.168948
0.166105
0.174842
0.163381
0.160840
0.180473
0.176835
0.170025
0.153548
0.176247
0.146760
0.171508
0.176167
0.182273
0.179133
0.172533
0.191386
0.156217
0.161308
0.171819
0.157686
0.163883
0.179709
0.180501
0.162443
0.191684
0.176727
0.197702
0.167675
0.154726
0.171532
0.193141
0.172167
0.142242
0.165042
0.165016
0.164765
0.174937
0.168039
0.148805
0.166885
0.165326
0.152536
0.165782
0.146732
0.181713
0.180785
0.196613
0.173148
0.147625
0.175374
0.159989
0.149412
0.162619
0.173532
0.162390
0.186061
0.157346
0.145559
0.160480
0.152277
0.173831
0.151737
0.174118
0.153237
0.168496
0.144413
0.172248
0.165256
0.173532
0.180646
0.193479
0.148038
0.173536
0.172776
0.183911
0.173731
0.181186
0.224471
0.220584
0.167264
0.171292
0.191751
0.183319
0.176864
0.171614
0.164398
0.160812
0.191747
0.177182
0.164520
0.174558
0.160729
0.168675
0.181557
0.158141
0.174519
0.159068
0.182038
0.174974
0.171219
0.190436
0.177978
0.187954
0.152078
0.142297
0.206553
0.180428
0.196925
0.165225
0.170738
0.146797
0.170287
0.187537
0.171848
0.182394
0.176203
0.177122
0.161771
0.156565
0.167260
0.194580
0.157827
0.156467
0.148251
0.173720
0.170983
0.173109
0.169527
0.195437
0.169744
0.165843
0.199325
0.157319
0.175243
0.157670
0.171105
0.171916
0.169604
0.157146
0.197188
0.170840
0.171937
0.199694
0.178719
0.163527
0.156976
0.191623
0.177940
0.176357
0.185368
0.193717
0.195968
0.156382
0.180955
0.172435
0.170972
0.171171
0.157227
0.160310
0.165350
0.193186
0.191221
0.185437
0.223486
0.180638
0.169144
0.189634
0.192935
0.211371
0.212381
0.161740
0.181455
0.189299
0.174403
0.178139
0.171974
0.203263
0.181406
0.176244
0.180360
0.161910
0.166474
0.178877
0.207675
0.180922
0.173260
0.187381
0.211436
0.172565
0.188706
0.188730
0.218707
0.169525
0.178864
0.195571
0.174424
0.187005
0.173731
0.206631
0.197533
0.169435
0.182714
0.200868
0.208187
0.171678
0.172091
0.217153
0.173735
0.191912
0.203918
0.189229
0.186300
0.171117
0.167983
0.184387
0.188565
0.182712
0.179396
0.179410
0.157980
0.151936
0.154804
0.193553
0.217952
0.175978
0.180966
0.147766
0.174961
0.216601
0.172262
0.176810
0.174418
0.208626
0.176851
0.159230
0.154145
0.174795
0.185334
0.155440
0.155184
0.153335
0.172081
0.187932
0.200394
0.177418
0.173097
0.164059
0.173164
0.151016
0.159964
0.164025
0.177161
0.176670
0.193366
0.179367
0.167001
0.169625
0.168305
0.179973
0.171961
0.148492
0.186309
0.165460
0.165339
0.194848
0.172216
0.199244
0.149722
0.167997
0.164736
0.217812
0.168014
0.158123
0.176713
0.156298
0.196576
0.167957
0.194745
0.202394
0.194629
0.163158
0.165609
0.158434
0.181575
0.195305
0.154076
0.181731
0.156564
0.177629
0.162758
0.177297
0.139273
0.151506
0.176085
0.152944
0.189443
0.194720
0.172446
0.156691
0.191616
0.170880
0.167793
0.173542
0.162483
0.174779
0.198213
0.171546
0.193351
0.167946
0.178423
0.162141
0.162849
0.197259
0.152547
0.159299
0.156155
0.183599
0.180963
0.156499
0.184336
0.176826
0.158670
0.206835
0.196870
0.191980
0.198669
0.168531
0.165594
0.169028
0.176764
0.151423
0.180830
0.169056
0.168364
0.184260
0.154077
0.165312
0.164591
0.190963
0.164786
0.164465
0.167928
0.196167
0.211580
0.176105
0.171127
0.185939
0.167223
0.169112
0.152299
0.212650
0.181837
0.199268
0.186293
0.186835
0.156688
0.166700
0.167527
0.176188
0.171123
0.163438
0.192212
0.178817
0.173322
0.196166
0.175300
0.159137
0.168325
0.171956
0.153191
0.157383
0.175987
0.190022
0.163671
0.182727
0.178228
0.181302
0.188899
0.181072
0.160431
0.205923
0.189188
0.176212
0.181207
0.204604
0.177213
0.177480
0.187286
0.159935
0.198999
0.150574
0.187007
0.174152
0.150056
0.163172
0.168449
0.173536
0.173547
0.186153
0.180187
0.192514
0.195005
0.155786
0.183022
0.173089
0.172965
0.148381
0.162324
0.157731
0.182917
0.194766
0.156567
0.158715
0.171834
0.157412
0.183929
0.193503
0.164214
0.187160
0.148698
0.148967
0.177500
0.162914
0.181099
0.187998
0.207237
0.174423
0.189214
0.166072
0.182185
0.168395
0.173776
0.181203
0.173136
0.168744
0.220960
0.196907
0.163635
0.183492
0.167808
0.166422
0.158388
0.181136
0.210862
0.189667
0.177365
0.152408
0.194910
0.174856
0.186488
0.186968
0.173712
0.192832
0.163718
0.159542
0.186043
0.171221
0.184589
0.219186
0.172354
0.194571
0.159301
0.178475
0.201328
0.181449
0.178373
0.184199
0.188600
0.184751
0.194314
0.156523
0.187826
0.167271
0.188822
0.192501
0.161428
0.166856
0.449791
0.182755
0.173249
0.192305
0.191305
0.165783
0.167078
0.157425
0.149184
0.189800
0.200563
0.190232
0.172287
0.183201
0.180298
0.161543
0.177608
0.213456
0.152566
0.161069
0.171586
0.200440
0.177216
0.168091
0.184378
0.161180
0.184740
0.176309
0.200197
0.181759
0.211633
0.166068
0.194000
0.177699
0.158998
0.185875
0.176454
0.158662
0.163247
0.159776
0.175248
0.150680
0.184995
0.181110
0.203645
0.187988
0.202486
0.178950
0.180017
0.157302
0.174946
0.152160
0.164078
0.151642
0.158202
0.179382
0.173065
0.163278
0.174309
0.195475
0.170793
0.188455
0.163195
0.154458
0.167092
0.162250
0.190114
0.173357
0.157301
0.183079
0.156455
0.199137
0.193274
0.194029
0.160099
0.181350
0.160626
0.147635
0.172764
0.161348
0.159375
0.219006
0.183493
0.206123
0.187638
0.182304
0.181499
0.170832
0.186703
0.183885
0.168152
0.179127
0.150136
0.173364
0.166005
0.165826
0.190841
0.175024
0.158661
0.196903
0.170121
0.171254
0.164789
0.163704
0.147336
0.158713
0.197692
0.176510
0.174479
0.163201
0.219987
0.152583
0.175857
0.177860
0.168025
0.180635
0.180650
0.171089
0.210533
0.199095
0.161804
0.174945
0.196787
0.208546
0.207853
0.167657
0.193330
0.163927
0.166021
0.173395
0.164038
0.175379
0.175501
0.175029
0.184138
0.184344
0.174477
0.176037
0.164525
0.161501
0.176212
0.180873
0.172288
0.163196
0.158097
0.148290
0.178940
0.154567
0.156260
0.153638
0.210078
0.176728
0.200301
0.175941
0.154417
0.151329
0.165564
0.195695
0.148654
0.205769
0.190845
0.185127
0.184660
0.158227
0.192153
0.168858
0.182683
0.197068
0.163121
0.171921
0.212529
0.159178
0.201635
0.180736
0.168873
0.147106
0.197855
0.205443
0.172497
0.148682
0.166126
0.169132
0.196991
0.170128
0.187415
0.186265
0.186740
0.203911
0.194137
0.178895
0.181532
0.198215
0.154941
0.163782
0.178736
0.170136
0.155468
0.158105
0.185238
0.174971
0.191123
0.196370
0.186975
0.236087
0.179219
0.228292
0.176386
0.227841
0.180129
0.182677
0.188654
0.232737
0.212469
0.213514
0.198052
0.168963
0.179027
0.219173
0.187573
0.200807
0.236940
0.208214
0.192071
0.240206
0.178167
0.202331
0.181870
0.170353
0.184177
0.173878
0.153601
0.177845
0.214183
0.165954
0.179360
0.172912
0.189546
0.179236
0.183222
0.161726
0.173474
0.162917
0.183608
0.178281
0.171565
0.153465
0.154310
0.148255
0.147111
0.153576
0.176157
0.185318
0.177600
0.169029
0.169624
0.162121
0.185262
0.172630
0.164874
0.172634
0.186658
0.183246
0.174619
0.195500
0.184317
0.193050
0.180171
0.150059
0.198183
0.157418
0.191690
0.192745
0.184905
0.148273
0.165365
0.186840
0.169310
0.153100
0.173328
0.197545
0.185414
0.180905
0.177845
0.181738
0.156013
0.169177
0.181731
0.199887
0.191942
0.194883
0.216365
0.164577
0.163905
0.172412
0.167583
0.174384
0.173163
0.184512
0.217365
0.171298
0.181015
0.159859
0.185198
0.189115
0.179336
0.171766
0.165897
0.173435
0.184615
0.167997
0.170114
0.184335
0.170926
0.176226
0.214810
0.189388
0.178533
0.194257
0.223267
0.215489
0.176590
0.192408
0.232967
0.184652
0.167817
0.186206
0.177721
0.176551
0.182308
0.157360
0.155844
0.142612
0.167975
0.201642
0.185169
0.160828
0.174207
0.157530
0.193539
0.165529
0.171196
0.174141
0.174982
0.176330
0.173262
0.168483
0.165368
0.181098
0.157987
0.173633
0.170468
0.203259
0.169160
0.172796
0.201404
0.176799
0.166114
0.204841
0.174273
0.159053
0.188563
0.163010
0.210127
0.168108
0.193377
0.212192
0.186102
0.189386
0.167026
0.215230
0.172136
0.156642
0.169305
0.147217
0.167953
0.184066
0.186102
0.163977
0.186488
0.175761
0.156353
0.177729
0.164016
0.160677
0.142056
0.153234
0.178454
0.212552
0.183743
0.166351
0.190686
0.177385
0.155338
0.159909
0.183482
0.159837
0.182410
0.172044
0.184781
0.169739
0.197296
0.177086
0.168228
0.148257
0.192585
0.174958
0.172516
0.199135
0.190601
0.173576
0.152977
0.181175
0.186803
0.183430
0.161562
0.158442
0.194483
0.160375
0.176948
0.187477
0.168791
0.205575
0.143249
0.150610
0.186896
0.169657
0.178006
0.160564
0.206712
0.163100
0.161899
0.175574
0.200659
0.172839
0.149299
0.179574
0.166112
0.187480
0.188339
0.197606
0.173639
0.169660
0.180798
0.182169
0.160427
0.202934
0.177595
0.193686
0.177742
0.174659
0.171159
0.171209
0.175761
0.149697
0.159399
0.143105
0.175797
0.160948
0.178105
0.174215
0.218412
0.169561
0.171953
0.195614
0.157397
0.174911
0.175819
0.154907
0.169680
0.168927
0.141147
0.174666
0.170718
0.165066
0.164674
0.164986
0.164811
0.196198
0.186435
0.180316
0.170340
0.143199
0.177953
0.209226
0.185213
0.190610
0.187024
0.151144
0.155200
0.167465
0.168468
0.169870
0.170540
0.171754
0.178885
0.196089
0.161574
0.191133
0.177812
0.188782
0.184736
0.200259
0.214894
0.170521
0.221313
0.190518
0.179655
0.203660
0.178563
0.169697
0.168960
0.189892
0.191033
0.205150
0.179307
0.164501
0.175860
0.165951
0.160496
0.175131
0.224962
0.174212
0.220680
0.156975
0.154850
0.237704
0.169621
0.167962
0.177372
0.181117
0.176181
0.171040
0.181369
0.189841
0.173504
0.180734
0.186519
0.178858
0.168017
0.194209
0.208834
0.182498
0.175026
0.169150
0.178833
0.182967
0.165374
0.209617
0.191506
0.184533
0.181207
0.172965
0.203494
0.177883
0.150649
0.172854
0.163874
0.161043
0.173898
0.165258
0.188223
0.169060
0.167077
0.166832
0.196608
0.233734
0.175555
0.181067
0.174530
0.183687
0.166095
0.161977
0.205020
0.155555
0.163304
0.203545
0.183205
0.191941
0.168256
0.177082
0.202023
0.155858
0.179073
0.163872
0.176095
0.171471
0.159579
0.151134
0.146130
0.177686
0.175106
0.159928
0.177773
0.167623
0.157645
0.170139
0.160605
0.165184
0.178581
0.157398
0.150977
0.180609
0.179817
0.163033
0.167386
0.156110
0.187394
0.147697
0.178027
0.179153
0.163579
0.153796
0.163427
0.191121
0.173199
0.148797
0.156274
0.167966
0.158797
0.179446
0.203005
0.166007
0.143783
0.161448
0.159194
0.176047
0.184237
0.177094
0.196544
0.161504
0.177233
0.183456
0.164084
0.187847
0.194543
0.169113
0.176579
0.176910
0.165627
0.177886
0.156299
0.148349
0.169668
0.166803
0.172616
0.171183
0.178034
0.208082
0.165709
0.165119
0.224790
0.162878
0.149451
0.164490
0.151150
0.195420
0.159487
0.162223
0.179009
0.172453
0.158585
0.193542
0.150508
0.182469
0.176635
0.156287
0.189168
0.166163
0.176759
0.172613
0.166716
0.173871
0.197123
0.172883
0.147542
0.163895
0.172362
0.166058
0.176739
0.183020
0.189402
0.199273
0.169834
0.159937
0.157237
0.171129
0.166208
0.187748
0.180932
0.171950
0.172575
0.180076
0.169305
0.207840
0.194877
0.199850
0.170824
0.170573
0.184531
0.159370
0.201845
0.169399
0.170319
0.161697
0.172694
0.190051
0.163638
0.171790
0.194203
0.174675
0.167485
0.151034
0.178397
0.191122
0.159902
0.180784
0.177035
0.162516
0.142316
0.156646
0.178191
0.160776
0.150792
0.161163
0.169681
0.193826
0.171848
0.171357
0.177767
0.179399
0.165743
0.166806
0.199349
0.183126
0.188773
0.179634
0.186742
0.160805
0.169329
0.173655
0.230649
0.178870
0.181940
0.176688
0.160341
0.165602
0.154374
0.162913
0.165897
0.155581
0.191986
0.183463
0.175357
0.169918
0.166409
0.180016
0.171946
0.190260
0.167449
0.200511
0.174708
0.188578
0.186663
0.160490
0.221157
0.201021
0.182181
0.174752
0.152880
0.173572
0.190007
0.175753
0.155481
0.153883
0.196221
0.184640
0.186875
0.161733
0.197747
0.183305
0.170981
0.164902
0.175839
0.195604
0.166677
0.162317
0.182571
0.172037
0.161833
0.192508
0.174179
0.161711
0.166263
0.173826
0.166406
0.164980
0.160142
0.167006
0.157978
0.161660
0.162998
0.196146
0.203557
0.189316
0.160291
0.146387
0.186093
0.185445
0.159741
0.166012
0.171462
0.156005
0.162964
0.169667
0.171833
0.172935
0.160343
0.168228
0.176705
0.160311
0.189140
0.174608
0.190331
0.191217
0.182464
0.222397
0.172827
0.173213
0.198753
0.178628
0.193495
0.180838
0.161209
0.168275
0.205812
0.192099
0.153377
0.163640
0.151748
0.166902
0.175420
0.152243
0.171026
0.194668
0.194576
0.165308
0.169739
0.190764
0.160927
0.156809
0.173987
0.175719
0.174990
0.165679
0.185399
0.157350
0.227595
0.170240
0.147629
0.180583
0.168768
0.168946
0.161470
0.205897
0.181347
0.158816
0.184742
0.157142
0.171097
0.166970
0.160464
0.178869
0.179441
0.189675
0.154373
0.198383
0.166384
0.179825
0.170699
0.184506
0.188723
0.147963
0.163485
0.161924
0.174831
0.167016
0.174826
0.178768
0.177413
0.172396
0.168271
0.174296
0.162086
0.151805
0.183511
0.153840
0.151123
0.163395
0.159166
0.166813
0.177454
0.143617
0.166938
0.150235
0.160324
0.178246
0.171567
0.173405
0.158450
0.148236
0.164323
0.161862
0.168207
0.172531
0.167500
0.187910
0.157825
0.179356
0.156872
0.171079
0.174819
0.148700
0.174459
0.183597
0.167571
0.181093
0.162090
0.172480
0.169533
0.160071
0.159986
0.161639
0.162308
0.149594
0.189617
0.192455
0.207944
0.171589
0.150576
0.157765
0.210883
0.202529
0.153718
0.146069
0.186293
0.161197
0.162351
0.162681
0.162289
0.153007
0.159334
0.144672
0.155047
0.196227
0.218800
0.153795
0.168303
0.172383
0.163136
0.173112
0.154225
0.159573
0.169272
0.171288
0.190439
0.180603
0.168864
0.168503
0.210793
0.194668
0.210635
0.184089
0.177200
0.160424
0.165617
0.188138
0.196601
0.187878
0.172304
0.175889
0.188782
0.196777
0.166444
0.178005
0.175769
0.174460
0.187135
0.189401
0.205672
0.170872
0.181027
0.166160
0.207470
0.174578
0.167020
0.211102
0.195454
0.170976
0.179435
0.167545
0.159939
0.154736
0.158855
0.167988
0.205872
0.178027
0.160240
0.183098
0.168556
0.162513
0.178902
0.167969
0.174676
0.165456
0.187772
0.173866
0.196822
0.180650
0.168372
0.177712
0.169770
0.177147
0.153730
0.175056
0.163457
0.145354
0.217581
0.169799
0.173576
0.149069
0.158599
0.192851
0.164713
0.157277
0.178499
0.217042
0.162772
0.160520
0.175825
0.175858
0.176383
0.170824
0.167335
0.171203
0.149347
0.146385
0.176283
0.191340
0.170734
0.160977
0.157647
0.182732
0.178226
0.166876
0.173378
0.151622
0.175495
0.167190
0.171351
0.164919
0.156416
0.161083
0.162977
0.149621
0.178924
0.166299
0.169866
0.180952
0.185189
0.200801
0.165791
0.178138
0.217431
0.172155
0.191936
0.182368
0.181904
0.164988
0.180868
0.159840
0.159229
0.190205
0.144725
0.165467
0.157583
0.172703
0.171364
0.193499
0.158826
0.210743
0.177739
0.221849
0.182774
0.207733
0.173674
0.202231
0.172961
0.176235
0.184042
0.208170
0.162030
0.154969
0.176528
0.167915
0.169089
0.170995
0.166793
0.191400
0.169564
0.168315
0.215793
0.215015
0.174927
0.187327
0.202495
0.161314
0.184807
0.204835
0.188409
0.155698
0.224690
0.177403
0.186114
0.168643
0.165479
0.167348
0.185141
0.168701
0.164979
0.159512
0.156376
0.207910
0.163268
0.197938
0.166471
0.171955
0.179788
0.164103
0.179856
0.164105
0.151815
0.169821
0.159412
0.148078
0.153223
0.162429
0.190412
0.163160
0.162240
0.213208
0.152848
0.170828
0.179710
0.182095
0.161011
0.175843
0.177853
0.175498
0.171930
0.180160
0.156836
0.188704
0.194889
0.160367
0.174997
0.184840
0.205540
0.191989
0.178032
0.230296
0.164469
0.197991
0.169666
0.176146
0.187231
0.162704
0.149988
0.177037
0.206718
0.172432
0.172218
0.152677
0.148906
0.153296
0.187760
0.182135
0.186918
0.197785
0.168346
0.163084
0.183622
0.167185
0.172796
0.177803
0.176939
0.178813
0.174872
0.169681
0.166444
0.153204
0.233993
0.224708
0.191013
0.178108
0.167753
0.181146
0.175934
0.166879
0.156560
0.193812
0.169535
0.188723
0.171517
0.169390
0.157064
0.194908
0.164309
0.172953
0.173276
0.199566
0.175405
0.202425
0.175217
0.197474
0.165182
0.171931
0.219368
0.203027
0.212643
0.160094
0.165860
0.185951
0.159558
0.204117
0.195881
0.166167
0.174007
0.178895
0.217088
0.176658
0.177337
0.161418
0.181580
0.171845
0.197106
0.186614
0.168417
0.174555
0.196872
0.155389
0.160526
0.162049
0.179868
0.155309
0.165210
0.179555
0.163926
0.164429
0.183938
0.204247
0.148109
0.203043
0.173845
0.161926
0.185536
0.197279
0.175507
0.197863
0.189600
0.184583
0.164378
0.159210
0.156286
0.153283
0.144693
0.179281
0.190192
0.168329
0.193181
0.162503
0.176875
0.158583
0.165705
0.156342
0.156716
0.188813
0.185317
0.160303
0.187007
0.174194
0.188312
0.152519
0.175412
0.163158
0.180488
0.194983
0.185485
0.187865
0.180346
0.155765
0.171469
0.162551
0.198257
0.175886
0.188235
0.196273
0.170694
0.171143
0.166952
0.151660
0.175044
0.180008
0.187523
0.180512
0.174587
0.184703
0.183130
0.176702
0.167059
0.175772
0.213895
0.200119
0.161638
0.178657
0.168655
0.195102
0.161099
0.160671
0.172157
0.166687
0.176831
0.174290
0.179132
0.156115
0.213516
0.161528
0.174504
0.165716
0.173997
0.182250
0.155602
0.173574
0.170700
0.150184
0.161553
0.161953
0.180986
0.148537
0.173236
0.168309
0.196581
0.206651
0.204496
0.170541
0.155403
0.168356
0.168078
0.172186
0.181254
0.189740
0.172995
0.187603
0.191776
0.177163
0.175412
0.188896
0.148728
0.152958
0.173458
0.175310
0.177251
0.191906
0.164984
0.159249
0.184636
0.175479
0.188770
0.170340
0.183450
0.207072
0.197416
0.191099
0.201805
0.181057
0.171332
0.204994
0.181706
0.154133
0.204297
0.192754
0.194804
0.171543
0.187201
0.192470
0.197303
0.181926
0.201188
0.192765
0.200994
0.191510
0.200206
0.173007
0.165323
0.165565
0.157254
0.205684
0.171826
0.162562
0.185031
0.167932
0.184711
0.154156
0.163051
0.177594
0.177536
0.163239
0.157967
0.162361
0.163186
0.180807
0.191844
0.186575
0.174639
0.172631
0.143928
0.158115
0.184169
0.173796
0.171032
0.175279
0.161833
0.170728
0.168700
0.197731
0.152863
0.199404
0.227718
0.186490
0.162545
0.167530
0.167192
0.182404
0.155915
0.160409
0.164749
0.172137
0.182424
0.176071
0.179244
0.180449
0.210223
0.155799
0.144511
0.168878
0.173568
0.195969
0.166140
0.155890
0.194335
0.176107
0.166875
0.185045
0.175243
0.184613
0.173748
0.156530
0.183299
0.166687
0.178883
0.165164
0.191537
0.166026
0.162487
0.178290
0.177323
0.173813
0.167837
0.160897
0.141779
0.198243
0.163386
0.172172
0.171118
0.165658
0.167193
0.175889
0.158199
0.172805
0.181505
0.168443
0.160324
0.163412
0.176884
0.177743
0.144269
0.175368
0.164145
0.183788
0.182977
0.190175
0.174342
0.171808
0.190451
0.170149
0.176775
0.181448
0.162528
0.147862
0.163038
0.181602
0.165575
0.167683
0.167887
0.179583
0.185305
0.182351
0.178194
0.167247
0.189530
0.165598
0.178560
0.199934
0.186946
0.192238
0.168969
0.181955
0.160129
0.164583
0.186054
0.186059
0.159060
0.176397
0.169839
0.167150
0.178474
0.165655
0.171747
0.170591
0.157264
0.151327
0.179075
0.190438
0.171608
0.174339
0.205021
0.199403
0.173727
0.201218
0.175978
0.191500
0.170044
0.180882
0.190822
0.155550
0.176518
0.166967
0.155301
0.152258
0.183225
0.201936
0.193456
0.209464
0.189596
0.193724
0.169669
0.195703
0.170033
0.176918
0.172847
0.165520
0.171352
0.169790
0.191797
0.177654
0.171005
0.182026
0.162853
0.165379
0.155148
0.184750
0.169191
0.166606
0.203256
0.165526
0.158785
0.184234
0.191393
0.201701
0.171522
0.185732
0.177996
0.172456
0.168382
0.195705
0.184822
0.194069
0.184459
0.182708
0.180330
0.209953
0.196106
0.180752
0.169134
0.182169
0.184343
0.186488
0.213357
0.190013
0.165168
0.173792
0.188237
0.172737
0.193359
0.203918
0.202873
0.180935
0.185620
0.173793
0.152699
0.205725
0.217240
0.198242
0.210253
0.177702
0.170496
0.160741
0.160141
0.155895
0.201041
0.165124
0.182150
0.171365
0.183726
0.191898
0.195244
0.166836
0.166547
0.188347
0.174479
0.199121
0.173908
0.173123
0.157812
0.157889
0.169187
0.166666
0.165312
0.148614
0.188304
0.209044
0.173643
0.166228
0.181888
0.156721
0.161894
