0.026200
0.174943
0.175694
0.192760
0.177336
0.184376
0.194449
0.185874
0.188034
0.175108
0.186718
0.169554
0.166262
0.158443
0.172363
0.165909
0.176216
0.164740
0.160913
0.158017
0.172698
0.192847
0.170213
0.197475
0.175900
0.169275
0.165782
0.200063
0.155190
0.194987
0.172971
0.202358
0.155738
0.160034
0.179516
0.160416
0.178003
0.164199
0.193529
0.159406
0.146553
0.156560
0.149178
0.153759
0.160164
0.158324
0.164023
0.177500
0.159542
0.188754
0.186389
0.160737
0.199643
0.198030
0.174641
0.160618
0.192887
0.207496
0.160272
0.158892
0.146807
0.174593
0.181321
0.165053
0.189277
0.185785
0.141437
0.155870
0.166967
0.168144
0.165548
0.179026
0.167414
0.171246
0.175137
0.187920
0.174783
0.158753
0.179927
0.177955
0.201459
0.145268
0.204175
0.162891
0.194688
0.173134
0.150169
0.172061
0.184117
0.179296
0.168456
0.176908
0.156436
0.162523
0.152189
0.173544
0.203335
0.172987
0.179547
0.152752
0.200305
0.155749
0.169616
0.188606
0.172558
0.175434
0.175276
0.166931
0.202779
0.163082
0.170989
0.150161
0.150537
0.167392
0.156030
0.157722
0.160018
0.170775
0.185016
0.160108
0.176157
0.176159
0.182404
0.158090
0.157072
0.175001
0.180526
0.187382
0.176473
0.168090
0.158190
0.182342
0.148587
0.175138
0.165368
0.164083
0.175799
0.178204
0.172490
0.171271
0.152139
0.162086
0.151884
0.158286
0.154806
0.181268
0.190191
0.152713
0.150553
0.180593
0.173117
0.165312
0.156564
0.183574
0.163546
0.179616
0.207006
0.166820
0.167093
0.157008
0.184714
0.179720
0.180630
0.161006
0.179545
0.173639
0.192332
0.160309
0.170994
0.196848
0.209606
0.166946
0.179504
0.171007
0.165645
0.159810
0.147059
0.160981
0.190892
0.165903
0.154141
0.171317
0.194413
0.164666
0.179744
0.194712
0.172386
0.166244
0.146955
0.158524
0.172576
0.169535
0.151588
0.147792
0.163963
0.159172
0.158916
0.177971
0.161933
0.180351
0.170477
0.155411
0.161485
0.160411
0.179437
0.151438
0.195080
0.169554
0.167646
0.152653
0.164981
0.172569
0.165979
0.174636
0.191053
0.178453
0.153306
0.147193
0.163755
0.185091
0.199365
0.232773
0.186462
0.161738
0.188388
0.173525
0.168452
0.167036
0.164542
0.159155
0.160688
0.169875
0.177239
0.159785
0.153557
0.163657
0.170928
0.160576
0.156436
0.170472
0.173375
0.155798
0.146367
0.163327
0.172067
0.170585
0.161851
0.181301
0.202158
0.196286
0.184345
0.205719
0.171646
0.155696
0.157499
0.156576
0.169924
0.164855
0.176269
0.187467
0.168078
0.167674
0.160681
0.213988
0.159391
0.180782
0.159275
0.179462
0.159451
0.185931
0.154292
0.157104
0.161219
0.164507
0.165451
0.172822
0.160806
0.161860
0.171139
0.183351
0.160161
0.163724
0.172805
0.161366
0.163270
0.151949
0.166288
0.190271
0.182760
0.145796
0.162427
0.175188
0.149906
0.208468
0.163719
0.208949
0.181872
0.194588
0.154404
0.179250
0.175999
0.183097
0.151883
0.159679
0.151993
0.184060
0.193362
0.165282
0.167546
0.173142
0.188443
0.190247
0.205039
0.175277
0.156114
0.195724
0.204114
0.153612
0.145271
0.161449
0.188840
0.169309
0.162178
0.168264
0.166396
0.175150
0.174534
0.158552
0.163761
0.165512
0.195051
0.154264
0.178488
0.145303
0.145953
0.152311
0.154057
0.175771
0.179158
0.190356
0.171527
0.172035
0.165348
0.168171
0.178327
0.155814
0.157762
0.162896
0.178496
0.162271
0.145911
0.164380
0.172139
0.179668
0.194661
0.151003
0.166455
0.176754
0.187759
0.173011
0.156444
0.158201
0.158933
0.180565
0.198034
0.186204
0.198364
0.195856
0.194043
0.167160
0.150626
0.189483
0.169700
0.171434
0.184109
0.160100
0.181305
0.169548
0.172234
0.186284
0.173778
0.143313
0.179388
0.156507
0.188674
0.201324
0.156612
0.163902
0.182470
0.179069
0.157842
0.170508
0.168560
0.189331
0.190907
0.156945
0.195921
0.197703
0.183231
0.176035
0.164990
0.199372
0.199357
0.192273
0.165876
0.159777
0.147354
0.170689
0.159118
0.158145
0.184368
0.173911
0.161458
0.199850
0.158685
0.153330
0.168791
0.167929
0.178029
0.178252
0.163006
0.173312
0.176952
0.188874
0.213422
0.186496
0.190021
0.168592
0.184221
0.175875
0.183212
0.170732
0.161489
0.175020
0.170530
0.213219
0.165801
0.171122
0.174210
0.159154
0.179714
0.171698
0.192002
0.157972
0.187910
0.168784
0.201450
0.168021
0.157610
0.183182
0.176059
0.155132
0.169694
0.193773
0.186138
0.218220
0.201956
0.179938
0.165453
0.168767
0.193514
0.173663
0.173440
0.195736
0.172316
0.193573
0.206298
0.178856
0.200872
0.180435
0.180712
0.182481
0.149265
0.204508
0.183773
0.192592
0.153868
0.158901
0.173322
0.169229
0.174345
0.188127
0.183937
0.197142
0.148693
0.150298
0.154832
0.161995
0.153228
0.211626
0.172022
0.167770
0.166513
0.164235
0.197790
0.160811
0.196327
0.145552
0.152226
0.177990
0.153350
0.147858
0.156172
0.169875
0.189606
0.160018
0.170000
0.185183
0.145695
0.159814
0.161526
0.156374
0.166974
0.166167
0.186233
0.176910
0.195881
0.166955
0.155935
0.152982
0.161963
0.148624
0.150410
0.185470
0.172884
0.173794
0.177306
0.207951
0.187190
0.153060
0.165345
0.168721
0.163916
0.186156
0.175248
0.163398
0.178732
0.151700
0.166517
0.156192
0.201052
0.168940
0.183003
0.161151
0.164684
0.163164
0.182287
0.180463
0.194347
0.157626
0.194785
0.162096
0.175957
0.172261
0.211222
0.188741
0.157032
0.149896
0.188292
0.181803
0.164469
0.162916
0.149263
0.157559
0.183501
0.168665
0.159049
0.181739
0.175536
0.155276
0.171568
0.173663
0.165542
0.187274
0.155840
0.164929
0.185743
0.209163
0.162727
0.174350
0.177456
0.169407
0.161554
0.154190
0.148952
0.167071
0.183002
0.220726
0.194121
0.167501
0.184348
0.191524
0.152487
0.157043
0.180665
0.176320
0.162367
0.183813
0.181592
0.167213
0.193287
0.177736
0.173177
0.168509
0.170053
0.157848
0.157385
0.173501
0.162740
0.167139
0.178012
0.190082
0.156918
0.157197
0.163805
0.165417
0.182741
0.187576
0.163134
0.169236
0.186786
0.180585
0.164194
0.158020
0.171234
0.181760
0.176487
0.200490
0.161274
0.179852
0.171586
0.175387
0.179602
0.174534
0.187960
0.164892
0.160147
0.155349
0.166780
0.174012
0.146465
0.171962
0.179318
0.193987
0.184244
0.174995
0.185307
0.181208
0.209870
0.167131
0.188276
0.184457
0.171085
0.152696
0.189384
0.157872
0.166291
0.164398
0.146486
0.179863
0.178046
0.169743
0.158743
0.156805
0.182024
0.208401
0.158093
0.176164
0.173012
0.188033
0.160887
0.160376
0.161428
0.192143
0.172526
0.178110
0.174983
0.161522
0.150083
0.179011
0.170108
0.221745
0.191268
0.209256
0.175085
0.187416
0.183871
0.183512
0.157543
0.164561
0.168439
0.226161
0.204899
0.190944
0.177261
0.181523
0.184450
0.169655
0.187932
0.183933
0.172038
0.159208
0.190515
0.178137
0.169146
0.208834
0.150614
0.178903
0.160089
0.162560
0.153417
0.148225
0.184291
0.162888
0.184094
0.159832
0.162172
0.156384
0.171798
0.171127
0.190317
0.161565
0.180893
0.165910
0.178616
0.157520
0.184376
0.164130
0.172700
0.159036
0.160104
0.179380
0.177376
0.181049
0.175233
0.198757
0.180861
0.169337
0.176930
0.209186
0.169774
0.160415
0.183639
0.202332
0.169511
0.161574
0.173723
0.189056
0.158588
0.184973
0.182511
0.221786
0.169879
0.162144
0.171852
0.183526
0.173358
0.190785
0.176875
0.166827
0.211537
0.165889
0.158682
0.164295
0.180293
0.197906
0.172226
0.147217
0.194167
0.164196
0.209672
0.166277
0.173007
0.174076
0.194870
0.163069
0.157656
0.159990
0.185455
0.190322
0.183751
0.182263
0.197387
0.183956
0.200837
0.180997
0.173896
0.163822
0.176945
0.164102
0.154066
0.157478
0.194535
0.165162
0.187804
0.173487
0.158217
0.187829
0.174937
0.178639
0.154200
0.168058
0.161036
0.167380
0.150818
0.148141
0.197602
0.175567
0.152379
0.160443
0.163279
0.170826
0.150303
0.145322
0.156515
0.153362
0.163475
0.158281
0.174528
0.201693
0.159214
0.157505
0.145321
0.159676
0.180585
0.176162
0.163668
0.155748
0.168492
0.167161
0.166371
0.191114
0.206909
0.173464
0.174775
0.202639
0.204111
0.210482
0.185182
0.154063
0.160119
0.210162
0.202918
0.184533
0.159738
0.163691
0.198961
0.174603
0.169528
0.172752
0.170008
0.174305
0.165121
0.159976
0.166273
0.175580
0.186620
0.168676
0.157307
0.143660
0.177628
0.179670
0.157567
0.197180
0.163577
0.167414
0.178335
0.215394
0.164689
0.179800
0.177290
0.202233
0.185358
0.161993
0.174966
0.187212
0.167124
0.178041
0.183298
0.193437
0.170628
0.218200
0.191440
0.244765
0.179713
0.173089
0.155734
0.164698
0.152613
0.187289
0.173101
0.178287
0.172971
0.172680
0.171144
0.160851
0.183246
0.175447
0.175827
0.206789
0.183883
0.164890
0.196937
0.170557
0.168079
0.178620
0.164017
0.175768
0.187866
0.178672
0.185992
0.169446
0.219751
0.180333
0.184704
0.175561
0.171210
0.155597
0.145714
0.178750
0.164127
0.176685
0.178853
0.170546
0.176476
0.167930
0.163825
0.211636
0.171756
0.156181
0.195932
0.175613
0.158253
0.177365
0.154783
0.169187
0.176931
0.176328
0.166153
0.164042
0.181539
0.182016
0.188627
0.160082
0.181733
0.187941
0.147351
0.152794
0.193948
0.185697
0.184397
0.163739
0.158939
0.186268
0.174586
0.169140
0.168236
0.185741
0.203038
0.171710
0.185087
0.189849
0.197108
0.158709
0.170281
0.168995
0.149967
0.155107
0.159395
0.172837
0.183093
0.163357
0.170291
0.161512
0.176242
0.180027
0.180680
0.175597
0.191444
0.170969
0.165888
0.162386
0.177557
0.178208
0.171475
0.163450
0.169796
0.193074
0.161284
0.167524
0.211679
0.163313
0.175085
0.171275
0.182521
0.168518
0.162305
0.180124
0.157664
0.198274
0.159486
0.178972
0.167728
0.151177
0.152536
0.172682
0.162250
0.165515
0.172173
0.194511
0.191431
0.178191
0.181430
0.171886
0.180103
0.178184
0.180101
0.175591
0.184663
0.171618
0.184790
0.176071
0.186019
0.167387
0.192903
0.206298
0.173968
0.178135
0.171999
0.190057
0.172180
0.171867
0.217541
0.186139
0.169195
0.194197
0.159613
0.174270
0.167290
0.208445
0.162808
0.171165
0.165581
0.173972
0.169459
0.168022
0.178375
0.178404
0.172507
0.196328
0.192808
0.217296
0.169424
0.173192
0.164941
0.171904
0.148447
0.170301
0.181735
0.177971
0.192881
0.179672
0.214742
0.167763
0.168693
0.176379
0.200670
0.160215
0.187278
0.177563
0.183951
0.198223
0.163532
0.175125
0.188023
0.184129
0.149388
0.180916
0.162681
0.169688
0.160011
0.159634
0.204606
0.184460
0.187062
0.155977
0.162024
0.160420
0.185826
0.180909
0.179872
0.174150
0.172674
0.176159
0.169868
0.178680
0.158874
0.201680
0.183272
0.203533
0.158238
0.182986
0.156938
0.165608
0.148894
0.160200
0.197899
0.161747
0.184822
0.160299
0.179756
0.187069
0.186136
0.175527
0.175610
0.161284
0.199084
0.157408
0.194654
0.149854
0.152629
0.211169
0.179940
0.167303
0.169146
0.156930
0.186781
0.199533
0.162661
0.203470
0.220672
0.173390
0.190005
0.195844
0.175125
0.151940
0.152693
0.168208
0.188050
0.158915
0.206502
0.167509
0.188611
0.211307
0.178256
0.157198
0.172136
0.183608
0.151252
0.199446
0.182340
0.190241
0.183394
0.165910
0.169745
0.167812
0.180309
0.177528
0.207414
0.177011
0.188240
0.199930
0.222312
0.197197
0.179731
0.214622
0.200401
0.208147
0.196548
0.173667
0.164611
0.173694
0.162579
0.178719
0.163376
0.173872
0.159260
0.174274
0.164701
0.164857
0.192982
0.184313
0.180350
0.172321
0.166281
0.182881
0.164951
0.174692
0.200381
0.158948
0.186555
0.149752
0.182432
0.180900
0.171179
0.170572
0.158767
0.176391
0.165292
0.179194
0.177755
0.184864
0.163243
0.158751
0.186172
0.186650
0.179102
0.164553
0.212634
0.170646
0.195124
0.144035
0.155113
0.170860
0.194179
0.196957
0.171834
0.166504
0.169533
0.181857
0.165810
0.168209
0.171849
0.147935
0.158036
0.185357
0.176255
0.183640
0.180588
0.189954
0.168031
0.167000
0.151371
0.178522
0.176113
0.197227
0.174057
0.177089
0.172618
0.153884
0.180766
0.157254
0.159244
0.184486
0.202447
0.180109
0.195920
0.210886
0.190591
0.177339
0.147362
0.163928
0.211300
0.161920
0.194292
0.189308
0.153121
0.180706
0.172550
0.150280
0.171150
0.199057
0.171679
0.161242
0.158678
0.161910
0.180051
0.192559
0.194626
0.192977
0.183851
0.167932
0.184377
0.181625
0.141594
0.164163
0.173430
0.181409
0.161759
0.203593
0.165847
0.193384
0.148054
0.149833
0.170147
0.181009
0.171152
0.184609
0.157858
0.208284
0.178973
0.161582
0.211478
0.163052
0.167135
0.172071
0.170580
0.161615
0.190890
0.170939
0.170551
0.166620
0.167073
0.156913
0.153838
0.147197
0.159548
0.164800
0.192556
0.202733
0.180336
0.163232
0.157085
0.157738
0.200387
0.183982
0.186660
0.170467
0.162846
0.185589
0.160335
0.168190
0.151075
0.154827
0.170517
0.178382
0.177673
0.177618
0.174112
0.170099
0.156775
0.168320
0.169243
0.180961
0.186632
0.175545
0.180796
0.177005
0.169591
0.157294
0.196752
0.175565
0.162193
0.162046
0.181191
0.194503
0.154213
0.167952
0.175083
0.184387
0.168892
0.175731
0.151322
0.161218
0.185905
0.182781
0.159036
0.174364
0.168940
0.168485
0.183645
0.180372
0.193659
0.184256
0.155243
0.165259
0.171913
0.194384
0.185813
0.180318
0.155861
0.175212
0.176716
0.154962
0.177419
0.201458
0.176349
0.167136
0.164468
0.168203
0.170338
0.167718
0.184436
0.170555
0.161142
0.215221
0.191559
0.183084
0.168728
0.161679
0.181349
0.176263
0.194525
0.204406
0.161395
0.171393
0.175251
0.192348
0.173232
0.163371
0.187439
0.183078
0.169065
0.162802
0.182452
0.169307
0.170223
0.174112
0.192070
0.167106
0.154392
0.203173
0.162159
0.171371
0.191752
0.220418
0.195626
0.171198
0.179781
0.197540
0.163582
0.196101
0.190326
0.168596
0.170700
0.178149
0.192263
0.166408
0.158828
0.174430
0.161370
0.184742
0.174504
0.193110
0.159189
0.168996
0.172433
0.170473
0.168966
0.172425
0.175332
0.162437
0.169984
0.203340
0.182647
0.177428
0.181527
0.191122
0.198976
0.195941
0.172953
0.168206
0.184779
0.154175
0.189180
0.184132
0.207913
0.191983
0.184401
0.168510
0.170584
0.189338
0.149486
0.172019
0.154995
0.177023
0.167417
0.180193
0.174833
0.177262
0.152800
0.183952
0.173698
0.203571
0.202388
0.168698
0.175420
0.201434
0.161557
0.209990
0.184936
0.170692
0.158279
0.175797
0.160032
0.186484
0.172781
0.158908
0.158500
0.187932
0.163956
0.216022
0.202277
0.189855
0.176531
0.187449
0.163024
0.169138
0.166504
0.163326
0.170223
0.168419
0.165390
0.186568
0.166903
0.174337
0.189948
0.199172
0.180922
0.176984
0.145961
0.205418
0.184525
0.207800
0.169229
0.163185
0.175413
0.167025
0.177286
0.174883
0.163202
0.159715
0.183690
0.194376
0.220586
0.186126
0.218945
0.169619
0.217805
0.162589
0.159826
0.203293
0.160117
0.218839
0.178699
0.188802
0.197588
0.174544
0.205732
0.161667
0.172211
0.161614
0.176432
0.171907
0.164806
0.146158
0.182513
0.170369
0.147564
0.154692
0.162014
0.147823
0.178273
0.156021
0.139090
0.211729
0.162163
0.171242
0.160633
0.165373
0.178390
0.190389
0.187322
0.170990
0.158089
0.152855
0.176201
0.166110
0.159918
0.213333
0.171854
0.158879
0.183636
0.172904
0.165180
0.174647
0.195241
0.164408
0.199569
0.172645
0.195837
0.181876
0.197940
0.218044
0.192868
0.191681
0.175750
0.171501
0.157409
0.166158
0.168308
0.168171
0.185290
0.179775
0.183945
0.201123
0.172323
0.187449
0.164383
0.169073
0.170873
0.172164
0.172920
0.193649
0.198921
0.180049
0.180705
0.182886
0.161151
0.174997
0.168809
0.166574
0.184693
0.176638
0.179981
0.175657
0.152241
0.169772
0.189516
0.191831
0.181597
0.161673
0.173491
0.165694
0.165166
0.158072
0.170807
0.154234
0.177812
0.179867
0.170442
0.163199
0.171056
0.167652
0.194533
0.156104
0.152435
0.174705
0.172798
0.167800
0.162697
0.183145
0.159111
0.192482
0.176151
0.168096
0.164016
0.193148
0.192073
0.179257
0.178535
0.183444
0.165872
0.168537
0.187737
0.179595
0.178854
0.181742
0.188431
0.159177
0.182078
0.202087
0.185589
0.173270
0.152496
0.157880
0.154042
0.169051
0.179729
0.181717
0.197228
0.156019
0.167380
0.165723
0.177785
0.155953
0.202711
0.178242
0.178571
0.175141
0.191134
0.157165
0.178343
0.186412
0.172665
0.181040
0.182200
0.191296
0.172928
0.158014
0.166226
0.187192
0.227365
0.146694
0.186872
0.167280
0.214626
0.172894
0.148443
0.181901
0.187035
0.203009
0.165179
0.197136
0.170556
0.164056
0.166422
0.177639
0.171768
0.169208
0.176668
0.163104
0.168979
0.223462
0.168462
0.200800
0.162271
0.176401
0.194334
0.186659
0.197177
0.174921
0.167264
0.154532
0.163229
0.178200
0.173134
0.199008
0.167437
0.185973
0.179343
0.174485
0.224962
0.171513
0.171068
0.165765
0.187672
0.161613
0.171596
0.172613
0.161395
0.218882
0.171139
0.168365
0.176005
0.185677
0.143942
0.163324
0.153670
0.172125
0.170703
0.179398
0.171146
0.203213
0.174245
0.186527
0.178623
0.168702
0.170577
0.197822
0.158295
0.174179
0.160369
0.162891
0.171068
0.176192
0.173590
0.227862
0.171532
0.180632
0.188828
0.163867
0.202069
0.167779
0.174137
0.171090
0.167136
0.165665
0.186785
0.177108
0.172938
0.184527
0.167800
0.172855
0.174592
0.167498
0.164483
0.227676
0.160688
0.172972
0.195624
0.194375
0.154294
0.178886
0.165781
0.164814
0.198414
0.151460
0.159885
0.181810
0.150892
0.217510
0.182481
0.184993
0.175669
0.159066
0.186749
0.166736
0.165248
0.162591
0.170529
0.185816
0.162467
0.156846
0.162704
0.193979
0.178366
0.194843
0.180177
0.175083
0.185679
0.192964
0.165785
0.191940
0.161830
0.154874
0.166654
0.170405
0.163630
0.185010
0.166264
0.187411
0.158846
0.156541
0.163777
0.190924
0.171118
0.175349
0.178462
0.177685
0.185467
0.177138
0.209294
0.184148
0.162411
0.164482
0.179029
0.181602
0.204029
0.181083
0.164389
0.175379
0.184596
0.176462
0.145249
0.243348
0.181809
0.187768
0.187604
0.160770
0.168024
0.154923
0.148395
0.160959
0.177216
0.163464
0.192868
0.181267
0.157280
0.169513
0.179327
0.190952
0.140286
0.170172
0.175634
0.168678
0.179585
0.172640
0.165664
0.181541
0.219320
0.164909
0.162701
0.185284
0.173875
0.160097
0.151129
0.183329
0.183450
0.143611
0.163417
0.184212
0.164780
0.180606
0.177353
0.171359
0.185243
0.169365
0.158203
0.185894
0.180443
0.151524
0.159210
0.192450
0.147768
0.162489
0.185265
0.175627
0.148572
0.197624
0.174330
0.162783
0.196548
0.161556
0.158848
0.161857
0.173534
0.158112
0.191815
0.146100
0.169505
0.156252
0.206420
0.172480
0.160240
0.181421
0.164104
0.176009
0.185659
0.168622
0.176217
0.159067
0.161973
0.174543
0.184407
0.156481
0.174702
0.215982
0.150571
0.151714
0.170329
0.157819
0.156447
0.168643
0.152234
0.184779
0.164998
0.149212
0.151722
0.173253
0.173122
0.216458
0.174969
0.198349
0.165506
0.186239
0.175732
0.204433
0.220591
0.200479
0.190132
0.185537
0.198829
0.175253
0.174055
0.156808
0.164956
0.177368
0.163396
0.157967
0.174474
0.159857
0.154075
0.177390
0.194316
0.176553
0.180822
0.175515
0.170553
0.168094
0.193334
0.158262
0.192193
0.176433
0.197451
0.168910
0.170063
0.154806
0.169551
0.165813
0.165004
0.154202
0.176512
0.160988
0.175521
0.180049
0.149820
0.179192
0.184839
0.168530
0.173778
0.179169
0.201189
0.181036
0.183689
0.172410
0.175078
0.179505
0.187875
0.208943
0.186799
0.175852
0.176095
0.182968
0.163359
0.154030
0.160714
0.187445
0.184807
0.172487
0.197572
0.217052
0.161340
0.173618
0.176892
0.190548
0.167407
0.152756
0.174611
0.169761
0.179089
0.182195
0.183624
0.170987
0.234183
0.166492
0.217294
0.187736
0.159389
0.200413
0.184871
0.165883
0.162158
0.182619
0.176625
0.175688
0.169901
0.149000
0.192393
0.160339
0.154821
0.162421
0.191654
0.179271
0.179417
0.198911
0.164400
0.212828
0.183031
0.207114
0.178698
0.189054
0.169332
0.187516
0.154345
0.184146
0.172524
0.205430
0.186765
0.158349
0.183939
0.174715
0.165099
0.160403
0.166181
0.175125
0.181566
0.153566
0.162598
0.169067
0.167215
0.195166
0.198667
0.200480
0.188128
0.195401
0.164202
0.223372
0.166180
0.152428
0.179265
0.185081
0.168138
0.160885
0.173184
0.144223
0.156320
0.154640
0.181946
0.193674
0.193008
0.194625
0.181363
0.169188
0.174934
0.190925
0.176516
0.190832
0.160471
0.170722
0.185483
0.173292
0.157431
0.186843
0.177692
0.180763
0.169559
0.164962
0.166080
0.177219
0.174252
0.168034
0.152717
0.162990
0.167619
0.155730
0.164123
0.154238
0.150919
0.151811
0.174418
0.168806
0.169726
0.188664
0.199511
0.167352
0.166938
0.210465
0.154026
0.178997
0.178943
0.174999
0.185089
0.166246
0.166690
0.196568
0.160501
0.161185
0.167157
0.175615
0.182106
0.173095
0.170929
0.161031
0.166403
0.194676
0.176657
0.179085
0.200750
0.172815
0.198437
0.204909
0.172199
0.192465
0.180819
0.160604
0.147903
0.182872
0.153165
0.167849
0.176132
0.164942
0.166117
0.187253
0.173719
0.166105
0.148630
0.173540
0.198642
0.168488
0.156819
0.178021
0.211487
0.167874
0.153434
0.179365
0.160552
0.160725
0.170867
0.203480
0.164413
0.183497
0.166290
0.212034
0.167229
0.171569
0.160084
0.165223
0.174666
0.164853
0.157535
0.210172
0.149594
0.187274
0.156891
0.176513
0.179061
0.164235
0.171536
0.161097
0.186551
0.161899
0.163572
0.201942
0.188056
0.198946
0.193411
0.169431
0.181311
0.161801
0.173918
0.185875
0.165709
0.163309
0.170264
0.160861
0.201642
0.168094
0.174029
0.192043
0.182175
0.163246
0.181773
0.170421
0.178551
0.193699
0.164077
0.175416
0.187427
0.211783
0.152501
0.209939
0.182490
0.173459
0.142962
0.158969
0.171953
0.187705
0.181930
0.176665
0.165519
0.186577
0.195528
0.183509
0.174371
0.211479
0.177834
0.178367
0.202818
0.165744
0.191832
0.183126
0.183229
0.185807
0.188225
0.189751
0.175936
0.187246
0.169392
0.162088
0.164334
0.194328
0.158885
0.162599
0.186110
0.216171
0.171262
0.194700
0.158846
0.177023
0.191507
0.173528
0.194767
0.210592
0.165813
0.154294
0.175794
0.175450
0.164422
0.178254
0.170441
0.166504
0.171153
0.161791
0.175816
0.205200
0.159486
0.156464
0.171312
0.175287
0.171486
0.161234
0.167498
0.184865
0.176640
0.166544
0.169844
0.197335
0.162426
0.169338
0.166480
0.152319
0.180713
0.203069
0.179412
0.173462
0.218099
0.214203
0.174270
0.196642
0.177155
0.169176
0.173811
0.163483
0.168855
0.203260
0.183652
0.146666
0.153734
0.211155
0.187388
0.193048
0.148692
0.172525
0.172370
0.171527
0.195003
0.157019
0.175131
0.178732
0.170249
0.177508
0.169983
0.183087
0.169089
0.182608
0.185335
0.173222
0.175669
0.175182
0.155466
0.141025
0.144402
0.158246
0.160466
0.186308
0.162086
0.164378
0.164284
0.157658
0.216959
0.159508
0.178026
0.167255
0.179466
0.183434
0.185420
0.182110
0.172248
0.192578
0.178661
0.173368
0.167664
0.190266
0.170039
0.159667
0.158697
0.171050
0.184217
0.161121
0.197044
0.183306
0.162057
0.173295
0.192313
0.172318
0.180007
0.173871
0.194005
0.185701
0.178538
0.175115
0.181590
0.146409
0.146488
0.201442
0.167838
0.153735
0.161605
0.189675
0.179409
0.196992
0.162079
0.177595
0.174387
0.178808
0.199288
0.171444
0.167709
0.195308
0.168468
0.178585
0.167281
0.213059
0.177816
0.183504
0.203460
0.192848
0.147264
0.167928
0.170368
0.157425
0.160125
0.172187
0.153885
0.184916
0.167244
0.180248
0.179461
0.182766
0.192612
0.191605
0.187970
0.152130
0.165378
0.163592
0.191365
0.168415
0.168415
0.175668
0.185274
0.162588
0.165136
0.151515
0.157937
0.152200
0.177531
0.172696
0.161960
0.181042
0.159719
0.174439
0.156719
0.162311
0.169628
0.171358
0.180517
0.203822
0.169927
0.193452
0.152191
0.196190
0.175247
0.162828
0.166497
0.177840
0.200900
0.177927
0.193163
0.178291
0.177480
0.172520
0.168185
0.157786
0.186266
0.162041
0.194211
0.187288
0.177628
0.172658
0.162862
0.192239
0.184198
0.172479
0.217870
0.179043
0.182645
0.200159
0.205638
0.162031
0.193907
0.152515
0.160434
0.188312
0.173264
0.165541
0.165206
0.172567
0.178704
0.180425
0.186581
0.176961
0.176519
0.182366
0.175565
0.161569
0.150074
0.197778
0.171743
0.200688
0.158867
0.180808
0.161799
0.173812
0.159541
0.185524
0.190755
0.176629
0.188737
0.176044
0.166973
0.176672
0.177209
0.167124
0.179789
0.175512
0.182199
0.169971
0.166862
0.162469
0.182771
0.172732
0.203862
0.174426
0.167110
0.182848
0.156157
0.162652
0.173452
0.177137
0.172138
0.166587
0.161392
0.206419
0.196439
0.179314
0.179035
0.196803
0.171315
0.169831
0.158737
0.177910
0.189961
0.200842
0.174502
0.182713
0.166218
0.161369
0.173791
0.166488
0.184769
0.168445
0.179702
0.181499
0.166926
0.162537
0.187481
0.184543
0.155364
0.156071
0.178473
0.189870
0.196774
0.204675
0.200310
0.156945
0.166571
0.176359
0.184644
0.187293
0.182164
0.187715
0.181381
0.181250
0.163011
0.179049
0.175570
0.159185
0.212230
0.162724
0.205978
0.186848
0.167674
0.170808
0.164147
0.168966
0.161446
0.177048
0.167933
0.187819
0.158142
0.166957
0.180089
0.164524
0.178696
0.178354
0.173640
0.172965
0.199841
0.197177
0.174604
0.170347
0.196283
0.156449
0.159055
0.166237
0.169448
0.186922
0.160744
0.189226
0.171568
0.153683
0.182624
0.186678
0.152517
0.212309
0.172126
0.172079
0.208713
0.172700
0.168570
0.156154
0.204254
0.207369
0.156473
0.211995
0.179419
0.164163
0.163508
0.190634
0.161966
0.202534
0.179510
0.179695
0.179074
0.167900
0.180501
0.169892
0.163033
0.160499
0.181623
0.175281
0.153622
0.168678
0.159263
0.175619
0.140379
0.163352
0.190955
0.212575
0.187134
0.182095
0.194093
0.188829
0.185926
0.173045
0.179275
0.165068
0.162926
0.172628
0.175897
0.167247
0.172855
0.162668
0.165608
0.185796
0.168631
0.188812
0.180639
0.178696
0.159100
0.212220
0.193594
0.188110
0.161815
0.183849
0.187311
0.185995
0.173170
0.166749
0.158292
0.177270
0.174464
0.160050
0.180761
0.201380
0.173213
0.196674
0.176852
0.168091
0.194444
0.168405
0.183564
0.177690
0.158224
0.179227
0.169465
0.205881
0.190876
0.168006
0.174158
0.201612
0.185700
0.162970
0.177004
0.176300
0.164550
0.180883
0.161737
0.170466
0.176957
0.184902
0.181981
0.179233
0.146088
0.186413
0.180217
0.169378
0.175570
0.166723
0.157320
0.191234
0.194973
0.179753
0.219509
0.178109
0.168215
0.163837
0.165634
0.192907
0.169034
0.176220
0.169636
0.156717
0.167279
0.179781
0.177100
0.208008
0.179649
0.152347
0.192124
0.177244
0.172412
0.172555
0.197730
0.193505
0.179470
0.182807
0.160363
0.178933
0.193794
0.214573
0.190414
0.178121
0.160925
0.164972
0.153237
0.170070
0.161426
0.164099
0.149460
0.187469
0.176461
0.159805
0.198721
0.167500
0.186520
0.163488
0.188112
0.170007
0.166982
0.184271
0.176390
0.170942
0.175585
0.178841
0.179182
0.178766
0.162847
0.162105
0.194347
0.181883
0.182043
0.180369
0.180976
0.182973
0.183718
0.176843
0.190269
0.167536
0.162320
0.159600
0.206615
0.181138
0.202843
0.185391
0.154973
0.164937
0.189865
0.193465
0.141994
0.199167
0.153321
0.172744
0.192505
0.184595
0.174537
0.166932
0.155966
0.148505
0.199209
0.183183
0.165394
0.207025
0.152861
0.187396
0.179132
0.160586
0.180280
0.195595
0.180851
0.174525
0.158503
0.194694
0.168494
0.158094
0.166206
0.153669
0.171386
0.165387
0.192097
0.166048
0.177398
0.168529
0.204636
0.155237
0.176749
0.205666
0.178592
0.192227
0.173949
0.169944
0.161984
0.160557
0.145484
0.172910
0.184144
0.165676
0.159353
0.161983
0.193716
0.170246
0.206339
0.187338
0.189408
0.171537
0.165470
0.163990
0.160539
0.154020
0.192226
0.204059
0.166665
0.169459
0.178069
0.177643
0.167010
0.183593
0.154259
0.165556
0.166576
0.178535
0.146834
0.172288
0.216357
0.199238
0.166317
0.152570
0.193014
0.184392
0.163574
0.160827
0.161021
0.160289
0.164963
0.185223
0.177616
0.169626
0.175283
0.182762
0.180971
0.203826
0.183166
0.179421
0.153295
0.161267
0.169548
0.173152
0.153156
0.182305
0.218199
0.186656
0.176480
0.180012
0.166646
0.176823
0.192965
0.176995
0.168215
0.172978
0.196592
0.155833
0.170158
0.149724
0.179346
0.170650
0.159754
0.157951
0.184584
0.168432
0.170543
0.170134
0.166709
0.182744
0.204171
0.202270
0.150186
0.156201
0.153816
0.217434
0.174284
0.183135
0.179308
0.173839
0.162503
0.174712
0.165902
0.179123
0.177620
0.202202
0.164053
0.177690
0.157851
0.201304
0.166832
0.179729
0.172177
0.165599
0.183001
0.179248
0.145998
0.161408
0.167393
0.177245
0.185320
0.196717
0.172951
0.193428
0.176369
0.166531
0.154061
0.205604
0.189343
0.183342
0.202112
0.190060
0.194386
0.202987
0.160187
0.155334
0.187934
0.185293
0.183791
0.161658
0.199770
0.186439
0.206511
0.173850
0.177287
0.186137
0.164710
0.181703
0.154777
0.176094
0.176102
0.156087
0.151067
0.170700
0.181326
0.176044
0.173286
0.179782
0.186642
0.174341
0.182012
0.166984
0.168149
0.189946
0.205599
0.200649
0.185693
0.167581
0.164398
0.149066
0.149378
0.177222
0.182082
0.182413
0.190011
0.168877
0.201970
0.185055
0.175398
0.191367
0.189819
0.171364
0.169608
0.157259
0.171464
0.194525
0.142268
0.185265
0.161408
0.168790
0.160357
0.160627
0.185675
0.190583
0.171160
0.184258
0.184702
0.204383
0.177736
0.169705
0.170514
0.162399
0.191245
0.196039
0.181170
0.179376
0.203730
0.191051
0.191158
0.169524
0.176406
0.199644
0.188575
0.157509
0.177788
0.173984
0.155671
0.168875
0.170192
0.156257
0.161622
0.158928
0.182339
0.179217
0.171112
0.166228
0.170269
0.161172
0.176502
0.195572
0.181159
0.184896
0.180368
0.162713
0.181233
0.164665
0.186442
0.154735
0.155527
0.199673
0.199238
0.198393
0.168453
0.161721
0.206722
0.197374
0.162505
0.158415
0.143086
0.184889
0.173360
0.160955
0.172772
0.159485
0.147424
0.172071
0.175070
0.168493
0.185455
0.160077
0.196528
0.172152
0.162095
0.162472
0.180679
0.172179
0.152049
0.171683
0.186325
0.163035
0.211018
0.165761
0.174101
0.210007
0.165754
0.165104
0.193738
0.191050
0.198033
0.157535
0.173298
0.165305
0.196844
0.190468
0.171047
0.165930
0.176438
0.179383
0.171761
0.173379
0.170350
0.162981
0.190639
0.190368
0.165648
0.197083
0.178152
0.186312
0.182975
0.175855
0.183838
0.170160
0.167591
0.160271
0.155151
0.158857
0.174621
0.154104
0.209315
0.157383
0.156636
0.211552
0.153119
0.165706
0.175814
0.235026
0.205302
0.177159
0.157580
0.215841
0.167413
0.182968
0.175421
0.187173
0.171380
0.167939
0.158660
0.167555
0.169559
0.162810
0.177443
0.190937
0.175129
0.184942
0.158565
0.161944
0.181573
0.162714
0.169104
0.187230
0.169366
0.171198
0.174191
0.186441
0.170771
0.154987
0.218331
0.167583
0.172239
0.181029
0.189866
0.170490
0.160748
0.165238
0.165002
0.180349
0.211084
0.155086
0.181389
0.190720
0.182319
0.202711
0.176013
0.162257
0.190157
0.189774
0.182460
0.179910
0.181366
0.186750
0.190623
0.170109
0.177581
0.159487
0.175443
0.161149
0.153316
0.185915
0.183337
0.203918
0.163829
0.157457
0.170201
0.180748
0.173097
0.170660
0.203420
0.169606
0.162106
0.184611
0.158015
0.170739
0.148304
0.161922
0.183136
0.203557
0.169785
0.194858
0.218999
0.175697
0.191457
0.186660
0.170511
0.163638
0.158531
0.207341
0.178020
0.180195
0.166936
0.171100
0.171653
0.169649
0.187446
0.170707
0.160997
0.155764
0.206153
0.170049
0.179509
0.174849
0.169001
0.182418
0.173828
0.157198
0.156326
0.171437
0.159874
0.178376
0.171652
0.194197
0.194520
0.179279
0.166008
0.152243
0.165208
0.197729
0.186160
0.157330
0.160553
0.161618
0.193968
0.170544
0.163989
0.188504
0.174287
0.196332
0.175599
0.156892
0.163480
0.161150
0.146181
0.167030
0.196578
0.168196
0.174941
0.180996
0.180671
0.182993
0.168813
0.170996
0.204755
0.218858
0.164363
0.162917
0.152459
0.174048
0.157605
0.166121
0.202806
0.190132
0.176714
0.224412
0.189123
0.172372
0.163599
0.160071
0.173735
0.171646
0.175338
0.180482
0.205389
0.188282
0.182526
0.169004
0.147535
0.190005
0.172835
0.186212
0.187837
0.177560
0.155975
0.182174
0.163285
0.169108
0.181810
0.181941
0.179224
0.175442
0.187726
0.198349
0.183245
0.180042
0.173777
0.168033
0.172226
0.190502
0.167000
0.170821
0.184025
0.212430
0.165202
0.165577
0.179214
0.162147
0.158840
0.165660
0.182552
0.189523
0.172355
0.174286
0.192472
0.166008
0.184104
0.162653
0.155607
0.171599
0.178777
0.184873
0.160830
0.180076
0.189684
0.179769
0.191157
0.178623
0.157154
0.168681
0.149654
0.169445
0.151269
0.162600
0.177518
0.173129
0.162060
0.187132
0.181858
0.192709
0.147170
0.167441
0.164860
0.160280
0.178804
0.187424
0.192581
0.172620
0.166220
0.195348
0.197468
0.177285
0.152877
0.193237
0.194619
0.184036
0.163675
0.166600
0.174210
0.167629
0.161419
0.168929
0.157982
0.164752
0.170633
0.171241
0.150252
0.171521
0.174993
0.167636
0.172154
0.178416
0.205394
0.179876
0.149971
0.156634
0.161873
0.176129
0.171148
0.190612
0.162916
0.178236
0.183146
0.197994
0.200276
0.176510
0.177636
0.174808
0.176116
0.186998
0.209210
0.170014
0.165368
0.181741
0.170922
0.170386
0.170605
0.180716
0.185713
0.199657
0.188792
0.181193
0.183379
0.155853
0.148871
0.186557
0.186287
0.172204
0.184922
0.173184
0.153916
0.163958
0.167322
0.166836
0.166833
0.163605
0.175464
0.161197
0.174414
0.175458
0.152268
0.180010
0.166550
0.189923
0.205064
0.153757
0.166908
0.175019
0.169095
0.182925
0.193501
0.168468
0.157556
0.188632
0.174341
0.167958
0.198588
0.184944
0.178646
0.187351
0.183179
0.160574
0.194708
0.190269
0.155182
0.168545
0.176411
0.174363
0.169755
0.174698
0.177103
0.178958
0.185072
0.183453
0.174308
0.148940
0.171026
0.163450
0.162925
0.162220
0.165250
0.161268
0.168745
0.164459
0.171772
0.181346
0.172788
0.166279
0.189277
0.165185
0.170239
0.163771
0.167252
0.186141
0.198421
0.203600
0.172277
0.179807
0.198246
0.176585
0.170219
0.184134
0.165767
0.198021
0.179511
0.157612
0.185971
0.171736
0.171709
0.173684
0.155403
0.179995
0.168493
0.182329
0.189593
0.179315
0.171597
0.182253
0.175702
0.181763
0.191221
0.172031
0.178734
0.161761
0.192768
0.181439
0.181409
0.171658
0.184817
0.164876
0.199966
0.205846
0.177383
0.171908
0.160879
0.179646
0.147209
0.186981
0.196888
0.167056
0.198132
0.202046
0.183483
0.171469
0.212118
0.188114
0.213743
0.205246
0.178739
0.174929
0.170807
0.194815
0.185061
0.188454
0.174494
0.154105
0.173879
0.165696
0.167704
0.204835
0.193174
0.170950
0.186545
0.177738
0.157236
0.159003
0.142962
0.171875
0.185282
0.181525
0.170079
0.181923
0.165269
0.190792
0.174443
0.167286
0.154278
0.169391
0.174867
0.171278
0.160931
0.168363
0.148377
0.177274
0.179193
0.180212
0.175421
0.170570
0.175789
0.183874
0.195888
0.169279
0.176304
0.191248
0.179526
0.180123
0.164070
0.177463
0.179493
0.184034
0.166649
0.189457
0.168778
0.201701
0.198903
0.166723
0.156600
0.185413
0.151630
0.182663
0.202204
0.175209
0.218111
0.182683
0.153072
0.171445
0.188403
0.197723
0.188617
0.173250
0.178243
0.163570
0.169549
0.177033
0.178819
0.173422
0.176529
0.176539
0.170331
0.180780
0.167446
0.200035
0.182059
0.179434
0.184625
0.181628
0.153754
0.194022
0.214490
0.164112
0.142585
0.182391
0.174440
0.188363
0.224475
0.158306
0.181836
0.224203
0.205310
0.155337
0.155328
0.162194
0.160695
0.165146
0.183068
0.155801
0.156670
0.190140
0.163543
0.181218
0.175309
0.179991
0.159829
0.179254
0.180684
0.181614
0.203948
0.163780
0.176865
0.180868
0.164680
0.188312
0.200731
0.168179
0.175244
0.181003
0.179740
0.209487
0.159322
0.165807
0.170030
0.162786
0.203653
0.182014
0.161534
0.218653
0.206846
0.173653
0.171410
0.193697
0.159569
0.146937
0.161055
0.158239
0.199765
0.158514
0.171984
0.198090
0.200154
0.167081
0.193355
0.189525
0.168543
0.161302
0.152915
0.184047
0.203671
0.196421
0.164145
0.160280
0.201397
0.165876
0.152922
0.166235
0.186487
0.192539
0.177290
0.176190
0.189829
0.169706
0.169422
0.179920
0.181025
0.183727
0.195857
0.191415
0.197716
0.200813
0.184179
0.168799
0.177539
0.203357
0.208618
0.181165
0.189151
0.158581
0.180166
0.162280
0.160374
0.191201
0.154471
0.179963
0.176104
0.164597
0.159792
0.172134
0.176614
0.167227
0.188498
0.185537
0.168458
0.166563
0.168660
0.186295
0.215256
0.224802
0.181899
0.184081
0.179613
0.204969
0.138140
0.177367
0.161700
0.173074
0.176320
0.183168
0.176919
0.170201
0.182683
0.166216
0.161311
0.198836
0.167233
0.218487
0.190196
0.184516
0.166816
0.178304
0.171991
0.182953
0.166815
0.188653
0.185976
0.154081
0.162838
0.152115
0.172177
0.168311
0.149886
0.188063
0.201582
0.189988
0.191081
0.169046
0.167638
0.156643
0.163311
0.176536
0.171033
0.169096
0.180952
0.190780
0.175343
0.194567
0.164387
0.196292
0.161515
0.185275
0.164806
0.172315
0.181511
0.186062
0.162327
0.170238
0.191593
0.165697
0.162639
0.180394
0.163253
0.193951
0.168461
0.185770
0.188890
0.164614
0.194354
0.174673
0.170101
0.172321
0.172968
0.179445
0.156810
0.173429
0.178109
0.167030
0.153181
0.167006
0.187083
0.162984
0.187132
0.158965
0.199472
0.160686
0.169140
0.158829
0.237726
0.172585
0.159660
0.157729
0.194849
0.160943
0.179735
0.185960
0.177482
0.186235
0.174261
0.187187
0.164241
0.201119
0.200930
0.148439
0.149466
0.167754
0.168790
0.181460
0.181035
0.197000
0.189604
0.182035
0.172508
0.203362
0.195096
0.186990
0.174632
0.159885
0.161202
0.215188
0.176794
0.196026
0.197874
0.168017
0.168910
0.194273
0.158304
0.169631
0.217583
0.173359
0.145103
0.162282
0.181403
0.190419
0.194700
0.177305
0.197076
0.190659
0.172832
0.181824
0.201858
0.182717
0.177932
0.162406
0.194859
0.170183
0.194022
0.165458
0.204723
0.167789
0.156976
0.178654
0.186875
0.172634
0.211577
0.188920
0.176943
0.201854
0.178280
0.173841
0.176666
0.176675
0.161195
0.155475
0.181708
0.176968
0.176085
0.177017
0.196293
0.182155
0.183239
0.153222
0.215225
0.162905
0.156534
0.152141
0.168745
0.173623
0.192926
0.195132
0.186996
0.159360
0.231898
0.182183
0.183958
0.165391
0.174359
0.189070
0.156822
0.180087
0.185209
0.166632
0.170065
0.172312
0.169006
0.158299
0.189451
0.170916
0.203639
0.169282
0.162638
0.156048
0.194085
0.193534
0.199949
0.181716
0.157214
0.164559
0.202439
0.193696
0.216691
0.163007
0.197923
0.187145
0.156908
0.178577
0.154611
0.166928
0.193024
0.183613
0.162533
0.186486
0.210785
0.194461
0.195505
0.161976
0.177594
0.158935
0.179612
0.172207
0.182304
0.183974
0.211923
0.171510
0.166680
0.177802
0.168522
0.180310
0.153941
0.175725
0.176632
0.161646
0.173633
0.177580
0.177574
0.168890
0.185915
0.158945
0.143600
0.204406
0.182421
0.187963
0.185387
0.173828
0.157029
0.207001
0.163937
0.200297
0.168034
0.188718
0.170156
0.172566
0.203730
0.176273
0.179365
0.156157
0.153200
0.171594
0.164226
0.183515
0.198774
0.172586
0.200820
0.197536
0.171174
0.180492
0.171547
0.211575
0.184446
0.184233
0.179437
0.160698
0.170085
0.183421
0.170314
0.204320
0.216784
0.154651
0.174586
0.163818
0.160198
0.163328
0.162156
0.192558
0.160797
0.150771
0.161743
0.178026
0.204227
0.160284
0.169055
0.177234
0.178798
0.179704
0.171776
0.184628
0.170474
0.175359
0.162440
0.153129
0.194422
0.211283
0.187928
0.174345
0.179658
0.178284
0.187836
0.167380
0.155602
0.178296
0.175262
0.177545
0.166380
0.165104
0.172135
0.170461
0.206307
0.162152
0.175747
0.155506
0.186496
0.188082
0.171971
0.156961
0.194607
0.179179
0.162341
0.156702
0.153332
0.176062
0.168643
0.171453
0.183666
0.197409
0.189178
0.152796
0.175552
0.171549
0.182552
0.193905
0.192975
0.167689
0.186341
0.164049
0.172141
0.180917
0.167896
0.158588
0.176126
0.201757
0.192216
0.213704
0.207560
0.205212
0.217511
0.190991
0.173168
0.154301
0.156419
0.172506
0.182543
0.184172
0.167476
0.174413
0.168227
0.172401
0.198769
0.190565
0.171574
0.207603
0.164859
0.167625
0.163463
0.187728
0.177071
0.203069
0.200451
0.194542
0.169348
0.227098
0.186597
0.176319
0.173084
0.194791
0.181459
0.180869
0.194451
0.174583
0.160714
0.194262
0.176375
0.158164
0.197766
0.161839
0.149020
0.191883
0.168797
0.170128
0.178075
0.205790
0.162804
0.199710
0.177616
0.159596
0.186425
0.164493
0.183508
0.165216
0.186297
0.193914
0.175255
0.175956
0.172562
0.180611
0.166593
0.195215
0.163977
0.167507
0.150180
0.152964
0.204387
0.188188
0.161287
0.162828
0.181851
0.154717
0.181651
0.187851
0.185695
0.169130
0.201470
0.160608
0.195903
0.142825
0.177826
0.198531
0.183517
0.164580
0.174097
0.145189
0.173583
0.156322
0.161448
0.181498
0.175688
0.175946
0.154032
0.175350
0.189837
0.168364
0.148736
0.177905
0.193618
0.165629
0.155799
0.189027
0.186133
0.202911
0.203962
0.172859
0.179360
0.209271
0.176089
0.179047
0.201630
0.181941
0.196563
0.185704
0.170166
0.173613
0.137378
0.180142
0.157065
0.161055
0.166239
0.161591
0.182849
0.171388
0.178905
0.160658
0.181261
0.168983
0.174960
0.163278
0.154813
0.159733
0.156955
0.177729
0.170523
0.208386
0.176153
0.168506
0.183576
0.173753
0.164131
0.170243
0.160878
0.168003
0.168508
0.180018
0.169960
0.184550
0.167569
0.169384
0.173057
0.212987
0.167592
0.176436
0.166405
0.172926
0.184410
0.171384
0.177256
0.150429
0.181370
0.179314
0.168528
0.153215
0.173635
0.187048
0.157435
0.202804
0.177293
0.162019
0.179059
0.147784
0.176698
0.197629
0.181202
0.174139
0.173478
0.210347
0.193673
0.184437
0.184965
0.164038
0.174615
0.183572
0.183198
0.170130
0.186376
0.181312
0.154929
0.179631
0.187191
0.161043
0.176051
0.165115
0.167866
0.208152
0.161240
0.168494
0.171467
0.204247
0.174614
0.204789
0.188047
0.178464
0.166535
0.163778
0.177759
0.173302
0.163356
0.185567
0.164474
0.171376
0.173279
0.216029
0.223490
0.185703
0.176622
0.165185
0.163033
0.168611
0.184678
0.175772
0.184809
0.192633
0.166734
0.171445
0.184521
0.152869
0.196487
0.167394
0.161534
0.172804
0.157988
0.167102
0.155311
0.195224
0.153666
0.141992
0.175551
0.174622
0.174692
0.189368
0.188720
0.165464
0.193420
0.182009
0.199440
0.158606
0.168158
0.158690
0.159144
0.197684
0.183925
0.171332
0.160991
0.194395
0.197372
0.170752
0.184216
0.169322
0.155164
0.148296
0.156926
0.175750
0.166053
0.188138
0.160279
0.155940
0.170506
0.192264
0.187323
0.154920
0.157024
0.196894
0.187138
0.198991
0.182920
0.190753
0.162267
0.198008
0.176466
0.180219
0.160472
0.167907
0.151250
0.186671
0.211122
0.170498
0.159544
0.181886
0.172332
0.141321
0.163558
0.170548
0.162473
0.197108
0.172182
0.173016
0.163002
0.190555
0.191224
0.168409
0.172627
0.168976
0.180044
0.162915
0.214266
0.168506
0.177189
0.154909
0.182131
0.153119
0.176193
0.159858
0.168544
0.162605
0.166821
0.172521
0.156518
0.164264
0.152663
0.171691
0.182816
0.171690
0.169039
0.175592
0.176216
0.167425
0.166018
0.244545
0.188257
0.159945
0.148119
0.178556
0.222841
0.184883
0.178518
0.149618
0.188986
0.180028
0.194258
0.189914
0.167789
0.157179
0.200254
0.150823
0.164631
0.194532
0.201406
0.173755
0.168668
0.160761
0.173506
0.170460
0.151455
0.173596
0.188665
0.171362
0.170574
0.174340
0.172381
0.173051
0.147584
0.167138
0.162328
0.173650
0.155879
0.163652
0.166529
0.163125
0.175940
0.178074
0.160658
0.175074
0.182974
0.160155
0.178864
0.162087
0.171351
0.180495
0.192061
0.169535
0.210110
0.161240
0.187517
0.161286
0.177933
0.169586
0.169273
0.158296
0.180652
0.160618
0.150972
0.177900
0.173176
0.165324
0.204290
0.197886
0.167826
0.187157
0.176053
0.197273
0.212612
0.167718
0.195908
0.179301
0.171662
0.189296
0.153091
0.163013
0.170249
0.178886
0.181084
0.160498
0.188810
0.168509
0.160498
0.185691
0.189553
0.173759
0.163730
0.168790
0.164743
0.158011
0.162295
0.180952
0.161816
0.212343
0.182767
0.172860
0.169406
0.164840
0.185443
0.209754
0.178351
0.162004
0.148621
0.179127
0.185077
0.193408
0.195782
0.175832
0.177699
0.186015
0.173084
0.184641
0.205249
0.152568
0.173136
0.228132
0.165401
0.160181
0.162211
0.154273
0.137970
0.176915
0.177596
0.177042
0.167714
0.161235
0.162395
0.168017
0.173707
0.183540
0.207705
0.175278
0.206288
0.167551
0.174019
0.161602
0.173758
0.195348
0.155789
0.174603
0.182668
0.197195
0.172827
0.153210
0.160984
0.149233
0.177845
0.178676
0.194162
0.173209
0.157974
0.156563
0.175027
0.177869
0.183868
0.173639
0.193862
0.170545
0.165806
0.164016
0.162946
0.163874
0.158163
0.162578
0.172100
0.217868
0.164494
0.192869
0.195808
0.170607
0.154558
0.165673
0.162941
0.148972
0.169553
0.170259
0.178369
0.183405
0.172229
0.187583
0.187392
0.183843
0.213487
0.185915
0.180140
0.180155
0.172371
0.165413
0.164769
0.172759
0.203305
0.174685
0.154974
0.176338
0.212775
0.193438
0.150559
0.174123
0.194373
0.152580
0.170516
0.182895
0.175790
0.165630
0.187857
0.174994
0.166730
0.161687
0.170600
0.165630
0.162653
0.205459
0.189683
0.182384
0.181323
0.154389
0.179024
0.179222
0.175392
0.162916
0.154089
0.202115
0.165945
0.166519
0.160361
0.176057
0.177566
0.160564
0.182416
0.162244
0.167226
0.166099
0.186617
0.161804
0.191644
0.180290
0.192009
0.194882
0.173058
0.183705
0.154970
0.149882
0.152750
0.147146
0.161789
0.163213
0.176070
0.161731
0.153123
0.162306
0.170002
0.183476
0.150821
0.151872
0.174553
0.182519
0.185292
0.175297
0.164511
0.181705
0.215577
0.203343
0.172482
0.176860
0.191286
0.190234
0.165143
0.166716
0.176326
0.193032
0.167898
0.191949
0.169472
0.152663
0.146532
0.157779
0.186991
0.180805
0.193960
0.201063
0.176128
0.158763
0.194347
0.168519
0.190248
0.182573
0.159658
0.170093
0.175099
0.189720
0.162230
0.175339
0.212061
0.171281
0.184012
0.182326
0.167633
0.150938
0.184009
0.184015
0.188512
0.180124
0.188506
0.176457
0.189962
0.179107
0.174674
0.197487
0.163492
0.171417
0.174038
0.173819
0.177409
0.158143
0.198088
0.189124
0.192583
0.149428
0.163496
0.182358
0.184080
0.181347
0.175460
0.176789
0.154871
0.147969
0.141536
0.162999
0.193453
0.192862
0.156681
0.192081
0.175620
0.213653
0.161819
0.174969
0.194191
0.166301
0.163018
0.152344
0.191057
0.180842
0.218922
0.186030
0.161254
0.170356
0.198160
0.164513
0.164128
0.169580
0.182821
0.178950
0.173443
0.165236
0.182466
0.158162
0.152776
0.179157
0.162702
0.160422
0.195311
0.186495
0.189263
0.175969
0.195302
0.162962
0.168592
0.162541
0.169918
0.200208
0.183114
0.184587
0.170664
0.172131
0.184544
0.176872
0.176589
0.160992
0.152017
0.143238
0.164710
0.147695
0.178540
0.181594
0.185067
0.165345
0.178260
0.183961
0.170568
0.204836
0.214667
0.179450
0.176582
0.205645
0.154051
0.184893
0.158199
0.183209
0.204463
0.172330
0.186879
0.179634
0.168587
0.167694
0.173285
0.168656
0.182574
0.158711
0.192939
0.180790
0.160238
0.183174
0.189201
0.172909
0.204922
0.158725
0.169681
0.184826
0.165497
0.165971
0.167794
0.177222
0.166165
0.167349
0.179363
0.177086
0.177072
0.157804
0.163281
0.158086
0.187168
0.168776
0.178577
0.199422
0.173887
0.182886
0.194698
0.178104
0.180115
0.176198
0.165958
0.208937
0.197115
0.186130
0.183713
0.189181
0.180530
0.186851
0.165767
0.181993
0.173440
0.179500
0.176961
0.163054
0.184439
0.156850
0.155377
0.158192
0.157744
0.172615
0.158334
0.164938
0.160041
0.162494
0.174708
0.165451
0.208936
0.175033
0.167641
0.157447
0.162065
0.215779
0.160377
0.187384
0.178520
0.182289
0.178134
0.185911
0.175665
0.154934
0.188942
0.210546
0.189650
0.181000
0.175921
0.168566
0.160933
0.157508
0.173906
0.187876
0.177835
0.178319
0.185653
0.175747
0.155853
0.203524
0.164525
0.164953
0.190067
0.197683
0.172620
0.169532
0.189143
0.176057
0.163697
0.226197
0.170721
0.163139
0.176853
0.152035
0.165833
0.172348
0.159026
0.171744
0.161517
0.155007
0.174846
0.179531
0.177612
0.170596
0.166975
0.153519
0.202567
0.201988
0.160661
0.157490
0.166743
0.155388
0.192397
0.160797
0.186048
0.184381
0.182287
0.172974
0.192613
0.188072
0.163571
0.161457
0.153397
0.188059
0.177674
0.165728
0.160863
0.173803
0.175051
0.165311
0.186563
0.201972
0.184320
0.181932
0.227609
0.184608
0.151365
0.159473
0.158937
0.201309
0.185458
0.176111
0.197112
0.219805
0.157064
0.178075
0.154816
0.157659
0.170298
0.189946
0.196099
0.173791
0.162395
0.161825
0.154248
0.202363
0.187328
0.156151
0.153229
0.175924
0.175338
0.171987
0.179114
0.162967
0.156537
0.169546
0.176937
0.182885
0.211427
0.193324
0.161998
0.172355
0.213387
0.165343
0.181428
0.171150
0.162662
0.150932
0.234028
0.166132
0.180666
0.180073
0.186779
0.185972
0.172911
0.173636
0.166551
0.179699
0.189220
0.152189
0.178853
0.180150
0.181296
0.153503
0.206711
0.179643
0.225802
0.158114
0.169890
0.160971
0.213495
0.188835
0.162802
0.163610
0.158771
0.205582
0.180344
0.177735
0.160284
0.174461
0.172339
0.193756
0.167553
0.188922
0.171077
0.174416
0.169466
0.176346
0.191965
0.184003
0.171896
0.171146
0.169968
0.169839
0.202353
0.193799
0.154848
0.231741
0.207175
0.188856
0.179128
0.178274
0.185513
0.180764
0.197771
0.184649
0.172729
0.192452
0.150966
0.144520
0.154135
0.174100
0.156347
0.143630
0.175712
0.204847
0.161395
0.171114
0.216278
0.172306
0.166882
0.183487
0.175470
0.171502
0.167131
0.191383
0.186987
0.156102
0.159667
0.180598
0.174328
0.150684
0.184551
0.185789
0.175712
0.158379
0.163564
0.149774
0.171690
0.189487
0.188140
0.185090
0.179557
0.175089
0.202120
0.174760
0.164331
0.154013
0.159160
0.177689
0.182335
0.195256
0.171313
0.149314
0.153762
0.159857
0.194523
0.190097
0.182082
0.156418
0.174415
0.170392
0.171002
0.169019
0.157277
0.155820
0.167752
0.219585
0.179027
0.176534
0.188704
0.171573
0.168657
0.165633
0.166911
0.154677
0.192106
0.176062
0.178639
0.199517
0.208759
0.183379
0.171774
0.200638
0.182877
0.186512
0.168168
0.187059
0.169391
0.170375
0.156844
0.153588
0.166657
0.180181
0.191864
0.172635
0.169436
0.182566
0.181414
0.177110
0.167160
0.166031
0.157095
0.187012
0.176939
0.217404
0.208437
0.177378
0.159790
0.165473
0.174326
0.160194
0.176756
0.181313
0.198279
0.187047
0.198951
0.155011
0.178867
0.163830
0.156979
0.198973
0.192670
0.206026
0.175910
0.144216
0.166493
0.157780
0.161856
0.196668
0.158248
0.162966
0.167643
0.174273
0.182535
0.175619
0.150163
0.192014
0.156854
0.179783
0.193102
0.155934
0.198278
0.173913
0.176223
0.163126
0.201645
0.157615
0.163161
0.163725
0.159733
0.171202
0.183812
0.159141
0.160803
0.162643
0.178575
0.177856
0.154567
0.167715
0.171251
0.192950
0.201793
0.174615
0.185045
0.179179
0.175695
0.171012
0.182705
0.175965
0.194169
0.157789
0.169253
0.184866
0.186262
0.183331
0.182110
0.167294
0.175115
0.173181
0.183210
0.154690
0.159556
0.214671
0.171672
0.166648
0.176689
0.205483
0.168601
0.178926
0.179216
0.181373
0.181974
0.178056
0.217899
0.161469
0.188515
0.190464
0.180809
0.179899
0.211319
0.147964
0.180337
0.170149
0.167622
0.188766
0.174460
0.184153
0.186775
0.168775
0.181161
0.190086
0.163115
0.147850
0.165652
0.168904
0.174538
0.159652
0.161200
0.193658
0.155842
0.163751
0.184782
0.200781
0.171543
0.160179
0.175964
0.162260
0.152185
0.175388
0.163342
0.148613
0.183614
0.175534
0.183730
0.190586
0.159420
0.190417
0.180631
0.164552
0.175006
0.187172
0.171031
0.166080
0.162720
0.171584
0.174432
0.149406
0.189145
0.170556
0.160187
0.184471
0.194050
0.184156
0.167316
0.167174
0.156840
0.176702
0.170638
0.148807
0.151163
0.168000
0.154205
0.142172
0.177360
0.180431
0.197091
0.166670
0.173362
0.166505
0.170831
0.169990
0.159948
0.154014
0.209613
0.204526
0.157281
0.188236
0.176578
0.148816
0.184468
0.170856
0.175929
0.173589
0.184941
0.192488
0.184504
0.169804
0.159293
0.174668
0.153941
0.172073
0.139342
0.182872
0.184349
0.172493
0.174395
0.161361
0.163023
0.187548
0.182420
0.171984
0.167997
0.163442
0.183460
0.160955
0.142210
0.164786
0.186325
0.151882
0.194780
0.166608
0.148923
0.161471
0.169580
0.161955
0.173276
0.167485
0.171880
0.171732
0.179794
0.179734
0.202337
0.174680
0.163943
0.171214
0.155044
0.162504
0.171731
0.154970
0.160890
0.183320
0.168973
0.173902
0.211840
0.196969
0.163520
0.185556
0.169632
0.164533
0.206883
0.193419
0.163753
0.178102
0.166036
0.160415
0.174967
0.171607
0.178726
0.178633
0.167825
0.173669
0.177871
0.167516
0.148958
0.159262
0.170326
0.166203
0.172267
0.164535
0.161658
0.185679
0.170382
0.176685
0.174361
0.169101
0.160485
0.182467
0.167589
0.190787
0.172524
0.169671
0.168130
0.162129
0.154496
0.161334
0.157437
0.151129
0.220426
0.190429
0.196347
0.163495
0.160710
0.168766
0.188200
0.175551
0.169678
0.159917
0.161611
0.174193
0.173993
0.155871
0.212262
0.158376
0.167094
0.174264
0.216259
0.160701
0.205177
0.193318
0.160700
0.177138
0.156302
0.186448
0.193056
0.164697
0.150012
0.197608
0.173537
0.158180
0.163694
0.172967
0.153514
0.174033
0.174477
0.171749
0.203372
0.178984
0.155397
0.173267
0.168808
0.165733
0.189735
0.175807
0.171294
0.203391
0.207103
0.171043
0.164148
0.169076
0.168180
0.196007
0.186067
0.193311
0.210950
0.170960
0.172920
0.154642
0.199561
0.188182
0.165117
0.166571
0.158927
0.168620
0.178344
0.182143
0.170818
0.165732
0.169115
0.166200
0.184784
0.197432
0.180250
0.170824
0.158578
0.179536
0.160981
0.167524
0.155265
0.137957
0.180526
0.171092
0.145468
0.161693
0.167407
0.181975
0.154538
0.167333
0.178190
0.162005
0.165347
0.180586
0.198212
0.155983
0.161588
0.171420
0.215999
0.174353
0.184409
0.193183
0.164365
0.187057
0.169017
0.171139
0.162414
0.168921
0.164059
0.174285
0.179085
0.169714
0.163268
0.173832
0.170886
0.190585
0.192055
0.168683
0.171568
0.187603
0.164065
0.173608
0.182935
0.172959
0.156385
0.167138
0.164310
0.184788
0.174999
0.180198
0.171185
0.190556
0.200928
0.197932
0.153318
0.177324
0.156487
0.159662
0.169427
0.172182
0.158842
0.181069
0.145310
0.147490
0.173902
0.185684
0.161302
0.174738
0.161486
0.168509
0.179366
0.169796
0.176006
0.162930
0.167521
0.176845
0.173678
0.167056
0.193763
0.188968
0.163929
0.180768
0.156649
0.163621
0.169610
0.169059
0.167716
0.174324
0.216163
0.166736
0.225444
0.177265
0.172770
0.173003
0.168272
0.187377
0.155838
0.187073
0.211277
0.168963
0.166505
0.188824
0.180153
0.190605
0.159001
0.174639
0.161380
0.161191
0.178097
0.183672
0.185908
0.177802
0.172101
0.172955
0.175206
0.185448
0.177798
0.150083
0.192539
0.150991
0.173567
0.177975
0.163856
0.190226
0.186274
0.188308
0.165115
0.180272
0.159638
0.167862
0.172557
0.173589
0.167649
0.164206
0.173008
0.161802
0.157669
0.188425
0.190442
0.159024
0.166152
0.181834
0.209750
0.198807
0.179044
0.217857
0.173231
0.160328
0.147480
0.165956
0.172825
0.150527
0.158998
0.167751
0.168073
0.198977
0.172807
0.149104
0.154047
0.176325
0.185323
0.183803
0.188886
0.176127
0.154689
0.186506
0.163609
0.166394
0.149014
0.204473
0.181382
0.172371
0.186667
0.197191
0.152910
0.156955
0.156130
0.171725
0.154747
0.163690
0.166822
0.204353
0.180124
0.176202
0.186118
0.164609
0.164381
0.159250
0.159955
0.170905
0.162348
0.191994
0.174207
0.179250
0.198199
0.171226
0.173377
0.223200
0.173866
0.167411
0.177994
0.167085
0.178454
0.159723
0.184073
0.168116
0.163628
0.165607
0.166934
0.188570
0.175168
0.185852
0.207754
0.169481
0.160824
0.158964
0.179140
0.174288
0.197475
0.171416
0.197358
0.174524
0.190937
0.167046
0.155785
0.176073
0.158121
0.215300
0.172492
0.146662
0.155265
0.168018
0.167267
0.199836
0.171215
0.189929
0.176814
0.162950
0.189020
0.151004
0.156902
0.150313
0.179045
0.162580
0.191620
0.175862
0.184736
0.159456
0.169612
0.172868
0.174163
0.168717
0.166291
0.164609
0.181117
0.185825
0.156866
0.157919
0.148300
0.173165
0.196352
0.205614
0.173814
0.165058
0.158917
0.178313
0.173762
0.190119
0.183465
0.179299
0.174812
0.205302
0.164549
0.153196
0.167938
0.171121
0.165942
0.202674
0.174272
0.192928
0.179126
0.177903
0.182959
0.162889
0.164261
0.151070
0.148933
0.151714
0.157238
0.158493
0.159524
0.199198
0.224165
0.158779
0.170748
0.173766
0.159672
0.158039
0.160787
0.149071
0.155650
0.150833
0.206907
0.159333
0.172897
0.188864
0.181147
0.194782
0.174992
0.183806
0.151117
0.192350
0.169146
0.193985
0.173506
0.147466
0.169206
0.163572
0.180055
0.191151
0.195312
0.216136
0.184690
0.181871
0.175475
0.177021
0.183696
0.161995
0.188421
0.174084
0.173536
0.170853
0.179865
0.185396
0.160879
0.167008
0.157319
0.177035
0.188599
0.165294
0.157980
0.181526
0.183604
0.168444
0.173646
0.178954
0.174373
0.159557
0.181297
0.173823
0.168812
0.189720
0.190704
0.179169
0.159912
0.164821
0.161309
0.165522
0.184445
0.166616
0.167510
0.163793
0.180156
0.199817
0.158271
0.178700
0.167232
0.189991
0.179290
0.162277
0.161902
0.209982
0.160356
0.170557
0.143263
0.201578
0.162726
0.212727
0.163714
0.148095
0.146515
0.174139
0.179370
0.184455
0.172149
0.207424
0.154154
0.155421
0.173737
0.202863
0.163138
0.166531
0.163986
0.156682
0.187381
0.177213
0.171487
0.199575
0.186933
0.173674
0.162941
0.165943
0.170671
0.180752
0.179379
0.190013
0.178916
0.163131
0.170500
0.167813
0.185160
0.173276
0.154691
0.153205
0.169366
0.162988
0.158600
0.177684
0.152291
0.199277
0.215447
0.203059
0.180353
0.162367
0.217285
0.166165
0.173280
0.172512
0.177656
0.177767
0.176611
0.176501
0.164589
0.175054
0.172307
0.198724
0.173153
0.195992
0.178648
0.166923
0.162262
0.185437
0.176430
0.173826
0.162023
0.164302
0.167736
0.172022
0.179549
0.195320
0.190741
0.157085
0.163843
0.168565
0.147012
0.180633
0.176831
0.168959
0.172846
0.175388
0.167032
0.168183
0.185992
0.171341
0.158267
0.161122
0.156396
0.165331
0.223483
0.166611
0.172246
0.173919
0.161465
0.167536
0.159740
0.151936
0.177074
0.167792
0.180678
0.181252
0.160382
0.187379
0.181648
0.159688
0.201902
0.175539
0.210408
0.170314
0.175172
0.173971
0.169235
0.150428
0.160130
0.155037
0.169456
0.162831
0.181294
0.173440
0.174538
0.176080
0.194197
0.162366
0.182099
0.163059
0.169307
0.177929
0.152114
0.147511
0.154847
0.187483
0.181843
0.161657
0.151814
0.175996
0.176206
0.209443
0.191034
0.169910
0.163696
0.172291
0.168205
0.191767
0.157935
0.173537
0.167326
0.167220
0.167804
0.160615
0.204094
0.179179
0.179860
0.196237
0.217636
0.188925
0.172309
0.180164
0.177908
0.202018
0.195112
0.178493
0.180257
0.180942
0.151650
0.153701
0.184282
0.172915
0.179441
0.165735
0.189581
0.210802
0.170274
0.180290
0.186297
0.192645
0.186158
0.182126
0.216656
0.153564
0.188308
0.160086
0.167716
0.153165
0.159080
0.171220
0.171959
0.165734
0.166081
0.167880
0.160499
0.185450
0.181870
0.180138
0.221832
0.171791
0.180816
0.163399
0.147562
0.185094
0.147535
0.193920
0.210816
0.191517
0.185814
0.181696
0.193695
0.203403
0.162104
0.166556
0.165353
0.191813
0.161796
0.173819
0.208695
0.182724
0.158432
0.151061
0.155071
0.174642
0.199730
0.181028
0.166841
0.197725
0.170318
0.154480
0.161616
0.168170
0.171440
0.163908
0.167106
0.176949
0.173785
0.184402
0.169745
0.159894
0.185475
0.181482
0.184268
0.159930
0.165502
0.164088
0.164853
0.172925
0.159625
0.172625
0.185289
0.175426
0.193365
0.178059
0.186766
0.145037
0.149474
0.180411
0.191646
0.214469
0.154936
0.192737
0.199998
0.173542
0.179849
0.227332
0.167132
0.168844
0.164667
0.178545
0.182189
0.167389
0.159279
0.169647
0.178633
0.175081
0.151927
0.142462
0.179904
0.165144
0.167413
0.173506
0.201565
0.144328
0.152427
0.166421
0.158826
0.175881
0.174606
0.186682
0.198658
0.152229
0.150414
0.188416
0.195254
0.171641
0.172187
0.195651
0.169242
0.162823
0.164503
0.169222
0.163547
0.200140
0.172449
0.160120
0.166070
0.183700
0.165478
0.174136
0.181833
0.149452
0.225670
0.162904
0.191630
0.170774
0.164299
0.154097
0.157109
0.175217
0.158353
0.189806
0.205385
0.181121
0.169451
0.173764
0.163204
0.154655
0.186399
0.172076
0.187020
0.158561
0.173604
0.171341
0.163082
0.166160
0.157784
0.177837
0.174456
0.171134
0.174346
0.167031
0.182499
0.171522
0.178074
0.196836
0.154617
0.170523
0.185157
0.194700
0.183515
0.172070
0.164519
0.171813
0.198607
0.204204
0.178492
0.170580
0.164448
0.171643
0.165638
0.182574
0.194599
0.167078
0.190852
0.166249
0.182082
0.175269
0.172873
0.174971
0.178677
0.176465
0.143738
0.174397
0.180897
0.169816
0.152719
0.164996
0.174386
0.156697
0.153766
0.207118
0.171502
0.186210
0.188193
0.191113
0.172150
0.179618
0.172085
0.227533
0.164017
0.197254
0.176338
0.195284
0.208333
0.179939
0.163344
0.196658
0.168682
0.200098
0.162751
0.173913
0.158282
0.173437
0.170491
0.166176
0.161299
0.149834
0.176054
0.195412
0.174097
0.193373
0.213662
0.177156
0.166754
0.190122
0.179715
0.171248
0.163199
0.190207
0.191454
0.165569
0.152966
0.191851
0.163782
0.178379
0.163793
0.174703
0.182725
0.185124
0.174757
0.170227
0.178422
0.168407
0.180261
0.155584
0.168274
0.151838
0.170752
0.153753
0.167982
0.169791
0.154829
0.180385
0.182597
0.167445
0.163251
0.154607
0.178367
0.172091
0.199681
0.176633
0.176451
0.172527
0.168863
0.178453
0.169467
0.159497
0.165688
0.167496
0.178104
0.170164
0.148458
0.192943
0.165730
0.185341
0.164514
0.165372
0.181623
0.191722
0.179429
0.178327
0.167982
0.176831
0.148114
0.147157
0.148666
0.165545
0.164832
0.159376
0.140261
0.161823
0.171597
0.162940
0.178054
0.173308
0.186275
0.196244
0.164875
0.162781
0.194190
0.171769
0.176202
0.185164
0.181564
0.151304
0.187532
0.172982
0.187333
0.195008
0.181996
0.179795
0.203681
0.168730
0.192785
0.163092
0.164415
0.186826
0.161382
0.158254
0.161681
0.168297
0.185641
0.155179
0.165048
0.176763
0.221667
0.176674
0.190404
0.168628
0.175055
0.158020
0.169683
0.146311
0.154058
0.174505
0.177470
0.180591
0.163817
0.169940
0.144496
0.186090
0.166030
0.181307
0.187015
0.162357
0.200742
0.171109
0.172528
0.169780
0.185776
0.158885
0.204962
0.198629
0.178171
0.169420
0.190217
0.179545
0.153134
0.175012
0.157348
0.180267
0.203448
0.159668
0.190090
0.186364
0.168947
0.169312
0.186582
0.166503
0.156186
0.174765
0.168807
0.180886
0.180398
0.155827
0.149997
0.171549
0.170871
0.169360
0.182200
0.183440
0.155910
0.147343
0.142359
0.192401
0.174872
0.159887
0.184047
0.172731
0.190420
0.175245
0.168474
0.188882
0.182508
0.197168
0.201419
0.182837
0.170985
0.160955
0.188576
0.167454
0.156859
0.173949
0.153637
0.159853
0.175997
0.163605
0.213385
0.179928
0.166099
0.155966
0.180018
0.196902
0.161582
0.159081
0.165469
0.161430
0.188036
0.158500
0.165947
0.157863
0.152068
0.181875
0.163052
0.164483
0.202037
0.189601
0.199724
0.180353
0.180545
0.191608
0.195481
0.195228
0.182808
0.179000
0.180906
0.155510
0.171591
0.171490
0.171054
0.183068
0.162580
0.173227
0.182489
0.189139
0.171716
0.171755
0.166206
0.157348
0.162791
0.172061
0.158837
0.169706
0.175493
0.157905
0.152116
0.190546
0.160818
0.161308
0.181994
0.171473
0.156155
0.187865
0.164718
0.172928
0.155071
0.188445
0.173726
0.156933
0.163412
0.158601
0.167466
0.158105
0.159446
0.201011
0.200217
0.159683
0.172871
0.175059
0.192487
0.172961
0.171389
0.144839
0.179832
0.158967
0.179694
0.201954
0.149004
0.184122
0.177272
0.155314
0.164599
0.155354
0.165218
0.191604
0.161449
0.161335
0.163532
0.157900
0.158953
0.155787
0.163216
0.178452
0.168201
0.163767
0.156021
0.162469
0.150996
0.181523
0.173356
0.168412
0.149400
0.160382
0.170609
0.163130
0.163618
0.204787
0.167226
0.156950
0.199339
0.161742
0.147044
0.155579
0.161064
0.177753
0.158002
0.184136
0.186903
0.181635
0.179800
0.160591
0.172333
0.161785
0.172646
0.165937
0.173930
0.168330
0.190715
0.138116
0.169341
0.218402
0.164098
0.155715
0.186752
0.168328
0.168907
0.146266
0.166792
0.170727
0.162970
0.155017
0.171726
0.188818
0.189544
0.165588
0.199172
0.165738
0.155351
0.160376
0.164139
0.174398
0.172746
0.196225
0.176538
0.170678
0.189249
0.153286
0.154792
0.200169
0.213975
0.162009
0.159737
0.143811
0.164153
0.211020
0.162308
0.164368
0.169188
0.139724
0.152492
0.163674
0.164322
0.171724
0.145093
0.200756
0.151498
0.199619
0.166654
0.172913
0.164205
0.147054
0.170657
0.191174
0.161577
0.163627
0.155558
0.164922
0.178419
0.181766
0.169557
0.191458
0.190427
0.170536
0.179935
0.171501
0.169536
0.172599
0.169162
0.179827
0.183697
0.152135
0.162183
0.178979
0.175612
0.160385
0.163366
0.212237
0.152007
0.147103
0.171694
0.197906
0.199864
0.166659
0.187667
0.163587
0.182470
0.162409
0.173236
0.174727
0.159532
0.158503
0.149466
0.209794
0.176602
0.165210
0.181576
0.161418
0.160718
0.159009
0.164961
0.185925
0.165498
0.165064
0.155770
0.183696
0.167869
0.147197
0.185721
0.167960
0.157354
0.204135
0.155322
0.165370
0.143841
0.165354
0.200079
0.166555
0.181491
0.173156
0.174463
0.177527
0.174172
0.156244
0.154285
0.152997
0.167648
0.197614
0.164211
0.162135
0.171149
0.165974
0.185195
0.174335
0.180299
0.167530
0.149145
0.181499
0.202930
0.155312
0.193902
0.199822
0.191367
0.183041
0.181645
0.176804
0.204786
0.196272
0.177400
0.156855
0.211539
0.170822
0.177454
0.192604
0.188898
0.190713
0.166737
0.166445
0.175536
0.158554
0.167829
0.176117
0.154901
0.181327
0.163093
0.168863
0.181499
0.219030
0.180353
0.166919
0.163740
0.155109
0.161220
0.165268
0.187132
0.189836
0.173531
0.155477
0.161279
0.149970
0.158395
0.187236
0.203727
0.160643
0.153104
0.211287
0.164918
0.159218
0.196588
0.207974
0.181405
0.185887
0.211990
0.176110
0.167874
0.208001
0.189050
0.196725
0.171566
0.171933
0.168628
0.142346
0.166657
0.179700
0.177640
0.197737
0.159911
0.167030
0.158346
0.150380
0.168579
0.167283
0.164225
0.174321
0.170868
0.192213
0.162174
0.186506
0.179888
0.162072
0.190619
0.172911
0.172483
0.161491
0.184193
0.177424
0.182862
0.186489
0.175567
0.175230
0.175150
0.163148
0.167159
0.164410
0.165796
0.173567
0.198093
0.158812
0.166959
0.165867
0.191561
0.187045
0.160927
0.193101
0.191977
0.183772
0.191529
0.160604
0.168869
0.147868
0.184440
0.161524
0.164584
0.183559
0.147387
0.162986
0.202689
0.182045
0.156998
0.163642
0.194055
0.219297
0.168951
0.160042
0.159720
0.157606
0.185977
0.160370
0.168057
0.166541
0.156653
0.193377
0.179326
0.163199
0.185543
0.175431
0.180553
0.162542
0.176543
0.201717
0.188515
0.164471
0.190435
0.169274
0.164647
0.153896
0.165634
0.172072
0.177452
0.158835
0.182804
0.160239
0.181812
0.161749
0.173345
0.149032
0.157192
0.166679
0.163763
0.171050
0.170573
0.170815
0.146684
0.177831
0.167055
0.162168
0.154480
0.183304
0.193062
0.155392
0.163043
0.181374
0.161095
0.164684
0.175587
0.166138
0.165112
0.157277
0.208354
0.162053
0.148314
0.154667
0.183453
0.157334
0.194422
0.159347
0.195055
0.165249
0.162886
0.198912
0.197770
0.160078
0.190230
0.177254
0.153623
0.169650
0.208864
0.181221
0.211044
0.202081
0.157312
0.168560
0.196097
0.187594
0.159923
0.166143
0.181164
0.157935
0.160262
0.152175
0.144631
0.163288
0.171280
0.187842
0.183924
0.154765
0.187515
0.159577
0.167382
0.167750
0.167700
0.153348
0.181931
0.155987
0.158009
0.163060
0.160769
0.169557
0.171923
0.180289
0.182161
0.220527
0.184990
0.181255
0.167562
0.148932
0.151467
0.158593
0.165055
0.195790
0.183000
0.169921
0.166447
0.173289
0.153158
0.188469
0.192201
0.167086
0.167376
0.169510
0.168203
0.154815
0.159969
0.189624
0.188199
0.180681
0.163581
0.188455
0.163732
0.178301
0.173455
0.157259
0.166885
0.171203
0.167060
0.151858
0.172861
0.187718
0.193621
0.184184
0.177238
0.152034
0.141640
0.196759
0.182796
0.172951
0.206451
0.203474
0.187953
0.172936
0.198278
0.159337
0.160026
0.157892
0.153514
0.198543
0.161262
0.152841
0.180322
0.157455
0.157625
0.170370
0.180515
0.180110
0.174466
0.198021
0.177831
0.165580
0.156603
0.174887
0.189110
0.169139
0.207063
0.182111
0.149523
0.153552
0.162288
0.173479
0.170026
0.187060
0.187045
0.156149
0.175322
0.170034
0.171695
0.214416
0.189413
0.177488
0.167511
0.161603
0.190521
0.170686
0.152869
0.189445
0.164979
0.189857
0.157515
0.164056
0.188714
0.160794
0.183888
0.181226
0.192390
0.186100
0.158453
0.165240
0.155331
0.161796
0.165075
0.145907
0.147732
0.173480
0.175424
0.160958
0.194945
0.165117
0.209988
0.196941
0.199692
0.191972
0.178041
0.163500
0.158015
0.156485
0.188171
0.169886
0.155292
0.165521
0.143942
0.168774
0.190515
0.211622
0.203295
0.171856
0.190732
0.151747
0.146730
0.175748
0.195079
0.174015
0.153105
0.172564
0.166447
0.163460
0.178376
0.161998
0.176316
0.176046
0.183290
0.173460
0.167311
0.162454
0.147638
0.163010
0.163246
0.210491
0.184938
0.160663
0.151615
0.149718
0.203816
0.163962
0.152690
0.186244
0.179798
0.169774
0.170075
0.163801
0.161127
0.156189
0.171000
0.198587
0.175520
0.156618
0.224454
0.180337
0.172467
0.189572
0.144223
0.176351
0.179170
0.209265
0.172153
0.178416
0.170851
0.166439
0.198550
0.203054
0.196716
0.157934
0.189691
0.157788
0.154322
0.169316
0.167811
0.179005
0.182068
0.160093
0.183825
0.169913
0.158684
0.152089
0.166429
0.173762
0.186926
0.193902
0.168353
0.195417
0.146715
0.168203
0.171700
0.152914
0.160598
0.193919
0.186483
0.163226
0.170818
0.174418
0.160376
0.175508
0.173257
0.159524
0.156676
0.163767
0.171689
0.197061
0.214872
0.179496
0.178517
0.163517
0.159066
0.171404
0.175907
0.154142
0.165483
0.184060
0.174701
0.161755
0.165752
0.186294
0.172310
0.152764
0.167639
0.176712
0.198365
0.175892
0.160907
0.156544
0.187948
0.177887
0.159687
0.165385
0.165452
0.176222
0.178071
0.167078
0.162190
0.208581
0.167499
0.171611
0.173097
0.171420
0.176671
0.168467
0.190978
0.173429
0.174607
0.164226
0.170150
0.189672
0.175838
0.172281
0.183759
0.164733
0.179336
0.157687
0.184641
0.155228
0.157865
0.159002
0.164153
0.185439
0.194078
0.181536
0.202763
0.191950
0.176021
0.177938
0.192311
0.185338
0.182719
0.174362
0.161391
0.174328
0.164322
0.195648
0.187576
0.163506
0.166545
0.204739
0.166917
0.197636
0.152108
0.155717
0.191171
0.164048
0.181085
0.161046
0.158437
0.216923
0.156563
0.160217
0.166747
0.180639
0.161109
0.166694
0.161187
0.177216
0.160287
0.176245
0.169988
0.196462
0.201304
0.179909
0.175072
0.169600
0.144768
0.198731
0.150560
0.198632
0.158265
0.153224
0.165980
0.183087
0.174702
0.159434
0.173422
0.168825
0.163614
0.183281
0.158371
0.179244
0.220989
0.202998
0.171239
0.164491
0.178207
0.169352
0.162604
0.178077
0.184084
0.169686
0.151557
0.147632
0.163522
0.140046
0.166993
0.173299
0.151598
0.159734
0.198254
0.177239
0.156173
0.156064
0.156514
0.147446
0.165751
0.162583
0.164471
0.193552
0.177045
0.160457
0.179736
0.145353
0.147981
0.162182
0.189668
0.180520
0.196258
0.171959
0.165598
0.156169
0.153215
0.146293
0.148512
0.170335
0.168654
0.193941
0.173327
0.171991
0.145629
0.149081
0.198113
0.153939
0.171276
0.197511
0.186773
0.154134
0.177650
0.169642
0.172704
0.187678
0.152526
0.175903
0.180834
0.197399
0.171938
0.182227
0.160441
0.164714
0.172535
0.194728
0.165514
0.182819
0.173368
0.152195
0.139225
0.176608
0.166564
0.165810
0.162773
0.163677
0.169262
0.171971
0.172557
0.176054
0.164001
0.177281
0.165533
0.172480
0.173373
0.194935
0.175127
0.177402
0.172685
0.171159
0.193460
0.168201
0.163612
0.172459
0.154233
0.162238
0.178364
0.164972
0.160998
0.151497
0.156660
0.186332
0.144849
0.156895
0.158124
0.164785
0.163486
0.155075
0.164329
0.171998
0.155669
0.170889
0.149646
0.186495
0.175095
0.152237
0.144613
0.172516
0.215308
0.189704
0.168544
0.198155
0.170930
0.184643
0.146615
0.176646
0.178474
0.214110
0.179137
0.161541
0.177627
0.177354
0.196468
0.160138
0.188693
0.183320
0.168837
0.163948
0.174033
0.165007
0.175523
0.167764
0.169358
0.178559
0.171534
0.165201
0.205803
0.173568
0.139681
0.174831
0.170865
0.154982
0.153986
0.143130
0.195681
0.171948
0.167605
0.155810
0.206329
0.157513
0.163169
0.155556
0.166394
0.177280
0.209494
0.178880
0.165304
0.153198
0.197102
0.229403
0.166603
0.154719
0.161897
0.170394
0.168103
0.180116
0.186927
0.168716
0.188363
0.205225
0.202621
0.179950
0.202223
0.161647
0.184978
0.172552
0.163776
0.184487
0.209134
0.165097
0.157719
0.192383
0.196641
0.166088
0.158877
0.192377
0.167608
0.173708
0.188336
0.164894
0.165934
0.153578
0.167765
0.181256
0.160133
0.148144
0.154433
0.180331
0.166041
0.161993
0.156231
0.190517
0.174378
0.196239
0.166310
0.171884
0.166634
0.178920
0.168582
0.188621
0.186826
0.167722
0.158515
0.155677
0.173984
0.234843
0.166281
0.199759
0.170007
0.181436
0.178905
0.181660
0.188954
0.174195
0.185323
0.170035
0.156573
0.156339
0.174128
0.200736
0.199096
0.178903
0.183012
0.175936
0.192514
0.159733
0.200142
0.189079
0.182910
0.155972
0.170246
0.161051
0.214088
0.181160
0.169741
0.188720
0.163135
0.176596
0.173805
0.144294
0.149686
0.178616
0.174827
0.171139
0.186409
0.172802
0.174854
0.198596
0.171021
0.156964
0.164571
0.196638
0.170708
0.177977
0.176224
0.178708
0.167746
0.229427
0.160504
0.182944
0.201145
0.187053
0.159567
0.161385
0.193840
0.184751
0.167872
0.172903
0.201894
0.155359
0.155481
0.177169
0.167523
0.156398
0.156381
0.188134
0.169307
0.192182
0.183378
0.150927
0.168250
0.172978
0.176509
0.168432
0.165727
0.154675
0.145525
0.172840
0.155247
0.176499
0.193350
0.165275
0.141967
0.154089
0.160355
0.182173
0.204226
0.195394
0.155667
0.165880
0.176049
0.181936
0.159502
0.178102
0.167950
0.181981
0.168776
0.206393
0.196734
0.176141
0.179156
0.178118
0.166638
0.166494
0.195427
0.196887
0.183401
0.177219
0.165477
0.147907
0.144969
0.148963
0.219440
0.163741
0.184959
0.180493
0.171036
0.155390
0.183691
0.192107
0.191259
0.197514
0.159587
0.191561
0.173057
0.178938
0.174472
0.172239
0.152215
0.170762
0.193207
0.163199
0.168989
0.150828
0.180799
0.182431
0.191168
0.174337
0.160366
0.231825
0.164713
0.163303
0.176528
0.192091
0.238936
0.160655
0.183654
0.184158
0.178746
0.168347
0.169583
0.167446
0.146544
0.162025
0.171864
0.157691
0.159145
0.164828
0.201604
0.177050
0.143193
0.165616
0.160348
0.164085
0.186409
0.167884
0.168056
0.198082
0.188354
0.187448
0.174946
0.172840
0.164793
0.170949
0.165784
0.175300
0.153100
0.163022
0.183553
0.178242
0.164700
0.159190
0.165396
0.174531
0.190109
0.186535
0.187371
0.191085
0.150597
0.163942
0.158799
0.165102
0.162961
0.185186
0.180134
0.172554
0.186519
0.226079
0.188743
0.142590
0.190124
0.164492
0.195899
0.183427
0.185287
0.207103
0.214317
0.184544
0.177841
0.200142
0.162375
0.169226
0.169731
0.162757
0.155011
0.171781
0.174603
0.164478
0.181414
0.165179
0.155180
0.178872
0.169756
0.190570
0.176586
0.181882
0.169253
0.169879
0.193598
0.200512
0.170643
0.160539
0.153901
0.165778
0.155936
0.159229
0.181843
0.162014
0.169349
0.163548
0.169590
0.146937
0.190593
0.159278
0.166238
0.162355
0.173450
0.179011
0.141988
0.176675
0.167903
0.165979
0.170650
0.201636
0.183186
0.188863
0.184320
0.157314
0.201089
0.187654
0.176733
0.175617
0.181943
0.169300
0.200469
0.151627
0.165802
0.168233
0.165881
0.174937
0.168231
0.155761
0.150308
0.175244
0.144505
0.172769
0.219694
0.177324
0.177728
0.144338
0.142539
0.154643
0.195207
0.173574
0.179297
0.182614
0.182336
0.155341
0.172119
0.155635
0.150507
0.176087
0.163221
0.142035
0.155334
0.182452
0.203556
0.165916
0.171628
0.143592
0.194542
0.191200
0.167618
0.167685
0.184778
0.140834
0.173100
0.171954
0.180387
0.172535
0.147881
0.149210
0.157104
0.184724
0.163023
0.170020
0.157469
0.177845
0.148415
0.182682
0.185273
0.167639
0.167707
0.166246
0.166972
0.169324
0.180163
0.170100
0.167316
0.180410
0.182800
0.187073
0.158818
0.167332
0.184577
0.154848
0.190262
0.165272
0.210255
0.168567
0.202638
0.219111
0.177686
0.167640
0.205878
0.154361
0.175456
0.159560
0.195666
0.164804
0.193565
0.161617
0.152559
0.182660
0.169988
0.190622
0.161210
0.155378
0.164564
0.162715
0.160313
0.180589
0.164616
0.199337
0.173996
0.199793
0.174850
0.171951
0.166964
0.154123
0.149106
0.195598
0.191432
0.162736
0.164020
0.163630
0.175655
0.159105
0.190351
0.157153
0.157622
0.160415
0.169181
0.151801
0.155203
0.166339
0.170830
0.193867
0.158075
0.195577
0.183784
0.167912
0.196581
0.189530
0.165733
0.178442
0.178456
0.173731
0.177961
0.162340
0.177361
0.170954
0.172836
0.174042
0.203960
0.175499
0.198997
0.178632
0.199426
0.161590
0.183406
0.180529
0.159736
0.171557
0.163166
0.193139
0.171375
0.160059
0.170522
0.193686
0.167998
0.201687
0.184860
0.195104
0.174902
0.161024
0.178082
0.163824
0.168625
0.152431
0.149826
0.164393
0.155441
0.148514
0.209896
0.172437
0.177741
0.192302
0.186263
0.171391
0.168741
0.164425
0.138657
0.156289
0.165955
0.173059
0.171471
0.172015
0.154235
0.165807
0.179412
0.178576
0.169559
0.195951
0.178193
0.154610
0.181353
0.171407
0.154280
0.146327
0.167415
0.168198
0.177723
0.188555
0.149775
0.193096
0.184840
0.186104
0.182118
0.161727
0.159297
0.159353
0.152474
0.144932
0.165115
0.175127
0.188505
0.171937
0.151832
0.169579
0.189422
0.182644
0.171044
0.156210
0.158849
0.157849
0.138546
0.171768
0.199504
0.156406
0.194614
0.202773
0.180627
0.164595
0.160704
0.172049
0.178602
0.182133
0.167836
0.155068
0.199170
0.189674
0.140095
0.151457
0.201124
0.187550
0.199317
0.162930
0.163893
0.194118
0.159094
0.167573
0.198344
0.151182
0.188509
0.163218
0.162849
0.158314
0.185436
0.172194
0.167488
0.154207
0.165292
0.176411
0.157568
0.162412
0.166507
0.176325
0.163675
0.200594
0.175089
0.157835
0.144257
0.184361
0.169478
0.175492
0.174886
0.172758
0.157852
0.188480
0.171979
0.212967
0.180615
0.177180
0.153777
0.161763
0.184898
0.174365
0.168293
0.162680
0.191612
0.167831
0.157402
0.197300
0.152255
0.179642
0.194836
0.175027
0.167516
0.222659
0.163951
0.172635
0.197213
0.166327
0.160688
0.154301
0.154567
0.173095
0.196789
0.182896
0.158618
0.149518
0.213263
0.154958
0.163838
0.175863
0.194165
0.160766
0.192288
0.168226
0.155980
0.182346
0.170605
0.160757
0.197974
0.160975
0.157370
0.172734
0.174667
0.198906
0.185623
0.207399
0.190290
0.159173
0.180817
0.190884
0.162315
0.210046
0.200159
0.173043
0.179798
0.176561
0.166435
0.177712
0.192540
0.209065
0.175900
0.172888
0.157518
0.154758
0.169117
0.158376
0.168422
0.188149
0.191159
0.167298
0.210580
0.164274
0.193721
0.168571
0.168281
0.162371
0.184947
0.172199
0.160511
0.210348
0.157297
0.240933
0.189447
0.177743
0.177091
0.177404
0.166521
0.180402
0.180360
0.157159
0.197611
0.160296
0.173003
0.194685
0.183147
0.163474
0.189291
0.157755
0.163652
0.187477
0.179470
0.181733
0.165445
0.182328
0.165423
0.167474
0.178309
0.161141
0.150464
0.188085
0.194175
0.158552
0.171112
0.163642
0.164666
0.163068
0.173962
0.186813
0.157975
0.157571
0.160307
0.169739
0.169083
0.201110
0.200514
0.215783
0.175040
0.158500
0.158938
0.178001
0.157003
0.151509
0.164215
0.174823
0.173209
0.161254
0.166341
0.174247
0.173764
0.215055
0.164482
0.146677
0.214361
0.167099
0.183645
0.165829
0.166505
0.176039
0.160809
0.158918
0.183743
0.159324
0.143581
0.184627
0.165295
0.171042
0.173331
0.195362
0.166923
0.193449
0.187429
0.178220
0.157506
0.170941
0.191275
0.191566
0.173540
0.172967
0.179321
0.179911
0.151101
0.166085
0.171888
0.168148
0.171364
0.179654
0.147304
0.183140
0.215013
0.157825
0.177725
0.171475
0.170244
0.186138
0.203501
0.159701
0.171652
0.164463
0.182986
0.180874
0.174476
0.169208
0.202798
0.186656
0.194369
0.185585
0.171559
0.188788
0.192299
0.185175
0.163030
0.180755
0.170720
0.156775
0.179499
0.187173
0.191054
0.183362
0.169132
0.184472
0.163904
0.158666
0.167836
0.190208
0.171067
0.179357
0.171245
0.196101
0.150714
0.149391
0.176497
0.172727
0.153826
0.167463
0.202566
0.167241
0.167221
0.167800
0.147092
0.166256
0.162522
0.193594
0.183307
0.177233
0.152030
0.188414
0.167777
0.209681
0.165812
0.179337
0.162919
0.159199
0.140777
0.156563
0.161785
0.159231
0.174869
0.170270
0.157851
0.157884
0.153525
0.162909
0.154822
0.158854
0.171223
0.190327
0.178629
0.181399
0.182656
0.213257
0.191327
0.185072
0.216756
0.189827
0.160836
0.169265
0.166085
0.203604
0.164146
0.218172
0.206481
0.178767
0.175625
0.177479
0.207891
0.143475
0.182641
0.148701
0.183629
0.187497
0.185087
0.174176
0.205071
0.175207
0.166074
0.184662
0.143938
0.175027
0.166289
0.177280
0.178016
0.178176
0.215026
0.148777
0.177184
0.218986
0.180225
0.170877
0.160226
0.163226
0.160607
0.159605
0.164299
0.200377
0.181266
0.167662
0.158243
0.168344
0.168278
0.140828
0.153777
0.200926
0.218079
0.225926
0.161964
0.150424
0.180777
0.171236
0.171427
0.171792
0.153492
0.169305
0.159388
0.173908
0.199219
0.203484
0.198080
0.173662
0.177634
0.171423
0.194569
0.150155
0.176214
0.161620
0.158355
0.161208
0.162781
0.147804
0.177876
0.180730
0.185537
0.191185
0.195034
0.147577
0.153925
0.182238
0.159130
0.156636
0.199966
0.156907
0.181834
0.164454
0.170582
0.175962
0.185819
0.178541
0.179121
0.190214
0.168945
0.180482
0.201849
0.162559
0.152639
0.155939
0.193089
0.156723
0.167813
0.167435
0.165513
0.175334
0.179291
0.174930
0.215420
0.168580
0.181469
0.167039
0.191893
0.177871
0.185966
0.173834
0.183792
0.165900
0.150911
0.174645
0.183896
0.168089
0.184846
0.164183
0.161265
0.191360
0.177754
0.209463
0.188292
0.172065
0.166194
0.163671
0.162378
0.186222
0.165503
0.172740
0.155303
0.148056
0.153122
0.151581
0.186842
0.176488
0.191493
0.170854
0.182921
0.172129
0.152725
0.159758
0.192555
0.158978
0.156970
0.174038
0.191086
0.192134
0.171981
0.155463
0.183628
0.149437
0.163026
0.205309
0.151220
0.174131
0.175062
0.207224
0.192741
0.205250
0.178365
0.156397
0.170117
0.184374
0.189887
0.175651
0.183646
0.195492
0.166952
0.180806
0.185880
0.172128
0.170463
0.172171
0.153142
0.160772
0.154730
0.203450
0.175227
0.163176
0.173712
0.171665
0.174444
0.157052
0.144459
0.147243
0.158765
0.191730
0.164364
0.148206
0.165946
0.151934
0.169894
0.177660
0.156094
0.148713
0.153810
0.146758
0.154138
0.165342
0.171206
0.145539
0.162819
0.161436
0.174317
0.175520
0.185756
0.168304
0.229928
0.157727
0.154099
0.211299
0.192274
0.165499
0.169957
0.147644
0.186430
0.182081
0.154414
0.164598
0.157305
0.186230
0.160619
0.216687
0.169487
0.160731
0.199330
0.158897
0.154425
0.162876
0.170454
0.234300
0.188963
0.178320
0.187780
0.165986
0.200444
0.180542
0.175647
0.172610
0.183717
0.155016
0.166762
0.184623
0.157186
0.193952
0.166756
0.199003
0.173910
0.163960
0.170537
0.185276
0.215978
0.188496
0.177536
0.172176
0.178544
0.150717
0.225884
0.173582
0.162347
0.178956
0.226343
0.188167
0.152309
0.164016
0.174587
0.172355
0.179864
0.166608
0.166146
0.153124
0.152469
0.199156
0.207822
0.188465
0.161695
0.156289
0.150948
0.151569
0.161307
0.175698
0.177191
0.169071
0.161041
0.167921
0.214053
0.163590
0.185819
0.171164
0.181657
0.185581
0.166245
0.161447
0.167928
0.199260
0.228849
0.171085
0.172181
0.183244
0.183955
0.178051
0.156156
0.154111
0.169476
0.172494
0.206709
0.169214
0.193725
0.165748
0.168157
0.167291
0.158681
0.197148
0.172618
0.174235
0.183504
0.187034
0.206289
0.190725
0.164901
0.214739
0.179507
0.179470
0.171298
0.157070
0.174932
0.208704
0.183177
0.161214
0.189008
0.193933
0.176597
0.169299
0.195231
0.196525
0.199372
0.190043
0.161182
0.186219
0.184659
0.181378
0.176822
0.159702
0.200063
0.194253
0.211920
0.165346
0.169796
0.169080
0.174702
0.196234
0.185286
0.177673
0.199272
0.172371
0.163663
0.169436
0.172021
0.164063
0.170871
0.178665
0.185626
0.158664
0.166745
0.162122
0.162413
0.190996
0.163670
0.167852
0.165900
0.146587
0.198180
0.162621
0.163702
0.154931
0.178460
0.175912
0.140834
0.211020
0.149814
0.176528
0.174744
0.192659
0.168460
0.178885
0.158665
0.158450
0.147531
0.180192
0.182401
0.167508
0.178253
0.194514
0.160655
0.191679
0.145528
0.174666
0.162808
0.160968
0.182209
0.184087
0.158052
0.207655
0.156180
0.210375
0.179986
0.170234
0.179381
0.182011
0.162770
0.159290
0.191646
0.194719
0.168474
0.154691
0.161713
0.152695
0.164983
0.144867
0.149490
0.146834
0.164336
0.180255
0.157375
0.171755
0.160294
0.182726
0.152478
0.181918
0.195174
0.215528
0.164459
0.192583
0.163288
0.170932
0.161640
0.194064
0.198037
0.159012
0.155567
0.168599
0.181054
0.171797
0.169243
0.191029
0.210093
0.196113
0.182591
0.193007
0.172272
0.201061
0.162565
0.165694
0.175729
0.153246
0.165210
0.176684
0.202212
0.169259
0.182903
0.177952
0.176674
0.168309
0.154038
0.168016
0.155440
0.147102
0.190413
0.183625
0.176105
0.171582
0.169200
0.172208
0.167726
0.173152
0.187966
0.179667
0.156122
0.174207
0.173976
0.160546
0.175132
0.177079
0.197360
0.182552
0.182741
0.178918
0.174192
0.181981
0.168392
0.168186
0.195169
0.194857
0.146137
0.171838
0.180286
0.174827
0.173699
0.161429
0.172540
0.179528
0.174112
0.172275
0.185587
0.187944
0.170903
0.162344
0.181187
0.160226
0.190607
0.193528
0.165414
0.189239
0.163042
0.154335
0.155105
0.154227
0.186227
0.175480
0.158808
0.186962
0.169731
0.165568
0.160282
0.161241
0.179455
0.160944
0.147335
0.160326
0.161139
0.178113
0.171703
0.163282
0.170034
0.187284
0.184412
0.165702
0.168124
0.162229
0.195834
0.169290
0.164386
0.163582
0.181328
0.184951
0.169260
0.158644
0.167468
0.172488
0.181051
0.161458
0.156549
0.179730
0.206144
0.196018
0.181862
0.146886
0.178264
0.181905
0.160441
0.178869
0.169240
0.167609
0.177907
0.172237
0.196043
0.169019
0.170082
0.191118
0.180812
0.152050
0.160625
0.151427
0.171428
0.199416
0.189519
0.179935
0.188125
0.170104
0.178863
0.146658
0.182569
0.166820
0.174546
0.171615
0.174806
0.175167
0.165380
0.167564
0.167961
0.158364
0.170017
0.183685
0.176493
0.174189
0.180284
0.152786
0.184550
0.197724
0.165318
0.176251
0.172572
0.161058
0.180881
0.216716
0.158189
0.191490
0.157152
0.156706
0.177032
0.149068
0.201164
0.163190
0.152709
0.152851
0.151670
0.196607
0.186499
0.179888
0.156472
0.154815
0.205367
0.175411
0.165567
0.186710
0.176043
0.179156
0.172906
0.156536
0.173021
0.164314
0.157735
0.150022
0.187974
0.170209
0.191631
0.166875
0.177621
0.158454
0.162078
0.181279
0.164880
0.199490
0.191464
0.198829
0.160017
0.149421
0.180023
0.180228
0.159027
0.184031
0.169502
0.159750
0.166798
0.167417
0.161551
0.158225
0.170178
0.164232
0.186079
0.175202
0.183284
0.186337
0.179984
0.170799
0.176741
0.184419
0.172620
0.181994
0.169330
0.157877
0.172919
0.146800
0.163410
0.169142
0.166700
0.161760
0.170584
0.181247
0.188694
0.144750
0.193979
0.182478
0.175314
0.164230
0.169707
0.170739
0.167969
0.154680
0.165572
0.169483
0.188830
0.156594
0.163299
0.211193
0.185155
0.189259
0.153737
0.165153
0.159210
0.158658
0.164984
0.152251
0.184100
0.143754
0.177936
0.162100
0.155263
0.168009
0.175710
0.174912
0.171474
0.178907
0.164108
0.174181
0.177519
0.209419
0.216370
0.159896
0.163672
0.185475
0.183423
0.185436
0.180751
0.194117
0.167143
0.154407
0.189574
0.195566
0.164891
0.197367
0.195687
0.155773
0.166827
0.157753
0.208161
0.166181
0.192703
0.155961
0.158630
0.174214
0.171391
0.164689
0.182778
0.169734
0.163107
0.157068
0.198031
0.176828
0.149887
0.179788
0.176286
0.180428
0.216816
0.176416
0.197267
0.192927
0.172458
0.177481
0.169794
0.189857
0.177671
0.179868
0.197007
0.189604
0.170416
0.151446
0.173437
0.186391
0.178608
0.177531
0.163244
0.171670
0.160619
0.163653
0.162160
0.171286
0.161814
0.176146
0.155253
0.169978
0.188490
0.171614
0.159363
0.193608
0.169334
0.208497
0.161584
0.151347
0.195720
0.187532
0.186590
0.180310
0.183670
0.165265
0.146817
0.151304
0.168287
0.162576
0.165343
0.181003
0.167017
0.175446
0.162457
0.199593
0.175499
0.174541
0.160125
0.162062
0.177859
0.176365
0.149141
0.154955
0.199421
0.163508
0.185232
0.147668
0.177958
0.164888
0.187892
0.177862
0.180926
0.155724
0.188504
0.157666
0.158746
0.187506
0.158267
0.171868
0.163533
0.183894
0.197473
0.157683
0.185294
0.190892
0.166730
0.152638
0.170947
0.192439
0.164865
0.169693
0.171365
0.214631
0.168357
0.180014
0.178975
0.164413
0.170780
0.170103
0.158655
0.176070
0.177025
0.174831
0.194938
0.175217
0.166984
0.176705
0.178458
0.175636
0.167718
0.164293
0.179525
0.171026
0.168405
0.189361
0.211762
0.171646
0.155671
0.149449
0.152334
0.160311
0.168159
0.183440
0.176488
0.152028
0.169246
0.185393
0.203963
0.164522
0.172138
0.180090
0.157936
0.189878
0.153067
0.164514
0.173717
0.211540
0.170619
0.168757
0.185850
0.195995
0.167309
0.168622
0.181707
0.164714
0.185428
0.160449
0.179340
0.152836
0.157315
0.153454
0.166984
0.212579
0.176761
0.162068
0.200188
0.154662
0.161139
0.173184
0.176937
0.160349
0.182598
0.183431
0.176940
0.156966
0.170848
0.143977
0.203582
0.166034
0.169618
0.157685
0.153752
0.171953
0.179485
0.152671
0.180042
0.197460
0.170826
0.167566
0.157751
0.174896
0.163582
0.189048
0.165499
0.162819
0.205029
0.174927
0.174877
0.186164
0.196318
0.158619
0.154723
0.178758
0.164376
0.196787
0.194667
0.164910
0.150465
0.176169
0.193927
0.180758
0.153383
0.157001
0.149364
0.145194
0.191869
0.170221
0.160933
0.151597
0.165951
0.173931
0.197861
0.204107
0.157447
0.159111
0.170007
0.193392
0.199993
0.173827
0.158212
0.156391
0.178877
0.169269
0.170192
0.178843
0.164258
0.162779
0.197641
0.204080
0.188080
0.175532
0.183142
0.168432
0.199017
0.191645
0.187373
0.161207
0.170723
0.173523
0.190082
0.162998
0.162706
0.162471
0.181929
0.162192
0.192416
0.190260
0.158139
0.170383
0.157250
0.152918
0.181668
0.167151
0.180129
0.161436
0.164963
0.200823
0.154218
0.214427
0.171219
0.175725
0.180852
0.181096
0.184290
0.181577
0.191645
0.172116
0.141132
0.162161
0.195133
0.166282
0.176652
0.204613
0.172729
0.172910
0.178459
0.169648
0.163928
0.151678
0.162521
0.179674
0.165872
0.172787
0.162085
0.160512
0.167280
0.160775
0.162299
0.165874
0.166916
0.160051
0.162503
0.156787
0.170244
0.181690
0.179442
0.208631
0.178782
0.184705
0.157879
0.163797
0.203357
0.188186
0.167413
0.176602
0.174512
0.177910
0.164907
0.154310
0.178887
0.162872
0.193556
0.176151
0.210829
0.189491
0.195350
0.203949
0.186568
0.171333
0.172340
0.184012
0.163334
0.171903
0.225441
0.182658
0.171308
0.195863
0.178621
0.177893
0.172508
0.153825
0.181672
0.181395
0.160708
0.174782
0.155983
0.150647
0.168375
0.190033
0.168083
0.171695
0.150722
0.166807
0.193391
0.164546
0.169790
0.155587
0.151842
0.178285
0.170765
0.152668
0.156576
0.160637
0.170386
0.196651
0.164779
0.194578
0.156001
0.202516
0.166135
0.170691
0.158394
0.175918
0.157538
0.184434
0.167669
0.176663
0.154000
0.189221
0.167447
0.155506
0.172850
0.172046
0.195261
0.186663
0.173574
0.178285
0.174487
0.162847
0.165990
0.175036
0.164532
0.197918
0.186458
0.164293
0.162318
0.144097
0.180850
0.172108
0.198141
0.159586
0.213191
0.163705
0.202556
0.178951
0.185031
0.165591
0.163710
0.155783
0.169674
0.174466
0.174977
0.176765
0.162870
0.184026
0.165988
0.168252
0.160761
0.171352
0.161129
0.166028
0.177453
0.174612
0.174123
0.184118
0.183063
0.171484
0.183392
0.176023
0.181389
0.175677
0.162289
0.191016
0.181676
0.159447
0.146974
0.186304
0.144505
0.174405
0.178515
0.161019
0.169309
0.208370
0.185444
0.181919
0.170316
0.202745
0.159894
0.167603
0.179915
0.175917
0.154836
0.152482
0.174629
0.148303
0.157073
0.169778
0.157389
0.184005
0.180449
0.155873
0.167681
0.156147
0.161879
0.196570
0.152949
0.175010
0.163632
0.165706
0.178869
0.178338
0.241092
0.184738
0.164712
0.174019
0.147497
0.156985
0.171110
0.206369
0.177300
0.186955
0.185529
0.193423
0.175259
0.162422
0.167627
0.174781
0.186565
0.152345
0.176095
0.167482
0.154884
0.153513
0.149045
0.147523
0.160402
0.153808
0.236932
0.188923
0.213951
0.173602
0.158685
0.170439
0.198195
0.186776
0.183353
0.187395
0.161837
0.185631
0.154715
0.206717
0.166119
0.162319
0.178605
0.173463
0.151720
0.172209
0.155441
0.163171
0.191847
0.198651
0.169867
0.162814
0.169755
0.158802
0.179319
0.163899
0.172768
0.164396
0.161538
0.162817
0.195041
0.178412
0.173169
0.192135
0.195692
0.193141
0.179985
0.180609
0.162502
0.161667
0.203914
0.179989
0.196189
0.203654
0.178652
0.179660
0.150486
0.158313
0.178551
0.198888
0.177955
0.168108
0.176502
0.154941
0.152658
0.162626
0.212497
0.155002
0.164286
0.193627
0.167681
0.183865
0.151374
0.179638
0.173063
0.165443
0.180026
0.209364
0.155899
0.209207
0.169993
0.191955
0.178386
0.164245
0.160313
0.166085
0.217717
0.185974
0.172884
0.176989
0.178901
0.152911
0.143670
0.150173
0.174230
0.164294
0.204368
0.200667
0.184642
0.171258
0.160693
0.188331
0.186435
0.202228
0.150883
0.177626
0.177899
0.155640
0.170130
0.170580
0.198907
0.177081
0.195482
0.150532
0.165474
0.152880
0.185176
0.166503
0.178310
0.182147
0.200912
0.168633
0.170507
0.152613
0.156534
0.162529
0.177689
0.169536
0.179127
0.172243
0.182402
0.158563
0.148715
0.185103
0.169807
0.174341
0.148043
0.155919
0.160454
0.172735
0.175289
0.176321
0.161552
0.187120
0.164895
0.161263
0.204813
0.175822
0.166602
0.166125
0.157649
0.195234
0.147069
0.180947
0.185970
0.169325
0.149208
0.152673
0.187790
0.195977
0.206916
0.182982
0.162377
0.162348
0.193713
0.221607
0.193222
0.155204
0.169925
0.163726
0.170642
0.172144
0.182393
0.155486
0.157382
0.155210
0.165333
0.171968
0.178756
0.187487
0.171067
0.158879
0.181730
0.176407
0.179195
0.187567
0.185968
0.162743
0.176110
0.190117
0.156777
0.189989
0.181803
0.175660
0.183839
0.199947
0.201217
0.193761
0.205031
0.188454
0.165055
0.162164
0.175737
0.170537
0.156440
0.228343
0.172224
0.144708
0.151063
0.150200
0.183261
0.169594
0.186540
0.166877
0.158843
0.160879
0.147344
0.167933
0.207319
0.176870
0.182422
0.166108
0.169832
0.161893
0.183339
0.187521
0.158695
0.195010
0.185027
0.145575
0.151708
0.176287
0.168324
0.174932
0.163107
0.152482
0.185134
0.195894
0.174680
0.176920
0.216231
0.169164
0.165263
0.175941
0.164367
0.197237
0.188557
0.178141
0.173769
0.191099
0.165402
0.191260
0.176757
0.171976
0.190742
0.228324
0.196769
0.174884
0.179313
0.156821
0.172211
0.191196
0.154929
0.201200
0.150278
0.175508
0.156451
0.180080
0.177452
0.172009
0.205440
0.162750
0.167393
0.151513
0.166511
0.162847
0.145583
0.191245
0.175240
0.171808
0.191447
0.175049
0.171204
0.193781
0.161048
0.151649
0.170782
0.177659
0.175125
0.166024
0.151318
0.160567
0.152881
0.209730
0.168025
0.176509
0.186256
0.173855
0.166213
0.187288
0.162902
0.146566
0.145746
0.156874
0.181244
0.169857
0.163406
0.144737
0.190929
0.170368
0.176035
0.162845
0.189445
