266	202	27	62
268	200	27	62
271	198	27	63
273	199	27	63
276	198	27	63
276	198	27	64
277	196	27	64
279	194	28	64
280	192	28	64
282	189	28	65
281	186	28	64
281	187	28	64
280	183	28	64
282	183	28	64
282	182	28	64
282	182	28	64
282	182	27	64
282	182	27	64
283	181	27	64
282	181	27	64
282	182	26	64
283	181	26	65
281	180	25	65
282	180	25	65
283	179	25	64
283	178	25	65
283	177	25	65
284	176	26	65
285	175	26	65
285	174	26	66
287	174	26	65
288	173	26	65
289	172	26	66
290	170	27	67
291	169	27	66
291	170	27	67
291	168	27	67
291	168	27	67
292	165	27	67
292	164	28	68
292	163	28	68
292	162	28	68
293	162	28	68
293	161	28	67
293	161	28	66
293	161	27	66
292	161	27	66
293	160	27	65
291	161	27	65
292	159	27	66
291	159	27	66
293	158	26	66
291	156	26	66
292	157	26	66
292	157	27	66
291	156	27	66
291	155	27	65
291	154	27	65
290	153	27	65
290	154	27	65
290	153	27	66
290	152	28	66
291	152	28	67
291	153	29	67
290	153	29	67
290	153	29	67
291	153	29	67
292	151	29	67
293	152	29	67
293	151	29	67
293	152	29	66
294	151	29	66
293	152	28	66
292	152	28	66
292	153	28	66
292	153	28	66
290	154	27	66
292	154	27	66
291	153	27	66
290	154	27	66
289	153	27	66
289	154	27	66
289	153	28	66
288	154	28	66
289	152	28	66
289	150	29	67
289	151	29	66
290	151	29	67
289	152	29	67
289	152	29	67
291	151	29	68
290	152	29	69
291	152	29	69
291	152	29	69
291	152	29	70
291	152	29	70
291	153	29	70
292	154	29	69
293	155	29	69
293	155	29	69
292	154	29	69
293	154	29	69
292	154	29	69
294	154	28	69
291	155	28	68
293	155	28	68
292	156	28	67
292	156	28	67
292	158	28	67
292	158	28	67
291	160	28	67
291	161	28	67
291	160	28	68
291	161	29	68
290	161	29	68
290	161	29	69
290	161	29	69
290	162	29	68
291	163	28	69
292	162	28	70
292	163	28	70
292	163	27	70
292	163	27	70
292	163	27	70
292	164	28	70
292	164	28	70
292	165	28	70
291	163	28	69
291	165	29	69
290	164	29	68
291	164	29	68
290	164	29	68
289	164	29	68
289	165	29	68
289	163	29	68
287	164	29	68
288	164	29	69
287	165	30	69
286	163	30	69
285	163	30	68
284	164	30	69
284	163	30	69
284	161	29	69
284	162	29	69
283	162	28	69
282	161	28	70
279	162	28	70
279	160	27	70
279	160	27	69
278	160	27	69
276	160	27	68
275	159	27	69
274	158	27	68
272	156	27	67
269	157	28	65
270	157	28	65
267	157	28	64
264	157	29	62
261	158	30	61
258	158	30	60
255	157	31	60
255	156	30	59
253	156	30	60
252	156	29	61
250	154	29	60
249	154	29	60
248	154	29	60
247	153	29	59
246	154	29	59
246	153	28	59
245	153	28	59
244	153	28	59
243	154	27	58
243	153	27	58
243	153	27	59
243	152	27	59
242	151	27	59
241	151	27	59
240	151	28	59
241	151	28	60
240	150	28	60
238	150	28	59
237	150	28	58
237	151	28	57
236	152	29	56
236	151	30	56
235	152	30	55
235	151	29	55
234	150	29	56
233	150	29	56
232	149	29	57
231	150	29	57
231	149	29	57
230	150	29	57
230	149	29	57
231	149	29	57
231	150	29	56
231	150	28	55
230	151	29	55
230	151	29	55
230	150	29	55
230	150	29	56
230	150	29	56
229	150	30	57
229	150	30	58
229	151	29	59
229	151	29	59
228	151	29	60
227	151	30	60
227	151	30	61
227	151	30	61
226	152	30	62
225	151	30	63
225	151	30	63
225	152	30	64
225	151	30	65
225	151	30	67
225	150	30	67
225	151	30	67
227	151	29	67
226	150	29	67
227	151	28	66
227	150	28	65
227	150	28	64
228	150	28	64
227	151	29	64
226	152	29	63
227	153	29	63
227	154	29	63
227	151	29	62
227	152	29	63
227	151	29	62
228	152	30	62
228	151	29	61
229	152	29	62
231	152	30	61
231	152	30	62
232	152	30	63
232	150	30	63
232	151	30	64
232	149	30	64
231	149	30	64
231	148	31	62
232	147	30	62
232	147	30	61
232	148	30	60
233	149	29	60
234	147	29	60
235	148	29	60
236	147	28	60
236	147	28	61
237	147	29	61
237	147	29	62
237	147	30	63
238	147	30	63
238	147	30	64
237	148	30	64
237	147	30	65
237	146	30	66
237	148	30	65
236	148	30	65
235	147	30	65
234	147	30	66
235	147	30	66
234	146	30	66
234	147	30	67
234	146	30	69
234	146	30	72
234	147	29	74
235	145	29	75
235	147	29	76
235	147	30	77
236	146	30	78
236	146	30	78
236	146	31	78
236	146	31	78
236	148	32	78
236	150	33	78
236	151	33	78
236	151	33	78
236	149	32	77
236	150	32	77
236	149	32	77
237	150	32	78
237	150	31	79
237	149	31	79
237	149	31	79
237	149	31	80
237	149	31	80
237	149	32	80
237	149	32	80
237	150	32	79
237	150	33	80
238	150	33	80
237	151	33	80
237	153	34	80
238	155	35	82
239	156	35	82
239	157	35	82
240	157	35	82
240	158	35	82
241	157	35	82
241	157	35	83
241	158	34	83
241	159	34	84
241	159	34	84
242	160	33	84
242	160	33	84
242	160	32	85
241	161	32	85
241	161	32	85
240	161	32	85
240	162	32	86
239	164	32	86
239	162	33	86
236	162	33	85
235	163	34	86
233	162	35	86
232	162	35	87
230	161	36	87
227	161	36	87
225	162	36	87
223	163	37	87
222	163	38	87
220	164	39	87
219	164	39	88
219	164	38	88
218	162	38	89
219	163	38	89
218	162	38	90
218	162	38	91
217	161	38	90
216	163	39	91
214	164	39	93
211	166	41	94
206	168	44	96
201	171	47	100
195	171	49	103
193	172	51	105
193	170	52	107
193	169	52	108
193	170	53	108
192	169	53	108
193	170	53	109
193	168	52	109
193	167	52	109
193	166	52	109
194	168	52	108
193	167	52	108
194	169	53	108
194	168	52	107
194	169	52	107
196	168	52	107
195	169	52	107
196	169	52	107
195	169	52	107
197	169	52	107
198	168	53	107
199	169	52	107
198	168	52	107
200	168	52	107
200	168	52	108
201	169	52	108
202	167	52	109
202	167	52	110
202	167	52	110
202	167	52	111
202	165	52	111
203	166	52	111
203	165	53	111
204	165	53	111
203	166	53	110
204	165	53	110
204	166	54	110
205	167	55	109
205	168	55	108
206	169	55	107
207	168	55	107
205	170	56	106
206	169	56	106
208	169	56	106
206	169	57	106
207	169	57	107
207	168	58	107
206	169	58	106
206	171	58	107
206	170	57	108
206	170	57	109
205	169	57	109
206	170	57	109
205	171	57	109
207	170	56	109
206	170	57	108
208	171	57	108
207	171	57	109
206	171	58	108
206	171	57	108
207	172	57	108
206	172	57	107
206	173	57	106
206	171	59	105
206	173	58	105
205	175	57	104
204	175	57	102
203	177	53	102
202	179	50	102
204	178	47	102
204	178	46	102
204	178	45	101
204	178	45	101
204	178	44	101
203	179	44	100
204	177	44	101
204	177	44	101
203	177	45	101
202	178	45	101
202	178	46	100
201	178	46	100
201	179	46	100
200	178	46	100
200	178	46	100
199	177	46	101
199	178	46	101
199	177	46	101
198	178	46	100
199	178	45	100
199	178	45	100
199	178	45	100
199	178	44	100
198	178	44	100
198	179	43	100
198	179	43	100
198	179	43	100
198	178	42	100
197	178	42	100
198	179	42	100
198	178	42	101
197	179	42	100
197	178	42	101
197	178	42	101
195	179	42	101
197	178	42	101
196	178	42	101
196	179	42	101
196	178	42	101
196	178	43	101
194	178	43	102
194	179	43	101
194	179	43	102
195	180	43	102
194	179	43	102
195	180	43	102
194	179	43	102
195	180	43	102
195	179	43	102
195	180	43	103
195	179	43	103
195	181	43	102
196	180	44	102
194	181	44	102
196	182	43	102
195	182	43	102
196	183	43	102
197	182	43	102
196	182	43	103
196	182	43	103
197	183	43	104
196	181	43	103
196	182	43	103
197	182	43	104
196	181	44	104
196	182	43	105
195	181	43	105
196	182	43	105
196	181	43	105
196	182	43	104
196	180	43	105
195	182	43	104
195	181	43	105
195	183	43	105
195	181	43	105
194	183	43	104
195	181	43	105
195	181	43	105
194	181	43	105
194	182	43	105
195	180	43	105
194	180	43	105
194	179	43	105
194	180	43	105
194	179	43	105
194	179	43	106
195	180	43	105
195	179	43	106
194	177	43	105
195	177	43	105
194	177	43	104
195	178	43	104
194	179	43	104
194	180	43	104
194	179	42	104
195	180	42	103
195	178	42	103
195	178	42	103
195	177	42	102
195	176	42	101
194	175	42	101
193	176	41	100
194	175	41	101
194	175	40	101
193	174	40	101
194	172	40	102
193	171	39	102
194	172	39	102
193	171	39	103
194	172	40	103
192	173	40	102
193	174	41	102
193	171	41	102
193	170	42	103
192	168	42	103
192	169	42	103
193	168	42	104
192	168	42	104
193	169	42	105
193	170	43	104
192	171	42	103
192	170	42	103
192	169	43	104
192	171	42	103
192	169	42	104
193	170	41	103
193	170	41	103
193	170	41	103
193	169	41	104
193	170	41	104
193	168	42	105
193	168	42	104
193	168	43	104
192	169	43	103
193	168	43	104
193	169	43	103
193	169	43	103
193	168	43	104
193	169	43	104
194	169	43	104
195	167	42	104
194	169	43	104
195	167	43	104
195	168	43	105
195	167	43	104
195	168	43	103
195	168	44	104
195	167	43	104
195	169	44	103
195	168	43	103
196	169	44	102
196	168	44	102
195	169	44	102
195	168	44	103
195	167	44	103
195	168	44	103
194	169	44	103
195	169	44	103
196	168	43	102
195	170	43	102
195	169	43	102
194	170	43	103
194	170	43	103
194	169	43	103
195	170	42	104
194	169	43	104
193	168	43	104
193	169	43	104
192	169	43	104
193	168	42	104
192	169	43	104
192	170	43	103
192	170	42	103
191	170	42	102
192	170	42	103
191	171	42	103
191	170	42	103
191	170	42	102
190	172	42	101
190	170	42	102
190	171	42	102
190	171	42	102
189	171	42	102
189	171	42	102
188	172	42	102
189	170	43	102
189	171	42	102
188	171	42	102
188	171	42	102
189	171	42	102
189	171	42	102
187	171	42	101
188	172	42	101
188	171	42	101
188	171	42	101
188	172	42	101
187	172	43	101
187	172	43	102
187	173	43	102
187	171	43	102
186	173	43	102
186	171	43	101
186	173	44	101
186	172	44	102
185	172	43	102
185	173	43	102
186	172	43	102
184	173	44	102
184	174	43	102
184	174	44	101
183	174	44	101
183	174	44	102
182	173	44	102
182	173	44	103
182	172	44	104
181	172	45	104
180	171	45	105
181	171	44	106
180	172	45	106
181	171	45	105
180	171	45	106
179	172	45	106
180	171	45	107
180	172	45	107
181	171	45	107
179	171	45	107
180	172	45	107
180	170	45	108
179	171	46	108
180	170	46	108
179	172	46	108
179	171	46	107
180	172	45	106
179	172	45	106
179	173	45	106
180	172	45	106
179	173	45	105
179	174	45	105
179	172	45	105
179	172	45	105
178	173	45	105
179	173	45	105
179	173	45	105
178	173	45	104
178	173	45	104
177	172	45	105
178	172	45	105
177	173	45	105
177	170	45	106
177	171	45	106
177	170	45	106
176	170	45	106
177	170	45	106
176	170	45	107
176	168	45	107
176	169	45	107
176	167	45	107
175	168	45	107
175	169	45	107
175	168	45	107
175	169	45	107
174	168	45	106
175	167	45	105
173	167	45	105
173	168	45	105
172	168	45	105
173	167	45	105
173	166	45	105
173	167	44	105
173	167	44	105
172	166	44	104
172	166	44	104
172	165	44	105
172	165	44	104
172	164	45	103
171	166	45	103
171	165	44	103
171	166	44	103
171	163	44	104
170	165	44	103
170	164	44	103
169	165	44	103
169	164	44	103
168	165	44	103
168	166	44	103
168	165	44	103
167	166	44	102
167	166	44	102
166	165	44	102
167	165	44	102
166	165	44	102
166	165	44	102
166	165	44	101
166	164	44	101
165	165	44	101
166	166	44	101
164	165	44	101
165	165	44	101
164	165	44	102
164	164	44	102
163	165	44	102
164	164	44	102
164	165	44	102
164	166	44	102
164	166	44	102
164	166	44	102
164	166	44	102
163	166	44	102
164	166	44	102
164	166	44	102
164	167	44	102
164	167	44	102
163	168	44	102
164	167	44	102
163	168	44	102
164	167	44	102
163	169	44	103
164	167	44	103
164	168	44	103
164	167	44	103
163	169	44	103
164	168	44	103
163	169	44	104
163	168	44	104
162	168	45	104
163	168	44	104
162	169	45	104
162	168	44	104
162	170	44	104
162	168	44	105
161	170	44	104
162	168	45	104
161	170	45	104
161	170	45	104
161	168	45	104
160	170	45	104
160	171	44	104
160	169	44	105
160	170	44	105
160	172	45	104
159	173	45	104
159	173	45	104
159	174	44	103
158	172	44	104
159	174	44	104
159	172	44	104
158	174	44	104
158	171	44	106
157	172	45	106
158	171	44	107
157	171	45	107
157	172	44	107
156	172	44	107
156	173	45	107
156	172	45	107
156	173	45	106
155	172	45	108
155	173	45	107
155	174	44	107
154	173	45	107
154	175	45	107
154	173	45	107
153	175	45	107
152	175	45	107
152	174	45	107
152	176	45	106
152	175	45	106
151	176	45	106
151	178	45	105
151	176	44	106
150	179	45	105
149	177	44	105
147	178	45	105
147	176	45	106
145	178	45	105
143	179	45	105
139	178	45	105
135	179	45	105
131	178	45	105
132	178	44	105
126	179	45	104
120	179	45	104
113	180	45	105
106	182	45	104
99	183	45	104
99	183	45	105
93	185	45	104
87	187	45	103
79	188	46	103
72	187	46	103
64	187	46	104
65	187	46	105
57	189	46	104
50	189	46	104
42	191	46	103
34	189	47	104
28	191	47	103
28	189	46	104
22	191	46	103
16	189	46	103
9	190	46	104
4	191	46	104
0	192	44	103
0	192	44	103
-1	192	41	103
-1	191	36	105
-3	193	32	106
-2	195	29	110
93	201	37	114
90	200	42	117
84	198	46	120
78	198	48	121
73	198	49	122
67	198	50	123
62	199	50	123
63	198	49	124
57	200	50	123
51	203	50	122
45	203	50	122
41	205	50	121
37	206	50	122
37	205	50	122
32	206	50	122
28	207	50	122
24	208	50	122
19	211	50	122
14	209	50	122
15	209	50	122
10	212	50	122
6	210	51	123
2	212	50	122
1	210	50	124
3	209	49	125
3	208	49	125
3	210	49	125
4	209	50	126
5	210	50	126
7	209	50	127
10	208	51	127
9	210	51	126
11	209	51	127
14	210	52	127
15	209	51	127
18	208	50	127
20	211	50	127
19	209	50	127
21	210	50	128
24	208	50	128
26	211	50	127
27	210	50	127
29	207	49	127
28	209	49	127
31	207	49	127
33	206	49	128
36	204	50	128
39	205	49	127
42	203	50	127
41	205	50	126
46	204	50	126
48	203	50	126
50	202	50	126
54	201	50	125
55	203	50	125
55	201	50	125
59	203	50	124
61	202	49	124
64	203	49	124
65	200	49	125
68	200	48	124
68	199	49	124
70	198	48	124
71	199	48	125
73	200	48	125
75	199	48	124
77	201	48	124
75	200	48	124
79	199	48	124
80	197	49	124
82	195	48	124
83	193	48	124
84	194	48	124
84	195	48	124
86	193	48	124
87	194	48	124
87	194	48	124
88	192	49	124
88	191	48	125
88	192	48	125
89	190	48	125
88	190	49	125
90	190	48	125
93	189	48	124
91	190	48	124
93	189	48	124
93	188	48	124
93	188	48	124
95	187	48	124
96	186	48	123
97	186	48	124
97	186	48	123
100	185	47	123
102	185	47	124
103	183	47	124
105	182	47	124
106	181	47	124
105	182	47	124
108	181	47	124
109	180	47	125
111	182	47	125
112	181	47	125
115	183	48	125
115	183	47	124
117	182	47	124
118	183	47	125
119	183	47	125
120	183	47	125
122	184	47	124
122	183	47	124
123	182	47	124
125	183	47	124
124	182	48	124
127	182	48	124
128	182	48	125
127	181	49	124
131	181	48	125
134	180	48	124
136	182	48	124
138	180	48	124
139	182	49	124
139	181	49	124
142	180	49	124
143	180	49	125
145	182	49	124
147	180	49	124
147	183	49	123
147	182	49	123
149	182	50	122
151	182	50	123
153	182	49	122
155	182	49	122
156	182	50	122
156	181	50	122
159	180	50	122
161	181	50	122
162	180	50	122
164	180	51	122
167	179	51	122
166	181	52	121
169	179	52	122
171	178	52	122
173	179	52	122
175	178	52	121
177	179	51	121
176	180	51	120
179	179	52	120
181	180	52	119
184	179	51	118
188	175	52	119
191	175	51	118
189	175	52	117
193	172	52	118
195	172	52	117
197	171	51	116
198	170	51	116
201	169	51	116
199	169	51	116
202	166	51	116
204	164	51	117
206	163	51	116
208	159	51	116
210	158	51	116
208	158	51	116
211	158	51	116
212	156	51	117
214	155	52	117
216	154	52	116
218	153	51	116
217	155	52	115
220	154	52	115
222	152	52	115
224	152	52	115
227	151	51	115
228	147	52	115
228	148	51	115
231	145	51	115
233	143	51	115
235	139	52	116
236	136	52	117
238	136	52	117
237	136	52	117
240	134	52	118
243	131	52	120
244	130	53	120
248	128	52	122
249	125	53	122
249	126	52	121
252	124	52	121
255	122	51	121
257	121	52	122
260	122	52	121
262	121	52	121
261	122	53	120
264	124	53	120
266	122	52	121
270	121	52	122
272	119	52	120
273	118	53	120
274	118	52	120
275	117	52	120
278	116	52	121
279	115	52	121
281	113	52	121
282	113	53	120
282	113	52	120
281	113	52	120
282	111	52	120
281	111	52	121
279	112	52	119
278	117	53	120
279	115	52	119
278	118	52	120
278	120	53	119
278	124	52	120
278	124	52	120
279	125	52	119
278	125	52	120
279	126	52	119
277	125	52	119
276	125	52	119
274	124	52	119
273	125	52	120
272	124	52	120
271	125	52	120
269	125	52	119
267	129	52	119
266	131	52	120
265	132	52	119
265	130	52	120
264	134	52	119
263	134	53	119
262	137	53	119
262	139	53	119
261	140	52	118
260	140	53	118
260	142	53	118
260	145	52	117
258	145	52	116
257	147	52	116
255	150	52	116
254	149	52	116
252	152	52	116
250	155	52	116
247	156	52	116
247	157	52	116
245	158	52	117
245	158	52	117
244	160	52	118
243	162	52	117
244	164	51	118
243	164	52	117
242	168	52	118
243	167	51	117
242	170	52	118
242	170	51	117
242	170	51	117
241	172	52	118
239	174	52	118
239	173	52	118
240	175	52	118
239	175	52	119
238	174	52	119
238	176	52	118
237	174	52	118
237	176	52	118
237	178	53	119
236	180	53	119
237	181	53	119
236	182	53	118
235	182	53	118
235	182	53	118
234	183	53	118
233	184	53	117
232	184	52	117
232	186	52	116
231	187	52	115
231	187	52	115
230	189	52	115
230	191	52	114
230	190	51	115
229	192	51	115
229	192	51	115
229	192	51	115
228	192	51	116
227	193	51	116
228	194	51	116
227	194	51	117
226	194	51	117
226	194	52	117
225	194	52	117
226	194	52	118
225	194	52	117
226	193	51	118
225	193	51	117
225	192	51	118
225	193	52	118
225	193	52	117
224	194	52	116
225	193	51	117
224	192	51	117
224	192	51	117
224	191	51	117
225	193	51	117
224	194	51	117
224	192	50	118
224	194	50	118
224	192	50	118
224	190	50	119
223	190	51	118
224	190	51	119
225	188	50	120
226	189	50	120
225	188	50	120
227	190	50	121
229	188	50	122
230	186	50	122
232	185	50	122
234	184	50	122
233	186	50	122
236	185	50	123
238	188	50	122
239	188	50	121
240	192	50	120
241	193	50	119
242	193	50	118
242	191	50	119
243	193	50	118
243	193	49	118
244	191	49	118
243	193	49	118
245	192	49	119
245	195	49	119
245	194	49	119
244	196	49	118
246	194	49	118
245	195	50	118
244	197	50	117
246	194	50	118
246	193	50	118
245	195	51	118
246	195	51	118
245	196	51	117
246	196	51	117
246	196	51	117
247	196	50	117
246	197	50	117
247	196	50	118
247	197	50	118
247	198	50	118
248	197	50	119
247	197	50	119
248	196	49	119
248	196	50	119
249	196	50	119
247	197	50	119
249	195	49	119
250	197	50	119
248	198	50	120
249	199	51	120
249	197	51	121
250	198	52	121
248	195	53	122
249	195	53	123
250	194	53	123
249	193	53	123
250	193	54	124
250	193	54	123
251	193	54	124
251	193	55	123
252	193	57	123
251	193	59	123
252	192	61	122
251	194	63	119
251	193	63	118
250	193	64	118
250	193	64	117
251	194	64	117
251	193	64	116
251	192	65	116
250	191	65	116
249	189	64	116
249	188	63	117
248	187	62	118
248	188	61	118
248	187	60	118
248	187	60	118
247	186	59	119
248	184	58	119
247	185	57	119
248	184	56	119
247	185	56	119
248	183	55	119
246	184	55	118
246	185	55	119
245	186	54	119
246	185	53	119
246	184	53	120
246	185	52	119
245	182	52	119
246	181	51	120
246	179	51	120
246	178	50	122
246	180	50	122
246	181	50	122
247	179	50	122
246	179	50	122
247	177	51	122
246	179	51	122
247	179	51	122
247	180	51	122
247	178	51	122
246	179	52	121
246	180	52	121
244	179	53	121
245	180	53	120
244	179	54	121
244	181	55	121
244	181	55	120
243	182	56	120
242	182	56	120
243	183	57	119
242	182	57	120
242	182	57	119
242	182	57	120
242	183	57	120
241	184	58	119
242	184	57	118
242	185	57	118
242	185	57	117
242	186	57	116
241	186	57	116
241	186	57	116
242	187	57	116
243	188	56	116
241	187	57	115
243	188	57	115
244	189	56	114
243	189	56	114
244	188	56	114
245	189	55	114
248	189	54	114
249	190	53	113
249	190	53	113
250	190	52	113
250	191	52	112
249	191	52	113
250	191	52	113
251	191	52	114
251	191	51	113
252	189	51	114
252	190	50	115
253	188	50	115
252	186	50	116
253	188	50	117
254	186	50	118
255	186	49	118
254	187	49	117
255	187	49	117
256	184	49	118
256	184	49	118
256	182	49	118
256	181	49	118
257	180	49	119
256	181	49	118
257	182	49	119
258	180	48	119
258	178	48	119
257	180	48	118
258	179	49	118
257	179	49	117
258	177	49	119
258	177	49	118
259	174	49	119
259	176	49	118
258	175	49	119
260	174	49	120
261	172	49	120
260	171	49	119
261	170	49	121
261	169	49	120
262	169	48	120
262	169	49	121
262	169	49	121
264	167	49	121
264	169	49	121
264	169	49	122
264	169	49	122
264	169	49	122
264	168	49	122
266	168	49	123
266	167	50	122
266	169	50	120
265	168	51	119
265	169	51	119
266	168	51	119
267	169	51	118
268	168	50	118
268	168	50	118
268	168	50	117
269	168	50	118
270	169	50	118
271	166	50	118
272	164	50	118
272	162	51	118
271	164	51	118
273	161	51	119
274	158	50	118
275	159	51	119
277	160	51	118
278	161	51	118
278	159	51	118
279	162	51	118
279	163	51	117
279	161	51	116
280	164	51	115
281	166	51	114
282	166	51	113
282	165	51	112
282	166	51	111
284	167	51	109
284	167	51	109
284	167	51	108
284	167	51	108
284	167	51	107
285	167	51	107
286	169	51	107
287	167	51	107
287	166	51	106
287	168	51	106
287	167	51	106
288	166	51	106
288	168	52	106
288	170	53	104
288	171	53	103
288	171	53	103
289	170	53	103
289	169	53	103
290	168	53	104
290	167	53	104
290	167	53	103
290	168	53	103
289	168	54	102
290	168	54	102
289	168	54	102
290	168	54	102
290	166	54	102
290	167	54	102
289	166	54	102
291	167	53	102
290	166	54	101
290	165	54	102
290	165	54	101
289	166	54	101
290	165	54	100
289	163	55	101
288	161	55	101
288	159	55	100
286	161	55	100
286	159	55	100
285	161	55	99
284	160	55	100
283	161	55	100
283	160	55	100
280	160	56	100
281	160	55	100
281	158	55	101
279	157	55	101
278	157	55	101
277	156	55	102
276	156	55	102
276	154	55	103
276	152	55	104
275	153	55	103
274	151	54	104
274	151	54	104
272	150	54	105
272	151	54	105
273	150	54	105
272	147	54	106
271	147	54	106
270	147	54	107
270	145	54	108
270	146	54	108
270	146	54	108
270	143	53	110
270	141	52	111
270	141	51	112
270	139	50	114
270	139	50	114
270	139	50	115
270	139	50	114
270	139	50	114
269	139	50	114
269	138	50	115
269	138	50	115
268	136	50	115
268	139	50	115
269	138	50	115
268	137	50	115
267	139	51	114
266	139	50	115
268	139	50	115
266	141	50	114
266	143	50	114
266	144	50	114
265	145	50	114
266	144	49	114
265	145	49	114
265	145	49	114
264	145	49	114
264	147	49	114
263	148	49	114
263	147	49	114
263	149	49	113
262	150	49	114
262	151	49	114
262	152	49	114
262	152	49	115
261	152	49	116
261	153	49	115
261	153	49	116
260	154	49	115
259	154	48	116
259	154	49	116
259	154	48	116
259	155	48	116
259	157	49	116
258	157	49	115
258	158	49	115
258	159	50	115
258	158	50	114
256	160	50	114
256	162	50	114
255	162	50	113
256	164	50	113
255	164	50	112
256	164	50	112
255	164	50	112
256	165	51	111
255	164	51	111
255	164	51	111
255	165	50	111
254	164	50	111
255	165	50	112
254	166	50	111
254	165	50	112
255	165	50	112
254	166	50	111
255	165	50	111
255	166	50	111
254	167	50	111
255	167	50	111
253	167	50	111
255	166	50	111
255	168	50	110
253	167	50	110
253	169	51	109
254	168	51	109
253	170	51	108
254	171	51	108
253	171	52	108
252	171	53	107
253	172	53	107
251	172	53	106
252	173	53	106
251	173	54	106
252	173	53	106
251	173	54	106
251	173	54	106
252	172	54	106
251	173	53	106
251	173	53	106
252	171	53	106
252	172	53	106
251	172	53	107
252	171	53	107
252	173	53	107
253	172	53	107
252	172	53	107
251	172	53	107
253	172	52	106
252	172	52	106
252	172	52	106
252	173	52	106
253	173	51	106
252	173	51	106
253	172	51	106
252	171	52	106
253	171	52	107
253	171	52	107
252	170	52	108
253	171	51	108
252	169	51	109
252	170	51	110
253	169	50	110
253	168	50	111
252	169	50	111
253	167	50	112
253	169	50	112
254	167	50	112
254	168	50	113
253	167	49	113
254	168	50	113
253	167	49	113
254	167	49	113
254	167	49	113
254	167	49	113
253	167	49	113
254	168	49	113
253	167	49	113
254	168	49	113
254	167	49	113
255	166	49	114
254	167	49	113
254	166	49	113
254	166	48	113
253	167	48	113
254	167	48	113
254	166	48	113
254	167	47	113
255	167	47	113
255	167	48	114
255	166	48	113
255	167	48	114
255	166	48	114
254	167	48	114
254	167	48	114
255	168	48	114
254	166	49	114
254	167	49	114
254	167	49	114
255	168	49	114
255	168	49	114
255	168	50	114
254	169	50	113
255	168	50	114
254	168	50	114
255	167	50	114
255	168	50	114
255	167	51	115
255	166	51	115
255	165	50	115
256	165	51	116
256	164	51	116
256	164	51	117
256	162	51	118
256	163	51	118
256	160	51	119
256	161	50	119
257	162	50	119
258	160	49	119
258	162	49	119
258	162	50	118
260	164	50	117
259	165	52	115
259	165	53	114
259	164	53	114
260	166	54	112
260	163	55	114
261	164	55	114
263	162	55	114
264	163	55	113
264	162	55	114
265	160	54	114
267	160	54	114
269	159	53	115
271	159	51	117
274	156	50	120
273	156	49	121
276	157	49	122
276	156	49	124
279	154	48	125
279	154	48	126
281	154	48	126
281	153	48	127
281	154	48	126
283	154	48	125
283	156	48	125
285	156	49	125
286	157	50	125
285	156	51	124
286	158	51	124
287	157	52	125
288	155	52	126
288	155	52	125
290	155	52	124
290	155	52	124
291	155	51	124
291	156	51	123
293	155	50	123
292	156	50	122
293	156	50	124
293	156	50	124
294	156	49	125
293	155	49	125
294	157	49	124
295	155	49	125
294	158	49	123
294	157	49	124
294	157	49	124
294	157	50	124
295	155	50	124
294	156	50	124
295	157	49	127
295	156	49	127
296	155	48	129
296	156	48	130
296	157	49	130
297	159	49	130
297	159	48	130
297	158	48	130
299	160	48	129
299	158	49	128
299	159	50	129
298	158	50	129
299	159	51	128
299	158	51	129
299	158	52	129
298	159	52	129
298	159	52	129
298	160	52	127
298	161	53	127
297	161	53	127
296	161	53	126
295	163	53	126
295	162	53	127
293	162	53	127
293	160	54	128
292	160	54	128
291	162	54	128
290	161	54	129
289	160	54	129
290	160	54	129
288	160	54	131
289	160	53	130
288	160	53	132
288	161	52	131
287	159	51	132
288	161	51	131
287	161	50	132
288	161	49	132
288	162	49	132
288	162	49	133
288	163	48	132
289	163	48	131
288	163	49	131
288	162	49	131
287	162	49	131
288	162	49	132
287	162	49	132
286	161	50	132
286	162	51	133
286	162	51	133
284	161	52	134
284	162	52	134
283	160	53	136
281	162	53	135
280	160	54	136
281	162	54	134
278	162	54	135
278	163	54	135
275	162	54	135
274	164	54	135
273	164	54	134
274	164	54	134
271	163	54	134
270	163	53	135
269	162	53	136
268	162	53	136
267	164	53	136
268	164	53	136
267	165	52	137
266	164	51	138
267	163	51	139
267	165	50	140
267	166	50	140
267	167	51	140
267	169	51	140
266	170	52	139
266	169	52	139
265	169	52	138
265	170	52	139
266	169	52	139
266	168	52	138
265	171	51	137
265	171	51	137
264	171	51	136
263	173	51	137
263	172	52	137
263	174	52	136
261	174	52	137
261	175	53	137
260	177	54	135
258	178	53	135
258	177	53	134
257	178	54	134
256	178	54	134
255	178	54	135
254	176	54	135
251	177	55	135
253	177	54	136
252	176	54	137
251	176	54	139
251	176	55	140
251	175	55	142
252	175	56	143
252	175	56	145
253	173	56	145
253	172	57	145
253	172	59	146
253	171	60	146
254	172	61	145
251	173	62	144
253	172	63	144
254	171	63	144
254	172	63	145
255	171	64	144
255	172	63	143
256	172	63	142
257	174	63	142
255	175	62	142
255	175	62	145
255	176	62	147
256	174	62	148
255	173	62	150
255	172	62	150
254	174	63	149
253	172	63	149
252	171	64	148
250	171	66	145
249	171	67	144
248	172	68	144
247	173	69	145
244	170	71	147
245	169	72	150
244	169	72	151
243	169	73	152
241	167	75	153
240	166	76	154
241	164	78	154
241	167	79	153
243	166	78	152
244	165	77	151
244	168	78	150
245	168	78	150
246	166	78	151
246	168	79	149
247	169	79	148
247	170	78	148
248	169	77	146
249	170	75	148
250	171	74	149
250	171	73	150
251	171	72	151
252	169	71	151
251	171	70	151
251	170	70	152
252	169	69	153
252	167	68	152
251	166	68	153
252	167	68	151
251	166	68	151
252	167	68	152
252	165	68	154
253	168	69	154
253	168	68	154
253	168	68	155
254	168	68	155
254	169	69	156
255	168	70	157
256	168	70	158
257	167	71	159
257	166	71	160
258	166	72	160
259	167	73	158
259	170	74	159
259	169	74	158
259	170	74	157
260	169	73	157
261	171	73	156
260	173	73	156
260	171	73	156
260	174	72	157
261	173	72	157
262	174	72	158
262	173	71	159
262	174	70	160
262	175	69	160
265	174	67	162
266	173	66	162
266	174	66	161
267	174	66	161
265	175	66	162
266	174	66	163
268	175	66	162
269	174	66	161
268	174	66	161
270	175	65	160
272	176	65	161
272	170	65	162
273	169	65	163
274	167	65	163
273	169	66	162
274	165	66	163
273	161	67	163
272	161	68	162
271	160	68	161
269	158	69	161
269	157	70	161
266	156	70	160
265	156	71	160
263	156	71	159
261	154	69	159
260	153	69	157
259	154	69	157
259	153	68	158
259	151	67	160
258	151	66	162
258	150	65	165
257	148	63	167
258	150	63	168
256	145	62	170
256	147	62	169
255	143	61	170
254	144	61	169
254	143	61	168
254	144	61	168
254	142	61	168
252	142	61	167
250	141	62	165
250	144	65	166
247	141	66	166
247	143	66	168
246	142	68	166
245	143	69	165
243	143	70	164
243	143	70	166
243	143	70	168
244	143	70	169
243	142	71	169
245	142	70	168
244	141	69	170
244	139	69	172
244	140	69	171
244	139	68	171
242	141	69	170
242	140	68	169
242	140	69	170
240	140	70	168
240	141	72	167
240	139	72	167
240	139	71	169
240	138	72	169
239	136	71	171
238	141	71	173
238	139	72	173
238	140	72	173
236	141	72	172
237	139	72	171
236	138	73	170
235	139	73	169
234	142	74	166
233	144	73	165
231	146	74	164
230	146	72	165
243	136	73	163
243	137	74	162
245	136	73	161
246	133	73	162
260	133	66	162
265	130	62	163
270	130	59	166
274	130	57	165
276	130	57	164
277	130	56	163
279	132	56	163
280	132	56	162
281	135	56	160
282	135	56	158
283	139	55	159
283	137	55	160
284	137	55	159
286	140	54	159
287	139	54	159
288	138	53	158
287	137	52	159
287	139	52	159
288	137	51	161
287	137	52	164
287	134	53	163
287	133	53	164
287	133	54	162
287	133	55	161
287	132	56	159
289	135	56	157
291	136	55	156
292	138	56	155
294	141	56	152
294	140	56	151
296	142	56	151
297	141	56	150
298	140	57	149
297	141	58	147
298	140	58	146
298	140	58	146
298	139	58	146
298	140	60	146
297	142	61	145
298	143	60	145
298	141	61	146
297	142	61	146
298	141	61	145
298	143	61	146
298	146	60	148
298	145	59	149
297	148	59	150
297	149	59	149
295	148	59	149
294	149	59	149
292	151	59	149
291	152	58	149
290	154	58	149
290	152	58	150
289	154	57	153
288	155	58	153
286	157	59	153
285	158	60	153
286	160	61	153
283	158	62	154
285	159	62	154
283	161	63	154
285	163	62	155
285	165	63	154
284	165	64	153
283	165	64	153
284	164	65	153
283	165	65	153
283	164	66	154
283	166	67	154
282	165	67	155
282	166	67	155
281	168	67	154
279	169	67	154
278	171	67	155
277	171	66	155
277	172	66	155
277	172	65	155
274	172	65	156
273	176	65	156
271	179	66	155
269	181	66	155
268	184	65	157
269	183	65	155
267	184	65	156
265	185	64	155
264	184	64	155
263	186	64	155
261	185	64	156
260	185	64	156
260	187	64	156
258	187	64	155
257	184	64	156
255	185	65	155
254	185	65	155
255	185	65	155
252	188	65	154
253	187	65	153
250	186	65	153
249	183	65	152
249	180	64	153
250	179	64	154
248	176	64	153
248	172	64	153
247	168	64	154
248	165	64	154
247	163	65	154
247	163	65	155
250	161	64	155
249	159	64	155
251	157	64	155
249	152	64	156
252	151	64	156
251	151	64	157
253	149	64	156
253	149	65	157
254	147	64	157
256	145	63	156
255	139	64	157
255	140	64	157
255	136	64	157
255	133	64	157
254	132	65	157
254	131	65	157
253	131	65	157
253	131	65	157
252	129	65	156
252	130	65	156
251	129	65	155
251	130	65	154
251	131	65	153
251	132	65	152
251	134	65	151
250	134	66	150
249	137	66	148
248	136	66	149
248	135	67	149
247	133	67	149
246	135	68	147
247	134	67	147
246	134	67	147
246	134	67	146
248	133	67	146
246	135	68	145
249	135	67	145
250	134	67	145
252	133	67	146
252	132	66	146
254	131	66	147
253	131	67	147
256	131	66	147
256	132	67	147
256	131	67	147
257	130	68	147
257	132	68	147
257	131	68	146
257	132	68	147
258	132	68	147
259	132	67	146
259	134	68	145
259	134	69	144
260	135	70	144
260	135	71	144
261	137	70	144
261	137	70	143
261	139	70	143
261	138	70	143
261	138	71	142
263	139	70	142
264	141	70	142
265	143	70	143
266	145	71	142
267	143	71	143
268	143	71	143
269	143	71	144
271	139	71	146
272	137	71	147
277	136	70	148
279	136	69	148
277	138	70	147
280	138	69	149
282	139	69	149
283	139	69	150
285	137	69	151
286	138	69	151
285	136	69	152
288	134	69	153
288	134	68	154
289	134	68	154
290	133	68	155
290	135	69	154
290	133	69	154
292	135	68	155
291	133	69	155
293	133	68	155
294	132	68	155
294	133	68	155
295	133	68	155
296	133	68	155
295	132	69	156
296	134	69	155
296	133	69	154
298	132	68	154
297	132	68	154
300	132	67	154
299	130	67	156
299	129	68	155
298	130	68	155
300	130	68	155
298	130	68	155
301	129	68	155
300	128	69	156
301	128	69	155
300	128	69	156
300	126	69	156
301	126	69	156
301	127	69	157
303	126	69	158
302	124	68	159
303	125	68	159
304	124	68	160
304	124	68	160
303	125	68	159
304	125	68	159
304	124	68	159
305	125	68	159
306	124	67	158
306	125	68	159
307	124	68	158
306	126	68	158
307	126	68	158
307	125	68	158
309	124	67	159
308	124	68	159
310	125	67	159
308	124	68	159
311	124	68	159
311	125	68	158
311	125	68	158
311	125	68	158
311	124	68	157
312	126	68	157
313	126	68	157
314	126	68	157
315	127	68	157
314	126	68	157
314	129	68	157
315	127	68	157
316	125	69	157
317	126	69	157
317	127	69	157
318	127	68	156
319	128	69	156
320	128	68	156
321	129	68	156
322	128	68	156
322	128	69	156
322	128	69	156
324	126	68	156
325	126	68	156
326	129	68	157
326	127	69	158
329	129	68	158
327	129	68	158
330	128	68	158
329	131	69	157
332	130	68	157
333	130	68	158
334	129	69	158
334	129	69	157
335	130	69	158
336	130	68	158
339	131	68	158
340	130	68	158
340	132	68	158
340	130	68	158
343	131	68	157
343	133	68	158
345	133	68	156
348	132	68	156
349	132	67	157
348	133	67	157
351	134	67	157
353	133	67	157
354	133	68	156
357	132	67	156
359	134	67	158
359	133	68	157
360	134	67	156
362	134	67	156
365	133	67	156
364	135	67	157
367	134	67	157
365	135	67	157
369	134	67	157
370	134	67	157
371	133	67	157
372	135	67	158
373	133	67	158
371	135	68	158
374	135	67	158
375	134	67	158
376	136	68	158
377	136	67	158
378	135	68	159
377	135	67	159
379	136	67	159
378	136	67	158
377	138	67	158
377	140	67	158
375	139	67	158
377	140	67	157
376	140	68	158
375	140	68	157
374	141	68	156
372	139	68	157
373	140	68	158
372	141	68	158
373	144	68	158
372	148	69	158
372	154	70	156
373	158	70	156
374	162	70	156
373	162	70	156
373	166	70	155
374	167	70	155
372	169	70	153
374	169	69	153
372	170	69	152
373	171	70	150
373	171	70	149
373	173	69	148
373	175	70	147
373	177	71	145
372	179	72	143
372	181	71	142
374	182	71	141
374	185	72	139
374	185	72	137
374	187	73	136
373	188	73	135
374	189	73	134
375	189	73	134
375	190	73	133
375	191	72	131
375	190	72	131
374	188	72	130
374	189	71	129
373	186	71	129
372	184	71	129
373	182	71	129
373	179	72	128
372	176	73	128
373	176	73	127
373	173	73	128
372	170	73	128
372	170	73	127
373	169	73	128
373	166	73	128
372	166	73	128
374	165	73	128
374	163	73	127
373	164	73	127
366	164	73	126
368	163	73	125
367	163	73	125
364	162	73	126
361	162	73	125
360	160	73	126
358	158	74	126
357	158	74	127
356	157	74	127
355	158	73	127
352	158	73	128
350	157	73	128
349	158	74	128
349	156	73	130
350	157	73	130
349	156	72	130
348	154	72	131
348	152	71	133
348	150	71	134
347	149	70	136
347	148	70	137
348	148	70	138
347	150	69	138
347	150	69	138
347	149	69	139
346	149	69	139
347	149	69	140
346	148	69	140
345	147	69	141
345	148	68	141
344	150	68	142
345	152	68	143
345	151	67	144
344	152	68	144
343	150	68	145
344	150	67	146
343	145	67	146
342	144	67	146
342	146	67	146
343	145	67	146
343	143	67	147
342	145	67	146
342	145	67	147
342	145	67	147
342	146	67	147
342	144	67	147
342	143	67	147
341	142	67	148
340	144	67	148
340	142	67	148
340	144	67	149
340	144	67	149
339	143	67	150
339	143	67	150
338	145	67	149
337	145	67	149
338	144	67	150
337	145	67	149
337	147	66	149
337	146	67	149
336	147	66	149
337	143	65	150
336	146	65	150
337	145	66	151
336	146	66	150
336	146	66	150
336	145	66	150
336	147	66	149
336	146	66	150
335	148	66	150
338	147	65	151
335	150	65	151
338	152	65	151
337	154	65	150
338	154	65	150
337	155	66	149
339	156	65	149
338	157	65	150
339	156	65	150
339	157	66	150
339	157	66	150
339	159	66	149
339	159	65	149
340	159	66	149
339	158	66	148
338	159	67	148
339	158	67	148
339	155	66	149
339	157	66	148
340	154	66	149
339	156	66	149
341	155	65	150
340	156	65	150
341	155	65	150
340	155	65	150
342	155	66	151
341	154	65	151
342	156	65	151
341	153	66	151
342	154	66	151
344	156	66	151
345	154	66	151
344	155	66	151
346	154	65	151
345	156	65	150
346	154	65	151
345	156	66	151
347	152	65	151
347	155	66	150
347	154	66	151
347	156	66	151
349	152	65	151
349	151	65	150
350	149	65	150
349	146	65	151
351	145	65	152
349	146	66	151
351	145	66	152
351	144	66	152
351	143	66	151
352	145	66	151
351	139	66	152
352	142	66	150
352	140	66	152
352	135	65	152
353	135	66	152
352	135	66	152
353	136	66	152
353	135	66	152
354	137	66	152
358	137	66	153
360	137	66	153
364	136	66	153
368	135	65	154
366	136	65	154
371	133	65	154
374	133	65	154
378	129	65	156
381	128	65	156
383	128	65	156
381	127	66	156
385	127	65	156
385	123	65	157
389	121	64	159
389	117	64	160
392	116	64	160
390	115	64	162
392	112	64	161
393	112	64	161
393	110	64	161
396	107	64	163
397	103	64	164
396	104	65	162
398	101	65	163
400	96	65	163
399	93	66	162
401	89	66	163
402	92	66	162
400	91	67	162
402	93	67	161
402	93	67	163
401	93	67	162
399	91	68	163
398	90	67	163
398	90	67	164
396	87	67	165
396	86	66	165
392	85	66	165
391	85	66	167
390	83	65	167
391	82	65	168
389	81	66	168
391	80	65	169
388	79	66	169
390	81	65	169
389	80	65	169
391	80	65	170
389	76	64	170
388	76	64	171
390	75	64	171
388	74	64	171
389	78	65	171
387	76	66	172
390	83	66	172
388	84	66	172
389	88	66	172
388	89	66	172
391	90	65	171
389	88	65	171
391	89	65	170
388	89	66	169
391	92	66	169
389	89	67	170
389	88	66	168
389	90	66	168
390	89	66	167
388	88	66	167
388	90	66	166
385	88	66	166
386	91	65	166
385	89	65	166
381	90	64	163
376	93	63	160
369	97	61	154
358	104	58	147
348	109	55	139
349	110	52	135
340	115	49	128
332	121	47	120
327	123	46	112
328	125	44	108
329	126	42	106
329	127	41	105
330	127	41	104
330	129	41	103
329	130	41	102
330	130	41	102
330	133	41	101
331	132	41	101
330	135	41	100
331	133	41	100
330	135	41	100
330	136	41	99
330	136	41	99
331	135	40	99
328	138	41	99
327	139	41	98
326	139	41	99
325	137	41	99
323	139	41	98
324	139	41	99
324	138	40	99
324	140	40	99
324	138	40	100
324	141	40	99
324	139	40	100
324	140	40	100
323	142	40	99
323	142	40	100
323	144	40	100
323	145	40	100
323	144	40	100
322	145	40	99
322	146	40	99
319	145	40	99
320	147	40	99
318	147	40	99
317	148	40	99
317	147	40	99
316	150	41	98
315	150	41	98
313	150	40	98
313	147	40	99
311	146	41	98
311	146	40	98
310	145	40	98
310	147	40	98
309	143	40	99
309	141	40	99
308	137	40	98
308	138	40	98
307	134	40	98
307	131	40	98
307	128	41	98
306	126	41	98
306	123	41	98
306	124	41	97
306	122	41	97
304	122	41	97
305	120	41	97
305	120	41	97
307	117	41	98
307	117	41	98
310	116	41	98
313	117	41	97
318	116	42	97
323	117	42	98
327	117	42	98
328	116	42	98
332	117	42	98
335	118	42	98
335	114	42	97
336	113	42	98
337	113	42	98
337	114	42	97
338	117	42	97
339	119	42	97
339	116	42	96
339	116	42	96
335	116	41	94
336	117	41	96
331	115	41	94
325	114	40	93
320	112	40	93
314	110	40	93
309	111	40	93
308	111	40	93
304	108	40	93
302	103	40	93
302	101	40	94
303	97	40	94
302	98	40	94
303	97	40	94
303	98	40	94
304	102	40	95
303	102	40	94
304	104	39	94
304	110	40	95
305	108	39	95
303	115	40	94
304	121	40	94
305	125	40	95
306	129	40	95
305	130	40	94
305	129	40	94
306	133	40	94
306	136	40	95
306	140	40	95
307	144	40	95
307	146	40	95
307	146	40	95
308	146	39	95
308	148	39	94
308	149	39	96
309	151	39	96
307	153	40	96
309	152	39	96
308	155	39	96
307	156	39	97
309	157	39	96
308	157	39	95
307	160	39	96
307	159	39	95
307	162	39	96
308	164	39	96
308	167	39	95
307	169	39	96
307	170	39	95
307	171	39	95
307	173	39	96
307	174	39	95
307	174	40	95
307	174	39	94
307	172	39	95
306	173	39	94
308	171	39	95
308	169	39	95
307	166	39	95
307	164	39	95
306	162	39	94
307	163	39	94
308	159	38	94
307	156	39	94
307	155	39	93
307	155	39	93
307	154	39	93
307	155	39	93
307	153	39	93
308	154	39	92
307	154	38	92
309	153	39	93
309	153	39	92
309	153	39	92
309	152	38	92
308	151	38	93
309	153	39	93
308	152	39	94
309	151	39	93
309	151	39	93
309	152	39	92
308	153	39	92
308	153	39	92
309	154	39	92
309	154	39	92
309	155	40	91
309	154	40	91
309	154	40	92
309	153	40	92
310	152	40	92
309	152	40	92
310	151	40	92
309	150	41	92
310	150	41	93
309	149	41	93
309	148	41	93
309	147	41	93
309	148	41	92
310	146	41	93
310	148	41	92
310	147	41	92
309	146	41	93
311	145	41	93
310	146	41	92
311	144	40	92
310	145	41	92
310	144	41	92
310	147	41	92
310	147	41	91
311	146	41	91
310	148	41	91
310	147	41	91
310	148	41	92
310	148	41	92
310	147	41	92
310	147	41	92
310	148	41	92
310	147	41	92
310	145	41	92
310	144	41	93
310	144	41	93
311	143	41	93
309	143	41	93
310	141	41	94
310	140	41	95
309	141	41	96
310	139	41	97
310	141	41	98
310	141	41	98
309	139	42	98
309	141	42	99
310	141	42	99
309	140	42	98
310	141	42	98
309	139	42	98
309	141	43	99
309	139	43	99
308	140	43	99
309	139	44	99
308	142	44	98
309	140	44	99
308	142	45	98
308	142	44	98
307	143	45	98
308	141	44	98
308	143	45	97
307	141	44	97
308	143	44	98
307	141	44	99
307	142	45	99
309	140	44	100
309	142	45	99
308	143	45	98
308	143	44	99
308	144	44	98
308	146	44	97
308	145	43	97
309	146	43	97
310	145	42	98
310	145	42	97
310	146	42	97
309	148	42	95
309	148	41	95
310	148	41	95
309	148	41	94
309	147	41	93
310	147	41	93
310	146	41	93
310	143	41	93
309	144	41	93
310	142	41	94
309	142	41	94
309	142	42	95
309	141	42	95
310	139	42	96
308	140	42	95
309	139	42	96
309	137	42	96
308	138	42	95
307	140	43	95
307	140	42	95
307	138	42	95
308	139	42	94
307	140	42	94
307	140	41	94
307	140	41	94
306	141	41	94
307	140	41	94
306	141	41	94
307	142	41	94
306	142	41	94
307	143	41	94
306	143	41	94
306	142	41	94
307	142	41	94
307	143	41	95
306	144	41	94
306	144	41	94
306	144	41	94
305	143	41	93
305	144	41	94
305	145	41	94
305	146	40	94
305	146	40	94
304	146	41	93
305	146	41	93
304	145	41	93
304	147	41	93
304	146	41	93
303	146	41	93
304	147	42	92
302	148	42	92
303	148	42	93
303	148	41	93
303	148	41	93
303	149	41	92
303	150	41	91
303	149	40	92
302	151	40	91
303	150	40	91
303	151	40	91
303	150	40	92
303	150	40	92
303	150	40	92
304	150	40	93
304	151	40	92
303	150	40	92
302	151	41	91
303	150	40	92
303	151	41	91
303	151	41	91
302	152	41	91
303	152	41	92
303	152	40	92
303	153	40	91
302	152	40	91
303	152	40	91
303	152	40	91
303	153	40	91
303	153	40	91
303	154	40	91
303	153	40	91
304	154	40	91
303	153	40	91
304	154	40	91
303	154	40	91
303	153	40	91
303	153	41	91
303	153	41	91
304	152	41	91
303	154	41	91
303	152	40	91
303	151	40	91
303	152	40	91
303	150	40	91
303	151	40	91
303	151	40	91
303	149	40	91
303	151	40	90
303	151	40	90
302	152	40	90
302	152	40	91
302	152	39	91
301	152	40	91
302	153	40	91
301	153	40	91
301	152	40	91
301	153	40	90
302	152	39	90
302	153	39	90
301	154	40	90
301	153	40	90
301	152	39	90
302	153	39	90
300	153	40	90
300	152	39	91
300	154	40	90
301	153	39	91
300	155	40	90
301	153	39	91
299	153	40	90
300	154	40	90
300	154	40	90
299	153	40	91
300	153	39	90
299	153	39	91
298	153	39	91
299	153	39	91
299	154	39	91
299	153	39	91
299	154	38	91
299	154	38	90
298	153	38	90
298	154	38	90
298	154	38	90
298	153	39	90
297	154	39	90
298	153	38	90
298	154	39	90
297	154	38	90
296	153	38	90
297	154	39	90
297	153	38	90
296	153	38	90
296	152	38	90
295	154	39	89
295	153	39	89
295	153	39	90
295	152	40	90
295	152	40	90
295	153	40	89
295	153	40	90
295	154	40	89
295	154	40	89
296	154	39	89
296	155	39	89
296	154	39	89
297	154	39	89
296	154	40	89
296	155	40	89
297	154	40	89
297	153	40	89
297	154	40	89
297	153	40	89
298	154	40	90
298	154	39	89
298	155	40	89
298	155	40	89
299	155	39	89
300	156	40	89
299	155	40	88
299	155	40	88
299	156	40	88
300	156	40	87
301	157	40	87
299	157	40	86
301	159	40	85
301	158	41	85
300	159	41	84
301	160	41	84
301	159	41	84
301	160	41	83
301	160	41	83
302	162	41	82
301	161	41	82
302	161	41	82
303	159	41	83
303	161	40	82
303	162	40	82
304	160	40	82
304	162	40	82
304	162	41	81
304	163	41	81
304	162	41	81
305	162	41	81
305	163	41	81
304	162	41	81
306	162	41	81
305	163	41	81
305	163	41	80
306	163	41	80
305	164	42	80
305	163	42	80
304	162	42	80
305	163	43	81
305	163	43	81
304	163	43	81
305	162	43	81
305	161	43	82
304	161	43	82
304	160	43	82
305	162	43	82
304	160	43	83
304	161	42	82
305	160	42	83
305	158	42	83
305	156	42	84
304	157	42	84
305	157	41	85
306	157	41	85
305	157	41	84
306	156	40	85
304	156	41	84
305	157	41	85
304	155	41	85
305	157	41	85
304	157	41	85
305	157	41	85
304	155	41	85
305	155	41	85
305	153	40	86
305	154	41	86
306	153	40	86
305	152	41	86
304	151	41	86
306	152	40	86
305	151	41	86
305	152	40	86
305	151	40	86
306	150	40	87
305	149	40	87
305	149	40	87
305	150	40	87
306	151	40	86
305	149	40	86
305	150	40	87
305	150	40	87
305	149	40	86
304	149	40	86
305	150	40	87
304	149	40	87
304	149	40	88
304	149	40	88
303	150	40	87
304	151	40	87
304	150	40	86
303	152	41	86
303	151	40	86
303	151	40	86
304	151	40	87
303	151	40	87
303	151	40	87
303	151	40	87
304	151	39	87
303	152	40	87
303	150	39	87
303	151	40	87
303	151	40	87
303	151	40	87
303	151	40	88
303	151	40	88
303	150	40	88
302	150	40	87
302	151	40	88
303	151	40	88
304	150	40	88
303	149	40	88
303	151	40	88
303	150	40	88
303	150	40	88
302	151	40	88
303	151	40	88
302	150	40	87
302	151	40	87
302	151	40	87
303	151	40	87
302	150	40	87
302	151	40	87
301	150	40	88
301	151	40	88
302	151	40	88
301	151	40	88
303	150	39	89
301	150	40	88
301	151	40	88
301	150	40	88
301	150	39	88
301	151	39	89
301	151	39	88
302	150	39	88
300	150	40	88
301	152	39	88
301	150	39	89
301	151	39	89
301	151	39	89
301	151	39	88
300	151	39	87
301	150	39	88
301	151	39	88
300	151	40	88
302	151	39	88
300	151	40	87
302	152	39	88
300	151	40	88
301	151	40	89
301	150	40	88
300	151	40	88
300	150	40	88
300	151	40	88
299	151	40	88
301	150	39	89
301	151	40	88
300	150	40	88
301	150	40	88
301	150	40	88
300	151	40	88
301	151	40	88
300	151	40	88
300	151	40	88
300	151	40	88
300	151	40	89
300	152	40	89
301	151	39	89
301	151	39	89
300	151	39	89
300	150	40	89
300	151	40	90
301	150	39	90
300	151	40	89
300	151	40	89
300	151	40	89
299	151	40	90
300	152	40	91
300	151	40	91
299	152	40	90
299	152	41	91
299	150	40	91
300	151	40	92
300	152	40	91
299	151	41	91
300	152	40	92
299	151	41	91
300	152	40	92
299	151	41	92
300	151	40	93
299	151	40	92
300	152	40	92
300	152	41	92
301	151	40	92
301	153	40	92
300	153	41	91
301	154	40	91
302	154	40	90
301	156	40	89
301	154	40	90
301	155	40	90
301	156	40	90
302	157	41	90
302	156	41	89
301	156	41	89
301	155	41	89
302	156	41	89
301	156	41	89
302	157	40	89
302	157	40	88
302	158	40	88
302	156	40	88
301	157	40	88
302	157	40	88
301	157	40	88
301	156	40	89
301	157	40	89
303	157	40	89
302	156	40	89
302	156	40	89
301	157	41	88
302	158	40	89
301	156	40	89
303	157	40	89
301	158	40	89
302	158	40	89
301	157	40	89
302	159	40	90
302	157	40	90
302	159	40	89
302	158	40	90
303	158	40	90
302	158	40	89
302	160	40	89
302	159	40	89
302	159	40	89
303	160	40	89
302	158	40	89
303	160	40	88
303	159	40	88
303	159	40	88
303	160	40	88
303	159	40	89
304	160	40	89
303	160	40	89
303	160	40	90
303	160	40	90
303	160	40	90
303	160	40	89
304	161	40	88
303	161	40	88
304	161	40	87
304	160	40	87
303	161	40	87
304	162	40	87
304	160	40	87
305	162	40	87
304	160	40	87
305	160	40	88
304	159	40	88
305	160	40	89
305	159	40	89
304	158	40	91
305	158	40	91
303	158	41	91
304	158	40	92
305	156	40	93
304	156	40	94
305	156	40	95
305	155	40	95
305	155	40	95
306	155	40	96
305	154	40	95
305	156	40	96
305	154	40	95
304	155	41	95
305	156	40	95
305	156	40	94
305	156	41	93
305	157	41	93
304	158	41	93
305	157	40	93
305	157	40	93
304	158	40	92
304	157	41	92
303	158	42	92
303	158	41	91
304	158	41	92
303	158	40	91
303	158	40	91
304	158	40	92
303	159	40	92
304	158	40	92
304	158	40	92
304	158	40	91
303	158	40	92
303	159	40	92
303	159	40	92
304	158	40	92
304	159	40	92
305	158	40	92
304	158	40	92
304	157	40	92
305	155	40	92
305	153	40	92
305	153	40	91
306	153	40	91
305	154	41	91
306	156	40	91
306	153	41	91
307	154	40	91
306	155	40	90
306	154	41	90
306	155	41	91
307	156	41	91
307	156	40	92
307	154	40	92
307	155	40	91
307	154	40	91
308	154	40	91
307	155	40	90
307	155	40	91
307	157	40	91
308	155	40	91
308	156	40	90
308	155	40	90
308	155	40	90
308	155	40	90
307	156	40	90
308	157	40	90
308	156	40	89
308	158	40	89
308	158	40	90
308	156	40	90
309	158	40	90
309	157	40	90
308	157	40	89
309	157	40	89
308	158	41	89
310	158	41	89
310	157	40	90
309	158	40	91
310	158	40	91
310	158	40	91
311	159	41	91
311	158	40	91
311	158	40	91
310	159	41	91
311	159	40	91
312	158	40	92
312	159	40	91
312	158	40	92
312	155	41	94
312	154	41	96
312	153	41	97
312	154	41	97
313	155	41	97
313	155	42	96
314	155	42	96
314	154	41	95
315	154	41	94
315	154	41	93
315	156	42	91
314	158	43	89
315	159	43	87
315	160	44	86
315	161	44	85
316	163	44	83
316	164	45	82
316	165	45	81
317	166	45	79
317	168	45	79
317	168	44	79
317	170	44	77
317	170	45	77
318	171	45	77
318	169	44	77
318	169	44	77
319	170	44	76
319	169	44	77
319	169	44	77
320	169	44	77
320	168	43	78
320	168	43	79
320	168	43	79
321	168	43	79
320	167	42	79
322	166	42	80
321	165	42	81
322	165	41	81
322	164	42	81
322	164	41	82
322	163	41	84
321	163	41	85
319	162	42	85
318	162	43	85
316	162	44	86
314	162	45	87
310	161	47	88
316	157	45	91
314	157	45	92
310	158	47	93
306	160	49	94
300	162	51	95
297	165	53	97
296	166	54	99
296	166	54	101
297	166	54	102
296	164	54	104
297	164	54	105
296	164	54	106
297	164	54	106
298	163	54	107
297	163	54	107
297	162	54	107
298	163	54	107
298	163	53	108
299	163	53	108
300	162	53	110
300	163	53	110
300	162	53	111
302	161	52	113
303	161	51	114
305	160	50	115
306	160	49	116
306	160	49	115
307	160	50	116
308	161	49	117
310	160	48	117
311	159	48	117
312	160	48	117
312	160	48	118
312	160	48	118
312	161	48	118
312	160	48	119
311	161	49	118
311	162	49	119
312	162	49	119
312	162	49	120
313	163	50	119
313	163	49	120
314	162	49	122
314	161	49	123
315	161	49	123
314	161	50	124
315	162	50	124
317	162	50	125
316	162	51	126
317	162	52	124
317	163	53	123
317	165	54	122
318	163	54	123
319	165	55	122
321	164	55	122
322	167	56	121
323	168	57	120
325	170	57	118
327	170	56	117
328	172	56	116
331	171	56	115
333	171	55	114
334	174	54	113
336	176	53	111
337	175	52	110
338	176	51	109
339	176	50	108
338	178	50	108
339	177	48	108
339	177	48	108
337	178	47	108
334	179	47	107
332	179	46	107
328	180	46	107
325	180	46	106
325	180	45	106
322	181	45	106
314	180	46	106
314	181	46	105
312	180	46	106
310	180	46	106
309	180	46	106
307	179	45	107
305	177	44	108
303	176	44	109
301	176	44	109
298	176	44	108
299	175	43	109
297	176	43	109
294	177	44	108
293	178	44	108
291	179	44	107
290	181	44	106
290	179	44	107
288	180	44	107
287	180	44	106
286	180	44	106
284	180	44	106
282	179	44	105
281	179	44	105
280	179	44	105
279	179	44	105
278	178	43	106
277	179	44	106
275	179	44	105
275	180	44	106
274	181	45	105
273	181	46	105
273	183	46	104
273	184	47	104
273	183	47	103
273	185	47	102
273	186	47	102
273	186	48	101
272	187	49	101
273	186	49	100
272	187	48	101
272	188	48	102
273	186	49	101
272	185	48	101
274	187	48	102
275	186	47	103
276	185	47	103
277	185	47	103
278	185	47	103
279	187	47	102
280	186	46	102
281	186	45	103
281	184	45	103
280	185	44	103
282	185	44	104
282	184	43	105
282	184	43	104
281	182	43	104
282	184	42	103
282	183	42	102
281	184	42	101
281	185	42	101
282	186	42	101
282	186	43	102
282	187	44	100
281	187	44	100
283	187	45	100
282	188	46	99
283	188	46	99
284	188	46	98
283	187	46	99
283	187	47	99
282	185	47	98
284	184	46	99
283	182	46	100
284	180	45	101
283	179	45	101
283	179	45	101
282	178	45	102
282	177	44	103
282	177	43	103
282	178	42	103
281	177	42	103
281	176	41	104
281	176	41	104
280	176	41	103
279	177	41	102
279	177	41	102
278	177	41	102
278	177	41	102
278	177	41	101
277	177	42	100
276	179	42	100
276	178	43	99
276	180	43	99
276	179	43	99
277	180	43	99
277	181	43	98
278	181	43	98
280	180	44	98
280	180	44	98
280	181	44	98
282	180	44	98
282	181	45	98
282	180	45	98
283	180	45	99
284	179	44	99
284	179	44	100
283	180	44	100
284	179	44	100
285	180	43	100
285	179	43	99
286	181	42	99
286	179	42	98
287	180	41	97
287	180	41	97
287	180	41	97
288	180	40	97
289	181	40	97
289	181	40	97
289	183	40	97
288	182	41	95
289	181	41	95
289	182	41	95
289	181	41	95
289	181	41	96
290	181	41	96
291	182	41	95
292	181	41	95
293	182	40	95
294	181	40	96
294	181	40	96
295	182	41	96
296	182	41	96
296	182	41	96
297	180	41	96
298	180	41	96
299	180	40	96
299	179	40	96
299	180	40	96
301	180	40	97
301	179	40	97
302	181	40	97
302	180	40	97
303	181	39	97
304	181	39	97
304	180	39	98
305	179	38	98
305	176	38	98
306	176	38	98
306	174	38	99
307	171	38	98
307	170	38	98
307	173	38	97
308	175	38	96
308	174	38	96
308	175	39	95
308	178	38	95
310	179	38	96
312	177	38	96
314	177	38	98
313	176	38	99
314	176	38	100
315	176	38	101
314	175	38	100
313	176	38	100
311	177	38	99
310	178	38	99
307	175	39	98
304	175	39	98
301	173	39	98
298	173	39	97
295	174	39	97
296	174	39	97
292	177	39	97
289	177	39	96
286	178	39	96
282	180	38	97
282	181	37	97
282	182	37	97
279	182	37	97
278	181	38	97
275	179	38	97
275	178	37	97
273	178	37	96
274	178	36	95
272	177	37	95
270	175	37	94
269	177	38	94
268	180	38	93
269	179	38	93
269	180	38	93
270	180	38	93
272	180	38	94
274	181	39	94
277	183	39	93
278	183	40	93
277	184	40	92
279	185	42	91
281	186	41	92
281	185	40	92
282	185	40	92
282	187	40	92
282	187	40	91
281	189	40	92
281	189	40	92
281	190	39	92
281	190	39	92
281	190	38	91
282	190	38	92
282	189	37	92
283	188	37	91
284	187	36	92
285	186	36	92
286	186	36	93
287	185	36	93
288	186	35	93
290	185	35	93
292	186	35	93
293	187	35	93
295	188	35	93
296	187	35	92
297	189	36	92
299	188	36	91
300	188	37	91
302	188	37	90
304	189	38	90
305	188	37	90
306	191	38	88
307	191	38	87
311	193	39	86
310	193	39	86
313	193	40	86
312	192	40	86
314	193	40	86
315	193	41	85
315	192	40	86
317	192	40	87
317	192	40	86
317	193	40	86
318	192	39	87
321	191	39	87
319	190	39	88
321	190	38	88
320	189	37	89
321	189	36	90
321	188	36	91
322	189	35	90
323	188	35	91
323	188	35	91
325	187	35	92
324	187	35	91
326	187	35	91
325	186	35	91
326	186	35	90
327	186	35	89
327	185	35	90
327	184	34	90
328	186	35	90
329	185	35	89
328	186	36	89
332	184	36	90
331	184	36	90
330	184	36	90
332	185	36	90
332	184	36	90
333	183	36	92
334	183	36	91
334	182	36	92
334	183	37	91
335	183	37	91
335	183	37	90
335	182	37	90
336	182	36	90
337	181	37	89
335	182	37	89
335	181	37	89
334	180	37	88
334	180	37	89
335	179	36	90
334	179	36	90
334	178	35	89
334	179	35	89
333	178	35	89
333	178	34	90
331	178	34	91
332	177	34	91
331	176	34	91
331	177	34	91
329	177	35	90
329	176	35	89
328	177	35	89
329	177	35	89
328	177	35	89
328	176	35	89
328	177	35	89
327	176	35	88
327	176	35	87
327	176	35	87
328	176	35	87
328	176	35	88
328	176	34	87
327	176	34	87
328	175	34	86
327	175	34	86
327	176	34	85
327	176	33	85
326	175	33	84
325	175	33	83
325	175	34	83
323	175	34	83
324	175	33	83
323	175	34	83
321	175	34	83
319	174	34	84
318	175	35	83
316	175	35	82
315	175	35	83
314	175	36	82
313	175	36	82
279	174	36	83
277	174	36	83
278	174	35	83
277	174	35	83
277	173	35	83
278	173	35	82
276	173	35	83
277	174	35	83
278	173	35	83
277	172	36	83
278	172	37	83
278	172	38	83
290	172	42	83
286	172	44	82
282	173	46	81
287	170	47	82
283	171	48	82
280	172	49	82
284	169	48	83
281	170	48	83
279	171	48	83
282	168	48	83
279	170	48	84
277	171	48	84
277	170	48	84
277	168	48	85
276	169	48	85
276	168	47	85
276	169	47	85
276	168	46	85
276	169	44	86
276	166	43	87
276	167	42	87
278	166	41	87
276	166	40	88
278	165	39	88
278	165	39	89
278	163	38	90
279	164	38	89
280	163	38	90
279	165	37	89
280	164	37	90
281	166	38	89
281	165	38	89
282	166	38	89
282	165	38	88
283	166	39	88
285	168	39	88
287	167	40	88
288	167	40	89
290	167	40	88
290	166	40	88
290	167	40	88
290	166	41	89
291	167	42	88
291	167	43	88
292	168	44	88
292	166	45	88
293	170	45	87
293	171	47	87
295	171	47	86
294	172	48	86
296	172	49	84
294	174	49	84
297	173	49	84
295	175	50	83
298	174	50	83
296	176	50	83
301	176	49	83
299	178	48	83
303	176	47	83
301	176	47	83
304	176	47	84
304	177	47	84
306	177	46	85
307	178	45	85
308	179	44	85
310	179	43	84
311	179	42	85
312	181	41	84
313	182	41	84
313	181	40	84
314	181	40	84
315	182	40	83
316	183	39	83
315	181	39	84
316	181	38	84
317	181	38	84
316	180	38	84
317	179	38	84
316	178	38	84
318	178	37	85
318	177	37	85
317	178	37	85
316	177	37	85
318	179	36	85
317	179	36	85
317	178	36	85
315	178	36	85
317	178	36	85
315	178	37	85
314	178	37	85
315	178	37	85
313	179	37	84
314	179	37	84
313	178	37	84
312	178	37	84
313	178	37	84
312	179	37	84
312	178	37	84
311	178	37	84
311	179	37	84
311	179	37	84
312	177	37	84
312	179	37	84
311	179	37	84
311	179	37	84
311	179	37	84
312	178	36	84
311	179	37	84
312	180	37	83
311	178	37	84
311	179	37	84
311	178	37	84
311	179	37	84
311	178	37	84
311	179	37	84
310	178	37	84
310	178	37	84
309	179	37	84
311	178	37	84
310	179	37	84
310	178	37	84
310	179	37	84
310	178	37	85
311	179	37	85
309	177	37	85
309	178	37	85
309	177	37	86
308	177	37	84
307	176	37	84
307	178	37	84
308	177	37	84
308	176	37	85
308	177	37	85
308	176	37	85
307	178	37	84
307	178	37	84
307	177	37	84
308	178	37	83
307	177	37	84
308	178	37	83
307	177	37	84
308	179	37	84
307	177	37	84
308	176	37	85
307	178	37	84
308	175	36	85
306	175	37	86
308	175	36	86
306	174	37	87
308	175	37	87
306	174	37	86
307	176	37	85
306	175	37	85
306	176	37	84
306	175	37	84
306	174	37	85
306	174	37	85
307	173	37	85
306	173	37	85
307	173	37	86
307	173	37	85
306	172	38	85
306	171	38	85
307	172	37	85
306	170	37	85
306	171	37	85
307	170	37	85
306	170	37	85
306	169	37	85
306	167	37	85
306	168	37	85
307	166	37	85
306	167	37	85
308	167	37	85
307	168	37	86
308	168	37	85
308	169	38	85
308	168	38	85
308	168	38	84
308	168	38	85
307	167	38	85
308	167	38	85
309	168	37	84
308	168	38	84
309	169	37	84
310	167	37	84
310	164	37	87
311	162	37	89
310	162	36	89
312	161	36	89
312	163	36	89
313	161	36	89
313	162	36	89
312	161	37	90
314	161	36	90
313	160	36	90
314	161	37	90
314	161	37	90
315	162	37	89
315	163	37	87
315	164	38	86
316	164	38	85
315	166	38	84
316	166	38	84
317	166	37	84
318	165	37	85
319	164	37	86
318	163	37	86
319	164	37	86
320	165	37	86
321	165	37	86
319	165	37	85
320	168	37	84
321	168	37	83
321	169	37	81
321	172	37	80
322	172	37	79
321	174	38	78
322	177	38	76
322	177	38	75
322	178	39	73
320	179	40	73
321	180	41	72
320	181	42	71
320	182	42	70
320	182	42	70
319	183	43	70
319	183	43	70
319	183	43	70
318	185	43	70
319	185	43	70
319	185	43	70
319	185	43	70
319	184	43	70
318	184	43	70
318	183	43	71
318	183	43	71
319	183	43	71
319	183	42	72
319	184	42	71
319	183	42	72
320	182	42	72
320	181	42	73
320	181	42	73
320	181	41	73
321	180	41	73
321	180	41	73
321	179	40	74
320	180	40	75
321	179	40	75
320	178	40	76
319	178	41	76
320	177	41	76
319	177	40	77
318	177	40	77
318	177	40	77
318	176	40	77
317	177	40	78
316	177	40	78
316	176	40	78
316	175	39	79
316	176	39	79
315	176	39	79
315	174	39	79
315	175	39	79
315	174	38	81
314	175	38	81
315	174	38	81
315	174	38	82
314	173	38	82
314	174	38	82
314	173	38	83
313	173	37	83
314	174	37	83
314	173	37	82
313	174	38	82
313	175	37	82
313	175	38	82
313	174	38	82
313	175	38	83
313	174	38	82
313	174	37	83
312	173	37	84
313	173	37	84
312	173	37	84
312	172	37	84
312	173	37	85
312	171	37	85
311	172	37	86
312	172	36	87
311	172	36	87
311	172	36	86
311	172	36	87
309	172	36	87
308	172	36	87
307	173	36	87
306	172	37	87
306	173	37	86
304	174	37	87
305	174	37	86
304	172	37	87
302	172	37	88
302	173	37	88
302	172	37	87
300	174	37	88
299	173	37	87
298	173	37	87
297	174	37	87
297	173	37	87
297	174	37	87
295	175	37	86
295	175	37	86
294	175	37	85
293	176	37	85
293	177	38	84
292	177	38	84
293	177	38	84
291	177	37	84
292	177	38	83
290	178	38	83
290	177	38	83
289	177	38	82
288	178	38	83
289	177	38	82
288	178	38	83
287	176	39	83
286	176	38	83
287	176	38	83
287	175	38	84
287	174	38	85
286	174	38	85
287	174	38	85
286	174	38	84
285	175	39	84
285	175	39	84
285	174	39	83
285	175	39	83
284	174	39	84
285	174	38	84
284	175	38	84
285	174	38	84
285	173	38	84
285	173	38	84
284	172	38	84
285	173	38	85
286	172	38	85
288	171	38	86
293	170	38	86
299	169	38	87
305	170	39	87
311	169	39	88
311	168	39	88
318	169	40	88
324	170	40	89
331	172	40	89
337	173	40	89
344	174	40	89
343	173	40	89
349	175	40	89
352	173	40	90
358	175	40	90
363	175	40	91
366	174	40	91
365	175	40	90
369	173	40	91
371	174	40	91
372	175	41	91
376	174	40	92
377	175	40	92
376	175	40	91
378	175	40	91
380	176	40	92
382	175	40	92
384	175	40	92
385	177	40	92
385	177	40	91
387	177	39	92
388	177	39	92
387	178	39	92
389	177	38	92
389	178	38	92
389	176	38	92
388	176	38	92
387	177	38	92
387	178	38	91
387	179	37	90
387	179	37	91
388	180	37	90
387	180	37	90
386	178	37	90
386	179	37	90
385	179	36	90
384	179	37	89
384	180	37	89
383	180	37	90
381	180	37	89
380	181	37	89
379	179	37	89
379	182	37	89
378	181	37	88
377	182	37	88
378	183	38	88
377	182	38	88
375	184	38	88
376	182	38	88
375	185	39	87
374	184	39	87
375	185	38	87
374	184	38	87
374	184	38	88
374	182	38	88
373	183	38	88
374	183	38	89
374	182	38	89
375	182	38	89
374	183	38	89
375	181	38	89
374	183	38	89
375	182	38	89
376	180	37	90
376	181	37	90
377	182	37	90
377	180	38	90
378	180	37	90
377	179	37	91
378	179	37	91
378	178	37	92
377	178	37	92
378	178	37	92
378	177	37	93
378	176	37	94
378	177	37	94
376	177	37	94
