1109	531	82	135
1113	523	82	136
1119	518	82	136
1122	510	83	136
1125	501	84	136
1127	495	84	136
1129	494	84	135
1135	491	84	135
1139	488	84	136
1142	485	85	136
1145	483	85	135
1153	480	84	135
1156	474	84	136
1161	471	84	136
1165	467	84	137
1168	465	85	137
1171	465	86	136
1174	464	86	135
1175	465	86	134
1178	459	86	135
1181	458	85	135
1181	454	85	136
1182	452	85	136
1183	449	85	137
1183	449	85	137
1182	448	85	137
1184	450	85	137
1183	452	85	136
1182	452	84	136
1182	455	83	136
1182	454	84	137
1181	455	84	137
1180	456	84	136
1180	458	83	136
1178	457	84	135
1178	457	83	135
1177	457	82	133
1176	456	82	132
1174	459	81	133
1173	458	81	134
1171	459	81	134
1169	461	80	132
1166	462	80	132
1164	462	80	132
1161	463	79	131
1158	464	79	131
1156	466	80	132
1154	469	80	131
1151	470	80	131
1148	472	80	131
1147	472	80	132
1143	473	81	132
1141	474	82	132
1137	476	82	132
1135	477	83	133
1132	476	83	134
1131	477	83	135
1128	477	84	134
1128	477	84	134
1125	476	84	134
1124	477	84	134
1122	477	84	134
1120	477	84	134
1119	478	85	134
1115	475	84	134
1114	477	84	135
1113	476	84	137
1111	476	84	137
1108	478	84	137
1106	478	84	138
1105	478	84	137
1103	479	85	138
1100	480	86	138
1098	480	87	139
1095	481	87	139
1092	481	88	137
1091	481	87	139
1087	481	87	139
1085	482	88	139
1084	481	87	139
1082	480	87	139
1080	479	87	139
1079	479	87	140
1078	477	86	139
1076	477	86	139
1076	479	87	138
1075	477	87	139
1076	478	88	139
1075	477	88	140
1075	480	87	141
1074	479	87	140
1072	480	88	140
1071	480	87	140
1070	479	87	140
1069	479	87	139
1068	480	87	140
1066	480	87	140
1064	480	87	139
1065	480	87	139
1062	480	88	139
1060	479	88	139
1056	481	88	139
1053	480	88	139
1049	479	88	138
1044	478	88	138
1042	478	88	138
1037	475	88	137
1034	471	88	137
1032	470	88	138
1028	467	89	137
1029	463	89	138
1028	459	89	140
1025	456	89	141
1024	452	90	142
1023	448	91	143
1020	441	91	143
1019	438	90	143
1020	436	90	144
1020	432	89	145
1021	429	88	146
1022	430	88	147
1022	428	87	146
1024	428	88	148
1024	424	88	147
1026	425	89	146
1027	423	89	148
1028	423	89	148
1030	423	88	148
1031	424	88	148
1032	425	88	148
1035	427	88	147
1037	426	87	147
1036	425	87	147
1038	424	87	148
1039	425	87	149
1040	430	87	148
1041	436	87	147
1043	439	88	146
1042	441	89	146
1043	446	89	146
1045	450	89	146
1048	455	88	147
1051	458	88	147
1060	465	87	149
1065	470	87	150
1076	473	88	152
1084	468	90	155
1092	460	92	156
1100	450	93	156
1107	434	93	156
1117	422	93	157
1119	408	92	160
1118	399	91	163
1127	391	92	167
1131	378	93	169
1133	369	94	169
1126	367	94	166
1127	364	95	165
1124	360	95	166
1120	360	95	167
1116	365	96	166
1112	366	96	166
1107	369	97	166
1103	372	99	165
1098	372	101	165
1098	367	100	167
1098	365	100	168
1097	363	98	169
1100	358	96	172
1100	355	96	172
1095	357	98	173
1088	365	100	174
1080	365	102	174
1076	365	102	173
1074	357	102	175
1074	350	101	176
1072	345	101	177
1069	340	102	177
1067	334	103	178
1066	330	103	178
1064	331	102	178
1060	332	102	178
1055	335	104	177
1050	337	104	179
1044	342	105	178
1037	344	105	178
1031	344	106	178
1029	343	106	178
1027	339	105	178
1020	332	105	179
1015	332	107	177
1013	326	106	180
1010	321	107	181
1009	318	108	179
1007	316	107	177
1002	321	106	174
1109	326	109	167
1105	330	110	161
1106	332	111	156
1106	330	112	152
1113	326	111	148
1115	325	109	147
1124	322	107	144
1127	323	105	142
1129	322	102	139
1127	321	101	139
1125	319	99	138
1125	319	99	135
1187	323	93	136
1191	324	89	135
1192	316	86	136
1190	315	86	136
1186	315	87	136
1178	318	85	138
1179	319	86	137
1173	324	88	138
1170	324	89	136
1161	329	90	138
1154	334	91	138
1148	339	92	137
1145	338	93	135
1137	341	94	136
1138	340	94	135
1135	339	94	135
1131	337	93	135
1126	336	93	136
1120	334	93	135
1116	333	93	135
1110	333	94	134
1106	332	95	134
1101	330	94	134
1097	330	96	135
1089	333	98	136
1086	332	98	135
1083	331	99	134
1078	336	101	134
1072	338	103	135
1069	335	104	137
1069	333	105	136
1070	335	108	134
1069	333	110	133
1059	336	110	135
1062	332	110	138
1052	337	111	139
1045	338	113	141
1044	340	113	141
1048	341	112	142
1047	340	113	143
1048	343	112	141
1047	344	113	141
1047	345	112	140
1047	345	112	140
1049	344	112	138
1050	341	112	140
1050	339	113	142
1041	340	113	144
1034	342	113	145
1036	342	114	144
1037	344	117	144
1037	345	122	143
1029	346	125	143
1025	347	126	144
1020	348	129	144
1015	347	132	144
1009	346	138	146
1005	347	141	148
992	351	137	151
864	364	134	148
859	369	134	146
854	372	134	145
852	372	132	144
847	378	134	142
843	385	133	141
840	384	133	137
838	385	130	135
836	392	129	134
832	392	126	132
831	397	125	133
830	396	123	132
827	400	123	131
820	403	125	131
815	401	125	130
811	404	126	127
808	402	126	126
804	405	126	125
801	402	125	125
796	403	127	124
789	405	130	124
787	406	129	124
783	408	129	125
778	412	130	127
774	415	131	129
769	418	133	129
764	421	133	129
759	423	133	130
754	427	134	129
746	429	135	130
742	433	136	130
738	438	135	130
732	440	136	131
731	440	136	131
721	442	139	133
717	444	142	133
717	447	142	134
704	445	141	135
702	448	142	134
702	448	142	136
684	452	143	137
682	451	145	137
672	450	145	138
667	450	144	138
662	452	144	139
656	450	144	139
652	451	145	140
648	453	146	140
642	454	147	141
637	456	147	141
634	458	147	141
630	458	149	141
622	460	150	141
622	463	149	141
623	466	149	142
626	467	148	142
631	470	146	142
619	462	146	142
623	467	147	141
625	472	144	141
607	465	143	138
604	468	144	136
604	470	144	134
599	471	145	133
596	472	146	133
592	473	148	132
588	472	147	132
582	472	147	132
581	471	145	132
578	470	145	133
572	470	147	132
562	461	147	133
566	462	147	134
563	459	146	135
563	460	147	134
562	456	145	136
557	460	145	134
553	457	144	135
553	464	142	136
565	469	137	136
561	474	136	134
544	468	138	134
537	472	140	134
537	479	141	133
536	486	141	133
535	490	142	133
523	485	143	136
520	494	144	137
520	501	143	138
516	504	145	138
510	507	147	138
506	511	147	136
504	512	148	134
485	502	151	135
483	505	152	137
481	505	153	138
478	497	151	141
464	490	152	142
465	498	153	142
455	491	154	143
457	496	155	143
443	488	156	142
448	491	155	144
436	483	159	143
425	477	159	145
430	482	158	147
421	472	157	148
428	476	157	147
434	479	158	148
422	469	158	148
426	474	159	147
413	464	158	147
405	455	158	149
397	444	157	150
404	450	158	153
395	449	159	153
386	436	161	155
381	435	159	157
373	423	159	159
367	424	156	160
376	428	158	160
363	416	161	162
355	419	160	162
347	422	159	161
338	423	157	160
349	430	159	159
341	417	160	160
331	425	160	161
324	432	160	161
313	439	160	160
302	424	158	163
287	427	155	165
302	461	164	153
301	466	168	147
297	470	171	140
279	474	174	133
260	476	174	125
256	477	173	121
240	477	172	117
238	476	171	114
230	474	169	112
224	473	168	110
216	473	167	108
207	474	165	106
199	476	163	104
198	485	161	103
190	482	159	102
190	491	158	100
184	489	156	99
185	497	154	99
179	498	153	97
180	501	152	96
177	502	150	95
174	505	148	95
175	507	146	93
180	508	144	92
179	506	144	90
175	496	142	90
171	489	140	90
179	488	138	88
186	488	137	87
192	489	135	86
194	490	134	85
204	491	132	84
213	489	126	86
222	490	127	84
233	486	122	86
245	489	123	84
255	493	123	82
268	495	122	81
280	498	121	81
290	499	118	84
301	503	119	81
307	503	117	79
310	504	116	76
314	504	114	75
313	504	113	72
312	497	112	72
308	496	112	71
302	494	111	70
306	491	111	71
309	491	111	72
311	494	111	71
315	494	111	72
317	497	111	72
323	498	111	72
322	498	111	71
325	496	111	71
324	495	111	70
327	493	110	70
324	491	110	69
322	488	110	69
323	485	109	69
319	484	109	69
317	483	107	69
317	484	106	69
318	483	105	69
324	482	105	69
327	481	104	68
328	475	105	67
338	473	104	66
346	465	104	67
351	460	100	70
353	453	102	68
353	452	102	67
352	446	102	67
352	444	101	66
351	437	101	66
425	427	89	79
439	423	73	94
443	415	65	102
444	408	61	106
443	406	58	109
443	402	56	109
442	399	56	109
441	400	55	109
439	400	55	108
439	399	55	108
438	400	54	108
439	399	54	107
441	401	54	108
443	400	55	108
446	400	56	108
447	401	56	109
451	399	56	109
453	402	56	109
457	399	55	108
461	399	55	107
463	403	56	108
466	402	56	109
469	399	56	109
477	399	56	110
479	397	56	111
479	395	56	111
478	392	56	112
476	390	56	112
474	388	57	112
472	389	57	113
469	386	57	113
467	388	57	114
462	384	58	115
459	382	58	116
454	381	58	117
451	382	58	117
449	381	57	117
450	381	58	116
450	383	57	116
451	382	57	115
453	383	57	115
455	381	57	114
460	383	57	114
461	386	57	115
463	388	57	116
467	387	58	116
470	386	59	116
474	384	59	117
480	384	59	116
479	384	60	118
481	379	59	119
482	375	58	120
482	374	57	120
481	373	56	120
479	374	56	119
477	376	56	121
474	378	56	122
473	379	56	121
472	381	56	121
469	380	56	122
470	381	56	121
468	381	56	122
468	380	56	122
470	381	56	122
472	380	56	122
473	380	56	121
472	380	55	122
471	377	55	122
474	379	55	122
472	376	55	122
472	378	55	123
472	378	55	123
471	380	55	123
470	377	55	122
470	380	55	122
470	381	55	123
472	384	54	122
473	386	55	122
474	388	55	122
476	389	55	122
475	392	55	121
474	392	55	121
473	395	55	121
473	397	56	121
473	398	55	121
472	399	55	120
471	399	55	120
470	401	54	120
469	401	54	119
469	402	54	119
467	400	54	120
465	401	55	119
465	400	54	119
463	398	54	118
462	400	54	118
461	398	54	118
461	399	54	119
461	400	54	117
461	400	53	117
461	402	54	117
462	403	54	117
462	405	54	117
461	405	54	116
462	406	53	116
462	408	54	116
462	407	54	115
461	407	54	115
462	409	54	115
461	407	54	115
462	409	54	115
461	407	53	116
459	405	54	116
460	407	54	116
459	404	53	117
460	406	54	117
458	403	54	117
457	403	54	116
456	402	54	116
455	399	54	117
453	398	53	116
453	398	53	117
453	397	53	117
456	396	52	117
456	396	52	116
459	399	53	116
460	398	53	116
460	398	53	117
460	398	53	116
461	399	53	117
461	397	53	117
461	401	53	116
461	398	53	117
461	395	53	117
461	394	53	117
462	391	53	118
462	388	53	118
463	385	53	119
466	382	53	118
468	379	54	119
468	377	54	119
469	374	54	119
471	374	55	120
470	373	55	121
471	373	55	120
471	373	55	121
471	372	55	121
471	371	55	121
469	369	55	121
468	369	55	121
467	368	55	121
466	369	56	122
465	370	56	122
464	368	55	122
463	369	55	123
463	368	56	123
462	367	56	123
461	365	56	122
461	362	56	122
460	361	56	122
459	359	56	122
459	359	56	124
459	360	57	124
459	360	56	125
459	361	57	125
460	364	57	126
462	366	57	125
462	368	57	126
462	369	58	125
463	370	58	124
464	372	58	124
464	371	57	122
465	371	57	122
465	369	57	123
467	368	57	122
467	369	57	122
469	368	56	122
470	368	56	122
471	367	57	122
470	368	56	122
471	368	56	122
470	367	56	122
470	369	57	123
470	370	57	123
471	371	57	123
472	372	57	122
472	375	56	123
472	376	57	122
473	378	57	122
475	379	57	122
475	382	57	122
476	384	57	121
476	387	56	121
475	389	56	121
475	392	56	121
476	395	56	121
476	396	56	119
476	397	56	118
479	397	56	117
479	396	55	116
478	393	55	116
478	393	55	116
479	390	55	115
480	392	56	116
480	389	56	116
480	391	57	117
481	393	57	117
480	393	58	118
480	394	59	118
479	395	59	118
481	396	59	118
480	396	59	119
480	395	60	119
480	393	60	119
482	392	60	119
483	391	61	119
488	386	61	120
491	385	62	119
495	382	62	119
496	381	63	121
498	379	63	122
500	376	63	122
502	376	63	123
504	375	63	124
503	373	63	124
505	376	63	124
506	378	63	125
507	377	63	123
508	379	63	124
508	377	63	124
507	376	63	123
507	374	63	123
508	370	63	124
509	366	64	125
508	363	64	126
509	361	65	127
508	358	66	128
509	359	67	129
509	355	67	130
509	353	67	130
509	350	68	130
511	350	68	129
512	351	68	129
513	351	68	128
515	351	69	127
517	351	69	127
520	351	69	128
521	350	70	128
522	349	70	129
523	349	70	129
525	350	70	128
526	352	70	128
525	353	70	128
525	353	70	129
525	356	70	128
525	359	70	128
524	359	70	129
523	362	70	128
524	364	70	129
524	366	71	129
526	365	71	130
526	365	71	130
527	365	71	130
527	366	71	129
528	366	71	129
529	366	71	129
529	365	71	129
528	364	71	129
528	363	71	130
526	362	71	130
526	363	71	130
526	363	71	131
526	364	71	131
527	366	71	131
529	367	72	131
529	367	72	131
530	367	72	130
530	364	71	126
530	367	71	126
530	366	71	127
531	365	71	128
527	356	73	124
528	360	72	125
528	361	71	127
525	352	74	124
527	357	73	124
527	357	72	126
528	356	71	127
528	357	71	129
528	356	71	130
528	358	72	132
530	356	72	133
528	357	72	132
527	358	72	132
528	361	72	132
528	362	72	133
528	362	72	133
529	362	72	133
527	358	72	131
527	361	72	132
527	360	72	133
527	361	72	133
526	360	72	134
526	360	72	134
525	360	72	134
526	360	72	134
526	357	72	134
525	359	72	135
527	359	73	134
530	360	73	134
532	359	73	133
539	360	73	134
543	362	73	133
544	360	73	133
547	360	73	133
548	360	73	133
550	358	74	132
553	358	75	132
555	356	75	132
557	354	76	133
560	354	76	133
563	351	76	134
566	350	76	135
567	348	77	135
569	351	77	136
571	351	77	137
572	353	78	138
572	357	77	138
573	360	77	138
573	361	77	138
572	363	77	137
570	364	77	137
567	365	77	137
565	368	78	137
563	368	78	137
560	368	78	136
557	367	79	136
556	367	78	136
554	367	79	136
553	366	79	136
552	366	78	136
552	367	78	136
555	367	78	136
555	365	78	136
558	367	78	137
558	367	78	137
560	365	78	137
561	366	78	137
560	363	77	137
560	364	77	137
559	363	77	137
558	364	76	136
557	364	76	135
555	364	76	135
554	363	76	135
553	362	75	135
552	361	75	136
550	361	75	135
549	361	75	134
548	362	74	134
547	361	74	135
545	361	75	135
545	361	74	134
546	360	75	133
546	361	75	133
547	359	75	134
548	359	75	134
549	358	75	133
549	358	75	134
549	358	75	135
547	356	75	135
546	356	75	135
546	357	75	135
546	357	75	135
546	360	76	135
547	359	76	135
548	359	76	134
549	359	77	135
548	361	77	135
548	359	77	135
548	358	77	135
546	356	77	135
545	353	77	136
543	349	77	136
542	346	77	137
541	344	77	137
539	342	77	137
538	339	77	137
540	338	76	137
540	339	76	137
541	338	77	138
543	342	77	138
545	343	77	138
545	346	77	138
544	350	78	138
543	354	78	138
543	358	78	139
540	362	78	138
540	365	77	138
541	368	77	136
540	369	76	136
538	369	76	135
538	369	76	134
537	369	76	134
539	368	76	134
538	368	75	134
539	368	75	133
541	368	75	133
539	366	76	133
537	365	76	134
536	364	77	134
534	362	77	134
533	363	77	135
531	361	77	135
531	361	77	135
530	360	77	135
528	359	78	135
527	358	78	135
527	358	78	135
526	360	78	134
526	362	78	133
527	363	77	133
528	365	77	132
530	366	76	132
532	366	75	131
536	367	74	131
539	366	74	130
542	369	75	130
547	369	74	129
552	369	74	128
557	369	74	128
562	372	74	128
567	370	74	128
571	371	73	126
576	370	72	126
582	371	71	125
586	372	70	125
590	372	68	125
594	372	68	125
597	373	67	124
601	373	66	123
604	374	66	123
608	373	66	121
611	374	65	121
614	372	65	120
617	371	66	121
621	370	66	121
624	369	66	123
625	366	67	124
626	365	68	125
626	362	72	122
627	361	74	120
633	361	71	122
638	360	69	124
643	359	67	127
646	356	66	128
649	355	66	128
650	351	69	126
652	349	71	124
654	347	72	122
667	342	74	120
668	345	75	120
687	349	72	122
677	342	74	121
681	339	75	119
675	344	75	120
674	342	76	119
675	343	77	118
692	344	76	120
685	344	76	120
685	340	77	120
686	340	78	119
693	343	77	121
701	345	74	126
708	346	71	129
702	339	74	127
709	345	71	130
705	340	73	127
712	346	71	130
707	342	73	127
708	345	70	130
716	348	68	132
723	349	68	133
719	351	66	134
726	350	66	135
723	352	66	135
729	352	66	136
723	348	66	136
742	349	65	137
725	351	66	137
723	348	66	136
730	350	66	136
726	345	67	136
733	348	66	136
729	346	66	136
728	344	66	136
735	341	65	136
733	340	65	134
734	341	65	134
740	343	64	135
738	341	64	134
743	346	64	135
740	338	63	136
739	336	64	134
740	337	64	134
743	335	63	135
743	336	63	134
746	335	62	134
748	335	61	134
751	336	60	134
754	336	60	134
756	336	60	134
758	334	60	134
760	334	60	135
760	333	60	135
765	332	62	137
771	335	61	139
775	338	62	139
783	330	62	141
774	333	64	141
778	334	66	139
777	328	72	134
785	331	70	135
778	329	70	136
785	321	67	140
777	314	68	142
783	313	68	144
789	323	67	144
796	321	67	145
788	327	67	144
792	324	66	144
797	321	66	144
787	317	67	144
791	322	67	144
797	317	66	145
787	323	67	143
791	324	68	142
797	318	68	143
778	305	68	142
784	305	68	144
788	304	68	146
792	309	68	146
800	315	67	146
792	318	67	144
782	309	68	144
786	305	68	147
778	310	69	145
782	306	70	146
777	305	70	146
783	303	70	148
788	312	69	148
780	309	70	147
782	313	70	146
787	316	70	145
792	319	68	145
787	329	77	136
784	329	83	132
778	319	79	136
800	321	75	141
783	330	80	134
789	333	78	134
793	324	74	137
790	334	78	132
811	321	74	138
802	324	72	140
807	326	71	141
813	326	70	141
821	325	68	143
828	315	67	146
818	316	67	146
747	308	84	128
737	310	91	117
740	312	95	111
741	313	98	108
735	314	97	105
733	315	98	101
733	314	98	99
733	314	97	97
734	313	96	96
734	313	96	96
734	312	95	96
735	310	94	95
737	310	93	95
738	311	92	95
739	312	92	95
747	314	91	95
752	315	91	96
751	314	92	95
758	314	90	96
758	314	90	95
765	316	89	95
773	317	88	95
771	316	90	94
780	315	90	93
785	315	90	94
790	315	90	95
795	314	90	95
800	318	92	96
805	314	93	96
812	318	95	96
807	315	97	95
813	318	101	94
819	313	101	95
827	315	102	98
832	315	104	100
836	310	106	100
829	308	110	100
836	305	111	100
840	309	114	100
845	305	116	99
852	302	116	100
858	306	117	101
864	300	117	101
871	298	117	102
878	297	117	103
895	293	117	105
902	290	116	105
907	288	113	106
923	286	112	106
928	286	110	107
957	294	107	109
958	289	106	110
958	287	106	110
972	294	104	111
986	292	103	114
986	290	101	114
1001	301	102	115
1001	300	101	114
1003	297	99	114
1001	297	99	112
1000	295	98	111
1013	294	97	109
1012	303	97	108
1011	300	95	107
1024	298	95	107
1024	297	94	105
1087	293	78	128
1097	282	67	142
1102	284	61	151
1108	274	58	156
1111	280	56	159
1115	276	56	161
1117	280	56	161
1120	274	56	163
1121	281	56	162
1124	273	56	163
1123	283	60	156
1125	276	62	153
1125	283	64	149
1139	275	59	154
1137	282	61	149
1138	278	61	147
1149	283	60	145
1151	273	57	149
1149	278	59	145
1149	272	61	143
1160	278	60	143
1159	282	62	141
1141	285	75	126
1140	276	81	120
1142	280	84	115
1153	282	86	113
1155	284	87	111
1159	283	87	110
1162	284	86	109
1175	296	87	107
1178	295	88	107
1180	286	86	107
1185	296	85	106
1190	294	83	106
1194	293	82	106
1199	307	81	104
1203	308	79	101
1206	310	78	99
1216	307	72	104
1215	308	69	105
1207	286	66	108
1215	296	64	108
1219	339	57	123
1222	337	52	136
1223	333	51	145
1224	328	51	153
1222	332	53	157
1222	325	54	160
1221	333	55	161
1221	327	56	163
1222	321	56	165
1221	330	57	165
1222	325	57	166
1223	319	57	168
1225	228	55	171
1229	211	53	174
1215	207	58	169
1232	207	54	172
1221	212	55	175
1222	209	55	175
1225	207	55	176
1228	206	53	177
1231	206	52	179
1215	207	57	173
1213	205	61	170
1213	206	62	168
1210	206	64	166
1208	210	66	168
1179	201	79	156
1210	212	73	164
1211	207	68	171
1171	212	84	156
1167	217	94	145
1172	221	100	144
1186	222	93	156
1185	223	91	161
1183	225	92	166
1193	223	89	169
1190	225	88	173
1187	221	88	176
1185	218	88	177
1185	217	88	178
1195	211	88	179
1193	208	87	180
1194	206	84	188
1191	209	86	187
1188	211	87	189
1091	175	81	192
1007	53	98	162
1003	60	106	145
1003	71	110	132
1003	74	109	124
1006	77	106	120
1007	80	105	115
1008	83	103	112
1010	79	101	113
1013	93	100	107
1015	97	100	103
1015	98	98	101
1017	101	96	99
1019	104	95	96
1021	113	95	90
1021	114	92	87
1024	115	88	86
1026	118	85	84
1027	122	82	83
1030	125	80	82
1031	125	79	82
1032	127	78	82
1034	128	77	82
1035	129	77	82
1038	130	76	82
1039	129	75	83
1039	130	75	83
1042	130	74	84
1044	130	74	84
1045	130	74	85
1046	131	74	85
1048	131	74	84
1047	130	74	84
1049	131	74	85
1051	131	75	86
1054	131	74	86
1053	130	74	87
1057	129	73	88
1059	130	73	88
1059	130	72	88
1062	130	72	90
1064	131	72	90
1066	133	72	91
1070	133	73	92
1073	132	73	94
1075	132	73	94
1077	132	74	95
1080	132	74	96
1078	128	74	96
1080	130	75	96
1080	126	75	98
1081	130	76	99
1082	125	75	100
1081	129	76	100
1081	125	77	102
1083	129	77	102
1082	127	79	103
1081	125	79	104
1082	130	80	104
1080	127	80	104
1078	122	80	105
1077	127	80	105
1075	124	81	105
1077	127	81	104
1078	129	81	104
1075	124	81	103
1075	127	81	103
1065	124	81	103
1068	128	81	102
1061	122	80	103
1060	125	81	102
1053	120	80	102
1054	124	79	102
1052	122	80	100
1053	124	79	99
1053	126	80	98
1052	128	79	98
1050	125	79	97
1050	128	79	97
1051	130	80	97
1052	132	79	97
1053	132	80	98
1052	133	80	98
1049	130	81	97
1047	132	81	98
1047	133	80	98
1047	134	81	98
1039	128	79	100
1042	130	78	99
1041	134	79	97
1039	136	81	97
1038	138	80	97
1034	137	79	98
1036	140	79	97
1038	140	79	97
1036	142	79	97
1037	142	80	97
1038	142	81	96
1036	145	82	96
1030	140	80	96
1033	142	79	95
1035	143	80	95
1029	138	79	95
1031	140	77	95
1033	142	77	95
1035	141	77	94
1034	142	77	94
1036	142	78	94
1034	143	80	93
1034	144	81	93
1030	142	79	95
1031	143	79	95
1030	144	79	95
1027	142	77	95
1027	143	76	94
1026	145	77	94
1027	143	78	94
1025	143	80	93
1020	143	78	93
1021	143	77	93
1021	143	77	92
1022	142	77	92
1021	142	77	92
1020	142	77	92
1021	143	77	92
1019	143	78	90
1018	144	78	90
1020	143	77	91
1019	143	77	91
1018	144	77	91
1018	143	76	91
1017	143	76	91
1018	143	77	90
1018	145	78	90
1017	145	79	89
1015	145	80	89
1014	145	80	89
1014	145	79	89
1012	145	79	89
1011	145	78	89
1009	145	78	88
1008	145	77	87
1007	146	77	87
1007	144	76	86
1008	144	76	87
1007	144	75	87
1006	142	75	87
1006	141	75	87
1005	140	74	87
1004	139	74	87
1006	140	73	86
1004	140	73	85
1004	139	73	85
1003	141	73	85
1003	141	73	85
1002	142	72	85
1002	140	73	85
1001	141	73	85
999	142	73	85
998	140	72	85
997	140	72	85
996	140	72	85
995	139	72	84
994	141	72	84
994	141	73	83
991	142	74	83
991	141	74	83
991	143	74	83
991	142	74	83
990	143	73	83
989	145	73	83
989	145	72	83
989	146	72	84
989	145	72	84
988	146	72	84
988	148	72	85
989	147	73	85
987	147	74	85
987	147	74	85
986	146	73	86
986	147	74	86
985	147	74	85
985	146	74	85
985	147	74	85
985	147	74	86
985	147	74	86
984	148	74	85
986	150	74	86
986	152	75	85
985	152	75	85
987	153	74	84
987	154	73	85
988	155	74	84
988	156	73	84
990	156	73	84
990	157	72	84
991	158	74	85
990	158	73	85
991	157	73	85
991	157	73	86
991	158	73	87
992	158	72	87
993	158	72	87
993	159	72	86
995	159	71	87
997	160	71	87
997	158	70	87
998	158	71	87
998	157	71	88
997	156	71	88
999	155	71	89
999	154	72	90
1000	155	72	91
1002	154	73	91
1002	154	72	91
1004	156	71	93
1008	156	72	94
1008	157	72	93
1010	158	72	93
1011	157	73	93
1013	158	73	94
1014	158	74	94
1018	159	75	95
1021	159	74	94
1020	155	74	94
1024	156	74	94
1028	155	75	93
1026	151	75	93
1030	152	75	94
1033	151	76	94
1037	151	77	95
1040	151	77	95
1043	149	76	96
1045	151	77	96
1047	153	78	96
1052	155	77	96
