314	331	31	20
312	330	32	20
312	330	32	20
312	329	33	20
313	331	33	20
313	332	33	20
314	330	34	19
314	331	33	19
316	331	33	19
315	332	33	18
317	332	32	19
317	332	32	18
317	333	32	18
317	333	32	17
317	333	32	17
317	334	31	17
319	334	31	16
318	334	32	16
320	334	32	16
320	334	32	16
320	335	32	16
320	335	32	16
320	336	32	16
321	336	32	16
320	335	32	16
321	336	33	16
322	336	32	16
322	336	33	17
323	336	33	17
322	336	33	17
322	336	33	17
323	336	33	17
323	336	33	17
324	333	33	17
325	329	32	18
326	325	31	19
327	319	31	19
328	310	30	21
329	301	29	21
330	295	29	21
331	290	28	22
332	286	27	22
333	284	27	22
333	283	27	22
334	283	27	22
333	282	27	23
334	281	26	22
332	277	26	22
333	274	26	22
333	269	26	22
333	264	26	22
334	260	26	22
333	257	26	22
334	255	27	22
334	256	28	22
334	256	28	22
333	255	28	23
334	255	28	23
334	255	28	23
334	255	28	23
334	255	28	23
334	255	28	23
334	254	28	22
334	254	27	22
335	254	27	22
335	253	27	22
335	254	27	22
335	253	27	22
335	252	27	22
335	253	27	22
336	251	26	24
336	250	25	25
336	250	25	26
336	250	25	26
337	249	25	26
338	250	25	25
338	249	25	26
338	249	25	26
338	249	25	26
339	247	24	26
339	248	24	26
338	247	24	26
339	248	25	26
339	247	25	26
338	248	25	26
339	248	25	25
339	248	25	25
339	248	25	25
339	248	26	25
341	247	26	25
340	247	26	25
340	247	26	25
341	247	26	25
340	247	26	25
340	246	26	25
339	247	27	24
340	246	27	24
340	245	27	24
340	246	28	24
340	246	28	24
341	245	28	23
341	246	29	23
341	245	29	23
341	246	30	23
342	244	31	23
342	244	31	23
343	244	31	22
343	244	31	23
344	244	31	22
345	244	31	22
345	245	31	22
346	244	30	22
347	244	30	21
346	243	30	21
347	242	29	22
347	243	30	21
348	243	30	21
348	243	30	21
348	244	30	21
348	243	30	21
349	243	30	20
349	243	31	21
349	242	31	21
348	243	32	21
349	242	32	21
349	242	32	21
349	242	32	21
349	242	33	22
349	242	32	21
350	241	32	21
351	242	32	22
350	241	31	22
351	241	31	22
352	241	31	22
351	241	31	22
353	241	31	22
353	241	31	22
353	241	31	22
353	241	31	22
352	241	31	22
353	241	32	22
354	241	32	22
354	241	32	22
354	241	33	22
355	241	33	21
354	241	33	21
355	242	34	21
354	241	34	21
355	241	34	21
355	241	34	21
356	241	34	21
356	241	34	21
357	241	33	21
358	241	32	21
359	241	32	21
360	240	32	22
361	240	31	22
362	240	30	22
364	240	29	22
366	240	28	21
367	240	28	21
367	241	28	21
367	241	29	22
368	240	29	22
368	241	30	22
368	240	30	23
369	240	30	23
369	240	30	23
369	240	30	23
369	240	31	24
369	241	31	23
370	240	32	24
370	240	32	24
371	240	32	24
372	240	32	24
373	240	31	24
374	241	31	24
375	241	30	24
375	242	30	23
375	242	30	23
376	242	30	23
375	242	30	23
375	242	30	23
375	242	30	23
376	243	30	23
376	244	30	23
376	244	30	23
376	244	30	23
377	245	29	24
377	246	29	24
377	245	29	24
377	245	29	24
377	245	29	24
377	245	29	24
379	245	29	24
378	244	29	24
380	245	29	24
380	245	28	24
381	246	28	24
382	245	26	26
383	245	26	27
384	245	25	28
384	245	24	29
386	244	23	30
386	244	23	30
387	244	23	31
388	244	23	30
388	244	23	30
387	245	23	30
388	245	23	30
388	245	22	30
388	246	22	30
388	246	22	30
388	246	21	30
389	246	21	29
388	246	21	29
388	247	21	29
387	246	21	29
388	246	21	29
389	247	21	29
388	247	21	29
387	247	21	30
388	247	21	30
387	247	21	30
388	248	21	30
387	247	21	30
387	247	21	29
387	247	21	29
388	247	21	29
387	247	21	29
387	247	20	29
387	247	20	29
388	247	20	29
387	248	21	29
388	247	20	29
386	247	21	29
388	247	21	29
387	247	21	30
387	248	21	30
387	248	21	30
387	247	21	30
386	248	21	30
386	247	21	30
386	247	21	30
386	248	21	30
387	248	21	30
386	248	21	30
386	247	22	30
387	247	22	30
386	248	22	31
387	247	22	31
386	248	22	31
386	248	22	31
386	248	22	31
387	248	22	31
386	248	22	31
386	248	22	31
387	248	22	32
387	248	22	32
385	248	22	32
387	248	22	32
386	248	22	32
386	248	22	32
386	249	22	33
387	248	22	32
386	249	23	32
384	249	23	32
385	249	22	32
385	249	22	32
385	249	22	32
385	249	22	32
385	249	22	32
385	250	22	32
386	249	22	32
385	249	23	32
385	249	23	32
384	248	23	32
384	249	23	32
385	249	23	32
385	249	23	32
385	249	23	32
383	249	23	32
383	248	23	32
384	248	22	32
384	249	23	32
384	250	23	32
384	248	23	32
384	248	23	32
384	249	23	32
383	249	23	32
383	250	23	32
383	249	23	32
383	249	23	32
384	249	23	32
382	249	23	32
383	250	23	32
383	249	23	32
383	250	23	31
382	249	23	31
383	249	23	31
383	248	23	32
382	248	23	32
382	248	23	32
382	248	23	32
382	248	23	32
382	248	23	32
383	248	22	32
383	249	22	32
383	249	22	32
383	249	22	32
384	249	22	32
384	249	23	31
384	250	23	31
385	249	23	31
384	250	23	31
383	251	23	31
384	251	23	31
384	252	23	32
384	251	23	32
385	252	23	32
384	252	24	33
385	253	24	33
384	253	24	33
384	253	25	33
384	252	25	33
384	252	25	33
384	252	26	32
385	252	26	32
384	252	26	32
385	252	26	32
384	252	26	32
384	251	26	32
385	252	26	32
384	253	26	32
384	253	26	31
384	254	28	29
385	255	28	29
384	255	29	28
384	255	28	28
384	256	29	28
385	255	29	27
384	255	29	27
385	255	29	27
385	256	29	27
384	256	29	27
384	257	29	27
386	258	29	27
386	260	29	27
388	262	29	26
387	264	29	26
387	268	29	26
388	276	30	25
389	284	30	25
389	292	31	25
389	301	31	25
389	310	31	25
390	319	31	26
389	328	31	25
390	336	32	24
391	339	32	22
390	340	33	20
391	341	33	20
391	342	33	19
392	342	33	19
392	342	32	19
392	342	32	18
393	343	32	18
393	342	32	18
393	343	32	18
394	344	30	17
394	344	30	17
395	345	29	17
395	344	28	17
396	344	28	17
397	344	27	17
398	345	26	16
398	345	26	16
398	346	25	15
399	347	25	15
399	348	24	14
400	348	24	13
401	349	23	13
402	349	22	13
403	349	22	12
403	351	23	11
404	351	24	10
404	351	23	10
405	352	23	10
406	351	23	10
406	351	22	10
407	351	22	10
408	351	22	10
408	351	21	10
410	351	21	10
409	350	21	10
410	349	22	10
410	343	22	10
410	342	22	10
411	335	22	10
410	328	22	10
410	327	23	10
411	318	23	10
411	312	24	10
411	311	24	10
411	302	24	10
411	301	24	11
410	296	25	11
410	288	25	11
410	284	24	12
411	276	24	12
413	270	24	12
414	269	25	13
417	266	26	13
417	264	28	14
417	261	28	15
417	259	29	16
417	256	30	16
417	254	30	16
418	252	31	17
418	251	31	17
417	249	31	17
418	249	31	17
417	247	31	18
418	243	30	20
417	241	30	21
418	241	30	21
418	240	30	21
418	240	30	22
418	240	30	22
418	239	30	22
419	240	30	22
418	238	30	22
418	239	30	22
418	239	30	22
419	239	30	22
418	239	30	22
418	239	30	22
419	238	30	22
418	239	30	22
418	238	30	22
418	238	30	22
418	238	30	22
418	237	30	22
418	238	30	22
417	237	30	22
417	236	30	22
417	236	31	22
417	236	30	22
416	236	30	22
417	236	30	22
416	235	30	22
417	235	30	22
416	235	30	22
416	234	31	22
416	235	31	22
417	235	30	22
417	234	30	21
416	234	30	21
416	234	30	21
417	234	30	21
417	234	30	21
417	233	30	21
417	234	30	21
417	234	30	21
416	234	30	21
417	234	30	21
417	233	30	21
417	234	30	21
417	233	29	21
417	233	30	21
417	233	30	21
417	233	30	21
418	233	30	22
418	232	31	22
418	232	32	22
419	232	32	22
418	233	33	22
418	232	34	22
418	233	35	22
418	233	36	22
418	232	37	23
419	232	37	23
420	231	37	23
420	231	38	24
419	230	39	24
418	229	40	24
419	231	40	24
419	231	41	23
420	230	42	23
420	231	42	23
421	231	42	24
421	231	42	23
422	230	42	24
422	231	41	23
422	231	41	23
423	231	41	23
425	232	40	24
425	230	39	23
425	232	39	23
427	231	38	23
427	232	38	23
428	231	38	22
427	232	38	23
427	231	39	23
427	232	40	23
427	231	40	23
428	230	40	23
428	231	40	23
429	230	40	23
429	231	40	22
429	231	39	22
430	231	39	23
433	231	39	22
434	230	38	22
435	230	37	23
435	231	37	23
435	231	37	23
436	231	37	23
436	231	37	23
436	229	37	23
436	229	38	23
437	229	39	24
437	230	40	24
438	230	41	24
437	230	42	24
437	228	42	24
437	229	42	24
438	228	42	25
438	228	42	25
438	228	42	24
440	229	41	23
442	228	40	23
443	228	39	23
445	229	38	22
446	229	37	22
446	230	37	22
446	229	37	21
447	231	36	22
447	230	36	21
447	231	36	21
448	230	36	21
449	231	37	21
449	230	37	21
449	230	37	21
449	230	38	21
449	230	38	21
450	230	39	21
450	232	38	20
452	231	38	19
453	231	37	19
455	231	37	18
456	231	36	18
456	230	36	18
457	231	36	18
458	230	36	18
457	231	37	19
458	231	38	19
457	230	40	20
457	230	40	20
457	229	41	21
457	230	41	21
456	229	41	22
456	229	41	22
455	230	41	21
455	230	40	21
456	229	39	21
458	230	39	21
459	230	38	21
459	229	37	21
458	229	36	21
459	229	35	20
459	230	36	20
459	229	36	20
458	229	37	20
458	229	37	20
458	229	38	21
458	230	39	21
458	229	40	21
458	230	41	21
458	229	40	21
459	229	40	21
460	229	40	21
462	228	39	21
464	230	39	20
466	228	38	20
468	229	37	20
468	229	37	20
469	228	37	21
470	229	37	20
470	228	37	21
470	227	38	21
470	227	38	21
470	228	39	21
471	227	39	21
471	228	39	20
471	227	40	20
472	228	40	21
472	228	40	21
473	228	41	20
474	227	40	20
476	228	39	20
478	228	38	20
480	228	38	19
479	229	38	19
481	229	37	18
481	229	37	18
481	229	37	18
482	229	37	18
481	229	36	19
482	230	36	19
482	228	37	19
483	229	37	20
485	228	36	20
486	228	36	20
486	228	36	19
487	229	35	19
489	227	35	19
488	228	34	19
490	228	33	19
493	229	33	18
493	229	32	18
494	230	31	18
494	229	31	18
495	229	31	18
495	229	32	19
495	229	32	18
496	229	32	19
495	229	33	19
496	228	33	19
496	228	33	19
496	228	33	20
496	229	33	20
497	229	33	20
497	229	34	20
497	229	34	19
498	229	34	20
499	228	34	20
501	228	34	20
503	229	33	20
504	229	33	20
504	229	32	20
505	229	32	19
505	229	32	19
505	229	32	18
506	229	32	19
507	229	33	18
506	230	33	18
507	230	34	18
507	230	34	18
507	231	34	18
507	230	35	19
507	229	34	19
508	229	34	18
509	230	34	18
511	230	33	17
512	230	32	18
513	230	32	17
513	230	32	18
514	230	32	17
516	229	33	17
516	230	33	17
516	230	34	17
516	230	35	17
516	231	36	17
515	229	35	18
516	229	35	18
516	229	35	19
517	228	35	19
517	228	35	19
518	228	35	20
518	228	35	19
519	229	35	19
519	228	35	19
520	228	35	19
522	228	34	18
522	228	34	18
523	228	34	17
523	228	33	17
523	228	33	17
524	228	32	16
525	229	32	16
525	229	32	16
525	228	32	16
525	228	32	16
525	229	31	15
525	229	31	15
526	229	31	15
525	228	30	15
525	229	30	15
526	229	30	15
526	228	29	15
526	229	29	15
526	229	29	14
525	229	29	14
526	228	28	14
525	229	28	14
526	229	28	14
525	228	28	14
525	228	28	14
525	227	28	14
526	227	27	14
526	227	27	14
526	227	27	14
526	227	27	14
525	227	28	14
525	228	28	13
526	228	27	13
525	228	28	13
525	228	28	13
525	228	28	13
525	228	27	13
525	228	27	13
525	228	27	13
525	228	27	13
525	228	27	13
525	228	27	13
525	228	27	13
525	228	27	13
526	228	27	13
525	228	27	13
525	228	28	13
525	228	28	14
525	228	28	14
525	228	28	14
524	228	28	14
524	228	28	14
524	230	28	14
523	230	29	14
523	230	29	14
523	229	29	14
522	229	29	14
523	229	30	14
522	229	30	15
521	229	30	15
521	229	30	15
521	228	30	15
521	229	31	15
521	229	31	15
522	229	31	15
522	229	31	15
521	229	31	15
521	230	31	15
521	230	31	15
521	229	31	15
521	230	30	15
521	230	30	14
522	230	30	14
522	231	30	14
523	231	31	14
522	230	30	14
521	230	30	14
521	231	30	14
522	231	29	14
521	231	29	14
522	232	30	14
522	232	29	14
522	232	29	14
522	232	30	14
522	231	30	14
521	232	30	14
521	232	30	14
521	232	30	14
521	232	29	14
522	233	29	14
522	234	29	14
522	234	29	14
522	234	29	14
523	234	29	14
522	234	30	14
522	235	30	14
521	234	30	14
522	235	30	15
522	234	30	15
523	234	30	14
522	234	31	15
522	235	32	15
522	234	33	16
522	234	34	16
522	235	36	17
522	235	37	17
521	234	38	18
521	234	39	18
520	235	40	18
520	236	40	19
520	235	40	19
520	236	40	19
520	237	40	19
521	236	40	18
522	236	40	18
522	237	39	18
524	236	39	18
524	236	39	19
524	237	38	18
526	237	38	18
525	237	37	18
525	237	37	18
525	238	37	18
525	237	38	18
526	238	38	18
527	238	38	18
526	239	39	18
525	238	39	18
526	238	40	18
526	238	40	19
527	238	40	19
526	238	40	19
527	238	40	19
527	239	40	19
528	238	39	19
528	239	39	19
530	239	38	19
530	239	38	19
531	240	37	19
532	240	37	19
533	240	36	19
534	241	36	18
534	242	36	18
536	243	37	18
536	243	37	18
536	243	37	18
536	244	38	18
536	244	38	19
537	244	38	18
537	245	39	18
537	244	39	18
537	244	39	18
538	245	39	17
540	246	39	17
539	247	39	17
541	246	38	17
542	246	38	17
543	247	37	17
546	247	36	17
547	247	35	17
546	247	34	17
547	247	34	16
549	247	35	17
549	247	36	17
548	248	36	17
549	249	36	18
549	250	37	18
549	249	38	18
549	250	39	19
549	249	39	19
550	250	39	19
549	251	40	19
550	251	40	19
550	251	39	19
552	252	39	18
552	251	39	18
553	252	37	18
554	252	36	17
554	253	35	17
557	252	35	17
557	253	34	17
559	254	34	17
559	255	33	16
559	255	33	17
559	255	33	16
559	255	33	17
559	255	33	17
558	256	32	17
558	255	32	17
557	254	33	18
556	255	34	17
554	254	35	18
552	252	35	18
551	252	35	19
549	252	36	19
548	252	36	19
546	252	37	19
545	251	37	19
544	251	36	19
543	251	36	18
543	251	35	18
543	251	35	18
542	250	34	18
539	250	34	17
536	249	33	17
533	249	33	17
528	248	33	17
523	247	33	17
517	247	34	17
511	245	35	17
501	243	36	17
492	241	37	18
483	239	38	17
471	236	39	17
463	235	39	17
455	233	39	17
448	232	39	18
442	230	39	18
434	229	41	18
429	229	41	18
423	228	42	18
417	227	41	18
410	227	42	19
402	225	41	19
392	225	40	19
383	224	40	19
373	224	40	19
361	223	39	19
351	222	39	19
341	222	38	19
334	221	38	19
328	221	39	19
323	221	39	19
319	221	39	19
317	221	39	19
314	222	38	19
313	221	38	19
312	221	36	20
311	221	36	20
310	222	36	20
309	223	36	20
308	223	35	20
309	223	35	20
310	223	34	20
311	223	33	20
312	223	33	19
313	224	32	19
315	224	32	19
318	225	31	18
322	225	31	18
326	225	30	17
330	226	30	17
334	226	30	17
337	227	30	17
342	228	29	17
345	228	30	17
351	228	29	16
357	229	30	17
361	228	31	17
366	229	32	16
370	229	33	17
374	229	33	16
378	228	32	16
382	228	31	16
386	228	31	16
387	228	30	16
390	229	29	15
391	229	29	16
391	229	29	15
393	229	29	15
393	229	29	15
394	230	29	15
394	229	30	15
395	229	30	15
395	229	30	15
396	230	31	15
396	230	31	15
398	229	31	15
400	229	31	15
400	228	31	16
401	228	31	16
402	228	31	16
403	228	31	16
404	227	32	16
404	227	32	16
405	227	32	16
405	227	33	17
405	226	34	18
405	226	35	18
405	225	35	19
405	225	36	19
405	224	36	19
405	224	37	20
406	224	38	20
406	224	38	20
407	224	38	20
408	223	38	20
409	223	37	19
410	223	37	19
411	224	36	19
410	224	36	19
411	224	35	18
411	224	34	18
413	225	34	18
413	225	34	17
413	225	34	17
413	225	34	17
413	226	34	17
415	225	33	17
416	225	34	17
416	225	34	17
417	225	34	17
417	225	34	18
417	225	34	18
417	224	33	17
418	224	33	17
418	224	32	17
416	223	32	17
414	223	32	17
411	222	33	18
408	221	33	18
405	221	33	19
400	219	35	19
396	218	35	20
393	218	35	21
389	218	35	21
384	217	36	21
378	216	37	21
373	216	38	21
367	215	39	21
361	214	39	22
355	213	38	22
350	212	37	23
345	211	36	23
341	210	35	23
336	210	34	23
331	210	34	23
325	211	35	23
321	210	34	23
316	211	34	23
314	211	34	23
311	211	35	23
309	211	35	23
308	212	35	24
307	212	35	24
307	211	35	24
307	211	35	24
307	211	34	24
308	211	34	24
308	211	33	24
310	211	33	23
310	211	33	23
311	212	33	23
310	212	33	22
311	212	33	22
312	212	33	22
312	212	33	22
312	212	34	22
313	212	35	22
312	211	35	23
312	212	35	23
312	211	35	23
314	209	34	23
313	209	34	23
315	210	34	23
317	210	33	23
318	209	33	23
318	209	33	23
318	208	33	22
319	208	33	22
320	207	33	22
319	208	33	22
320	208	33	22
320	208	34	22
318	207	34	22
318	207	35	21
320	207	34	21
318	207	35	21
319	206	34	21
321	206	33	21
324	205	32	21
326	204	31	21
328	203	31	21
329	202	30	21
328	202	30	21
329	201	30	20
330	201	29	20
329	201	29	20
330	200	29	21
331	199	30	20
330	199	30	20
331	199	30	20
331	198	30	20
332	198	30	20
332	197	30	19
332	197	29	19
333	197	29	18
334	196	29	18
335	195	29	18
337	194	29	18
337	192	29	19
338	191	29	19
339	190	29	19
339	189	29	19
339	189	29	19
340	187	28	19
340	186	29	19
341	186	29	19
340	186	29	19
341	185	29	19
342	184	29	19
341	183	29	19
341	182	29	19
342	181	29	20
343	180	29	20
343	179	29	20
344	178	30	20
344	176	30	21
346	175	29	21
347	175	29	21
347	173	29	21
346	172	29	21
347	172	29	20
349	172	29	20
349	171	29	20
350	170	29	20
349	170	30	20
349	170	30	20
350	169	29	20
349	168	29	21
350	167	28	21
352	167	28	21
351	165	28	20
352	165	29	20
353	163	30	20
353	162	30	21
354	161	30	21
356	160	30	21
357	159	30	20
358	159	29	20
359	158	29	19
359	157	29	19
359	157	29	19
359	156	28	19
360	155	28	19
360	154	27	19
360	154	28	19
361	154	27	19
363	153	27	18
363	152	27	19
364	151	27	19
365	150	27	20
367	149	27	20
368	150	27	20
369	148	28	20
371	146	28	20
373	144	28	21
374	145	28	20
374	143	28	20
375	142	28	20
376	141	28	20
376	140	28	20
376	140	27	20
377	139	28	20
377	138	28	21
378	138	29	21
379	137	30	22
379	135	31	22
380	135	32	23
380	133	32	23
382	133	32	23
382	133	33	23
384	132	33	22
385	132	33	22
386	131	32	22
388	130	32	22
388	130	32	22
389	129	31	22
389	130	31	21
390	130	31	21
390	129	31	21
391	129	31	21
392	128	32	21
392	128	33	22
392	127	34	22
393	127	35	22
393	127	35	22
393	126	36	22
393	126	35	22
395	126	35	23
396	125	34	23
397	125	34	22
397	125	34	22
398	125	34	22
399	124	33	23
400	125	33	23
400	126	33	22
401	125	34	22
401	124	34	22
401	124	36	22
401	124	36	22
402	123	37	22
402	123	38	23
401	122	37	23
401	122	37	24
401	122	36	24
403	121	36	24
403	121	36	24
404	121	35	23
406	121	35	23
406	121	34	23
406	121	34	23
408	121	33	23
410	121	33	22
411	121	32	22
412	121	32	22
412	121	31	22
412	122	31	22
412	121	31	22
413	121	32	22
414	121	32	21
414	121	33	22
414	121	34	22
414	120	33	22
416	120	32	25
416	118	32	26
416	118	32	27
417	120	33	27
418	120	33	27
418	120	33	27
418	120	32	27
419	120	32	27
420	121	32	27
421	122	31	28
422	122	31	28
422	122	31	28
423	122	31	28
424	123	32	28
423	124	32	28
423	124	32	27
424	124	33	27
423	125	32	27
425	126	33	26
426	126	32	26
425	129	32	25
427	128	32	24
427	128	32	23
428	131	31	22
429	131	30	21
431	131	29	21
431	132	29	21
432	131	28	20
433	133	27	20
436	133	27	19
436	134	27	19
438	134	26	18
438	135	26	18
440	134	25	18
441	134	24	18
441	136	24	18
442	136	24	18
444	137	25	18
444	137	25	18
445	138	26	18
446	139	26	18
448	140	26	19
449	139	26	19
451	140	26	19
453	140	26	19
454	141	26	19
455	142	26	19
457	143	27	19
460	143	27	19
461	143	26	19
462	144	26	19
464	145	26	19
467	145	25	19
469	145	25	19
470	145	24	19
471	146	24	18
472	146	23	18
473	147	23	18
474	147	23	18
474	147	22	18
475	147	22	18
475	149	22	17
476	149	22	17
477	149	22	17
477	149	22	17
478	149	22	17
479	149	22	18
478	149	22	18
479	149	21	19
479	149	22	19
479	149	23	19
479	148	23	20
479	148	23	21
480	148	24	21
479	147	25	22
479	146	26	23
478	147	27	23
477	145	27	24
476	145	28	24
475	145	29	25
474	145	29	25
472	143	30	25
472	144	30	26
471	144	29	26
470	144	30	25
468	143	29	26
466	142	29	26
463	142	29	26
461	142	29	26
456	141	30	25
451	140	31	26
445	139	32	26
439	138	32	26
430	136	33	27
423	135	34	27
413	134	33	28
407	133	34	28
397	132	33	29
391	131	33	29
384	130	33	29
379	129	33	29
374	130	33	29
371	129	32	29
369	130	32	29
366	130	31	29
365	130	32	29
364	131	32	28
362	131	32	28
361	131	33	28
361	131	33	27
360	131	33	27
360	131	34	27
360	131	35	27
359	131	35	27
359	131	35	27
359	130	36	28
359	130	36	28
361	131	36	27
361	130	36	27
363	131	36	27
364	131	35	27
365	131	34	27
367	131	33	26
368	131	33	26
368	131	33	26
367	131	34	26
369	131	34	25
369	131	35	24
370	131	35	24
370	130	36	24
370	130	36	24
370	129	36	25
371	129	36	26
371	129	37	26
371	129	37	26
373	129	36	26
373	129	36	26
374	128	36	26
374	128	36	26
374	128	36	26
374	127	37	26
375	127	36	26
376	127	37	25
376	127	37	25
375	126	38	25
377	126	38	25
376	126	38	25
376	126	39	25
376	126	39	26
377	126	40	26
376	125	40	26
376	124	40	26
377	124	40	27
378	124	40	26
380	123	38	26
381	124	38	26
383	123	37	26
384	123	36	25
385	123	36	26
384	122	36	25
385	122	35	25
386	122	35	25
386	122	36	25
385	121	36	25
385	121	36	25
385	121	36	25
386	121	35	25
385	121	35	25
387	120	35	25
388	120	35	25
387	119	34	25
389	119	34	25
389	119	34	25
390	119	34	25
391	118	34	24
390	118	34	25
391	118	34	25
392	118	34	25
393	118	35	25
392	118	35	24
393	118	35	25
393	118	36	25
393	118	36	25
393	116	37	25
393	115	37	25
393	116	38	26
393	115	38	26
393	115	38	27
394	114	39	27
394	114	38	27
395	114	38	26
396	115	37	26
397	114	36	25
398	115	36	25
400	115	35	25
401	115	34	24
402	115	33	24
403	115	32	24
402	114	32	23
403	115	32	23
405	114	32	23
405	113	32	23
404	114	33	23
405	113	33	23
406	114	33	24
405	112	34	24
406	114	35	24
406	112	36	24
407	112	36	24
407	112	36	25
408	112	36	24
409	111	36	25
410	112	36	24
411	112	35	24
412	111	35	24
413	111	34	23
412	111	34	23
414	112	34	23
414	112	34	23
414	112	34	23
414	112	34	22
414	112	35	22
415	113	35	22
415	112	36	22
415	113	37	22
415	113	37	22
415	113	37	22
415	113	37	23
416	112	37	23
417	112	37	22
419	113	37	22
421	113	36	21
422	113	35	21
422	113	35	21
423	113	34	21
423	113	34	21
423	113	35	21
424	113	35	21
425	112	35	21
425	112	35	22
425	112	36	22
425	111	36	22
426	112	37	22
426	113	37	22
427	112	37	22
427	111	37	22
428	111	37	22
428	111	36	22
430	112	36	21
432	111	36	21
432	111	35	21
434	111	34	21
433	111	34	21
434	110	34	22
434	110	33	22
435	111	34	21
435	111	34	22
435	110	35	22
436	110	36	22
435	110	36	23
435	110	36	23
435	110	36	23
436	111	35	23
436	110	35	23
437	110	34	23
439	111	34	23
440	110	33	22
441	110	32	22
443	110	32	21
444	110	31	21
444	110	31	20
444	110	31	20
444	111	30	20
446	112	30	20
446	112	30	20
446	113	29	20
446	112	29	20
446	113	29	20
447	112	28	20
447	112	29	21
448	111	30	20
448	111	30	20
449	111	32	20
450	112	31	20
451	112	31	20
453	111	31	20
454	111	31	19
454	111	31	19
454	111	31	20
456	112	31	19
455	112	32	20
456	111	32	20
456	112	32	20
456	111	33	20
456	111	33	21
456	111	34	21
457	111	35	21
457	110	35	22
457	110	36	22
458	110	36	23
459	110	36	22
461	109	36	22
462	110	36	23
463	110	35	22
464	110	35	21
466	110	34	21
466	111	33	21
468	112	32	20
468	112	31	20
469	112	31	20
470	113	31	19
469	114	31	19
470	113	30	19
470	114	31	19
470	114	31	19
470	114	31	19
471	114	31	19
471	113	32	19
472	113	32	20
474	113	32	19
474	113	32	19
475	114	33	20
476	112	32	20
476	113	31	20
477	113	31	20
478	113	30	20
480	112	31	20
479	112	31	20
479	113	31	20
479	113	32	20
479	113	32	21
480	112	32	21
480	112	33	21
480	112	33	21
480	112	34	22
480	112	35	22
481	112	35	22
481	111	36	22
481	112	36	22
481	113	36	22
482	112	36	22
484	112	35	22
485	113	34	22
486	112	33	22
487	112	33	22
488	112	33	22
488	112	33	23
488	112	33	23
490	113	33	22
489	113	33	22
489	113	34	22
489	113	34	22
490	114	35	22
489	114	35	22
489	114	35	22
490	114	35	22
490	115	36	22
491	114	36	22
491	114	36	22
491	115	36	22
492	115	36	22
492	116	35	22
494	116	35	21
495	116	34	21
496	117	33	21
497	117	33	21
497	117	32	21
497	117	32	21
498	116	32	21
499	117	33	21
499	117	33	21
499	117	34	21
500	118	34	21
500	117	35	22
500	117	35	22
500	118	35	22
500	117	36	22
501	118	36	22
502	117	36	22
502	118	36	22
503	117	36	22
504	118	36	22
507	117	35	22
507	119	34	21
509	119	33	20
509	120	33	20
509	120	33	20
510	120	33	20
510	120	33	20
511	121	32	20
511	121	32	21
511	121	33	21
512	121	34	21
513	121	34	21
513	121	35	21
514	121	35	21
515	121	36	21
514	121	36	21
514	121	36	21
516	121	35	20
517	121	35	20
519	121	34	20
519	120	33	20
520	121	33	20
521	121	33	20
521	122	32	20
520	120	32	20
521	121	32	20
521	122	32	21
521	121	32	21
521	121	32	21
522	121	33	21
523	121	34	21
522	120	34	22
523	121	34	21
524	120	35	21
525	119	35	22
526	120	34	22
526	119	34	22
527	120	34	21
527	120	34	21
529	120	34	21
528	121	35	21
528	121	34	21
529	122	34	21
529	121	34	21
530	120	34	22
530	121	34	22
530	120	34	22
530	120	34	23
530	120	34	23
530	120	34	23
531	121	34	22
531	122	35	22
531	121	34	22
531	122	35	22
532	122	34	21
533	122	34	21
533	123	33	21
534	122	32	21
535	123	32	21
535	122	31	20
535	123	31	20
535	123	31	20
535	123	31	20
535	123	31	20
534	122	31	20
532	122	32	20
528	121	32	21
523	121	33	21
518	119	33	21
513	118	33	21
508	116	34	21
500	115	34	21
491	114	35	21
483	112	34	21
470	110	34	21
458	108	34	21
445	105	34	20
433	104	33	20
422	101	31	22
408	100	30	23
394	98	29	23
376	97	29	23
362	96	28	23
342	95	28	23
322	94	27	24
302	93	26	24
283	92	25	25
263	93	25	25
244	95	24	25
228	95	24	25
216	97	24	25
206	99	24	24
197	98	24	25
192	98	24	25
189	97	24	25
183	96	23	26
181	96	24	27
179	96	23	28
177	97	24	29
176	97	24	29
175	97	23	29
176	97	23	30
178	97	23	29
179	98	23	29
182	97	22	28
185	97	22	28
189	97	23	27
196	97	22	27
202	97	23	26
212	95	22	26
222	95	23	25
238	95	22	25
254	95	23	23
273	95	23	23
294	95	22	23
315	94	22	23
333	95	22	22
347	95	22	22
359	96	22	21
368	98	22	21
376	98	21	21
385	98	21	21
393	99	21	20
402	99	20	20
410	100	20	19
421	100	20	19
430	101	19	19
436	101	19	19
442	101	18	20
448	101	18	19
450	101	18	19
454	101	18	19
456	101	17	19
457	101	17	18
458	102	17	18
459	102	17	18
461	102	17	18
462	101	17	18
463	101	17	18
462	101	17	18
463	101	17	18
462	101	17	18
462	101	17	18
462	101	16	18
462	100	16	18
463	100	16	17
462	100	16	17
461	100	16	17
461	100	16	17
461	100	16	17
459	100	16	17
458	101	16	16
458	101	16	16
456	99	16	16
457	99	16	16
456	98	16	16
455	97	16	16
456	97	16	16
457	98	16	17
456	99	16	16
456	99	16	16
457	97	17	16
458	97	17	17
458	97	18	17
458	96	18	17
459	96	19	17
459	96	19	17
459	95	19	17
459	95	19	17
460	95	19	17
461	94	18	17
462	94	18	18
461	94	17	18
463	94	17	18
464	93	17	18
464	93	16	18
464	93	16	18
464	94	16	18
464	94	16	17
465	94	16	18
464	94	16	17
465	94	16	17
464	95	16	17
464	95	16	17
465	95	15	17
464	95	15	17
465	95	15	17
465	95	15	17
465	95	15	17
465	95	16	16
466	95	15	17
466	95	15	17
467	95	15	17
467	95	16	17
468	94	15	17
469	94	15	17
470	94	15	17
470	93	15	17
470	94	15	18
471	94	15	18
472	94	15	17
471	95	15	17
471	96	15	17
471	96	15	17
471	97	15	17
472	99	15	16
472	100	15	16
472	100	15	16
472	100	14	16
472	101	14	17
472	101	14	17
473	101	14	17
473	102	14	17
473	102	15	17
473	102	15	17
474	102	15	17
474	103	15	17
474	103	15	17
474	104	15	17
474	105	15	17
474	106	15	17
474	107	15	17
474	108	15	17
474	109	15	17
474	110	15	17
474	111	15	17
475	111	15	17
475	111	15	17
476	111	15	17
476	111	16	17
477	112	15	18
476	113	16	17
477	114	15	17
478	115	15	17
477	116	15	17
477	117	15	17
477	118	15	17
478	118	15	17
479	119	16	17
479	120	15	17
480	120	15	16
480	121	15	16
480	122	16	16
480	124	16	16
481	125	15	16
482	126	15	16
483	127	15	16
484	127	15	17
486	127	15	17
486	127	15	17
487	128	15	17
488	128	16	18
489	129	16	18
489	131	16	18
489	132	16	18
490	133	16	18
490	134	17	18
491	135	16	18
492	136	17	17
493	136	16	18
495	137	16	17
495	138	16	17
495	140	16	17
496	140	16	17
497	141	16	18
496	141	16	18
496	142	16	18
497	143	16	18
497	143	17	18
499	144	17	18
500	145	17	19
500	146	17	19
500	147	17	19
501	147	17	19
502	148	17	19
503	148	17	19
504	150	17	19
504	150	17	19
505	151	17	19
505	152	17	19
506	154	17	19
506	155	18	19
506	155	18	19
506	156	18	19
507	156	18	19
508	157	18	19
508	157	18	19
509	157	18	19
509	158	18	20
509	159	18	19
510	159	18	20
510	160	18	20
509	161	19	19
509	162	18	19
510	163	18	19
509	164	18	19
510	164	18	19
510	165	18	19
511	165	18	19
511	166	17	19
512	166	17	19
511	166	17	19
511	166	18	19
511	166	18	19
512	167	18	19
512	166	18	20
512	166	18	20
512	167	18	20
512	166	19	21
512	167	19	21
511	168	19	21
512	168	19	21
512	168	19	21
512	168	20	21
513	168	20	22
513	167	20	22
513	167	21	22
513	166	21	23
513	166	21	24
512	165	22	24
512	165	22	25
512	164	21	26
512	165	22	26
512	164	22	27
513	163	22	28
513	163	22	29
512	163	23	29
513	163	23	29
512	163	23	29
512	163	23	30
512	162	24	30
513	162	24	30
512	162	25	31
513	162	25	31
512	161	26	32
512	161	26	31
513	162	27	32
511	161	27	32
512	162	27	33
511	162	27	33
513	162	26	33
513	162	27	32
512	162	27	32
512	162	28	32
512	163	27	32
512	162	27	33
512	162	28	33
512	162	28	33
512	162	28	33
514	161	28	34
513	162	28	34
513	162	28	34
513	162	28	34
513	163	28	34
512	162	27	34
513	162	27	34
514	163	27	33
515	162	27	34
513	163	27	33
513	164	27	34
515	163	27	34
513	163	27	34
515	163	27	34
516	163	27	33
514	164	27	33
516	164	28	33
515	164	28	33
515	164	28	33
516	164	28	32
516	164	29	32
515	164	29	32
516	164	29	33
517	164	29	33
516	164	29	33
516	164	29	33
517	164	28	33
517	164	29	33
516	164	29	33
517	165	29	33
517	164	29	33
516	163	28	34
518	164	28	34
516	163	28	34
517	163	27	34
517	163	27	35
518	163	27	35
518	163	27	34
517	163	27	34
518	163	27	34
516	163	27	34
518	163	27	34
517	163	27	35
517	163	28	34
517	163	27	34
517	163	27	34
516	163	27	35
517	162	27	35
517	163	27	35
516	163	27	35
517	163	27	34
517	163	27	34
517	164	27	34
518	163	27	34
518	163	27	34
517	162	27	34
518	162	27	34
517	162	27	34
517	163	27	34
517	162	28	34
518	162	28	34
517	162	28	34
518	162	28	34
518	162	28	34
518	161	28	34
517	161	28	34
518	160	27	34
518	160	27	34
519	160	27	34
518	160	28	34
518	160	28	34
518	160	28	34
519	160	28	34
517	160	28	34
517	160	28	35
519	160	27	35
518	160	27	35
519	160	27	35
517	159	28	34
518	160	27	34
519	161	27	34
519	160	28	34
519	159	28	34
518	159	29	33
518	160	28	34
517	160	28	34
519	161	28	34
517	160	28	33
518	159	28	33
517	159	28	34
518	159	27	34
517	159	27	34
518	159	27	34
518	159	27	33
518	159	28	33
517	159	28	33
517	159	28	34
515	160	28	34
516	160	28	34
515	159	28	35
515	158	28	35
514	159	28	35
515	159	28	35
514	158	29	35
514	158	29	35
514	158	28	35
514	158	28	35
514	158	28	35
513	158	28	35
514	159	28	34
513	159	29	34
512	158	29	34
512	158	29	34
512	159	29	34
513	158	28	35
513	158	28	35
512	158	28	35
514	158	28	35
513	158	28	35
513	159	27	34
513	159	27	34
513	158	28	35
514	159	27	35
512	158	28	35
513	159	28	34
512	159	28	34
513	158	29	34
513	159	29	34
513	159	29	34
513	158	29	34
511	158	29	35
513	158	30	34
512	158	30	35
512	158	30	35
512	158	30	35
512	159	30	35
511	159	30	35
513	159	30	35
511	159	30	35
512	158	30	35
512	159	29	36
512	159	30	36
511	159	30	36
512	160	30	36
511	160	30	35
512	161	30	35
513	160	30	35
511	161	30	35
512	161	29	35
512	162	29	35
511	161	30	35
511	161	30	35
511	161	29	35
512	161	29	35
511	161	29	35
512	162	29	35
510	162	29	35
510	163	29	35
511	163	29	34
511	163	29	33
512	162	29	34
512	162	30	34
511	162	30	35
510	161	30	35
512	162	30	35
512	163	31	35
510	162	30	35
511	164	30	35
511	164	30	34
511	164	29	35
511	164	29	36
511	163	29	36
511	164	29	35
511	164	29	35
511	165	29	34
510	166	29	34
512	166	28	33
511	166	28	33
510	167	28	33
512	167	27	34
511	166	28	34
511	167	28	34
511	167	27	34
511	167	27	33
511	168	27	33
511	168	28	33
511	168	28	33
511	168	27	33
511	168	28	33
511	168	28	33
510	168	28	33
511	169	28	32
511	169	28	32
512	168	29	32
510	169	28	32
511	169	28	33
510	169	28	33
511	169	28	33
511	169	28	33
511	170	28	33
510	170	28	33
511	171	27	33
510	171	27	33
511	172	27	33
510	172	27	33
511	172	26	33
511	173	26	33
512	173	26	32
510	172	26	32
512	172	26	32
510	173	26	32
511	173	26	32
512	173	26	32
511	173	26	33
511	173	26	33
510	174	27	33
511	173	27	33
511	174	26	33
511	173	26	33
509	174	26	33
510	174	26	33
511	174	26	32
509	175	26	32
510	174	26	32
510	175	26	32
510	174	26	32
510	174	26	32
509	174	26	32
509	175	26	32
508	175	26	32
508	175	26	32
508	175	26	31
508	175	26	31
507	175	27	31
507	175	27	31
507	175	27	31
507	176	28	31
506	175	28	31
505	175	29	31
507	175	29	32
505	175	29	32
505	176	29	32
504	175	28	33
505	175	29	33
504	175	29	34
505	175	28	34
504	176	28	34
505	176	28	34
506	176	28	34
504	175	28	34
505	175	28	34
506	175	29	34
505	176	29	34
505	175	29	34
506	175	28	34
504	176	28	35
504	176	28	35
504	177	28	35
503	176	28	35
504	177	28	35
504	177	28	34
505	178	27	34
505	178	27	34
506	178	27	33
504	178	27	33
505	178	26	34
505	178	26	34
505	178	27	34
506	179	27	34
505	179	27	34
504	180	27	34
504	180	27	33
504	180	26	33
504	180	26	33
505	180	26	33
505	180	26	33
506	180	25	33
505	180	25	32
506	180	26	32
505	181	26	32
506	182	25	32
505	182	26	32
505	182	25	32
505	182	25	32
505	182	26	32
506	182	26	32
505	182	26	32
506	182	26	32
507	181	27	31
505	181	27	31
506	182	27	31
506	182	27	31
505	182	27	31
506	181	26	32
506	182	26	32
507	182	26	32
505	182	26	32
505	183	26	31
507	184	26	31
505	184	25	31
506	184	25	30
506	185	25	30
506	185	24	30
506	184	24	31
506	185	24	30
507	184	24	30
506	185	24	30
506	184	24	30
506	185	24	30
505	185	24	30
506	185	24	30
506	184	24	30
505	185	24	30
506	186	24	30
506	186	24	30
505	185	24	30
506	185	24	30
506	186	24	30
506	186	24	30
505	185	24	30
505	185	24	30
506	185	23	30
506	186	24	30
505	185	24	30
506	185	24	30
506	185	24	31
506	184	24	31
505	184	24	31
505	185	24	30
506	185	24	30
506	184	24	30
505	184	24	30
506	185	24	30
505	185	24	30
505	185	24	30
506	185	24	30
505	184	24	30
505	185	24	30
505	184	24	30
505	184	24	31
505	184	24	31
505	185	24	30
505	185	24	30
505	185	24	29
505	186	23	29
506	186	23	28
505	186	23	28
505	186	23	28
505	187	23	27
506	187	22	27
506	188	22	26
506	188	23	26
506	188	23	26
505	188	23	26
505	189	23	26
506	187	23	26
505	187	23	26
505	186	23	27
504	185	23	27
502	184	23	27
500	183	23	27
497	181	23	28
494	180	23	29
490	180	23	29
487	178	23	30
483	177	23	30
478	176	24	30
474	176	24	30
466	175	24	31
459	174	24	31
451	171	24	32
440	170	24	32
429	168	24	32
415	168	24	32
403	166	24	32
391	164	24	32
375	165	24	32
360	163	24	31
345	161	24	31
331	160	24	31
320	160	23	31
306	161	24	31
292	163	24	31
281	161	24	30
270	162	24	30
258	161	26	30
251	161	26	30
244	161	26	31
238	162	26	32
234	163	26	32
229	163	27	33
226	164	27	33
225	164	28	33
224	165	28	33
223	164	28	33
222	165	28	33
222	164	29	32
223	165	29	32
223	165	30	32
223	165	30	32
223	165	31	31
221	166	31	31
222	166	31	31
222	166	32	31
223	167	32	30
222	167	32	30
223	168	32	30
223	168	32	30
224	167	32	29
224	168	33	28
225	167	33	27
226	167	33	26
226	167	33	25
227	167	33	25
228	168	34	24
228	168	33	24
228	168	33	24
228	168	34	24
229	167	35	24
230	167	35	24
230	167	36	24
231	167	36	24
232	166	36	24
233	166	35	24
235	165	36	24
236	165	35	24
237	165	34	24
237	166	35	24
238	165	34	24
239	165	35	23
240	166	35	23
240	167	36	23
241	166	36	23
241	166	37	23
241	166	37	24
242	166	37	24
243	166	37	24
243	166	37	24
244	165	37	24
245	165	37	24
246	165	36	24
246	165	36	24
247	166	36	23
248	165	35	23
248	165	35	23
248	165	36	22
249	166	36	22
248	166	36	22
248	165	37	23
249	165	37	23
248	164	37	24
248	164	38	24
249	163	39	24
249	163	39	24
249	163	39	24
250	163	38	24
251	163	38	24
251	162	37	24
251	162	36	23
251	162	36	24
251	163	36	23
252	162	35	23
252	163	36	23
253	164	35	24
253	164	36	24
254	163	36	24
254	162	36	24
255	162	37	24
256	162	36	24
257	161	36	24
259	161	35	23
260	161	35	23
261	161	34	23
264	161	34	23
265	160	34	23
266	160	34	23
266	160	35	23
266	160	35	24
268	161	36	24
269	160	36	24
271	158	36	24
272	159	36	25
273	159	37	25
275	158	37	25
276	157	37	26
277	157	38	25
279	156	37	25
280	155	37	25
281	156	36	25
283	156	36	25
284	155	36	25
286	155	35	25
286	155	35	25
287	154	35	25
287	155	35	25
287	154	36	24
286	154	36	24
285	153	36	25
285	153	35	25
287	154	35	25
288	154	34	25
289	153	33	25
290	154	33	24
291	154	33	24
292	154	33	23
293	154	33	23
293	154	33	23
293	153	33	23
294	153	34	24
294	153	34	24
296	153	35	24
296	153	35	24
297	152	35	24
297	152	35	24
297	152	35	24
299	151	35	24
299	151	34	24
299	151	34	24
298	151	33	24
297	151	33	23
295	151	32	23
293	151	32	23
292	151	32	22
290	151	32	23
287	151	33	23
286	151	33	23
284	151	33	23
282	151	34	23
281	152	34	22
280	151	35	22
278	151	35	22
277	151	34	22
276	151	33	22
274	150	33	22
273	151	33	22
270	151	33	22
269	151	33	22
268	150	33	22
268	150	33	22
267	150	34	22
266	150	34	23
266	150	34	23
266	149	34	24
266	149	34	24
266	149	34	24
268	149	33	24
268	148	33	24
270	147	32	23
271	148	32	23
271	147	32	23
272	147	32	23
272	147	31	24
272	146	31	24
273	147	31	24
273	146	32	23
274	146	32	23
274	146	32	23
274	146	32	23
275	146	32	23
276	146	31	23
277	146	31	23
278	146	30	23
280	145	30	23
279	145	30	23
280	145	30	23
280	145	30	24
280	144	30	24
280	144	32	25
281	143	32	25
280	143	33	25
281	143	33	25
281	143	33	26
282	143	33	26
283	142	33	26
283	143	33	25
286	143	33	24
286	143	33	24
287	142	32	23
289	142	32	23
290	142	32	23
290	142	31	22
292	142	31	22
292	142	31	22
292	141	31	22
291	140	32	23
292	141	33	23
293	140	33	23
293	139	33	24
294	139	33	24
295	139	33	24
296	139	33	24
296	139	32	24
297	139	32	24
298	140	31	23
298	140	31	23
300	139	31	22
301	139	31	22
300	139	31	22
302	140	31	22
301	139	32	22
301	139	32	22
302	139	32	23
302	138	31	24
303	138	32	24
305	138	32	24
306	137	32	24
307	136	31	24
309	137	31	24
310	136	31	23
311	136	31	23
310	136	31	23
310	137	30	23
310	137	30	23
311	138	30	23
312	136	30	23
313	136	30	24
313	136	31	24
314	135	31	24
315	136	31	25
317	135	30	24
317	134	30	25
320	133	29	25
319	133	29	25
320	134	29	25
321	134	29	25
320	133	30	25
320	134	30	24
321	134	30	24
321	133	30	24
322	134	31	24
321	133	31	24
323	133	31	24
323	133	30	25
323	133	30	25
326	131	29	25
326	130	29	24
327	131	28	24
329	130	27	25
330	130	27	24
331	131	27	24
331	131	27	24
331	130	28	23
331	130	27	24
332	129	27	24
334	129	28	24
334	129	28	25
335	128	28	26
336	127	27	26
337	127	28	26
338	125	28	26
339	125	27	26
339	124	27	26
340	124	26	26
341	124	25	26
341	124	25	27
342	123	25	26
341	124	25	26
341	124	25	26
342	124	26	26
342	123	27	26
343	123	27	26
344	122	27	26
344	121	27	26
345	122	27	25
347	122	27	25
347	121	27	26
348	120	27	26
348	121	28	25
349	120	28	25
348	120	28	26
350	120	28	26
349	121	28	26
349	120	29	26
350	120	29	26
350	120	30	26
350	120	30	27
351	119	30	27
351	119	30	27
354	119	29	27
354	117	29	27
355	117	29	27
356	117	28	27
356	117	27	26
358	117	27	26
358	117	27	26
359	117	26	26
358	118	26	26
358	118	26	25
358	119	26	24
359	118	25	23
358	118	25	23
359	118	25	23
360	118	24	22
360	117	23	22
361	117	23	21
363	117	22	21
364	116	22	20
366	116	21	21
367	116	20	21
368	115	20	20
368	113	20	20
370	112	20	19
369	112	20	19
370	112	20	18
370	111	20	18
371	110	20	18
370	108	19	18
371	108	19	18
371	107	18	18
373	107	18	18
374	104	18	18
376	102	18	18
376	103	18	18
378	99	18	18
378	99	18	18
378	95	18	18
378	95	18	19
378	92	17	19
382	96	18	18
381	96	20	17
381	97	21	16
379	95	22	15
379	96	23	14
379	95	23	14
379	92	23	14
383	92	23	14
383	90	22	14
381	90	22	14
381	89	22	14
382	89	22	14
385	87	22	14
382	84	22	14
385	83	22	14
386	80	22	14
387	79	22	14
387	79	22	14
388	79	22	14
386	76	21	14
387	76	21	14
388	76	21	14
388	75	21	14
389	73	21	15
389	73	21	15
386	71	20	15
389	70	20	16
388	68	19	16
388	67	18	17
390	67	18	17
392	64	18	17
392	62	18	17
391	62	18	17
395	62	18	17
395	59	18	17
398	57	18	17
395	58	19	16
399	55	18	17
400	55	17	18
401	53	17	18
402	51	17	18
402	51	17	18
402	51	17	19
402	49	17	19
403	47	17	19
403	47	17	18
401	45	17	18
401	45	17	18
402	45	18	18
402	45	18	18
401	43	18	18
402	41	17	18
403	41	17	19
402	41	18	18
403	41	18	18
403	42	18	18
403	40	18	18
402	40	19	18
400	41	19	18
400	39	19	18
401	39	19	18
402	40	20	18
401	38	21	16
398	39	21	16
398	39	21	16
399	37	22	15
399	37	22	15
399	38	22	14
399	37	20	16
401	36	20	17
401	36	19	18
400	39	20	18
400	40	20	18
398	40	19	18
401	40	19	19
402	43	20	19
402	43	19	19
402	46	20	19
402	48	21	19
401	51	22	17
401	55	21	18
401	55	21	18
402	55	20	19
401	58	20	19
401	58	20	20
401	61	21	20
402	64	21	19
401	64	21	20
402	68	21	20
403	69	22	20
403	73	22	20
402	76	22	20
402	76	22	20
404	79	21	21
404	82	21	21
406	83	21	21
406	84	21	21
408	84	20	22
408	87	20	21
408	86	20	22
408	89	20	22
409	90	19	22
409	90	19	22
409	93	19	22
411	92	20	21
412	94	20	21
410	94	20	21
412	97	20	21
412	98	20	20
411	98	20	20
413	97	20	20
414	100	21	19
416	95	22	18
415	97	23	17
415	98	24	15
416	95	24	15
417	95	23	15
422	95	23	15
423	95	23	15
424	95	23	15
423	95	23	15
422	94	23	15
424	94	23	15
424	94	23	15
427	94	23	15
426	94	24	15
426	95	24	15
427	94	23	15
424	95	24	15
428	95	24	15
426	95	24	15
428	95	23	15
430	95	24	15
431	94	24	15
432	95	24	15
431	94	23	15
434	95	24	15
433	95	24	15
432	95	24	15
435	95	24	15
433	97	24	15
435	95	23	15
436	96	23	15
437	95	23	15
458	72	22	18
460	66	19	20
460	65	18	22
461	65	17	24
462	65	17	24
462	65	16	25
463	65	15	26
464	65	15	27
463	64	16	27
462	62	16	27
462	61	16	27
461	62	16	28
461	61	16	29
461	62	17	29
462	62	16	30
462	62	16	31
462	62	16	32
462	62	17	32
462	62	17	33
462	62	17	33
462	61	17	34
462	61	17	35
462	61	17	36
462	61	17	37
463	59	17	37
462	60	17	37
461	60	18	37
462	61	18	37
462	62	18	37
461	61	19	37
461	60	19	37
462	60	18	38
462	60	19	38
462	60	19	38
462	60	19	39
462	60	20	38
462	60	19	39
459	60	20	38
460	60	20	39
461	60	20	39
460	60	20	39
461	60	20	39
461	60	20	39
461	58	20	39
461	58	19	39
461	59	19	39
461	59	19	40
461	59	19	40
460	58	19	40
461	59	19	40
460	59	18	40
460	59	19	40
461	59	19	40
460	60	19	40
460	60	19	39
460	60	19	40
461	60	19	40
460	58	18	41
460	59	18	41
461	59	18	41
461	60	18	41
461	60	18	41
461	58	18	41
479	82	25	35
479	86	29	32
479	88	30	31
478	88	32	30
478	88	33	30
479	89	33	30
479	87	34	29
478	87	34	29
479	87	33	28
480	87	33	29
479	88	33	28
481	87	33	28
483	88	32	28
483	88	32	28
482	88	32	27
484	89	31	28
486	89	30	28
484	89	31	27
485	89	31	27
486	90	31	27
487	89	31	27
487	90	31	27
487	89	31	27
488	88	32	27
489	89	31	26
490	90	31	26
491	89	30	26
491	90	29	25
494	89	28	25
494	89	27	25
496	89	26	25
496	90	25	24
495	91	25	24
496	91	25	23
497	92	25	22
498	92	25	21
498	92	25	21
498	93	25	20
499	93	24	20
499	93	24	20
499	93	24	19
500	93	24	19
500	93	24	19
501	92	24	19
502	93	24	19
502	92	23	19
503	92	23	20
502	91	23	20
502	91	22	21
501	90	22	21
500	89	22	22
498	88	22	23
496	87	22	23
494	88	23	23
491	88	23	23
488	86	24	24
486	85	24	24
