0.014798
0.120212
0.119262
0.118346
0.123296
0.117784
0.119185
0.118263
0.118074
0.114055
0.122372
0.122834
0.121736
0.119611
0.118731
0.118444
0.118648
0.123266
0.121758
0.119911
0.118645
0.121625
0.126601
0.118746
0.121855
0.122781
0.117991
0.120065
0.119523
0.119757
0.128742
0.120215
0.118555
0.120067
0.129219
0.122275
0.122192
0.120228
0.120928
0.119020
0.119534
0.118351
0.119459
0.120246
0.120273
0.120367
0.119993
0.127526
0.119917
0.119132
0.117667
0.121732
0.121287
0.122106
0.126329
0.121130
0.126549
0.119547
0.119209
0.119808
0.126410
0.123991
0.124098
0.124636
0.122840
0.121598
0.121623
0.119927
0.118488
0.128077
0.119400
0.118310
0.117627
0.117865
0.122793
0.132147
0.122123
0.120212
0.118515
0.118696
0.119909
0.128021
0.121144
0.122182
0.122200
0.128162
0.121492
0.121517
0.121146
0.120277
0.120524
0.122697
0.122352
0.121757
0.119321
0.120870
0.125941
0.122740
0.119451
0.128070
0.120605
0.121603
0.121525
0.123099
0.119800
0.119818
0.119932
0.123584
0.134238
0.125135
0.124723
0.120668
0.126236
0.121881
0.120178
0.126899
0.124802
0.125662
0.127717
0.122059
0.137259
0.127342
0.118504
0.120647
0.122373
0.122006
0.120393
0.119902
0.118646
0.120046
0.122514
0.119569
0.126956
0.131899
0.127938
0.126791
0.127972
0.124167
0.124101
0.121308
0.119975
0.121090
0.125862
0.123240
0.126190
0.128883
0.120093
0.121692
0.125350
0.120525
0.121262
0.119598
0.123590
0.121697
0.121650
0.121474
0.122139
0.125781
0.130120
0.123837
0.123710
0.124316
0.128706
0.130467
0.123321
0.123114
0.122263
0.124659
0.121982
0.128330
0.130237
0.121436
0.121238
0.124148
0.123073
0.124080
0.126449
0.125263
0.122103
0.120224
0.121210
0.120841
0.120286
0.117687
0.121330
0.119168
0.120665
0.118747
0.172452
0.121828
0.130686
0.117936
0.119668
0.120682
0.120093
0.124049
0.117793
0.118813
0.119135
0.124363
0.119470
0.124352
0.116691
0.124446
0.119121
0.116193
0.116493
0.117433
0.123023
0.118295
0.117760
0.125060
0.117987
0.120223
0.119429
0.120784
0.118565
0.118448
0.120336
0.122333
0.129352
0.136652
0.162402
0.119603
0.123737
0.128669
0.124815
0.127350
0.127330
0.125137
0.120876
0.120054
0.123584
0.119324
0.126072
0.123491
0.123674
0.120920
0.114274
0.120678
0.119899
0.119560
0.118840
0.126686
0.125372
0.119255
0.122956
0.130023
0.124788
0.127765
0.128397
0.124909
0.120656
0.127840
0.120869
0.120782
0.118554
0.119627
0.124253
0.119232
0.118620
0.119779
0.119920
0.119888
0.119729
0.118969
0.118441
0.121541
0.128014
0.121246
0.130148
0.120152
0.120007
0.119519
0.123339
0.118108
0.119102
0.118631
0.118475
0.118988
0.119349
0.118016
0.118865
0.124588
0.124550
0.121004
0.120612
0.121483
0.118903
0.123127
0.118060
0.119661
0.119159
0.125060
0.118069
0.118410
0.118075
0.118414
0.119569
0.118912
0.127622
0.120909
0.127338
0.122074
0.120805
0.120476
0.119876
0.123415
0.119720
0.127982
0.120130
0.121629
0.120526
0.119453
0.118535
0.118890
0.119388
0.126195
0.120996
0.120603
0.119731
0.129027
0.124465
0.121687
0.120040
0.118760
0.119653
0.120149
0.132035
0.127258
0.122955
0.119486
0.120599
0.120011
0.119329
0.121949
0.123771
0.119341
0.119867
0.118594
0.119056
0.118518
0.119599
0.119682
0.119448
0.119360
0.118817
0.119237
0.125321
0.120515
0.123369
0.118407
0.123232
0.120003
0.121210
0.119523
0.118831
0.119763
0.118414
0.127663
0.121768
0.125624
0.118732
0.126226
0.119136
0.121555
0.124037
0.119263
0.119776
0.123160
0.123789
0.121122
0.120579
0.128083
0.119909
0.118332
0.118464
0.127156
0.123199
0.120929
0.121165
0.121419
0.119369
0.119117
0.118892
0.123525
0.124571
0.134323
0.126597
0.122584
0.124078
0.125485
0.120986
0.118283
0.118995
0.118725
0.117123
0.123921
0.117725
0.118358
0.119697
0.118530
0.123847
0.128379
0.123049
0.120184
0.120909
0.120128
0.119633
0.125505
0.120500
0.123066
0.126190
0.120902
0.120526
0.120566
0.118296
0.125678
0.123982
0.125455
0.119826
0.121107
0.119872
0.121196
0.121409
0.122273
0.118921
0.121917
0.120482
0.120165
0.120095
0.120462
0.119295
0.120825
0.119107
0.118906
0.119931
0.119679
0.123945
0.120351
0.121142
0.126136
0.120132
0.119786
0.118384
0.120968
0.120133
0.120507
0.120814
0.119743
0.122662
0.121048
0.122145
0.118712
0.117800
0.120785
0.120320
0.118945
0.119965
0.119877
0.120580
0.119212
0.120951
0.118817
0.122455
0.118471
0.123992
0.121031
0.119886
0.120739
0.121752
0.122598
0.120014
0.119363
0.128922
0.120025
0.119718
0.132856
0.122737
0.122076
0.119274
0.119194
0.112196
0.119115
0.120865
0.121065
0.119631
0.119447
0.116354
0.130634
0.125437
0.123137
0.119324
0.120226
0.119523
0.119635
0.124987
0.120796
0.126548
0.126615
0.128877
0.121220
0.119233
0.121442
0.128309
0.123626
0.129404
0.125401
0.121872
0.128283
0.119255
0.125906
0.122825
0.126621
0.119931
0.124874
0.134853
0.126396
0.126438
0.120011
0.120439
0.123837
0.124044
0.120913
0.119035
0.120425
0.119045
0.117624
0.118348
0.127600
0.125129
0.120395
0.121836
0.126032
0.113378
0.119225
0.119208
0.129419
0.134233
0.131023
0.124183
0.119653
0.118001
0.119926
0.121405
0.119089
0.126579
0.119745
0.120317
0.128675
0.120908
0.140260
0.120950
0.120054
0.119210
0.118847
0.119335
0.122159
0.119895
0.120602
0.128726
0.119641
0.119101
0.126829
0.124673
0.125602
0.121313
0.120302
0.119853
0.127099
0.124354
0.130829
0.133042
0.140976
0.127263
0.124794
0.119298
0.126414
0.125895
0.120157
0.132550
0.126557
0.124440
0.124458
0.119163
0.123594
0.118574
0.122714
0.126059
0.129442
0.126270
0.124582
0.120987
0.118906
0.118307
0.130511
0.120485
0.120831
0.124246
0.118852
0.118528
0.123035
0.119200
0.119473
0.124357
0.118865
0.119625
0.127495
0.119627
0.125073
0.129758
0.124854
0.119798
0.126109
0.123742
0.119823
0.127103
0.128152
0.129893
0.124065
0.127055
0.123954
0.119270
0.138766
0.150657
0.118629
0.132342
0.130152
0.119967
0.118556
0.124544
0.119224
0.120445
0.122392
0.125024
0.119980
0.128749
0.128572
0.124939
0.119319
0.127462
0.121088
0.124760
0.119730
0.118760
0.118897
0.119598
0.120365
0.112490
0.123519
0.127072
0.123761
0.118664
0.124354
0.122764
0.123708
0.118268
0.118855
0.118791
0.117891
0.126462
0.121016
0.130301
0.124218
0.119890
0.121722
0.119881
0.118567
0.124217
0.120097
0.122412
0.119677
0.119769
0.117709
0.125079
0.128028
0.136656
0.122026
0.120821
0.125358
0.124230
0.122517
0.118604
0.120360
0.128464
0.127994
0.124472
0.130652
0.121183
0.118535
0.124923
0.118817
0.118815
0.126801
0.123540
0.119674
0.118536
0.118526
0.118377
0.119285
0.122804
0.126333
0.124647
0.121485
0.123177
0.118326
0.117639
0.132608
0.122077
0.119982
0.119191
0.122959
0.128362
0.119344
0.120898
0.125035
0.120396
0.118863
0.119205
0.124249
0.128312
0.124021
0.129359
0.122150
0.130232
0.123059
0.131927
0.133721
0.137230
0.120681
0.126750
0.124097
0.132099
0.129868
0.124493
0.125279
0.119526
0.144496
0.134083
0.129289
0.128200
0.129383
0.129893
0.139913
0.125657
0.124954
0.128423
0.128985
0.120603
0.126421
0.121619
0.124778
0.124589
0.131675
0.128904
0.121244
0.119445
0.126768
0.122853
0.125171
0.125955
0.121839
0.125144
0.125239
0.124464
0.132711
0.127125
0.120738
0.126217
0.118642
0.117968
0.123709
0.119335
0.119206
0.120812
0.128966
0.120116
0.118374
0.126987
0.125787
0.121358
0.124200
0.119884
0.118146
0.128288
0.119600
0.123399
0.124868
0.120341
0.119744
0.120646
0.133423
0.120551
0.120080
0.125113
0.125015
0.123566
0.120785
0.120690
0.118663
0.119195
0.119411
0.120092
0.120010
0.120656
0.126974
0.127635
0.120921
0.120986
0.143986
0.155778
0.158303
0.123066
0.119070
0.120500
0.121722
0.125956
0.123010
0.119750
0.120716
0.123827
0.124759
0.133058
0.128067
0.121011
0.122169
0.138285
0.128720
0.133238
0.125024
0.123959
0.130219
0.122107
0.130771
0.128779
0.121392
0.125916
0.126821
0.122015
0.131436
0.127273
0.129583
0.127627
0.121921
0.124239
0.122837
0.122153
0.124991
0.123920
0.122933
0.119213
0.122089
0.124832
0.121997
0.124000
0.123750
0.123253
0.122581
0.123478
0.125567
0.124492
0.119565
0.122522
0.118881
0.120465
0.131261
0.131413
0.132546
0.126687
0.123040
0.122964
0.120244
0.120783
0.119966
0.119623
0.133825
0.124402
0.122880
0.122820
0.123310
0.123490
0.124333
0.124316
0.123209
0.123640
0.123618
0.122672
0.124675
0.122975
0.122451
0.132490
0.123990
0.120485
0.121322
0.120269
0.147461
0.124838
0.120297
0.120631
0.120973
0.120944
0.121425
0.121734
0.122029
0.122630
0.126780
0.121243
0.126137
0.122982
0.132434
0.131986
0.125347
0.127465
0.132561
0.127636
0.130052
0.127317
0.123308
0.127600
0.127513
0.132268
0.130588
0.126773
0.129596
0.143364
0.125276
0.125120
0.124040
0.124653
0.128687
0.124684
0.131474
0.129425
0.123812
0.124412
0.121864
0.123329
0.123069
0.123512
0.122058
0.125883
0.121046
0.121748
0.120958
0.120578
0.120284
0.120438
0.120113
0.119987
0.119758
0.120498
0.119135
0.120592
0.123047
0.121199
0.119213
0.123982
0.128809
0.124572
0.122643
0.127261
0.122961
0.120588
0.124175
0.123870
0.122086
0.118334
0.128518
0.136061
0.127425
0.126014
0.126984
0.132487
0.123385
0.140480
0.123173
0.121870
0.121404
0.121983
0.121794
0.120990
0.122244
0.121808
0.121363
0.125889
0.123122
0.122076
0.124105
0.143191
0.126012
0.123332
0.123277
0.130497
0.124503
0.121516
0.121666
0.131851
0.122443
0.123287
0.132221
0.129922
0.126073
0.122311
0.122816
0.133043
0.123331
0.121056
0.126475
0.126716
0.128027
0.122878
0.127057
0.122624
0.123737
0.122261
0.122876
0.123157
0.122376
0.121217
0.130560
0.130027
0.126117
0.121580
0.120655
0.124944
0.124520
0.129971
0.124663
0.132927
0.122865
0.127712
0.122547
0.120252
0.121013
0.120375
0.122319
0.130794
0.124258
0.122151
0.128098
0.133460
0.122703
0.125638
0.131955
0.131471
0.128369
0.122697
0.126909
0.128994
0.125630
0.130484
0.125322
0.124601
0.124067
0.121375
0.122906
0.133916
0.127534
0.125250
0.131248
0.123655
0.123786
0.124529
0.121529
0.128389
0.123023
0.121827
0.126678
0.124055
0.122399
0.122576
0.123059
0.122631
0.121832
0.124609
0.122005
0.122262
0.122150
0.124813
0.123988
0.130093
0.131724
0.125575
0.130171
0.127948
0.122484
0.121857
0.130917
0.131856
0.126194
0.129350
0.124766
0.128264
0.128049
0.120837
0.122127
0.122597
0.131307
0.123038
0.122226
0.127222
0.121368
0.124237
0.142618
0.120852
0.129268
0.133082
0.128583
0.125011
0.129659
0.124867
0.124553
0.119856
0.127254
0.123900
0.125567
0.129183
0.125485
0.130416
0.133134
0.125578
0.121984
0.127366
0.131519
0.124282
0.119905
0.122977
0.122288
0.137514
0.134109
0.122315
0.123367
0.123024
0.125159
0.126101
0.132711
0.120595
0.119951
0.122612
0.125278
0.120298
0.124958
0.126603
0.128308
0.125137
0.124101
0.132939
0.127150
0.128534
0.123504
0.140598
0.129086
0.120362
0.127406
0.126388
0.121633
0.125863
0.122850
0.130059
0.130645
0.122158
0.129542
0.125733
0.123365
0.125496
0.128140
0.129899
0.131135
0.121288
0.126135
0.132396
0.124964
0.121690
0.130609
0.122505
0.120710
0.129416
0.131290
0.125072
0.127685
0.125252
0.120590
0.129950
0.134099
0.126443
0.124536
0.124782
0.122961
0.120900
0.128640
0.128446
0.127730
0.125940
0.131830
0.124137
0.122420
0.128063
0.121357
0.122887
0.128768
0.122144
0.121600
0.130735
0.133052
0.121752
0.125687
0.124369
0.126358
0.123795
0.125121
0.122329
0.120688
0.127183
0.122732
0.130698
0.123000
0.127455
0.125989
0.126443
0.121687
0.121298
0.128597
0.127651
0.126916
0.127605
0.124805
0.125884
0.121432
0.120175
0.133514
0.133523
0.121552
0.123118
0.122713
0.122113
0.117700
0.125639
0.126587
0.125160
0.123643
0.122600
0.122587
0.120344
0.125639
0.125448
0.125726
0.122382
0.130168
0.123868
0.126318
0.121258
0.120497
0.120093
0.122008
0.121538
0.121222
0.129900
0.126999
0.119062
0.125681
0.124908
0.131026
0.128800
0.128053
0.124568
0.120441
0.119138
0.121306
0.148726
0.136259
0.122649
0.126691
0.120981
0.120792
0.124276
0.129028
0.122351
0.126337
0.125490
0.124721
0.125084
0.125280
0.118950
0.121596
0.119158
0.129927
0.124925
0.121904
0.128631
0.129777
0.128517
0.128829
0.124667
0.121578
0.137265
0.123177
0.124701
0.130301
0.126289
0.121323
0.121245
0.121979
0.121524
0.122860
0.121103
0.123024
0.125743
0.121554
0.118892
0.122567
0.122564
0.123930
0.131643
0.156973
0.125058
0.121802
0.119102
0.119477
0.132180
0.123145
0.129905
0.131676
0.123856
0.127799
0.129175
0.128291
0.133399
0.133852
0.133400
0.122394
0.125294
0.129388
0.128577
0.132003
0.127726
0.121948
0.129111
0.119756
0.127537
0.127770
0.127746
0.131208
0.120386
0.122519
0.129058
0.119736
0.119174
0.118831
0.121094
0.118661
0.120698
0.120366
0.118665
0.118741
0.118541
0.120982
0.119466
0.119108
0.119263
0.119311
0.119837
0.118902
0.126262
0.119928
0.120209
0.123100
0.123058
0.119903
0.124023
0.121041
0.122109
0.119360
0.119462
0.120189
0.125966
0.129745
0.124929
0.136247
0.127910
0.122706
0.138106
0.132764
0.122560
0.126768
0.132371
0.123867
0.123976
0.120139
0.123638
0.137090
0.123359
0.128659
0.119900
0.120207
0.120311
0.119212
0.121982
0.120594
0.120423
0.120241
0.120491
0.126322
0.118876
0.118550
0.118028
0.118404
0.125672
0.123315
0.118089
0.119448
0.119254
0.117911
0.118471
0.119678
0.117885
0.115162
0.118194
0.118124
0.118196
0.119086
0.120272
0.119460
0.117032
0.117958
0.122205
0.132974
0.128240
0.124838
0.119385
0.123805
0.130984
0.123127
0.118502
0.121996
0.118660
0.118612
0.129249
0.120012
0.121368
0.121662
0.119135
0.118450
0.122531
0.117726
0.118172
0.125361
0.122550
0.118984
0.123381
0.130332
0.118839
0.117320
0.122398
0.117726
0.118583
0.121377
0.120628
0.118766
0.118408
0.124138
0.117650
0.119804
0.117850
0.125417
0.123683
0.121434
0.117587
0.118791
0.118486
0.117255
0.128636
0.121964
0.118216
0.118508
0.120839
0.119434
0.125694
0.120074
0.120354
0.125775
0.119443
0.118018
0.124009
0.128576
0.117729
0.125239
0.116571
0.116766
0.118230
0.118949
0.117292
0.117838
0.118273
0.118164
0.124239
0.120437
0.117542
0.121497
0.119080
0.118048
0.117803
0.118020
0.119617
0.118206
0.127015
0.121707
0.120312
0.119429
0.127527
0.122047
0.124679
0.127959
0.120930
0.121864
0.130056
0.120697
0.120150
0.127100
0.133407
0.120116
0.122791
0.123020
0.120846
0.124998
0.126075
0.120025
0.120378
0.119964
0.128396
0.130568
0.127517
0.131549
0.119556
0.118267
0.121355
0.119148
0.129619
0.125552
0.120907
0.120282
0.119878
0.119826
0.125088
0.124714
0.120813
0.129888
0.123913
0.119874
0.120334
0.115668
0.119486
0.124706
0.121672
0.118038
0.118976
0.124882
0.120921
0.119522
0.117421
0.117640
0.118500
0.121334
0.119499
0.118123
0.118746
0.119496
0.117449
0.125621
0.121029
0.118649
0.118962
0.118540
0.118626
0.118319
0.117570
0.123878
0.124531
0.120223
0.117929
0.117615
0.118659
0.118689
0.122339
0.122329
0.117232
0.125508
0.120765
0.125968
0.118961
0.117556
0.118159
0.118516
0.124174
0.127762
0.135507
0.118947
0.160501
0.127238
0.119783
0.121097
0.126316
0.133604
0.121046
0.130375
0.126066
0.119424
0.123443
0.118484
0.123501
0.138254
0.124984
0.125080
0.130135
0.131714
0.123751
0.120391
0.119970
0.117613
0.117395
0.119036
0.130702
0.121258
0.118731
0.127887
0.118217
0.118495
0.119571
0.117373
0.118714
0.118639
0.112205
0.117294
0.117511
0.117376
0.117717
0.124362
0.119353
0.118557
0.117214
0.120324
0.121305
0.117780
0.119185
0.117475
0.116920
0.119119
0.121894
0.119787
0.124296
0.119212
0.117833
0.124650
0.118986
0.123618
0.123235
0.119229
0.125823
0.119457
0.113884
0.123957
0.121389
0.128824
0.124431
0.122631
0.123361
0.118430
0.118397
0.134125
0.128047
0.119685
0.118173
0.123268
0.123734
0.123105
0.127164
0.122783
0.119664
0.122643
0.118501
0.124900
0.123139
0.124867
0.122449
0.124851
0.118887
0.118877
0.118353
0.123451
0.119600
0.120629
0.134351
0.119933
0.119926
0.130810
0.125183
0.121376
0.124053
0.120860
0.118758
0.118563
0.123644
0.118773
0.118505
0.123093
0.117823
0.116973
0.117600
0.118913
0.114741
0.120993
0.123748
0.113931
0.123254
0.122503
0.122162
0.123503
0.125828
0.118885
0.119814
0.123692
0.128473
0.118337
0.122526
0.120263
0.130777
0.122483
0.118289
0.118332
0.118353
0.118978
0.126556
0.125604
0.124290
0.124232
0.124497
0.128024
0.122542
0.122221
0.127358
0.119472
0.121146
0.123224
0.126222
0.119533
0.120000
0.119797
0.119234
0.118743
0.124130
0.120416
0.119519
0.119589
0.119797
0.119063
0.122759
0.120303
0.125875
0.125283
0.126945
0.119223
0.118822
0.126277
0.120783
0.120546
0.119873
0.119696
0.119617
0.130934
0.129876
0.131306
0.121315
0.118991
0.118914
0.123738
0.125741
0.118652
0.133007
0.131383
0.123827
0.129951
0.119736
0.126255
0.124776
0.130150
0.124663
0.117209
0.122015
0.122570
0.119477
0.125787
0.119645
0.124534
0.124369
0.120890
0.120420
0.128067
0.121246
0.124571
0.117743
0.120904
0.117918
0.117999
0.118986
0.117336
0.121724
0.117280
0.123605
0.118812
0.118128
0.116918
0.116928
0.117428
0.121909
0.123555
0.124909
0.120516
0.122515
0.121135
0.116799
0.117683
0.118831
0.119046
0.119697
0.118901
0.117952
0.124419
0.127129
0.120104
0.117805
0.122730
0.127365
0.120248
0.117343
0.122075
0.117165
0.128462
0.126000
0.121750
0.119709
0.123179
0.118593
0.124375
0.123429
0.119163
0.123411
0.117088
0.122474
0.116203
0.117227
0.127848
0.118648
0.119138
0.120477
0.116857
0.116818
0.117950
0.121795
0.119024
0.122335
0.123588
0.117810
0.124276
0.131505
0.118092
0.116195
0.127232
0.123622
0.117565
0.119719
0.118325
0.117775
0.119744
0.126196
0.119531
0.118928
0.118266
0.118816
0.117348
0.122433
0.118443
0.117848
0.119293
0.123931
0.119424
0.117269
0.124885
0.130092
0.117431
0.117736
0.120261
0.122918
0.124930
0.120876
0.118609
0.123420
0.119258
0.117501
0.120260
0.120908
0.118234
0.117944
0.118117
0.118942
0.125520
0.132964
0.121115
0.126430
0.119837
0.122586
0.118694
0.122151
0.121365
0.119746
0.121071
0.123152
0.118769
0.118192
0.129595
0.125278
0.122766
0.128316
0.118830
0.117796
0.122945
0.120656
0.118021
0.124979
0.117386
0.118164
0.117643
0.126063
0.118799
0.117597
0.119617
0.118392
0.123587
0.123784
0.128320
0.120369
0.119797
0.121314
0.118695
0.118886
0.127843
0.122933
0.118776
0.120996
0.119453
0.121850
0.120109
0.120288
0.120194
0.121913
0.121724
0.122315
0.130067
0.134359
0.124968
0.122378
0.120733
0.121669
0.121984
0.126164
0.124059
0.128026
0.116160
0.120372
0.119705
0.131440
0.124310
0.119165
0.120373
0.119899
0.126034
0.121140
0.120672
0.136861
0.123879
0.124450
0.129184
0.126782
0.128765
0.119886
0.128144
0.126722
0.130267
0.121788
0.120930
0.125952
0.119663
0.123370
0.120951
0.123061
0.116685
0.127233
0.120824
0.120940
0.117366
0.123527
0.119045
0.120777
0.119940
0.120337
0.118715
0.118523
0.117753
0.129926
0.120572
0.119676
0.118930
0.118109
0.118505
0.117621
0.117464
0.117268
0.118918
0.124722
0.120220
0.118553
0.126352
0.118619
0.119580
0.125588
0.122810
0.120947
0.121357
0.120553
0.118354
0.117438
0.119169
0.122890
0.124695
0.124323
0.120925
0.119024
0.118602
0.119188
0.119698
0.118618
0.125396
0.118114
0.118040
0.120125
0.118272
0.119568
0.132666
0.122720
0.120755
0.118990
0.119326
0.121781
0.120249
0.121815
0.120926
0.121960
0.124510
0.121986
0.121001
0.132759
0.124373
0.122622
0.121184
0.121457
0.130272
0.128954
0.128460
0.122008
0.121914
0.118611
0.132596
0.125180
0.122496
0.127401
0.122606
0.122384
0.120857
0.121163
0.119971
0.128160
0.125757
0.125497
0.123377
0.120287
0.125860
0.123206
0.124785
0.129517
0.121047
0.122911
0.123609
0.123057
0.121884
0.120701
0.121150
0.121534
0.121594
0.125495
0.119219
0.120577
0.121478
0.122925
0.127505
0.124165
0.123615
0.125284
0.127369
0.127737
0.120618
0.121617
0.121905
0.121981
0.129068
0.125963
0.123720
0.124747
0.124647
0.120013
0.121422
0.129574
0.123589
0.120057
0.134466
0.121018
0.122940
0.121919
0.122126
0.118793
0.118909
0.118885
0.119657
0.119513
0.119215
0.133874
0.121182
0.124247
0.122026
0.119809
0.120104
0.127385
0.121571
0.125552
0.127531
0.120206
0.121133
0.120883
0.127428
0.125378
0.118826
0.123871
0.123630
0.120371
0.119998
0.124104
0.122391
0.125690
0.120661
0.128639
0.120468
0.119602
0.128534
0.128456
0.129558
0.120825
0.120950
0.120003
0.124199
0.120533
0.120479
0.124432
0.122529
0.121864
0.120189
0.123987
0.128468
0.121001
0.126261
0.125965
0.130485
0.118780
0.122692
0.119317
0.119930
0.125592
0.121802
0.118707
0.132055
0.124251
0.124402
0.124391
0.118154
0.119480
0.123762
0.124667
0.119164
0.123457
0.119162
0.118604
0.123666
0.119614
0.121646
0.140847
0.120397
0.117206
0.119142
0.124160
0.118502
0.129585
0.128056
0.119325
0.129994
0.120446
0.121017
0.120211
0.123697
0.119302
0.122277
0.120686
0.119499
0.125710
0.121854
0.122431
0.123314
0.119356
0.123640
0.123065
0.121475
0.120244
0.120456
0.123982
0.126641
0.126789
0.119263
0.119145
0.129765
0.126521
0.122769
0.119767
0.135161
0.120467
0.135856
0.127547
0.132231
0.131417
0.122564
0.120195
0.124302
0.124551
0.128586
0.124133
0.120411
0.117895
0.122682
0.140312
0.129517
0.118654
0.120372
0.120292
