285	68	96	141
286	67	96	139
285	71	95	139
284	71	93	142
284	75	93	140
282	83	93	134
282	89	94	129
282	94	95	125
277	98	95	120
274	103	95	116
271	107	96	113
265	109	96	112
264	112	96	109
261	113	95	108
258	112	95	106
257	111	92	107
256	111	92	107
252	111	92	108
250	110	92	108
246	110	92	108
243	110	94	106
240	110	96	103
238	111	98	101
240	111	100	100
235	107	101	99
237	107	104	98
233	107	104	98
223	105	103	99
223	105	100	99
211	113	97	100
210	106	96	101
130	78	86	111
133	76	80	116
135	76	77	119
134	76	76	119
134	75	75	120
133	74	75	119
134	74	74	119
132	74	75	117
133	75	74	117
131	76	74	116
131	76	74	116
131	76	74	117
132	77	74	117
132	76	74	118
128	75	82	109
128	72	86	105
128	81	91	101
127	76	95	98
122	76	96	97
124	83	97	96
125	78	99	95
117	88	91	106
128	74	94	103
118	85	88	111
120	83	82	119
121	83	79	123
121	84	78	126
121	84	78	128
120	85	77	131
121	78	77	132
120	82	77	133
119	84	77	134
120	86	76	138
119	103	76	145
120	94	76	152
119	98	78	159
119	101	82	165
111	92	81	171
117	95	85	174
119	98	91	175
112	97	94	177
119	97	98	177
113	98	101	177
119	100	105	176
113	94	104	177
110	98	105	179
109	98	105	178
108	99	106	177
117	100	108	175
114	101	108	175
112	103	109	174
111	103	110	173
110	102	109	174
110	102	107	175
109	100	107	176
108	102	107	175
108	102	106	176
107	101	106	177
107	101	106	177
116	103	109	175
113	101	109	176
112	103	109	176
111	101	109	176
111	101	108	176
110	102	108	177
109	101	107	178
108	101	107	178
106	94	105	180
119	107	111	176
114	104	112	176
112	103	111	177
111	102	111	179
109	103	110	179
109	103	109	179
111	106	113	174
111	109	115	172
113	108	117	172
111	106	114	175
110	104	112	177
109	104	111	178
111	108	114	174
109	106	112	176
110	109	114	173
111	111	116	171
110	105	112	176
110	108	114	174
112	109	115	173
111	112	115	171
111	108	112	175
110	106	111	176
110	105	109	177
109	106	109	177
108	105	108	177
104	97	105	180
114	103	109	179
111	104	109	179
111	105	108	179
109	106	108	178
107	107	109	178
107	108	109	177
107	107	108	178
116	113	114	173
112	112	113	175
114	113	116	172
112	113	119	172
110	110	120	173
110	112	119	174
109	111	116	176
109	109	114	178
108	105	111	180
107	106	110	181
113	110	113	178
112	109	112	178
110	108	110	179
109	106	109	180
107	107	108	180
113	109	112	177
110	109	111	178
109	106	110	180
107	107	109	180
113	109	111	178
111	112	114	175
111	111	118	173
111	110	117	174
111	112	120	174
110	110	121	175
110	110	122	175
110	112	120	175
110	112	120	174
110	113	121	173
109	111	123	174
109	111	121	175
108	109	117	178
107	107	114	179
112	110	117	176
110	108	115	178
108	108	112	179
107	107	110	179
113	112	115	174
110	108	113	177
108	107	111	178
106	106	109	179
112	109	111	177
109	108	111	178
107	107	110	179
112	109	112	178
110	108	110	178
107	106	109	178
113	111	114	175
111	108	113	176
109	106	111	178
107	107	109	179
112	110	112	177
112	109	117	174
110	108	115	176
108	107	113	177
106	108	112	178
111	109	118	174
109	106	116	177
107	106	113	179
106	106	112	179
111	110	117	176
110	110	119	174
110	109	121	173
108	109	122	173
108	109	123	173
108	107	123	174
107	106	124	175
106	102	120	179
104	102	116	182
109	107	119	178
107	103	116	180
106	103	114	181
111	106	117	177
109	105	119	176
109	107	121	174
107	104	117	177
106	104	114	179
105	102	112	180
112	106	117	176
109	106	120	175
108	106	121	175
107	104	117	177
107	102	114	179
106	102	112	180
105	102	111	180
111	107	117	175
108	105	119	174
108	107	120	173
109	107	120	172
108	107	121	172
109	107	121	171
107	105	122	172
107	103	118	176
110	104	120	174
109	105	119	174
110	107	120	173
109	105	120	172
107	104	120	173
108	104	119	173
107	103	115	176
106	102	113	177
105	100	111	178
105	98	110	179
111	104	114	175
109	100	112	177
107	99	111	179
105	99	110	179
103	98	109	180
110	101	111	178
108	101	110	178
106	100	108	179
105	99	107	179
111	102	110	177
109	102	108	177
106	101	108	178
104	99	107	178
104	99	107	179
103	100	107	179
103	98	106	180
112	101	108	178
106	95	107	179
104	99	108	179
103	99	107	179
113	103	112	175
109	101	111	176
109	105	115	173
107	103	112	176
108	105	115	172
106	101	112	175
105	102	111	176
103	101	110	177
100	94	108	179
111	104	110	180
108	99	110	181
106	98	110	181
105	99	110	179
104	99	109	179
104	99	109	180
104	99	109	180
104	99	109	180
106	103	113	175
106	103	115	173
106	105	116	172
105	103	113	176
106	104	115	174
105	102	113	177
103	102	110	180
105	102	114	176
105	105	115	175
106	103	113	177
105	103	115	176
106	104	116	174
105	105	117	174
105	107	117	174
106	108	117	173
106	107	118	172
105	108	117	173
106	108	118	172
106	107	117	172
106	106	117	173
105	106	117	175
106	107	117	174
106	107	117	174
106	107	117	174
106	107	116	175
105	107	117	175
105	107	117	176
106	107	117	175
105	106	117	175
105	108	117	175
105	107	116	175
105	108	117	175
104	108	117	175
105	109	117	175
106	110	116	174
106	110	117	174
105	108	117	175
104	106	114	178
104	108	116	177
104	109	117	175
105	109	117	175
105	110	116	175
103	108	113	179
102	106	112	180
102	108	115	177
101	109	117	175
101	110	118	175
102	110	118	175
102	111	118	174
104	110	118	175
104	109	117	175
104	109	117	175
103	110	117	175
104	110	117	175
105	110	117	176
105	110	116	176
103	110	117	176
104	110	117	175
104	110	116	176
103	107	113	179
103	108	115	177
103	108	115	177
104	109	115	176
103	108	116	177
102	108	116	177
102	108	117	177
101	107	118	177
101	107	118	177
100	108	118	177
100	108	118	177
100	110	118	176
99	110	119	175
100	110	120	175
99	108	120	177
100	108	120	177
100	108	121	178
99	109	121	178
100	108	121	178
100	107	121	178
101	108	121	178
100	106	121	178
99	106	122	177
99	106	123	177
98	105	123	175
97	104	124	174
97	106	124	173
97	105	125	172
98	105	125	172
98	104	124	171
99	104	125	171
104	101	124	175
103	99	124	173
106	99	123	175
111	94	118	181
108	93	119	183
110	90	119	185
112	87	116	187
114	85	117	188
116	84	117	189
117	80	117	193
117	77	118	195
116	77	120	197
115	76	120	195
115	76	122	198
118	71	122	199
117	71	122	201
118	70	121	201
121	67	120	201
123	65	118	202
125	66	118	205
126	66	117	205
125	66	117	206
126	68	117	206
125	65	117	207
126	66	115	208
126	68	115	208
124	66	118	207
122	66	117	207
122	64	117	207
121	64	116	207
122	63	115	208
120	62	115	210
118	59	116	211
117	58	118	212
116	56	120	212
114	53	121	210
114	53	122	210
111	53	122	209
112	50	122	210
112	49	120	210
115	48	119	211
116	48	117	212
115	49	117	212
117	49	116	213
117	45	117	215
118	42	117	216
118	42	116	217
122	41	115	219
122	40	114	219
124	41	113	219
129	40	113	220
127	40	113	217
129	42	113	217
132	41	113	215
134	41	113	215
135	40	113	216
135	37	111	217
136	38	108	218
145	30	108	218
140	33	109	220
142	35	107	219
144	33	107	217
145	34	106	213
146	33	106	212
148	35	105	208
149	34	104	207
151	32	104	207
152	31	105	208
150	33	108	208
152	33	109	209
151	35	112	206
151	34	113	206
153	33	115	206
152	30	116	210
151	32	116	211
150	30	116	214
149	28	112	217
151	27	109	218
153	27	108	218
154	26	108	218
154	26	108	217
155	28	108	217
155	27	107	218
157	26	107	219
156	25	107	219
156	27	106	219
159	26	106	219
157	28	107	219
160	27	106	218
157	30	108	216
158	30	109	216
157	30	109	216
157	32	107	216
159	33	107	216
158	32	107	215
159	34	106	214
162	35	106	213
162	35	109	212
162	37	112	211
162	36	115	209
163	34	116	211
162	35	116	210
162	34	117	210
162	34	117	210
163	37	119	209
161	36	121	209
162	37	122	209
159	36	122	209
159	35	122	211
159	35	120	212
160	36	120	211
159	35	121	212
160	35	120	212
161	36	121	211
160	37	122	210
159	36	122	211
160	37	123	211
160	34	124	212
159	35	126	212
158	37	126	213
158	37	125	215
157	39	125	214
156	38	125	215
157	37	124	216
158	38	125	216
158	36	126	215
157	37	127	214
156	38	128	215
156	41	127	214
157	39	128	214
157	40	128	214
158	38	130	215
156	39	131	216
158	37	133	216
156	40	134	215
157	38	135	216
155	39	137	216
156	38	137	217
157	40	138	217
158	38	140	216
157	39	141	216
158	40	142	215
159	43	144	214
160	43	147	213
161	42	149	212
164	45	154	208
166	47	160	205
164	47	165	206
163	48	165	206
164	47	167	206
164	48	169	205
163	48	170	205
163	47	171	205
162	46	173	207
160	45	173	208
159	47	170	208
160	51	168	206
162	52	168	204
159	53	167	204
162	53	165	204
160	54	164	203
159	55	163	203
159	54	160	204
159	56	158	203
157	55	158	204
156	55	156	205
154	55	154	206
153	53	154	206
151	51	153	208
152	50	151	209
154	50	149	210
151	52	150	209
151	53	149	208
150	54	149	208
151	51	148	210
148	52	146	210
150	51	145	210
150	52	144	209
150	51	144	211
151	52	144	211
153	51	145	210
150	54	148	210
150	52	150	211
152	55	154	208
151	58	157	207
149	57	158	206
149	57	159	206
149	58	159	206
147	57	160	207
149	59	161	206
148	58	160	206
146	58	159	207
148	60	160	208
147	59	160	208
148	60	161	208
146	60	161	208
150	60	161	208
148	62	162	207
149	62	163	206
150	63	163	206
147	64	164	205
147	63	163	205
146	62	161	206
145	62	159	207
147	63	157	207
147	63	156	207
144	62	155	208
142	64	153	208
141	63	150	208
145	65	148	208
142	65	147	207
140	63	145	208
140	66	143	207
140	65	141	207
139	63	139	206
143	65	139	206
138	64	138	207
139	64	138	206
139	64	139	205
136	64	138	205
137	62	135	208
136	61	132	211
134	59	132	212
132	64	131	211
136	65	131	213
130	65	131	211
132	68	133	209
129	69	134	206
129	71	134	207
126	73	135	205
133	72	131	209
129	73	131	209
136	73	128	210
132	73	127	208
136	76	127	209
130	77	131	206
130	79	133	206
130	80	135	207
130	80	135	205
131	81	134	204
131	83	134	204
131	81	135	207
128	86	137	205
131	83	136	204
130	83	136	204
130	83	135	204
130	83	134	203
124	84	136	202
131	86	133	205
123	82	136	202
129	85	133	206
123	83	136	202
130	86	133	204
122	83	137	200
123	86	138	200
125	88	137	199
126	87	137	198
126	86	137	197
127	88	136	196
128	89	138	196
121	90	143	195
124	90	143	196
124	89	144	195
124	89	146	195
123	89	146	196
127	90	146	196
122	90	148	195
126	91	147	196
127	92	145	196
128	94	144	195
124	93	145	196
127	95	144	195
129	96	143	195
130	98	141	195
131	97	140	195
132	97	140	195
133	97	140	196
134	97	139	196
134	98	138	196
134	98	137	195
134	98	137	195
135	100	137	194
135	102	137	191
129	102	139	190
133	104	138	188
128	107	140	185
127	108	142	185
125	106	143	185
126	106	145	186
126	108	145	187
127	108	145	187
126	109	146	185
126	109	147	185
124	109	148	185
126	110	148	184
124	108	147	184
126	109	146	185
125	109	147	184
126	108	147	185
124	107	147	185
125	106	147	187
126	106	148	187
125	106	147	187
125	105	147	188
124	105	147	189
125	106	148	189
125	109	147	188
124	110	148	186
124	108	147	186
129	112	144	184
127	113	145	182
125	113	146	182
124	116	148	181
124	117	149	180
124	118	148	179
124	117	148	179
123	117	148	180
124	117	148	181
124	117	148	181
124	117	149	181
123	117	149	180
124	117	149	180
124	118	149	181
123	118	149	180
122	117	150	179
129	115	148	181
126	116	148	181
125	114	148	182
123	114	149	183
124	114	151	183
123	114	152	184
125	114	149	186
128	113	147	185
124	115	149	182
124	115	152	181
124	114	152	181
123	112	152	182
124	112	151	183
125	112	151	182
124	112	151	182
125	113	151	181
125	112	152	182
125	112	152	181
125	111	152	180
126	113	152	180
126	111	152	179
124	112	153	179
125	111	153	180
125	110	155	180
126	108	155	181
128	108	159	180
127	108	162	181
125	106	162	182
126	103	161	183
124	102	159	184
121	101	160	188
120	98	156	191
119	97	153	193
123	107	152	192
119	100	150	194
117	98	149	194
119	107	147	193
117	99	146	195
115	99	145	194
116	108	144	194
117	99	143	197
116	99	143	198
117	99	144	198
117	107	148	195
120	101	150	197
112	97	152	198
117	95	153	200
110	93	155	201
114	93	154	204
116	92	155	205
116	91	155	206
112	89	155	206
116	91	153	206
117	91	152	207
118	89	151	207
118	91	150	206
118	89	148	208
116	90	148	209
115	89	148	208
111	88	149	207
112	95	150	203
113	93	148	204
108	91	149	203
108	89	149	203
110	100	150	198
107	95	152	197
106	113	155	187
107	108	158	185
104	100	158	189
103	94	157	192
106	90	156	195
104	89	157	198
106	88	156	197
105	87	157	199
102	86	158	199
105	85	158	201
104	86	159	199
104	87	160	198
103	86	159	198
103	86	158	197
105	86	156	197
101	87	156	197
103	85	154	197
104	86	153	198
101	87	155	197
102	85	154	199
102	87	154	199
100	85	153	200
101	84	152	201
102	84	152	202
101	84	153	202
101	84	155	201
101	83	154	201
101	83	154	201
101	81	152	202
100	81	150	204
98	80	149	203
97	79	149	204
99	80	146	204
97	78	147	205
99	80	145	203
100	80	145	202
98	78	143	202
101	80	141	201
101	78	140	202
100	79	140	202
102	78	139	201
104	77	139	200
102	77	139	200
104	78	140	198
102	80	140	199
104	78	139	200
104	78	139	200
107	88	141	196
104	83	141	197
105	78	141	199
107	90	142	193
105	84	143	194
105	97	145	188
107	88	144	190
105	82	144	194
105	98	145	187
106	91	144	188
103	86	144	190
102	82	144	194
102	81	144	197
102	101	147	187
103	94	149	186
102	94	153	185
103	94	155	184
101	93	156	184
101	92	157	186
100	92	158	185
100	92	160	185
100	90	162	185
98	88	162	187
99	91	163	187
98	93	163	183
98	93	164	182
99	93	163	181
98	94	164	183
97	97	164	181
98	96	164	182
97	95	164	183
97	90	164	185
96	88	165	186
97	85	164	188
92	83	162	190
93	92	156	190
92	84	152	193
93	81	149	195
92	78	146	198
96	79	145	198
97	89	145	196
99	79	147	199
95	80	147	198
98	80	150	195
98	82	153	193
97	82	155	194
96	81	157	195
97	81	158	195
98	82	159	195
98	81	159	196
96	81	159	196
97	82	159	196
97	82	160	195
98	82	160	195
97	82	159	195
96	83	159	193
98	83	161	192
99	84	162	191
100	85	161	189
101	84	161	189
103	84	164	188
104	83	163	187
105	83	163	188
105	83	164	189
101	82	165	190
102	84	170	189
101	84	170	189
103	83	172	189
100	82	172	190
99	83	171	190
100	84	171	190
98	85	170	190
99	85	170	190
98	85	169	189
95	85	168	190
96	85	167	191
95	86	167	190
95	86	165	190
95	86	163	189
95	87	161	190
93	87	157	192
93	85	155	194
94	89	158	191
96	88	157	191
98	88	159	190
97	89	159	190
95	90	159	189
97	88	161	189
99	89	163	189
96	87	163	189
99	85	166	190
97	85	166	190
96	84	167	191
97	85	171	190
96	85	170	190
97	87	173	189
99	86	173	189
98	85	173	190
98	86	174	190
99	85	175	191
99	87	177	189
99	85	178	189
99	87	178	189
96	87	178	189
98	88	178	189
99	88	177	189
98	88	179	189
99	88	179	190
96	89	179	190
96	91	177	189
97	92	178	188
96	93	177	187
98	92	177	188
95	91	178	189
97	88	177	191
93	86	176	194
92	86	179	194
93	89	182	192
90	90	183	192
92	91	184	191
91	92	184	191
92	94	185	191
90	93	185	191
88	93	185	193
88	94	184	192
85	93	184	193
92	95	187	190
102	97	188	187
90	99	181	188
95	101	181	186
84	99	175	188
92	98	171	188
82	100	164	192
92	101	167	189
84	103	165	189
93	103	165	186
85	105	165	186
94	106	164	184
86	109	163	185
95	110	167	181
87	113	167	180
91	112	167	179
83	112	167	181
90	114	171	180
84	115	173	179
79	116	172	178
89	117	182	173
99	118	188	169
88	120	189	169
95	120	189	167
85	118	188	168
96	120	189	167
86	121	189	166
96	121	191	163
89	121	192	164
89	124	196	165
99	120	198	163
112	119	197	160
106	122	196	160
99	120	197	163
91	122	195	166
88	122	196	168
99	120	193	166
95	120	194	168
93	120	192	170
92	119	190	171
90	118	189	173
93	120	189	173
90	118	187	175
91	120	186	176
89	118	183	177
91	118	185	177
91	118	185	178
92	119	185	177
93	117	186	176
94	120	189	175
93	120	189	175
95	121	187	174
94	120	187	174
96	120	187	174
96	120	189	173
97	120	190	173
96	120	188	173
99	122	188	172
100	119	185	172
101	121	185	171
105	120	183	170
106	121	181	170
110	122	178	171
109	124	175	171
113	121	175	172
112	126	172	171
116	124	168	172
118	125	166	172
120	125	162	173
124	127	158	172
130	128	155	170
134	128	153	168
135	130	148	167
135	130	145	167
136	132	144	167
135	132	142	168
133	132	139	169
133	131	138	170
133	133	138	170
132	133	138	170
133	132	140	170
132	133	140	169
130	133	143	168
128	134	147	167
125	135	151	166
127	139	156	164
121	141	158	163
121	142	160	162
125	144	159	160
123	144	159	159
126	144	158	160
126	144	158	160
128	142	156	162
128	142	156	161
122	144	156	159
124	146	155	161
128	144	154	162
129	143	153	162
131	143	150	164
129	142	148	164
129	142	149	165
130	142	149	165
125	145	147	163
126	143	147	164
125	146	145	163
127	147	144	162
129	144	142	164
130	146	141	162
131	146	138	161
132	148	138	161
130	146	137	161
129	146	138	161
131	147	138	160
130	146	136	161
130	147	137	159
130	146	137	160
131	144	137	160
135	144	137	161
133	143	137	162
135	142	135	163
135	140	134	165
134	141	132	166
138	141	132	165
139	138	132	168
140	139	131	170
140	138	131	170
141	137	129	171
141	137	128	172
144	136	126	174
146	136	124	175
148	135	123	174
148	136	123	173
147	138	125	172
146	137	126	171
146	138	126	171
146	138	126	172
145	137	127	171
145	137	126	171
145	138	126	171
144	137	126	171
144	138	126	171
145	138	126	170
142	139	127	170
140	139	127	170
139	139	126	170
136	138	126	170
137	140	126	169
136	139	127	169
136	140	127	168
136	141	127	168
134	141	127	167
134	142	128	167
134	142	128	167
131	142	128	168
132	146	130	167
128	143	133	165
120	143	135	163
121	145	136	162
122	146	136	160
124	145	135	160
123	144	134	160
127	146	134	164
125	146	133	162
126	145	132	162
125	144	133	162
128	144	132	162
131	146	132	165
132	140	130	168
132	137	129	170
129	144	130	169
129	140	130	169
128	138	130	169
128	143	130	167
128	140	131	168
128	138	130	169
127	143	131	168
124	143	134	165
125	144	133	166
124	144	134	164
123	143	135	164
123	142	134	164
125	144	133	163
125	143	133	164
126	141	133	165
125	141	133	165
125	141	132	165
129	144	131	167
124	144	132	166
127	143	133	164
125	143	134	163
125	142	135	164
124	141	135	164
127	145	133	165
128	140	132	167
129	138	131	169
128	137	130	170
129	135	130	171
129	135	129	171
131	143	130	170
125	143	133	167
127	141	133	165
126	137	132	168
127	136	131	169
127	135	131	171
127	136	132	171
127	135	133	172
126	134	134	172
126	134	134	173
122	137	137	170
122	135	136	171
123	142	137	169
119	140	140	166
120	140	141	164
121	138	139	167
120	139	141	166
121	136	140	168
116	139	143	166
118	138	144	165
116	139	144	165
116	138	144	165
116	138	145	165
115	139	145	165
116	139	146	165
114	140	146	165
115	139	146	164
116	138	146	164
115	144	144	164
118	141	144	164
116	142	144	162
116	141	144	162
117	140	144	163
118	139	143	163
118	139	143	163
118	140	143	163
118	141	143	162
119	140	143	163
118	142	142	162
117	141	142	161
118	143	142	162
118	143	141	160
118	142	141	161
117	142	141	161
118	143	141	162
115	142	141	161
117	143	142	162
116	141	142	162
117	141	142	162
117	140	142	163
118	142	142	163
118	142	143	162
116	142	142	162
117	142	144	162
117	142	143	162
118	142	142	161
119	143	142	161
120	141	141	161
119	143	141	161
120	144	141	161
121	144	141	160
119	146	140	159
120	145	140	159
119	145	140	159
122	146	140	159
119	146	140	159
119	146	139	158
119	147	140	158
119	147	141	158
119	147	141	157
116	147	141	157
118	148	140	157
118	148	141	156
118	148	141	157
118	149	141	156
117	147	141	156
118	149	140	157
116	148	141	156
117	151	141	155
117	151	141	154
118	151	141	154
116	152	141	153
119	152	141	153
117	152	141	152
117	152	140	152
118	152	139	152
117	152	139	153
119	153	139	152
116	153	138	152
119	154	138	151
118	154	138	151
119	154	138	151
118	154	136	151
121	154	136	151
119	153	134	152
123	154	134	152
123	152	132	153
123	152	131	153
123	153	131	154
123	152	130	154
124	152	131	154
123	153	130	154
124	152	131	154
125	152	130	154
124	152	129	154
126	153	129	154
126	152	129	154
126	154	127	154
127	152	127	153
126	154	127	153
127	153	127	153
128	153	128	153
126	155	127	152
127	154	127	153
128	153	126	153
128	153	126	153
127	153	125	154
130	154	126	154
127	154	125	153
127	155	127	152
126	154	127	152
127	154	128	152
126	154	128	152
125	154	129	151
125	155	129	151
123	158	129	149
123	158	131	148
122	156	133	148
123	155	133	149
122	156	133	149
123	155	133	150
124	155	133	150
123	153	132	150
122	155	131	150
123	155	132	150
125	156	131	149
123	156	130	150
124	155	130	150
125	155	129	150
125	155	128	150
125	154	129	150
125	155	128	150
126	153	129	151
126	153	128	151
126	153	128	151
127	154	128	151
126	152	127	151
126	151	129	152
124	151	129	152
125	151	131	152
123	150	131	153
124	150	132	154
124	150	131	154
125	150	131	153
123	150	131	153
122	150	132	153
121	149	134	153
119	148	135	154
120	148	136	154
117	148	137	154
118	148	138	154
117	148	139	154
115	148	139	153
114	148	141	152
114	148	142	153
113	148	143	153
114	148	143	153
114	148	143	153
114	148	144	153
115	148	144	153
112	150	144	153
111	149	147	152
111	148	147	153
111	149	147	152
110	147	148	152
108	147	148	152
107	147	149	152
107	149	149	151
108	150	147	150
110	148	146	150
96	150	145	150
101	151	145	149
105	148	144	150
107	148	143	151
109	146	143	151
113	144	141	153
119	143	137	155
99	145	137	152
67	144	134	147
61	145	128	140
64	143	118	136
70	143	110	133
74	141	104	132
80	139	96	132
83	138	90	133
92	136	85	133
93	136	83	134
96	133	81	138
100	131	82	139
97	131	77	142
99	128	75	145
99	125	75	148
98	123	75	149
99	119	74	151
99	113	75	155
98	111	75	157
97	110	77	158
97	112	77	157
98	112	80	157
97	111	82	158
95	111	84	159
95	114	85	159
94	117	86	156
92	120	79	159
95	120	76	157
94	120	72	158
98	120	71	158
96	122	73	154
90	127	78	150
87	126	79	153
87	127	81	153
89	127	80	153
85	132	82	149
84	132	84	145
82	135	86	143
82	136	86	140
86	137	86	139
86	136	86	138
89	137	84	138
90	136	82	137
92	133	84	138
95	131	84	141
100	129	80	145
98	125	75	148
102	123	76	149
99	121	73	151
96	117	69	155
101	113	66	157
103	110	68	159
104	105	70	164
103	95	71	169
105	86	72	173
103	80	73	176
104	75	73	176
102	78	73	177
103	79	74	174
100	95	76	173
100	100	76	169
98	111	78	162
95	119	76	159
96	121	76	157
94	125	77	153
93	127	79	149
93	131	79	146
94	135	82	143
96	140	84	138
93	145	84	134
94	152	83	131
97	154	86	126
96	158	88	121
94	162	90	117
95	165	89	114
96	167	88	114
96	169	87	112
96	170	86	111
96	170	86	109
96	171	86	108
97	172	86	108
98	172	86	109
98	173	86	109
100	174	87	108
101	175	87	109
102	175	87	110
102	176	88	110
104	176	87	111
104	175	87	111
105	176	87	111
106	175	87	112
105	174	87	112
106	174	86	113
107	173	85	114
107	171	85	116
107	170	85	117
106	167	85	118
104	166	85	119
105	165	85	119
104	162	82	119
107	165	84	120
105	162	85	119
103	159	82	119
105	162	83	120
103	159	84	118
103	161	85	119
102	159	85	119
104	161	86	120
103	159	86	119
101	158	82	119
104	161	83	120
102	159	84	119
103	159	82	120
103	159	80	120
103	159	79	120
104	159	78	120
104	158	77	120
104	159	76	120
105	158	75	120
105	158	75	120
104	159	75	121
105	158	74	120
105	159	74	120
104	159	73	121
104	158	73	121
103	160	74	121
103	158	74	120
103	158	73	121
103	160	73	120
103	159	72	119
103	161	71	119
103	163	71	118
105	163	70	118
104	163	70	117
104	163	70	116
104	163	70	116
103	166	68	117
104	162	69	116
104	165	69	117
103	160	69	117
104	160	69	118
103	159	70	119
103	158	70	120
103	159	71	120
102	157	71	121
103	155	72	122
102	155	73	122
102	155	74	123
101	154	74	122
102	154	75	123
101	155	75	123
102	154	75	123
101	154	75	123
101	153	74	124
101	152	73	125
103	153	72	125
104	151	71	126
103	152	70	125
104	153	69	126
106	147	68	127
107	147	68	128
107	145	68	129
107	146	69	129
106	148	69	130
106	149	70	131
107	150	70	131
107	150	71	132
107	150	71	133
108	145	71	133
108	145	72	132
107	147	72	134
107	144	72	134
108	143	72	134
108	143	71	133
108	143	70	134
108	144	70	133
107	147	70	133
108	145	70	132
108	143	70	133
108	146	70	134
108	146	70	132
109	144	71	132
108	148	71	132
108	147	70	132
107	152	71	129
108	148	70	129
108	154	71	127
109	149	70	128
108	154	70	126
109	150	69	128
109	150	69	127
108	151	68	126
109	149	68	127
110	150	68	126
110	151	68	126
110	149	68	126
110	151	68	126
110	151	68	126
111	151	68	126
110	153	68	126
109	152	69	126
110	151	68	126
111	151	68	125
111	152	68	125
112	151	68	125
111	151	68	126
111	151	68	126
111	152	68	126
111	150	68	126
112	151	67	127
112	152	68	126
112	152	68	125
111	152	68	125
112	151	68	126
112	150	68	126
113	151	67	127
112	151	67	126
113	149	67	127
113	150	67	126
113	151	68	126
112	151	68	125
113	151	68	125
113	152	67	125
114	151	66	125
114	151	66	126
114	152	66	125
115	152	65	125
114	152	65	125
114	151	65	125
114	152	65	125
116	151	65	125
116	152	65	125
115	152	65	124
115	153	65	124
115	151	66	124
116	151	65	124
115	151	66	124
117	152	65	124
115	153	65	124
117	153	65	124
116	153	65	124
117	153	65	124
116	152	65	124
116	152	66	123
116	152	65	124
116	153	65	124
116	152	65	125
117	152	65	124
116	152	66	124
117	153	65	124
116	153	66	124
116	154	65	124
116	154	65	124
116	153	64	124
118	154	62	124
117	152	62	125
118	152	61	125
119	156	61	123
118	156	62	122
118	157	64	121
118	161	66	119
118	158	67	119
118	159	68	119
119	160	69	119
119	157	69	120
118	158	70	121
117	156	71	121
115	157	72	121
115	161	72	119
115	165	72	116
117	164	73	114
115	166	74	113
115	168	75	112
115	170	75	111
113	176	74	111
114	178	74	110
115	179	73	109
114	180	73	108
116	180	72	108
116	179	72	107
118	178	70	109
119	176	71	109
120	173	70	112
120	173	70	114
121	172	70	115
121	171	71	116
121	170	72	117
120	169	73	118
119	169	74	118
120	169	74	118
120	170	74	117
119	170	75	117
120	172	75	116
120	173	74	115
119	173	74	115
120	174	74	114
120	174	74	113
121	175	73	112
121	175	73	112
121	176	73	113
122	175	73	112
121	176	74	111
122	176	73	112
122	176	73	112
122	176	72	112
122	174	72	113
123	173	71	114
123	171	71	116
123	172	71	117
123	171	72	118
122	171	71	118
121	172	71	117
121	171	70	117
122	170	69	116
122	171	69	116
122	171	69	114
123	172	68	114
124	171	68	114
124	172	69	114
124	172	68	114
125	172	68	114
125	172	68	115
125	172	69	116
126	170	69	117
126	170	69	118
125	170	71	118
125	169	71	118
125	168	72	119
125	167	72	119
127	166	72	120
130	167	75	118
129	168	78	119
130	166	79	120
130	165	81	120
132	165	82	122
133	163	84	124
131	163	86	124
133	162	87	124
132	162	88	126
133	161	88	126
132	159	89	127
130	158	88	128
126	155	83	129
126	157	83	128
127	157	82	127
128	159	81	125
128	159	80	125
130	159	79	123
130	160	78	122
130	161	78	121
130	162	77	121
131	161	75	121
130	162	76	120
131	161	75	120
131	162	74	119
133	159	74	120
134	161	73	121
135	160	73	123
136	161	72	124
139	160	73	126
140	160	74	127
140	160	76	128
148	152	83	127
145	154	88	128
145	153	92	130
145	151	94	133
147	150	97	135
148	147	102	138
148	144	106	140
163	139	114	145
161	134	120	150
157	131	125	153
154	128	129	156
154	124	132	159
153	123	133	161
154	121	133	163
152	119	135	164
154	116	135	167
154	114	134	169
154	113	134	171
155	114	136	169
152	116	135	168
156	113	134	170
157	114	134	169
159	113	132	171
161	112	129	172
162	112	128	172
162	112	127	172
163	111	126	172
166	111	125	172
167	111	123	172
168	110	122	173
169	111	120	173
171	110	119	173
172	110	119	173
173	110	117	173
175	110	116	173
176	111	115	173
176	112	115	173
174	112	115	172
176	114	115	172
176	113	114	171
177	114	114	171
180	111	112	172
180	111	112	173
182	110	110	175
182	108	110	176
183	109	111	175
183	110	111	175
183	109	112	175
183	109	113	174
183	111	113	174
184	109	112	174
180	114	113	173
184	113	112	172
185	110	110	172
186	110	109	172
186	110	108	172
181	109	110	171
184	111	109	171
181	114	109	171
184	113	109	170
185	113	108	170
186	112	108	170
186	112	108	170
187	112	108	170
187	111	108	171
188	112	107	171
186	110	107	170
185	111	109	170
183	111	110	171
183	112	111	170
183	111	112	171
183	111	112	171
182	110	112	171
182	112	112	170
182	111	112	170
183	116	113	170
182	113	113	169
182	117	115	169
182	114	115	168
182	112	114	169
181	112	115	169
181	112	116	169
180	112	117	170
181	112	117	170
180	112	119	170
178	112	120	171
178	111	120	172
176	111	119	173
177	110	119	173
176	110	118	173
176	109	118	173
176	116	119	172
176	112	119	172
177	111	119	171
177	111	120	171
176	112	122	171
176	112	123	171
174	112	125	171
169	112	125	171
169	115	127	169
168	115	126	169
172	113	125	170
173	111	123	171
174	111	123	172
174	111	123	172
174	110	123	172
175	109	122	173
176	109	122	173
177	109	123	173
175	110	125	172
174	111	128	171
172	112	131	170
168	112	134	170
158	114	137	168
159	111	139	170
154	114	141	168
156	116	141	168
155	116	139	168
157	117	138	168
158	116	136	169
159	117	132	170
161	118	130	170
160	118	128	170
164	117	127	170
164	118	125	170
171	117	123	170
173	115	120	172
169	116	120	170
173	116	118	171
170	116	120	169
168	118	122	167
164	119	123	166
162	118	125	165
162	120	126	164
159	119	128	165
161	120	129	164
158	119	132	164
157	119	133	162
157	120	133	161
158	121	134	162
155	121	134	162
159	122	134	161
159	121	135	161
162	120	131	163
164	118	129	165
166	118	127	166
164	121	127	164
168	119	125	166
164	120	126	165
163	121	127	164
162	123	127	163
162	122	127	162
164	121	126	163
163	121	126	163
164	121	126	163
168	121	125	163
170	120	125	163
172	118	123	164
171	116	124	166
171	115	125	166
170	116	127	166
170	116	128	166
162	118	132	165
160	120	133	163
160	120	135	162
158	120	137	161
