753	472	136	86
748	380	197	160
750	395	167	166
731	406	178	127
755	440	178	129
773	430	147	133
773	417	249	114
864	343	69	207
765	356	350	144
773	381	154	101
763	212	243	303
768	332	202	171
790	384	172	132
815	426	162	123
832	424	202	114
819	380	170	173
832	431	182	149
848	416	158	157
854	409	157	145
858	402	302	123
854	416	176	145
871	445	182	124
889	440	200	130
873	431	188	140
893	430	183	158
868	434	184	142
890	435	203	138
872	432	181	142
891	432	170	146
877	436	176	145
880	439	170	137
880	438	171	137
864	440	178	141
875	442	237	125
859	434	186	159
859	438	178	148
859	441	180	142
845	443	175	143
856	444	242	123
841	417	171	167
840	429	227	165
822	426	216	156
837	424	176	157
846	427	185	153
822	430	195	159
843	434	166	150
831	439	205	137
816	433	191	143
839	433	225	136
825	425	169	146
825	428	202	142
811	421	199	148
831	420	187	148
820	422	179	149
838	426	166	139
831	426	249	123
830	412	175	143
841	417	174	161
845	424	169	144
847	426	155	140
857	430	215	118
848	420	181	151
841	422	178	143
845	424	179	136
826	422	185	135
847	421	156	136
825	424	218	128
816	415	185	143
838	417	182	137
816	417	164	137
831	421	202	120
821	413	165	134
811	413	167	133
813	414	197	126
798	407	187	140
777	405	189	148
799	406	166	146
773	408	175	139
786	384	161	155
779	406	161	155
784	410	146	141
764	417	157	122
769	418	183	106
760	405	223	110
726	203	193	358
711	337	235	162
783	324	175	202
957	103	74	424
732	393	186	200
924	80	148	468
734	351	206	160
849	144	62	388
743	390	164	184
751	347	253	158
1038	238	177	72
933	85	266	385
734	323	221	193
1130	89	79	199
1110	300	117	123
1105	212	57	292
999	117	156	353
707	321	207	181
831	164	110	409
702	312	178	151
829	107	148	443
719	353	205	157
935	67	161	471
732	341	222	199
1101	55	80	274
828	273	378	183
681	312	248	197
968	252	72	241
1038	151	211	271
637	300	241	188
674	322	289	231
692	328	203	169
842	86	196	448
648	344	254	168
770	207	150	308
911	254	34	229
738	344	355	142
680	344	169	146
653	94	388	401
664	295	241	203
795	291	268	210
683	327	213	218
858	135	114	394
660	341	207	194
867	22	189	515
649	311	260	195
849	251	220	273
661	294	232	199
687	372	247	152
910	64	15	445
741	335	123	83
687	159	242	332
686	316	244	217
792	320	363	155
702	334	220	202
820	201	124	316
731	378	227	162
957	51	54	527
736	397	195	183
747	380	229	175
1032	37	10	466
890	377	150	16
860	285	198	168
769	382	197	115
762	293	384	187
754	280	283	246
761	300	235	192
776	349	265	167
751	69	259	446
734	244	284	232
774	314	296	209
767	282	242	203
793	340	255	177
783	328	254	186
802	271	253	228
820	333	210	148
753	52	263	431
707	210	335	259
757	226	343	294
791	228	266	237
786	259	274	242
811	293	247	198
835	285	229	197
850	342	198	150
834	323	233	157
814	64	244	410
801	228	285	244
829	251	251	200
857	291	226	171
880	291	186	142
865	273	231	148
890	266	191	112
855	255	187	36
942	96	17	283
947	134	16	233
890	282	74	66
899	265	78	66
907	266	80	62
916	262	73	63
920	257	76	63
926	248	81	68
930	248	69	65
932	237	81	69
940	234	86	65
947	229	75	63
943	226	91	61
950	224	74	62
942	222	82	59
939	220	81	61
943	217	91	61
944	215	81	65
941	215	106	61
947	210	89	72
953	211	91	62
949	206	100	62
958	202	82	69
940	206	118	67
962	200	101	68
962	195	107	64
962	191	96	73
967	191	100	74
969	189	139	80
964	182	108	87
975	180	89	64
966	178	94	59
965	171	99	66
958	168	99	68
953	165	116	76
948	160	198	103
952	145	152	161
959	119	155	186
960	118	160	199
950	118	183	175
947	113	170	183
952	104	169	205
950	102	183	186
936	103	167	197
951	84	172	214
922	99	175	201
954	100	184	194
941	106	184	195
911	104	197	195
909	88	228	202
900	98	258	203
894	101	266	201
909	101	263	201
908	104	256	211
910	110	268	196
910	109	249	192
907	112	250	197
914	118	234	197
916	125	220	185
908	130	242	172
863	125	262	195
873	125	283	197
885	141	265	199
859	135	271	205
882	138	293	200
828	132	328	211
844	122	325	225
840	115	347	235
842	117	328	237
826	119	366	236
834	120	317	245
825	122	352	239
820	126	331	239
844	133	300	227
870	145	289	209
830	143	317	211
862	133	305	223
838	140	319	215
870	174	294	185
821	162	309	202
865	161	336	206
814	150	334	223
852	149	302	219
866	161	270	212
879	165	258	184
879	164	240	197
902	168	227	191
831	165	280	199
855	162	296	212
874	160	288	195
869	158	279	216
886	158	271	181
895	186	239	209
892	188	250	163
828	164	281	195
844	156	299	219
857	158	311	210
882	163	284	206
866	160	313	188
878	153	288	224
858	148	328	203
887	149	302	207
863	144	327	218
860	131	311	217
888	180	295	193
870	168	299	175
896	158	279	217
864	157	317	191
894	152	282	189
879	148	294	215
880	143	307	208
879	139	309	208
892	134	297	207
877	131	311	208
919	167	273	172
894	159	275	175
898	152	268	167
894	143	276	198
880	141	311	201
867	135	306	206
861	134	333	210
862	128	342	222
860	117	349	239
842	104	333	254
887	155	300	199
878	147	296	201
885	141	296	200
881	136	315	206
878	129	330	215
873	122	347	226
855	115	317	238
894	130	311	221
868	125	352	224
866	109	330	248
882	130	308	226
872	115	329	228
854	108	332	238
887	120	309	226
866	116	333	228
864	95	330	252
901	116	259	229
874	123	316	211
872	107	331	230
881	108	290	234
865	113	329	223
863	102	323	239
843	103	322	240
885	115	297	227
860	116	330	223
840	104	338	239
878	126	280	219
882	129	300	198
860	122	325	210
858	116	327	223
850	112	333	231
840	112	318	235
852	129	323	218
842	120	357	229
845	114	356	243
830	110	313	250
859	131	305	224
843	130	343	220
839	122	362	234
844	119	300	245
866	169	310	185
857	155	295	189
877	148	286	182
872	138	293	200
851	134	309	208
859	137	316	207
846	130	333	216
841	122	339	231
822	119	333	240
856	128	299	230
855	135	313	216
874	132	306	214
859	128	340	211
852	117	329	231
871	114	297	235
863	108	310	231
891	113	288	224
863	113	315	218
900	108	261	225
916	113	243	210
899	119	263	195
916	115	247	197
903	117	264	188
916	106	249	193
896	106	265	190
901	96	274	200
890	94	286	203
907	90	258	209
894	93	292	201
881	88	275	211
915	90	266	207
930	92	259	205
934	95	237	199
926	101	243	193
922	104	241	185
921	105	214	185
912	103	203	184
924	109	183	215
904	80	198	222
917	110	196	216
910	80	197	226
923	102	230	197
932	106	239	181
919	110	233	188
925	113	212	177
915	116	184	184
901	85	225	220
920	100	263	192
936	102	249	188
923	104	244	197
926	107	250	188
937	107	241	184
929	109	236	189
943	111	248	176
925	109	243	188
927	110	264	177
921	106	253	187
938	107	252	182
922	106	242	187
930	107	258	185
921	106	258	181
936	103	240	188
917	106	239	189
929	110	252	181
910	111	260	194
916	116	266	185
917	117	259	187
915	117	259	187
922	120	250	178
920	118	257	172
916	113	252	183
936	112	251	173
920	111	246	194
943	114	245	177
926	112	245	194
920	115	255	182
931	113	254	182
931	111	256	196
928	111	258	184
929	111	257	184
925	110	254	191
930	110	240	186
926	111	257	178
924	108	257	184
933	106	256	180
922	104	262	177
923	99	246	184
933	99	256	182
927	97	235	191
932	99	250	176
932	96	238	183
929	97	239	196
923	101	253	182
929	100	252	181
925	98	239	175
922	97	247	187
916	98	261	178
915	94	250	186
922	91	256	182
911	96	266	185
907	91	261	194
931	90	240	195
913	94	271	185
909	90	272	199
921	85	253	208
922	91	278	201
897	90	276	208
894	87	260	227
890	105	260	211
901	98	257	212
919	103	262	203
894	104	257	190
909	103	255	182
896	101	271	195
903	101	273	198
879	104	272	201
890	105	265	198
874	109	262	190
876	111	289	191
867	107	265	202
877	109	254	197
875	112	263	185
868	111	258	184
863	116	245	175
848	119	280	182
859	114	278	188
826	117	321	192
827	116	343	206
815	128	331	207
813	121	324	215
803	119	352	220
813	124	329	228
796	122	317	227
810	129	355	215
794	127	334	225
789	125	355	228
781	129	329	234
780	129	342	225
787	130	331	217
772	147	321	192
766	136	324	194
759	141	361	199
722	139	349	196
729	146	341	193
660	134	411	208
736	159	307	204
698	148	304	173
638	135	366	200
711	162	321	183
671	147	317	191
678	135	367	211
650	142	352	218
702	145	356	218
640	152	379	218
704	164	339	213
668	150	328	202
729	156	330	204
706	150	340	205
686	161	344	206
731	148	361	224
689	150	340	212
742	158	309	203
701	146	345	215
751	170	299	182
695	137	321	218
734	126	325	189
733	116	335	199
743	108	316	216
787	103	302	225
822	103	277	222
833	103	245	218
819	77	243	233
838	93	247	206
882	95	214	203
889	82	189	207
915	83	166	227
899	68	185	215
912	85	179	217
923	102	170	191
921	103	168	205
929	98	159	192
929	86	165	230
934	99	165	196
931	104	166	205
955	82	158	204
923	101	180	203
922	95	176	191
902	76	190	231
913	80	201	202
896	80	202	219
909	76	191	210
886	84	204	225
901	77	193	210
875	78	203	228
896	76	186	212
916	83	167	233
882	78	202	230
898	85	193	207
882	76	194	227
896	84	193	218
881	75	200	230
899	87	190	204
880	67	198	249
903	76	206	214
906	86	196	230
913	79	187	215
916	89	186	224
911	68	197	222
926	89	213	218
907	81	231	205
929	89	232	204
913	104	242	187
921	97	232	198
925	101	242	196
934	107	238	190
938	101	235	194
930	102	243	205
928	103	253	197
937	102	250	195
945	106	253	190
944	108	267	187
939	106	261	200
942	104	274	196
943	105	268	199
929	104	291	200
911	102	309	208
916	97	311	248
936	99	273	242
938	105	287	232
912	106	283	230
938	109	276	226
939	110	289	219
927	110	285	219
953	114	279	214
929	113	276	210
954	113	269	209
933	109	268	215
961	110	255	226
935	116	278	217
962	115	258	213
958	105	264	220
961	105	251	241
959	93	251	253
966	108	242	267
947	65	257	276
949	89	265	275
945	98	250	300
939	94	237	312
936	65	264	319
942	97	258	307
949	92	245	334
949	79	242	341
945	84	240	336
943	91	239	309
947	95	251	306
954	85	234	346
949	66	248	324
951	104	243	318
952	89	241	329
952	96	253	329
954	79	245	308
958	101	237	322
958	79	235	313
961	111	240	302
966	79	231	304
971	92	231	312
973	78	236	280
982	100	220	293
983	73	230	271
989	83	214	281
990	76	219	254
987	81	211	237
997	100	210	212
1010	110	192	186
1023	114	201	169
1011	100	194	176
1027	100	188	167
1020	96	180	163
1036	99	185	152
1027	99	185	149
1041	90	171	155
1033	95	181	145
1032	94	176	146
1038	92	172	144
1034	92	169	141
1044	89	164	139
1052	74	167	147
1046	72	166	147
1052	77	151	140
1049	75	142	139
1012	100	179	116
1050	63	162	147
1047	68	156	143
1049	72	147	135
1051	77	145	126
1054	72	139	126
1043	74	163	124
1052	69	160	128
1051	65	151	131
1056	69	147	123
1038	84	141	143
1045	57	166	144
1048	61	162	141
1051	61	150	138
1048	66	157	129
1040	69	160	132
1044	70	156	130
1045	73	150	128
1053	75	146	123
1052	74	150	122
1048	69	146	125
1059	70	139	122
1046	92	101	141
1071	74	66	135
905	156	103	155
1037	69	155	115
1045	68	154	134
1046	71	153	134
1049	75	146	133
1047	80	157	129
1035	82	155	128
1048	83	152	125
1045	85	148	119
1047	88	143	117
1036	89	139	101
1039	94	136	103
1048	95	111	94
1066	98	87	76
1044	61	217	129
1026	99	169	145
1026	99	163	132
1028	100	171	120
1029	97	155	118
1034	97	134	106
1040	97	128	83
1027	91	115	79
898	133	356	55
1021	99	160	113
1035	97	141	113
1021	97	134	87
1029	92	119	89
1017	90	127	86
1011	88	125	92
1023	88	106	90
1009	89	225	91
1019	86	165	131
1026	88	153	112
1026	88	143	103
1026	90	129	103
1023	92	139	91
1016	89	129	91
1022	91	119	89
1013	92	124	89
1025	91	102	91
1021	92	207	93
1026	91	159	124
1036	92	158	141
1023	98	164	135
1030	99	159	138
1023	102	165	130
1035	103	156	139
1031	105	157	135
1043	104	147	135
1046	105	139	127
1055	106	134	121
1063	108	118	99
1062	81	115	113
1066	93	110	104
1067	101	119	91
1061	91	123	108
1068	104	107	108
1077	111	112	96
1066	103	119	93
1068	116	125	103
1080	93	109	119
1076	105	108	106
1070	94	119	93
1060	104	123	100
1058	105	129	106
1057	98	139	123
1064	87	140	149
1048	94	148	156
1041	91	167	165
1015	111	198	173
988	115	205	173
1009	108	178	184
1003	113	180	174
997	112	179	174
976	113	188	186
976	106	183	185
976	100	181	195
962	104	186	193
947	113	191	190
952	105	181	193
946	110	182	200
953	98	177	197
939	105	185	213
944	80	180	217
939	92	188	226
939	90	188	224
942	94	184	219
948	103	199	222
952	87	190	217
958	95	194	233
954	109	193	215
962	95	195	211
968	103	201	211
966	108	195	209
977	114	207	195
971	112	205	199
986	104	193	198
998	93	204	195
1007	88	183	188
1009	94	192	175
1019	97	173	165
1032	93	178	157
1013	92	184	151
1030	94	171	150
1015	95	180	148
1029	93	158	149
1034	95	167	137
1031	92	154	138
1038	92	153	137
1036	95	158	132
1039	74	157	146
1037	82	172	146
1042	83	152	144
1044	86	143	133
1054	86	128	126
1063	71	136	124
1057	81	136	116
1067	77	119	114
1075	70	117	100
1084	63	112	105
1078	65	125	99
1074	67	120	101
1070	69	122	99
1081	67	114	99
1073	61	129	100
1086	63	121	100
1072	66	125	99
1087	62	113	102
1088	53	105	115
1090	56	112	104
1079	62	118	97
1090	59	110	98
1090	47	119	107
1095	57	119	100
1080	65	126	95
1080	63	114	112
1085	67	116	94
1047	70	115	129
1085	55	122	128
1084	62	131	117
1074	71	133	107
1087	62	115	113
1092	62	111	105
1096	48	116	115
1076	67	129	93
1087	62	123	101
1074	69	127	96
1091	68	124	97
1088	64	126	102
1081	67	129	101
1082	66	124	102
1074	68	121	102
1082	64	121	103
1079	64	121	100
1088	51	116	110
1075	71	132	98
1089	56	113	109
1074	64	124	98
1080	60	111	104
987	102	153	125
1057	62	147	138
1049	66	147	142
1047	79	144	134
1043	74	159	141
1043	74	156	144
1044	76	153	145
1043	73	155	146
1026	74	179	147
998	100	210	125
975	126	234	110
1023	68	190	162
982	114	222	121
1006	75	198	163
855	230	347	10
913	133	114	199
1024	62	220	149
826	256	377	15
921	102	46	268
1026	9	125	157
1023	72	174	141
1008	74	179	151
1017	79	165	144
1027	83	165	140
1015	89	173	138
1013	91	181	143
1000	95	189	140
1011	93	169	166
992	99	178	175
1005	99	181	182
1012	94	180	192
1016	91	197	208
984	55	224	239
992	80	209	264
946	144	97	352
1021	122	203	203
1024	112	190	228
1023	120	192	220
1024	117	190	229
1016	105	189	248
1018	102	229	231
1012	109	198	235
1019	104	226	232
1008	130	137	285
1030	98	161	246
1023	92	174	234
1020	91	201	221
1026	102	186	212
1020	111	201	192
991	114	216	185
1011	111	228	188
978	109	235	197
999	112	234	192
965	114	238	197
975	113	218	194
943	116	231	194
966	118	209	200
939	112	220	194
958	114	201	198
937	120	208	205
951	119	181	192
952	121	173	185
956	114	170	192
951	112	178	189
951	110	181	183
953	105	179	182
951	105	187	193
953	95	176	188
939	106	189	193
935	64	289	166
888	43	268	260
909	57	301	237
873	60	308	231
910	61	237	229
927	74	205	204
942	87	186	177
954	97	174	162
961	90	170	161
967	96	162	165
975	81	178	169
985	79	178	172
995	82	179	168
1003	83	179	162
1009	85	169	163
1009	78	169	166
984	90	199	181
995	100	195	168
1013	103	175	161
1013	101	186	160
1026	103	193	184
997	110	207	168
1012	105	185	190
1003	116	197	182
1011	117	188	175
1017	108	209	175
999	99	209	187
1004	91	218	198
1017	98	207	209
1026	106	202	204
1025	99	190	215
1012	119	208	198
1011	94	144	275
1036	100	173	226
907	207	242	174
835	293	89	379
1087	87	136	198
1048	94	156	192
970	172	227	136
873	272	264	97
931	169	10	446
904	424	67	74
894	426	73	69
866	427	52	127
834	426	91	104
672	271	223	300
662	389	278	219
995	62	249	231
613	475	217	145
711	320	121	345
1000	56	152	219
997	109	207	184
1009	116	212	176
980	118	225	175
989	120	200	175
1004	121	183	173
1013	109	198	171
997	112	214	172
1014	112	201	170
987	113	210	164
1011	87	203	187
1021	91	198	186
1007	91	200	181
1022	93	201	182
993	104	214	172
1013	81	215	192
975	99	215	213
980	95	250	205
1003	99	198	200
1015	111	219	175
989	112	223	179
988	112	222	187
1007	114	211	187
973	115	226	191
994	113	215	201
997	115	213	207
985	118	217	207
993	120	199	212
993	127	225	198
972	126	228	222
989	121	232	221
996	117	224	217
1008	110	187	244
1010	109	221	222
1023	109	186	243
874	226	92	320
1089	27	150	239
758	335	166	159
1049	68	13	368
1004	237	134	10
992	165	146	139
803	151	214	285
725	402	289	277
743	404	249	217
960	14	47	661
799	322	194	351
769	385	240	277
888	85	120	596
755	415	240	214
939	52	68	623
739	400	264	271
768	349	236	271
770	386	231	274
932	0	112	657
792	367	244	303
797	339	237	299
801	374	236	298
806	353	232	311
806	393	233	280
960	0	82	675
850	321	191	369
806	377	234	293
933	34	101	625
807	391	220	280
959	0	115	567
792	370	256	312
798	391	243	260
980	0	52	632
1013	84	42	570
1019	35	10	615
984	254	185	29
986	112	195	145
795	265	266	176
805	393	248	238
964	0	72	615
794	409	244	221
942	36	118	582
808	330	230	272
812	322	228	284
816	330	228	285
812	327	228	259
810	341	233	271
808	333	228	258
802	341	237	254
807	338	228	247
800	330	237	256
782	306	262	293
794	286	248	319
796	292	245	324
795	284	242	298
799	286	252	326
800	275	248	299
805	277	238	321
801	275	243	295
798	277	237	296
796	268	236	311
777	246	259	336
779	252	261	344
752	237	282	330
762	258	271	323
770	293	264	292
783	259	247	298
789	297	236	260
801	318	230	219
811	314	241	236
788	320	255	229
801	368	225	198
787	370	229	187
763	361	269	194
777	373	237	192
756	374	245	186
751	341	271	218
762	358	244	211
744	365	260	199
749	342	259	220
740	363	246	196
740	284	254	271
746	260	262	337
728	234	265	334
722	262	282	343
722	235	271	329
697	260	296	345
687	251	292	317
687	257	285	355
688	272	286	313
689	250	281	334
679	267	296	323
674	273	307	320
666	279	297	291
688	309	282	275
697	240	262	326
697	269	271	334
684	273	278	293
699	287	273	319
692	241	273	332
694	291	284	320
705	298	269	285
721	307	264	276
727	283	256	288
735	268	273	334
740	244	258	324
726	248	267	355
727	273	275	323
735	250	264	330
741	268	275	341
746	241	267	327
753	274	267	317
762	241	254	315
769	273	252	320
774	263	246	293
783	229	242	318
785	276	255	306
792	253	245	297
794	260	242	312
797	248	246	300
802	287	244	298
808	264	247	296
812	231	235	343
791	273	260	321
796	251	249	306
801	262	241	321
802	255	246	304
800	257	246	335
799	256	248	299
794	282	251	315
799	256	247	316
798	288	245	322
797	265	244	317
795	289	239	318
795	264	238	309
795	298	237	312
796	306	235	268
804	313	227	260
812	346	217	218
857	98	179	464
782	283	229	291
789	290	237	269
795	285	222	248
780	274	254	243
801	225	240	288
854	185	192	301
850	281	215	214
868	157	215	317
863	209	226	290
866	207	222	264
874	177	215	275
877	190	213	295
876	184	218	300
875	210	220	287
876	220	217	262
885	222	205	288
886	209	208	271
888	224	204	282
886	291	204	206
902	290	194	191
857	148	231	321
856	244	233	258
868	271	210	225
874	318	194	168
770	211	276	285
517	210	529	333
200	68	893	489
165	78	376	514
379	167	791	394
153	123	918	506
116	99	391	520
669	255	480	313
85	184	969	395
120	192	374	439
138	245	914	338
45	205	390	430
61	258	939	338
124	275	688	351
111	262	445	366
74	280	1000	315
27	252	905	382
56	270	705	352
206	279	857	360
555	167	434	448
570	143	397	452
615	157	339	428
0	288	532	316
777	155	249	425
772	147	135	466
667	393	207	173
860	157	133	424
859	130	45	449
874	61	74	458
851	150	160	404
893	90	10	450
754	325	96	52
745	300	95	100
586	143	220	356
881	63	157	402
844	142	25	404
785	174	191	303
843	88	42	462
985	117	141	152
981	151	165	113
1001	146	146	108
987	149	154	103
979	147	150	100
983	145	142	97
975	145	141	88
970	139	150	77
977	132	119	93
989	111	174	76
1001	85	136	97
979	103	145	98
974	93	141	113
985	62	136	165
934	102	177	129
975	47	127	188
938	53	188	198
628	267	429	86
536	214	355	216
636	127	132	393
596	168	202	312
630	211	134	293
630	145	227	317
635	163	169	407
544	276	280	274
635	158	253	344
589	203	221	339
657	168	185	393
607	201	260	354
618	211	256	350
620	216	265	345
608	232	276	340
652	209	230	331
647	207	249	364
633	250	270	322
672	182	225	367
666	188	245	382
671	201	252	374
685	182	246	359
683	246	250	328
688	219	245	332
676	217	267	363
720	196	230	338
685	234	251	329
694	197	247	363
704	192	250	381
696	203	242	340
704	187	237	390
698	217	264	344
718	172	209	359
684	209	239	338
687	206	245	373
709	177	240	363
686	207	273	361
694	202	267	323
685	220	274	352
729	166	236	363
707	233	221	321
701	198	230	332
700	212	254	349
685	159	261	370
687	202	261	361
698	177	250	363
678	220	275	327
705	167	246	366
685	203	277	353
679	189	255	333
691	188	269	368
692	192	237	328
697	189	270	364
700	200	250	319
712	212	261	339
717	171	245	347
717	214	249	336
721	195	243	342
722	229	249	334
733	196	237	339
731	243	242	321
738	199	234	323
738	216	237	337
736	179	246	380
728	224	263	341
732	177	254	343
731	214	255	341
719	176	264	394
711	233	245	334
706	214	249	332
687	240	262	325
692	268	247	278
695	229	239	317
686	262	249	311
683	244	245	293
686	234	245	324
684	253	245	289
690	247	235	298
691	242	236	295
693	234	237	309
689	262	246	285
695	230	235	291
692	256	258	297
699	228	247	286
707	249	239	295
712	295	253	259
726	303	233	228
721	273	270	243
746	290	262	259
737	236	253	294
747	279	272	284
764	271	240	264
775	274	249	266
777	235	248	306
782	269	247	298
787	255	236	280
795	258	264	308
804	233	246	313
804	243	262	340
805	275	212	270
806	332	261	248
786	284	258	281
799	306	234	280
806	341	219	229
777	293	238	262
792	391	246	211
836	157	214	436
799	314	217	291
800	349	218	258
800	363	224	228
880	0	120	614
818	339	184	275
881	0	126	622
821	343	191	290
709	250	327	394
102	108	818	483
60	81	473	480
80	55	1056	586
44	51	456	603
53	103	787	519
163	102	302	523
98	48	712	533
117	85	396	367
68	137	952	521
48	93	413	512
57	113	842	473
79	86	570	533
98	97	469	446
588	190	583	450
73	134	619	493
124	131	335	453
102	138	901	511
66	100	430	552
68	121	953	493
55	73	417	530
64	24	895	550
143	89	478	488
50	53	405	469
75	98	962	531
50	73	406	530
56	29	896	575
185	178	373	402
89	82	915	559
47	75	452	534
62	63	947	521
118	103	530	547
93	122	640	521
125	128	651	506
177	121	520	457
86	80	400	474
95	79	989	558
71	105	424	512
83	53	666	485
145	103	635	508
132	84	657	584
181	109	508	467
90	111	638	523
141	120	356	531
122	53	735	581
188	78	736	586
88	89	379	498
106	137	455	474
134	54	832	532
97	95	500	537
115	111	594	567
151	137	324	553
147	132	342	539
143	88	344	578
127	103	433	496
134	153	530	493
137	51	335	623
106	88	440	512
132	126	385	500
128	100	350	571
129	62	395	583
124	118	383	537
131	63	424	581
131	120	368	551
124	67	573	569
157	91	685	578
166	90	466	572
147	81	323	585
119	98	404	576
115	96	391	581
108	76	578	519
136	69	690	594
180	85	453	535
75	63	424	578
71	74	826	553
173	63	336	538
52	55	1028	581
27	46	517	584
85	61	400	490
78	107	773	516
174	88	317	489
70	54	993	581
30	64	458	562
40	60	604	396
29	17	1074	618
12	55	550	524
61	0	778	576
277	112	653	597
224	131	650	536
106	138	814	478
65	97	838	546
24	76	914	571
176	64	781	593
79	78	759	558
207	71	737	585
128	79	819	570
49	83	771	580
161	74	749	578
274	82	665	552
271	90	665	549
449	121	530	506
498	193	440	406
530	261	370	316
593	209	366	361
704	236	229	313
776	314	232	269
781	316	223	240
791	337	211	207
728	268	270	275
736	312	246	269
745	303	242	254
760	318	235	219
776	316	231	218
752	314	239	227
763	299	232	231
765	275	240	248
759	261	243	253
751	238	247	264
745	243	249	261
748	233	257	258
743	243	256	261
751	236	243	260
748	253	251	259
732	223	258	291
722	208	265	293
707	183	272	352
678	183	296	345
685	180	276	370
675	179	285	365
677	188	274	362
636	209	304	337
659	196	291	321
660	212	276	362
664	219	275	312
675	220	259	323
663	202	265	317
656	216	273	348
662	188	267	333
669	222	263	338
672	181	255	336
672	203	284	350
638	209	260	310
644	249	263	287
647	187	238	309
643	204	252	305
647	195	220	281
628	196	253	298
634	223	244	284
630	243	244	280
640	267	239	254
652	255	231	246
656	273	223	246
640	287	236	213
654	303	218	195
661	283	232	205
663	272	211	208
667	259	232	211
686	248	194	233
676	247	196	219
675	228	215	236
669	247	208	243
644	243	225	224
617	235	255	201
649	236	241	243
640	238	235	241
641	243	221	217
638	239	214	205
642	226	218	212
621	237	222	221
631	242	215	206
635	233	202	215
621	231	209	224
629	245	226	214
603	201	231	240
610	217	230	266
617	235	248	231
624	223	218	238
616	210	224	233
624	218	232	265
630	202	225	255
632	221	212	262
602	205	235	244
605	219	237	261
612	221	221	226
615	232	216	229
625	246	212	224
619	206	213	256
622	236	205	261
609	226	235	237
622	241	228	229
625	240	230	227
634	220	232	239
643	233	224	242
651	230	245	231
670	241	209	243
660	211	214	249
667	232	251	214
680	230	217	249
672	233	224	236
678	237	242	225
679	235	233	249
678	249	227	233
658	245	244	244
676	238	242	234
678	250	233	245
676	250	224	233
679	258	244	244
689	254	218	237
682	244	220	252
680	272	236	255
691	263	244	239
693	272	224	239
689	244	256	257
702	258	226	287
704	269	238	248
718	248	265	270
710	268	256	283
720	239	235	286
721	273	243	285
728	263	237	271
738	287	268	261
752	278	238	255
758	298	245	258
771	261	246	275
776	287	231	269
778	282	233	252
751	291	262	262
769	251	255	283
780	276	255	251
793	263	246	252
790	278	243	282
798	253	284	278
809	267	252	251
798	283	263	256
806	259	257	272
815	249	246	259
802	265	261	286
811	233	259	292
814	257	251	248
793	266	282	250
806	258	255	255
812	254	251	245
801	258	285	249
814	246	250	249
791	266	273	252
811	224	273	284
785	246	286	270
804	248	270	259
812	252	268	241
798	260	264	233
801	268	268	237
788	229	276	265
806	243	285	245
785	240	275	238
803	246	263	234
788	228	254	239
791	249	252	234
787	252	287	222
763	247	269	215
786	228	255	232
780	231	244	238
764	239	253	221
780	228	235	224
778	225	244	227
760	226	249	236
766	234	232	223
767	237	244	213
767	222	221	223
762	228	227	214
770	212	213	225
763	217	224	236
747	220	228	219
741	226	244	232
742	229	224	219
730	206	223	239
741	211	243	242
719	226	249	236
723	219	227	237
715	225	225	260
719	220	220	242
715	222	227	246
720	234	217	240
699	230	236	255
710	248	236	218
686	221	251	262
702	239	235	231
705	255	235	238
712	213	229	272
718	241	222	269
718	224	216	264
708	248	223	263
708	234	225	267
694	252	229	270
699	257	234	278
697	253	231	253
700	246	222	274
701	261	223	276
695	242	225	276
695	269	227	261
682	242	232	275
686	271	230	262
668	248	242	264
676	273	249	262
687	229	227	284
677	259	230	283
670	256	231	269
675	275	229	267
670	240	226	281
667	272	232	267
671	245	223	275
647	273	242	278
651	264	257	272
653	246	246	280
654	272	247	282
656	250	242	276
659	277	240	279
663	247	244	282
665	274	236	281
661	248	250	279
657	275	248	290
655	277	266	258
667	256	235	276
667	278	246	266
666	258	276	265
666	269	251	251
655	257	251	267
663	274	275	250
681	257	236	256
670	254	245	281
676	249	272	262
659	263	275	261
676	233	267	273
686	252	249	281
667	247	256	273
676	268	278	268
685	227	252	285
682	256	269	284
675	243	266	274
682	267	265	282
691	240	256	276
683	262	257	284
706	213	275	303
704	238	258	315
715	189	301	327
722	223	286	332
731	232	278	290
694	245	314	311
732	208	319	327
750	224	307	292
