0.005366
0.031388
0.032226
0.030790
0.041293
0.034382
0.032259
0.044143
0.032408
0.030463
0.032548
0.031407
0.033041
0.031527
0.025908
0.036677
0.037427
0.032839
0.028239
0.034093
0.032567
0.048289
0.028663
0.030164
0.028024
0.029496
0.030202
0.033587
0.031731
0.031198
0.031434
0.031143
0.045078
0.039960
0.030800
0.028651
0.029836
0.028672
0.028518
0.030475
0.030360
0.032848
0.047231
0.030504
0.043895
0.031011
0.029556
0.029773
0.029100
0.034740
0.031634
0.030825
0.032876
0.029010
0.044301
0.029924
0.035594
0.028871
0.034947
0.038470
0.037526
0.032012
0.037956
0.031434
0.029374
0.030391
0.029374
0.031775
0.029075
0.048080
0.030190
0.031578
0.029910
0.028553
0.040524
0.046774
0.033396
0.031024
0.043334
0.037678
0.033512
0.033964
0.031453
0.028252
0.039435
0.032306
0.030724
0.038628
0.029730
0.029905
0.042485
0.036380
0.030703
0.043193
0.030339
0.038379
0.031871
0.027124
0.036303
0.042579
0.035614
0.038626
0.031365
0.040212
0.030901
0.025950
0.024852
0.024135
0.022750
0.024537
0.020608
0.024689
0.024624
0.020981
0.020577
0.020108
0.020594
0.029945
0.028121
0.042986
0.025122
0.041143
0.028778
0.043864
0.031552
0.041187
0.037561
0.043477
0.036855
0.035501
0.042890
0.028581
0.022043
0.021417
0.022068
0.022559
0.029489
0.025023
0.025537
0.039900
0.022691
0.024924
0.034126
0.029303
0.035246
0.031006
0.029382
0.030364
0.029365
0.030904
0.033115
0.030360
0.029730
0.028889
0.030653
0.031040
0.030720
0.030872
0.043813
0.041702
0.042996
0.032695
0.040011
0.042760
0.033206
0.029678
0.028392
0.028044
0.030544
0.041708
0.031627
0.030766
0.031266
0.025770
0.030612
0.035005
0.029528
0.033947
0.029221
0.024134
0.024727
0.040174
0.042263
0.030739
0.037270
0.047521
0.032417
0.030234
0.030306
0.031083
0.044812
0.038027
0.036109
0.031624
0.039042
0.037630
0.029048
0.030668
0.029297
0.030497
0.030086
0.025360
0.028906
0.030934
0.034805
0.043447
0.029613
0.027543
0.026728
0.041873
0.030319
0.029948
0.029884
0.031230
0.029309
0.033832
0.030021
0.029014
0.053480
0.032667
0.030267
0.029070
0.035265
0.044427
0.038166
0.030735
0.039552
0.028389
0.033940
0.028249
0.028642
0.027749
0.028348
0.029158
0.028316
0.026073
0.043777
0.039834
0.029273
0.040035
0.029399
0.028811
0.029986
0.029844
0.032343
0.033353
0.029700
0.031595
0.028773
0.033209
0.031580
0.041675
0.039287
0.046441
0.031539
0.052181
0.037615
0.044579
0.027690
0.030244
0.042815
0.040675
0.030881
0.032174
0.039323
0.044145
0.029309
0.028980
0.028632
0.027505
0.028473
0.025402
0.024301
0.023889
0.022209
0.023550
0.026426
0.021836
0.019922
0.022799
0.019773
0.020262
0.019470
0.022464
0.021755
0.021286
0.023396
0.021704
0.022900
0.020894
0.028511
0.028406
0.023465
0.028208
0.022671
0.024114
0.029046
0.022006
0.040326
0.035084
0.033580
0.023104
0.037892
0.020433
0.020432
0.022012
0.037484
0.026627
0.038960
0.029327
0.028266
0.029358
0.028845
0.025959
0.024544
0.035190
0.035096
0.025831
0.023445
0.026116
0.025594
0.025972
0.029618
0.030620
0.041575
0.032990
0.034352
0.030597
0.033000
0.039540
0.043242
0.038185
0.032458
0.045497
0.037966
0.034609
0.041695
0.027080
0.040611
0.038048
0.043629
0.029259
0.028495
0.030874
0.030523
0.034618
0.047068
0.040200
0.051608
0.032890
0.026690
0.029595
0.026887
0.027749
0.028250
0.031616
0.037318
0.031946
0.042989
0.039255
0.030925
0.034090
0.034284
0.052036
0.035930
0.033004
0.032528
0.033768
0.032368
0.032254
0.035394
0.032770
0.033896
0.032230
0.031071
0.033303
0.031371
0.045343
0.045166
0.044145
0.033980
0.044786
0.034616
0.036810
0.039782
0.041939
0.029841
0.029222
0.042807
0.030814
0.046616
0.042965
0.033340
0.031184
0.029500
0.030996
0.029517
0.031602
0.029607
0.025212
0.023991
0.024305
0.026268
0.026918
0.023853
0.022990
0.023905
0.021396
0.024218
0.024248
0.025152
0.023350
0.023421
0.022510
0.026950
0.030624
0.026358
0.027205
0.028503
0.028729
0.032844
0.028552
0.027770
0.036739
0.038858
0.038554
0.027742
0.026625
0.026756
0.028721
0.022846
0.023365
0.032993
0.028152
0.024042
0.026495
0.025575
0.026262
0.029545
0.024165
0.031699
0.042084
0.041708
0.036968
0.039182
0.024632
0.037202
0.030145
0.029923
0.029453
0.028429
0.025860
0.024465
0.026075
0.024838
0.022423
0.037353
0.040364
0.042688
0.050289
0.044947
0.040899
0.035247
0.039201
0.030849
0.031401
0.029341
0.031054
0.034161
0.039308
0.047863
0.043923
0.037817
0.031268
0.030668
0.031008
0.045917
0.044215
0.041217
0.029471
0.031078
0.031698
0.030866
0.031253
0.030155
0.030807
0.034354
0.028965
0.039655
0.026218
0.022706
0.023713
0.023226
0.035735
0.031239
0.029817
0.029417
0.044094
0.045107
0.038029
0.035433
0.042034
0.032195
0.030816
0.028980
0.029053
0.025289
0.025996
0.035594
0.028250
0.026714
0.036379
0.026411
0.025676
0.027575
0.027537
0.027863
0.031797
0.031313
0.046876
0.028606
0.028534
0.030110
0.032807
0.030926
0.030118
0.042839
0.044022
0.038348
0.045445
0.038659
0.032572
0.032525
0.030823
0.025182
0.024715
0.022495
0.024963
0.024841
0.031324
0.030491
0.026307
0.028508
0.034232
0.032099
0.032963
0.027954
0.041483
0.033738
0.034744
0.042932
0.027201
0.025461
0.031204
0.023093
0.037533
0.033850
0.038910
0.030352
0.037076
0.045292
0.025079
0.031601
0.028557
0.028844
0.029576
0.027370
0.025145
0.030809
0.034833
0.043168
0.029178
0.025725
0.024111
0.021915
0.021820
0.021521
0.036902
0.030603
0.031940
0.029224
0.032976
0.021976
0.021469
0.034892
0.024197
0.023976
0.023389
0.025086
0.034988
0.030006
0.024660
0.023351
0.022674
0.021805
0.022095
0.022732
0.030203
0.025027
0.021686
0.022294
0.037720
0.023908
0.022024
0.021756
0.023087
0.024158
0.023461
0.026509
0.023588
0.025388
0.024416
0.024443
0.024293
0.024557
0.024474
0.025008
0.023592
0.024238
0.026352
0.024191
0.022604
0.022685
0.037664
0.024827
0.026693
0.037059
0.024930
0.024567
0.032771
0.024717
0.025325
0.026497
0.026209
0.023307
0.022150
0.020508
0.029587
0.030063
0.030945
0.032749
0.041255
0.039410
0.035879
0.045762
0.042009
0.035870
0.030005
0.030847
0.030688
0.035935
0.030188
0.027963
0.027491
0.029618
0.036386
0.028791
0.029911
0.028152
0.030119
0.027385
0.032322
0.040682
0.033336
0.028171
0.031296
0.042918
0.041696
0.031165
0.030870
0.029116
0.028974
0.043091
0.031062
0.036281
0.031848
0.027347
0.033874
0.040459
0.039552
0.023940
0.024619
0.024154
0.023601
0.023491
0.023299
0.024465
0.035052
0.023279
0.039142
0.023021
0.040484
0.041670
0.041089
0.041734
0.021955
0.036047
0.040782
0.032964
0.024342
0.026746
0.022899
0.023122
0.036974
0.033830
0.032894
0.030223
0.025168
0.022267
0.032745
0.031331
0.028077
0.029354
0.029379
0.025454
0.029028
0.041997
0.039154
0.030516
0.029572
0.025139
0.029115
0.035068
0.029124
0.026005
0.041739
0.030469
0.043595
0.031373
0.029722
0.032341
0.040006
0.030278
0.025278
0.024583
0.024886
0.041833
0.025058
0.024774
0.024495
0.024243
0.029196
0.032089
0.030847
0.024032
0.023061
0.023610
0.023833
0.025459
0.021716
0.028317
0.027777
0.027906
0.022879
0.026908
0.026589
0.029709
0.023516
0.042666
0.031361
0.023150
0.025357
0.036538
0.032997
0.030371
0.030924
0.044918
0.028734
0.041148
0.027423
0.024984
0.026042
0.030384
0.031071
0.032197
0.042336
0.042731
0.033746
0.042024
0.033427
0.029988
0.036128
0.027721
0.031520
0.032238
0.031918
0.032506
0.033165
0.032528
0.032202
0.030509
0.030224
0.030836
0.036924
0.034709
0.031650
0.030623
0.031553
0.030202
0.027633
0.023631
0.025452
0.023401
0.025036
0.024202
0.021535
0.022330
0.022991
0.025832
0.023997
0.025342
0.025860
0.024019
0.032235
0.029186
0.023871
0.027302
0.022894
0.023152
0.024085
0.027409
0.024590
0.024519
0.027235
0.022376
0.024521
0.023033
0.029891
0.028547
0.026825
0.028603
0.028784
0.033622
0.026682
0.043168
0.031220
0.042708
0.033126
0.044629
0.036738
0.030678
0.040299
0.026362
0.037141
0.046317
0.037117
0.035110
0.035425
0.035570
0.040760
0.035283
0.040317
0.028482
0.030358
0.027750
0.044749
0.027173
0.026883
0.040049
0.030399
0.029988
0.027955
0.028666
0.038971
0.028243
0.040302
0.031756
0.030003
0.029470
0.029544
0.028583
0.028032
0.042351
0.028426
0.035764
0.034252
0.033959
0.028976
0.029050
0.041152
0.041934
0.039015
0.032165
0.034063
0.031741
0.031381
0.036024
0.040000
0.028549
0.042480
0.029348
0.029135
0.031657
0.040911
0.039153
0.031339
0.028201
0.029562
0.033115
0.028980
0.032591
0.033253
0.041389
0.032426
0.033235
0.046093
0.039068
0.041870
0.043479
0.043281
0.039778
0.040550
0.031566
0.030205
0.032701
0.027996
0.029249
0.031422
0.034374
0.033093
0.034137
0.042384
0.040054
0.037261
0.035438
0.036245
0.037618
0.036745
0.038615
0.037062
0.035684
0.036017
0.037516
0.042667
0.036554
0.042095
0.031606
0.029840
0.042401
0.037621
0.029732
0.028309
0.029220
0.031554
0.028029
0.029005
0.030053
0.026822
0.030587
0.035716
0.032769
0.030474
0.041357
0.041501
0.027067
0.034668
0.028746
0.027694
0.041171
0.035475
0.031177
0.028987
0.027755
0.045013
0.029762
0.030230
0.043304
0.043228
0.031833
0.037409
0.025473
0.024462
0.025259
0.039675
0.031550
0.029356
0.026472
0.024959
0.040496
0.024088
0.033550
0.030751
0.035051
0.025932
0.024575
0.022891
0.021888
0.024671
0.028899
0.026274
0.025426
0.026089
0.025201
0.032118
0.029262
0.025951
0.040447
0.044676
0.024901
0.039942
0.038527
0.025429
0.043568
0.029299
0.041694
0.025580
0.035035
0.032087
0.029296
0.028064
0.027823
0.028114
0.025393
0.023097
0.020336
0.019653
0.023596
0.022635
0.026906
0.024753
