162	3	364	713
198	18	248	663
215	47	281	654
197	47	241	632
200	32	284	671
194	31	221	649
209	33	261	665
206	45	229	629
205	24	624	695
154	43	307	634
175	48	249	636
160	53	277	661
164	53	316	651
153	43	258	659
173	36	232	657
144	67	374	652
158	38	249	681
143	53	329	648
139	52	260	654
184	36	465	656
138	35	255	684
157	50	268	647
123	45	269	646
154	53	299	650
128	60	267	643
148	31	256	675
135	52	263	667
130	79	266	626
149	37	252	671
158	49	227	658
128	56	271	663
121	58	279	657
134	41	249	660
129	50	256	667
159	16	241	682
152	61	229	658
161	28	253	676
112	55	258	664
136	30	297	676
132	50	229	642
150	42	253	677
133	38	251	654
114	52	242	639
149	21	296	679
127	50	246	641
157	45	278	646
106	65	249	647
124	54	222	648
156	36	276	683
109	67	281	633
111	60	225	629
143	46	220	673
110	92	415	615
115	43	452	676
94	70	298	642
122	62	218	641
152	36	249	680
107	70	237	626
123	70	229	619
152	48	755	671
56	44	373	649
149	47	195	653
105	102	415	615
94	32	260	632
151	55	256	640
108	62	225	613
135	43	176	676
165	44	143	675
93	105	196	592
138	49	252	670
106	44	223	645
134	32	174	687
149	34	151	685
104	68	198	633
137	35	218	684
117	56	193	663
130	40	207	679
114	55	184	664
148	43	143	676
87	73	178	646
105	70	205	649
140	37	169	682
77	74	196	642
98	66	231	653
103	45	166	674
125	50	171	666
105	59	173	655
79	86	190	631
78	90	191	629
96	66	163	653
79	69	279	640
63	91	213	605
90	61	182	658
120	45	126	674
134	24	396	583
35	88	246	615
27	81	226	627
50	75	224	644
53	81	189	638
50	92	236	627
56	64	230	632
43	86	245	633
32	85	257	612
46	70	258	645
40	70	248	636
40	70	253	649
26	82	273	613
56	50	259	642
28	82	268	621
42	69	288	625
38	75	301	624
23	95	299	610
51	77	285	621
43	62	303	637
29	75	337	620
29	77	332	628
21	79	342	627
23	81	341	627
25	83	333	629
30	59	348	653
48	55	337	648
37	62	308	646
64	59	318	637
69	66	273	633
95	54	268	646
123	54	178	665
115	87	210	623
136	59	204	660
135	46	207	663
153	38	203	681
110	74	208	645
125	69	234	650
157	30	261	656
99	51	293	668
171	23	253	678
83	72	289	630
144	50	328	645
120	51	267	649
121	54	211	665
162	37	204	673
113	85	227	629
163	35	232	653
123	83	220	615
178	30	207	646
208	17	201	625
173	30	194	657
199	22	258	556
180	33	243	638
190	37	201	624
197	23	246	585
175	43	220	634
194	17	260	573
167	42	269	626
197	19	345	580
205	15	417	634
159	15	459	669
110	34	498	656
228	26	440	656
199	22	443	609
197	25	440	654
221	25	405	652
171	33	439	647
202	50	460	657
192	33	442	661
148	45	458	653
114	46	515	623
105	48	523	609
162	32	473	636
176	44	454	648
63	55	515	646
161	43	421	627
88	58	475	630
178	24	403	657
95	48	472	637
99	35	461	650
202	17	399	677
70	54	491	650
155	38	393	666
133	39	401	643
143	24	409	667
101	28	437	679
141	18	419	691
87	41	454	664
127	14	478	641
140	27	420	667
147	28	392	691
77	34	487	647
157	26	424	659
102	35	502	666
126	30	466	689
170	22	412	697
106	36	505	683
137	39	454	645
112	45	475	674
232	25	370	679
207	32	401	672
229	24	429	694
171	35	493	676
163	28	507	691
294	12	405	685
272	24	376	695
260	14	422	698
231	18	461	701
233	25	505	694
260	17	493	702
263	18	429	686
259	30	429	689
279	22	436	697
300	26	382	674
273	18	396	695
289	10	433	700
314	28	391	680
317	18	405	700
314	10	373	691
312	22	419	686
268	27	412	667
322	8	425	701
359	9	396	701
361	15	392	683
312	23	400	668
310	20	422	665
352	13	384	681
329	18	414	676
348	25	385	670
274	19	460	675
318	39	390	647
316	15	408	673
321	25	415	673
326	16	388	676
321	9	389	685
324	7	395	671
334	4	399	686
333	8	387	676
329	12	385	665
314	12	399	681
337	14	401	674
346	14	376	664
323	21	383	647
317	6	416	687
335	15	404	672
346	27	371	649
341	29	368	642
340	25	375	662
347	24	391	661
359	19	368	658
363	21	367	659
356	17	362	667
374	23	362	651
364	28	350	653
363	24	369	655
373	21	358	658
372	33	367	649
375	30	347	652
392	21	357	662
398	21	340	659
408	26	332	651
399	20	357	663
413	28	351	659
412	24	343	654
434	22	329	638
430	24	332	639
432	24	338	641
439	34	327	640
441	22	324	647
454	28	319	639
434	32	324	639
454	21	314	657
457	23	322	646
458	25	316	646
452	34	332	631
446	29	347	640
461	41	307	635
455	34	324	640
465	31	310	638
459	51	326	610
458	42	309	625
450	35	318	632
458	38	317	629
453	35	306	632
470	36	277	625
483	49	306	608
490	44	284	615
472	44	267	631
486	49	257	619
489	52	237	611
494	41	258	603
501	48	227	589
506	43	245	581
508	52	212	581
516	43	259	581
517	51	238	582
508	61	241	575
527	59	236	563
515	70	242	553
514	75	243	548
521	58	252	570
538	67	253	558
536	67	229	569
540	89	212	545
550	68	210	574
536	101	227	529
545	107	214	527
535	87	218	557
548	114	233	513
541	92	230	534
544	109	224	517
562	77	210	560
545	74	227	572
556	99	227	539
586	98	211	528
582	113	207	522
593	111	228	519
590	97	225	523
600	113	212	500
603	88	223	523
616	116	208	495
614	119	222	492
641	163	180	446
623	97	221	518
646	167	186	457
631	135	227	468
621	157	221	462
634	128	232	490
639	167	217	448
653	141	222	475
672	163	198	448
684	159	206	440
682	163	200	431
681	146	203	449
677	124	211	466
677	136	222	461
673	105	225	489
702	158	208	448
711	161	190	435
733	171	189	426
726	167	190	432
726	169	201	426
730	162	191	435
733	165	195	432
744	169	190	448
741	174	207	433
754	169	203	438
758	168	190	439
766	166	201	439
794	166	176	435
809	171	163	420
809	174	163	403
815	163	178	410
816	165	187	418
817	173	191	425
829	175	186	417
838	171	168	417
845	179	185	416
843	179	185	433
850	169	204	434
865	178	185	434
874	172	199	439
879	187	198	428
885	177	206	430
905	184	203	431
898	188	216	425
917	181	198	435
908	186	196	428
922	183	195	428
926	183	197	424
934	187	196	443
938	191	210	437
935	182	214	447
929	187	217	452
938	199	210	449
934	202	217	450
937	203	219	452
953	199	218	455
955	192	221	460
976	210	205	439
973	204	203	438
989	199	201	443
978	204	210	430
999	201	204	434
991	212	192	457
998	218	199	438
1015	217	199	430
993	220	204	424
1011	219	203	428
999	214	194	444
987	223	204	458
1018	229	198	442
1016	227	210	436
1003	221	201	450
1007	227	200	452
1015	222	215	449
1007	222	193	453
1041	226	170	455
1014	235	200	438
1039	238	181	446
1023	243	195	441
1053	244	185	432
1040	242	188	447
1056	245	194	434
1061	239	178	439
1061	247	132	451
1077	226	146	455
1060	228	163	474
1050	234	190	445
1064	237	176	446
1047	233	191	441
912	287	274	432
995	248	217	459
610	274	625	429
779	180	466	529
811	214	410	481
984	249	243	470
450	237	773	482
763	185	501	534
670	219	565	459
406	191	837	478
802	185	467	512
877	227	345	436
327	226	925	493
680	179	591	540
409	226	801	465
562	184	679	534
832	179	447	529
323	178	526	484
720	208	510	511
216	150	1048	532
493	160	750	559
417	155	862	560
449	133	830	586
225	135	897	582
330	182	758	517
688	197	591	511
438	168	746	517
244	173	1013	519
203	129	1032	590
755	187	510	532
278	168	951	508
773	178	469	539
619	191	605	481
358	193	874	469
369	186	867	515
842	190	424	529
271	178	748	478
795	191	453	486
275	196	645	445
517	206	746	468
373	130	906	561
249	113	1030	597
302	130	929	589
126	103	1023	600
112	93	1126	626
107	96	902	583
90	113	1154	584
115	99	690	509
84	139	620	477
80	160	1081	559
117	130	831	540
258	130	714	523
269	148	580	501
56	178	637	440
371	173	908	540
158	105	1121	614
276	117	936	602
120	122	777	535
406	156	873	510
258	117	914	557
58	144	611	480
305	149	543	465
270	186	401	420
535	188	692	491
211	122	1024	552
150	119	920	577
219	104	868	578
213	102	528	491
174	157	1093	550
230	87	581	499
145	128	605	442
146	142	1033	557
82	96	652	513
245	156	385	440
637	197	566	469
173	169	969	459
82	123	1171	555
152	88	468	456
222	164	678	418
147	167	660	432
165	180	477	428
358	152	762	483
137	162	512	400
311	175	857	496
206	119	430	428
355	170	766	456
358	125	706	521
407	118	533	479
245	143	443	447
263	185	443	381
294	194	324	374
308	193	573	393
320	159	345	426
335	198	723	424
188	119	470	453
168	161	545	403
493	158	760	501
260	111	435	445
174	164	625	392
60	168	611	403
210	150	783	451
307	135	384	447
306	192	336	345
315	217	614	370
395	110	250	434
632	234	498	407
193	212	375	301
328	193	230	323
313	291	156	230
313	314	129	197
311	336	126	172
311	341	123	173
318	328	114	183
311	346	121	164
312	341	119	171
311	344	120	168
314	344	118	170
311	330	122	184
307	333	123	177
304	344	122	167
302	342	124	171
301	343	122	170
297	323	125	192
293	338	127	179
290	340	130	174
285	334	135	181
275	348	133	166
282	336	124	184
277	342	135	178
268	342	138	179
264	344	134	174
257	351	132	167
261	349	122	173
254	329	129	197
239	354	132	166
240	340	134	188
232	363	135	160
233	359	128	169
227	354	122	169
217	373	127	152
215	371	132	154
213	359	123	171
209	367	121	161
198	378	121	151
193	386	124	146
182	381	127	149
170	389	136	145
169	384	127	149
164	388	126	145
158	391	122	142
147	394	128	140
142	395	127	138
139	399	125	136
124	397	136	135
121	396	126	138
120	392	116	143
121	399	116	139
104	408	125	136
95	405	137	140
87	401	125	146
82	403	124	148
75	406	121	147
67	413	127	145
60	420	120	138
57	425	120	135
50	429	120	135
46	432	116	134
43	435	113	134
38	440	108	131
39	442	104	132
33	444	104	130
23	445	113	136
27	445	101	138
21	447	94	136
20	453	94	131
18	452	98	139
17	454	114	142
16	455	87	142
12	461	87	136
9	461	84	138
5	458	82	144
1	467	82	137
0	464	82	142
0	467	81	140
0	465	74	143
0	466	80	143
0	466	74	147
0	464	76	149
0	464	80	150
0	465	115	152
0	458	154	172
5	439	114	186
0	461	173	174
84	441	269	203
3	254	641	398
797	210	296	503
793	248	293	464
801	229	274	486
796	280	264	435
875	239	191	447
888	290	190	382
900	271	150	403
890	291	155	396
897	294	162	381
905	292	152	382
885	286	170	381
909	297	140	381
915	316	136	349
896	294	133	393
922	304	119	370
906	307	127	378
934	273	121	386
907	304	119	378
923	286	120	390
909	296	124	393
933	292	129	363
916	301	114	385
935	297	123	355
908	309	119	375
933	281	124	368
907	305	120	372
931	273	123	374
901	297	123	378
929	278	124	372
904	287	135	385
929	286	138	359
910	303	137	374
926	293	148	358
908	296	129	383
936	288	131	359
912	286	122	395
917	301	142	359
919	308	148	345
913	307	139	369
896	299	175	355
914	296	133	378
931	295	134	354
911	302	129	371
936	265	110	404
927	293	110	378
939	279	95	393
918	279	143	382
921	292	135	372
947	302	102	373
919	294	180	357
935	286	123	364
897	216	132	461
924	273	144	409
936	296	149	358
937	305	114	349
923	280	132	370
913	224	123	457
934	268	134	399
915	285	136	378
947	305	105	360
926	290	160	372
932	294	162	348
940	291	124	333
938	282	141	327
928	281	145	331
930	286	156	338
942	285	124	340
921	270	149	363
939	294	127	332
918	286	133	346
935	301	132	319
935	295	123	323
921	298	145	325
939	301	114	334
930	291	133	331
943	304	128	333
927	304	132	319
949	311	96	332
922	309	140	287
949	312	128	306
929	308	117	317
953	291	116	360
905	247	137	396
937	301	136	359
947	307	115	326
933	301	132	345
945	313	120	317
920	284	126	377
951	318	116	318
947	295	201	376
923	331	122	349
953	310	118	342
800	89	447	605
815	215	367	493
807	270	353	429
823	286	285	380
905	340	191	342
955	330	162	362
929	315	157	369
961	321	108	351
785	88	394	506
213	227	966	442
323	206	858	513
119	164	840	555
225	167	894	552
127	180	1091	539
179	140	983	579
421	163	786	556
306	167	904	552
305	164	854	555
130	161	712	558
113	177	831	513
217	185	911	526
46	162	988	557
313	162	866	557
247	155	969	564
316	174	901	545
343	173	893	546
216	151	866	568
537	188	674	531
383	205	773	503
389	212	771	507
289	186	902	533
153	176	1027	543
283	163	910	556
146	157	989	562
478	223	724	496
300	201	926	518
370	179	807	540
152	173	1009	546
260	182	930	537
109	163	1037	556
341	196	871	523
171	152	855	567
196	194	909	525
205	179	939	540
49	153	1106	566
369	188	852	531
339	185	894	534
362	167	854	552
501	173	748	546
540	206	641	511
291	254	839	453
680	226	558	493
189	225	996	472
233	164	931	555
151	140	1012	579
291	170	910	549
121	146	1032	573
114	171	807	548
64	177	562	506
4	214	555	445
91	274	1045	398
236	196	855	523
25	160	540	498
105	209	683	455
42	232	554	443
0	236	639	430
26	249	467	426
65	259	982	453
156	171	454	491
32	269	200	352
26	399	146	231
36	422	153	218
38	435	140	202
42	434	127	208
52	432	117	215
36	429	136	217
59	427	117	224
47	437	130	210
55	433	129	220
56	436	130	209
67	434	122	220
58	426	137	225
83	428	120	220
73	440	127	208
76	435	127	218
75	429	134	223
90	427	126	223
79	445	132	206
84	430	133	225
83	440	132	210
86	428	134	225
88	428	129	225
100	436	125	217
103	431	123	225
108	439	117	220
93	431	141	223
91	422	145	228
104	430	143	221
88	434	142	217
90	413	149	235
84	432	165	211
78	430	164	215
90	425	160	214
108	430	141	221
60	421	190	235
81	429	174	214
92	436	163	217
112	440	148	213
97	420	166	235
123	442	139	213
140	432	113	230
148	435	103	224
154	439	99	217
143	436	110	218
165	438	95	218
149	439	104	220
170	438	95	217
161	442	97	219
165	439	108	222
165	444	109	218
169	441	109	222
171	441	110	219
172	442	113	221
181	444	115	219
175	444	114	221
182	443	122	221
173	442	128	224
181	432	135	232
175	436	130	227
184	443	136	215
192	444	134	224
179	445	144	223
196	445	138	221
196	451	132	215
203	450	134	223
203	448	135	223
199	443	139	228
209	447	132	226
216	455	130	218
218	450	127	224
221	448	133	224
221	449	134	222
229	455	135	222
234	460	127	221
239	453	129	225
237	461	135	220
243	453	129	228
250	451	122	233
247	459	126	229
254	468	119	219
258	466	114	221
260	469	122	230
262	472	122	222
265	471	125	220
265	464	122	232
275	470	123	222
279	470	119	227
279	463	112	235
281	468	127	225
281	462	113	243
283	475	126	223
285	473	123	223
289	474	120	220
290	478	118	221
287	481	130	218
282	482	141	217
278	474	147	228
286	485	143	215
283	475	152	223
285	479	145	221
287	481	144	221
283	481	151	222
291	478	140	227
290	486	151	217
286	472	146	237
289	477	151	226
288	473	151	228
287	457	148	244
290	462	145	245
294	455	141	248
292	448	147	257
293	448	149	255
296	450	146	248
297	444	147	250
292	433	153	256
295	424	157	268
299	437	155	250
295	423	162	256
301	425	161	251
304	432	162	242
307	422	163	247
290	396	182	266
316	421	150	232
304	412	167	247
312	409	158	240
310	405	169	238
318	403	155	251
318	395	158	262
328	386	157	262
330	386	155	265
326	375	167	275
325	366	173	280
325	360	175	271
333	361	176	254
336	357	172	267
337	345	188	283
333	337	193	290
350	340	180	302
350	340	184	301
356	340	179	305
352	335	180	309
347	329	184	309
350	323	189	312
348	319	196	310
355	330	191	302
365	306	183	315
368	321	184	310
369	310	186	318
368	301	195	309
377	311	191	300
385	291	194	330
390	276	196	330
390	300	201	285
408	263	188	334
410	300	183	329
404	292	192	337
395	297	189	327
395	278	206	341
422	297	194	325
420	289	192	343
423	280	195	351
422	268	212	363
426	281	210	349
431	282	206	361
440	285	199	355
450	293	194	340
455	290	187	369
466	300	182	350
473	288	174	371
455	290	199	358
455	277	217	376
451	276	213	362
463	277	227	377
452	270	234	392
439	250	259	404
440	272	248	376
442	285	240	382
439	267	252	386
433	223	256	440
482	255	214	398
480	299	213	344
489	315	186	334
530	320	158	289
544	317	144	306
550	323	130	309
553	333	151	255
546	330	140	287
549	337	131	308
531	339	160	269
558	330	138	276
502	325	189	320
484	288	218	297
485	317	232	306
464	280	248	359
484	268	234	375
487	303	240	321
517	303	211	312
495	333	232	302
537	306	188	297
470	315	238	303
523	311	185	318
551	351	157	294
554	337	153	314
542	317	169	328
549	331	170	316
542	286	183	361
484	294	239	347
497	251	240	391
486	246	246	410
483	241	264	403
486	286	258	365
484	259	255	388
485	263	265	390
472	237	261	406
464	227	289	430
470	239	282	346
491	262	279	363
503	234	284	341
509	243	237	383
517	241	256	408
465	182	315	444
467	210	281	403
483	202	347	407
506	216	264	429
520	216	260	396
528	266	259	376
534	237	232	395
563	273	238	369
562	257	228	386
596	248	166	345
589	252	187	319
608	238	178	312
584	234	210	329
590	227	194	343
592	241	195	361
584	238	197	358
581	247	194	345
609	247	177	322
599	258	186	338
598	259	184	353
617	256	167	368
623	243	166	371
622	257	167	351
633	254	160	363
612	246	184	370
619	261	167	361
599	258	195	361
640	258	162	365
607	250	196	367
611	254	207	365
608	253	215	369
625	234	198	392
616	249	210	372
628	243	191	386
649	221	180	402
625	235	201	377
629	212	206	397
623	208	212	394
605	205	226	390
620	206	229	372
630	205	231	398
618	218	248	387
627	213	241	395
631	204	253	401
584	188	292	428
630	180	238	447
642	206	234	407
579	170	316	414
600	175	282	411
674	175	211	403
683	191	201	412
669	195	212	402
685	200	199	399
682	189	187	401
660	207	195	394
698	191	203	393
677	191	197	430
702	194	177	403
687	193	191	408
701	188	199	407
691	191	241	398
634	175	258	412
614	169	228	421
637	165	211	405
572	188	171	365
662	197	136	360
713	213	206	379
703	206	223	388
710	195	214	389
715	207	221	366
712	213	256	363
702	207	230	336
719	222	218	378
702	199	222	403
721	206	201	387
691	208	217	387
694	210	226	403
702	199	202	416
694	194	220	407
690	210	252	370
662	199	277	391
671	206	235	400
669	215	259	393
674	222	244	373
669	212	265	376
670	210	265	371
678	197	249	388
675	216	272	380
672	201	256	367
666	198	264	392
665	202	264	373
671	208	264	361
651	209	268	354
656	216	264	360
667	202	246	374
633	219	277	342
629	212	270	337
636	204	281	352
622	231	275	344
624	199	272	347
626	224	269	328
595	220	292	325
558	224	321	312
602	233	282	319
586	220	308	345
569	216	319	373
523	200	367	388
531	198	368	418
489	197	401	430
473	185	454	420
477	182	463	383
445	159	511	386
547	170	385	423
451	155	479	403
551	149	391	362
582	152	336	361
653	159	252	373
675	139	234	318
680	159	221	330
681	135	219	318
676	156	220	278
674	141	212	333
668	140	215	312
666	144	219	336
658	136	222	314
658	158	212	311
660	119	217	353
655	159	215	303
655	112	214	377
645	147	227	330
644	142	215	351
639	128	226	330
644	151	224	321
648	144	208	336
655	124	205	331
649	159	207	300
648	133	205	326
654	124	201	337
648	143	210	334
647	115	218	351
644	141	215	338
642	116	213	367
644	108	209	371
653	110	198	374
658	94	202	367
650	123	198	369
653	100	205	411
660	104	200	402
660	95	208	414
666	100	194	396
669	99	203	448
672	106	202	419
680	108	199	420
685	106	201	430
687	125	201	412
696	121	201	421
698	120	207	416
702	127	207	408
702	130	210	404
716	123	217	415
719	115	223	427
722	114	232	432
731	111	243	432
745	95	237	449
749	99	246	436
763	89	240	414
770	88	248	433
772	83	259	477
795	88	256	487
797	84	267	512
804	84	263	514
809	92	270	521
820	92	248	501
818	91	274	502
834	82	231	496
853	89	239	503
851	89	253	526
866	88	246	523
866	90	260	508
871	101	264	509
875	98	269	512
866	96	275	511
874	108	271	501
872	97	291	494
860	97	313	502
856	98	327	513
853	116	333	484
850	96	330	519
844	94	320	491
836	118	322	491
821	107	346	503
826	136	326	485
823	121	334	497
819	156	327	451
818	165	322	441
814	178	327	430
806	207	339	394
819	215	331	402
826	217	327	392
832	233	319	389
837	259	316	380
836	279	311	354
837	294	322	349
839	310	311	304
849	312	345	339
842	324	325	300
835	314	354	336
820	314	345	320
836	314	359	324
804	317	362	320
825	316	356	308
816	304	387	323
838	307	346	353
794	291	379	342
830	284	380	367
861	294	320	328
808	246	370	385
831	260	327	386
839	233	349	399
826	237	346	402
776	199	384	394
768	215	382	380
857	221	296	409
840	194	319	441
816	208	346	424
790	160	361	467
845	210	303	404
825	174	336	466
816	199	348	460
803	164	360	474
849	185	294	423
846	160	352	473
859	176	324	471
853	183	310	457
847	171	337	479
847	157	320	487
841	154	286	463
835	144	314	491
848	140	297	448
850	187	300	419
852	186	272	459
845	172	291	466
855	198	279	444
845	175	294	472
852	190	300	445
856	199	302	460
857	181	308	486
849	175	326	499
852	156	337	516
869	170	331	520
888	162	327	556
881	179	336	540
873	177	357	538
975	207	258	496
844	205	413	500
901	246	342	470
686	241	567	478
393	208	683	468
377	200	523	481
456	207	333	462
452	247	373	390
463	274	318	381
193	314	274	397
0	65	191	654
25	72	293	647
40	76	293	631
34	75	229	633
40	76	228	626
25	131	261	575
36	131	281	567
59	129	293	573
135	71	247	637
186	67	239	636
211	86	223	633
239	98	216	615
276	88	194	621
317	77	187	607
318	93	160	609
338	85	173	617
315	93	193	584
338	97	198	577
324	95	200	556
346	85	140	600
354	85	108	634
352	82	106	637
348	76	117	641
341	76	134	586
341	78	118	634
330	70	124	639
333	69	129	621
340	64	134	574
324	62	154	549
327	49	167	508
324	46	208	435
301	51	158	645
325	47	141	608
309	44	168	544
290	41	185	543
313	35	163	534
305	23	206	428
295	26	149	668
310	29	159	512
283	12	218	397
263	22	162	646
288	20	152	591
263	19	163	610
254	26	154	673
268	24	160	640
215	29	183	642
242	12	201	483
214	27	196	605
214	16	166	668
213	17	159	672
198	20	194	575
192	5	215	577
167	33	198	644
181	6	143	705
154	29	161	666
143	28	211	623
141	7	216	646
144	14	241	633
114	41	232	623
105	44	254	615
92	50	283	595
111	51	258	588
86	58	255	571
88	71	240	628
62	119	230	550
113	46	206	617
71	75	281	601
84	80	209	587
131	29	171	639
47	64	229	611
33	103	257	543
40	95	262	554
48	92	244	555
58	91	202	566
102	38	192	548
55	63	263	595
86	66	164	578
98	32	230	454
77	27	273	567
59	37	223	597
77	69	278	628
80	58	204	574
84	47	402	639
56	57	282	629
86	66	198	604
105	25	386	673
56	48	259	638
59	61	225	601
84	42	252	630
86	67	321	627
103	39	270	602
80	49	279	612
71	62	306	657
105	62	242	623
107	36	307	676
111	47	258	627
97	62	313	624
109	54	242	632
119	37	298	682
119	47	301	648
97	46	276	641
104	45	238	627
107	44	285	653
127	50	248	627
114	40	304	623
118	41	302	639
107	46	277	638
128	54	274	632
115	44	294	633
140	43	282	652
137	48	272	625
152	49	294	633
147	52	301	633
120	55	315	631
167	39	282	649
105	59	357	623
104	47	342	648
112	50	320	640
182	43	276	648
104	53	371	622
131	45	328	650
99	56	358	631
148	45	307	654
129	42	345	647
141	39	328	651
139	41	336	643
173	33	317	650
113	55	366	634
135	42	343	656
110	58	378	629
184	33	314	664
167	37	359	647
95	66	404	629
141	35	348	663
111	45	396	663
174	42	346	646
134	55	397	637
161	38	375	636
164	30	379	653
135	53	401	635
101	61	438	617
192	39	340	649
206	33	345	646
194	28	360	654
190	28	357	653
186	31	373	658
212	27	357	652
213	30	342	653
221	24	340	663
203	28	366	649
218	26	360	647
219	20	357	658
218	25	349	669
182	32	396	648
262	17	332	649
230	20	326	656
257	16	323	664
253	18	351	645
259	14	317	661
256	23	313	649
253	24	330	650
244	27	348	657
251	26	348	665
261	28	321	654
257	28	329	637
268	26	330	650
251	31	346	643
263	29	340	658
279	24	321	655
255	34	321	647
287	23	319	652
272	26	319	651
266	31	329	665
310	26	308	656
254	36	311	659
291	29	312	665
298	35	315	639
270	37	331	647
298	31	325	657
291	28	331	653
309	22	329	649
310	27	288	655
290	37	332	636
300	31	325	658
303	32	315	654
318	36	310	646
305	32	311	640
332	30	308	653
322	31	302	637
282	38	341	641
302	31	335	660
330	27	313	662
321	32	324	634
312	24	330	646
305	29	339	667
327	31	323	656
347	27	317	649
307	35	324	644
332	30	323	655
332	33	315	650
343	34	313	653
323	38	309	651
326	37	336	641
369	28	310	661
330	41	303	651
358	27	311	652
334	37	316	646
345	37	325	647
351	32	321	654
369	32	311	646
363	34	303	642
334	36	309	657
337	34	344	664
356	35	344	645
347	30	336	658
368	25	324	663
376	27	325	649
375	24	300	661
353	36	316	646
358	29	322	649
342	28	302	648
308	33	333	647
328	24	305	665
283	33	314	644
286	28	292	634
225	37	308	645
225	34	305	642
178	40	291	639
148	28	305	639
80	36	311	631
81	34	293	634
51	37	261	634
11	40	288	600
0	35	221	610
