0.007681
0.043776
0.043868
0.041471
0.049698
0.039087
0.047539
0.047401
0.043541
0.044393
0.049471
0.037106
0.042528
0.039016
0.035355
0.034203
0.034151
0.036343
0.039506
0.039660
0.035792
0.039165
0.036530
0.037420
0.036959
0.033119
0.031182
0.031969
0.031212
0.048969
0.035578
0.049962
0.036043
0.035433
0.036989
0.035790
0.037916
0.036655
0.036860
0.035816
0.035697
0.036340
0.053202
0.037236
0.035724
0.036705
0.031970
0.032047
0.032064
0.031222
0.042229
0.046091
0.047397
0.040446
0.037809
0.037601
0.054100
0.044311
0.042712
0.044379
0.044690
0.043127
0.039841
0.043992
0.040905
0.039073
0.041924
0.057099
0.035740
0.036151
0.036931
0.034096
0.033462
0.033605
0.033030
0.033033
0.033530
0.036501
0.033987
0.030737
0.032290
0.028607
0.027054
0.045540
0.040327
0.046313
0.035655
0.031851
0.026580
0.029147
0.032734
0.042223
0.033201
0.032930
0.030275
0.030236
0.030678
0.049313
0.039995
0.037664
0.037630
0.037310
0.040123
0.038418
0.033680
0.031935
0.032069
0.033550
0.053949
0.047933
0.042639
0.040054
0.039521
0.040927
0.041304
0.036119
0.037416
0.043954
0.036926
0.039319
0.038741
0.028802
0.027589
0.028040
0.027396
0.030699
0.032950
0.030888
0.028235
0.027166
0.031601
0.032882
0.039401
0.035477
0.037139
0.042060
0.037981
0.037652
0.037055
0.035058
0.034808
0.047686
0.037229
0.036157
0.035132
0.034837
0.034255
0.033699
0.035957
0.032004
0.036085
0.036191
0.038024
0.034102
0.049661
0.047374
0.033741
0.035496
0.031843
0.035106
0.034111
0.034877
0.033712
0.033041
0.030599
0.031015
0.030361
0.035149
0.033756
0.044045
0.051538
0.039432
0.037640
0.036439
0.036081
0.038058
0.036608
0.038747
0.036510
0.039780
0.040311
0.038578
0.034998
0.036669
0.036854
0.029753
0.060489
0.040004
0.042036
0.046878
0.044075
0.041876
0.042206
0.039584
0.042109
0.035158
0.045789
0.038460
0.052451
0.056444
0.042417
0.037270
0.051512
0.054290
0.040107
0.040494
0.036511
0.035136
0.033467
0.032541
0.042602
0.035624
0.034111
0.034340
0.045504
0.047159
0.036706
0.046711
0.039650
0.045234
0.037163
0.035660
0.035378
0.036182
0.035315
0.038089
0.037083
0.037049
0.034379
0.034876
0.034725
0.033152
0.035232
0.037453
0.038493
0.047394
0.035935
0.041019
0.038738
0.037656
0.035910
0.031533
0.037088
0.036376
0.034566
0.032518
0.030213
0.029374
0.026499
0.024317
0.029374
0.028156
0.030314
0.050917
0.048547
0.064352
0.050086
0.042552
0.035265
0.032221
0.035943
0.033903
0.033196
0.045852
0.041367
0.034307
0.053251
0.052575
0.040352
0.041165
0.055756
0.042845
0.040969
0.049065
0.039283
0.043383
0.036108
0.034796
0.036089
0.035362
0.038008
0.033813
0.034276
0.034116
0.046012
0.038645
0.037771
0.034833
0.029659
0.030658
0.029148
0.044950
0.029176
0.028436
0.033470
0.034979
0.037711
0.045729
0.037968
0.032468
0.032917
0.030971
0.031883
0.031669
0.030660
0.027532
0.029096
0.030150
0.032112
0.031342
0.035297
0.034014
0.031375
0.030196
0.032016
0.030363
0.036545
0.046326
0.041819
0.034638
0.040986
0.036489
0.045009
0.032801
0.031014
0.032944
0.034825
0.038483
0.034373
0.035018
0.032584
0.034186
0.031209
0.033202
0.043667
0.034970
0.046627
0.036474
0.036876
0.036808
0.043060
0.036634
0.032960
0.034533
0.038998
0.031144
0.043265
0.038251
0.033567
0.032951
0.042811
0.039503
0.039131
0.042403
0.041577
0.046011
0.038934
0.037831
0.035309
0.035553
0.032935
0.030098
0.040335
0.048297
0.036523
0.037071
0.033431
0.034039
0.034731
0.047909
0.036430
0.045768
0.034623
0.044083
0.043561
0.033202
0.034151
0.034171
0.035022
0.037059
0.032586
0.033391
0.035414
0.034355
0.032998
0.033402
0.033659
0.036898
0.040184
0.043565
0.032323
0.032091
0.033916
0.033802
0.038223
0.032579
0.041312
0.046982
0.034900
0.041283
0.036588
0.035186
0.038415
0.055802
0.036144
0.037683
0.035519
0.032665
0.036747
0.041069
0.035365
0.036742
0.036720
0.035533
0.040659
0.029423
0.026885
0.027847
0.029102
0.027963
0.027560
0.027460
0.034911
0.034909
0.043849
0.042545
0.045148
0.036918
0.050180
0.034782
0.032967
0.042541
0.037571
0.033208
0.031679
0.035547
0.031446
0.047126
0.046258
0.042165
0.038636
0.041407
0.047070
0.034114
0.037220
0.035161
0.033613
0.032655
0.031755
0.032752
0.030837
0.030440
0.025195
0.025010
0.025599
0.028246
0.027032
0.028866
0.025094
0.046769
0.036224
0.034666
0.043265
0.031375
0.029816
0.028835
0.026152
0.035093
0.041094
0.035224
0.034113
0.043819
0.035772
0.042348
0.031123
0.041090
0.034005
0.031273
0.033809
0.042347
0.037338
0.036256
0.044808
0.028789
0.026481
0.029990
0.038006
0.047272
0.034917
0.036453
0.032579
0.034632
0.031353
0.030219
0.046261
0.037408
0.031230
0.033207
0.033082
0.032423
0.046839
0.036421
0.034285
0.045011
0.046665
0.043974
0.049802
0.042259
0.037797
0.034449
0.032625
0.034013
0.050069
0.037852
0.046574
0.034075
0.035138
0.035022
0.032977
0.037299
0.037176
0.036577
0.033197
0.039117
0.045766
0.041543
0.035410
0.034350
0.033181
0.034996
0.031067
0.031848
0.043617
0.043499
0.037414
0.031275
0.033847
0.034444
0.037411
0.041935
0.054225
0.045990
0.040633
0.041713
0.043090
0.033679
0.040415
0.039311
0.037836
0.051181
0.046564
0.045624
0.045072
0.044995
0.043263
0.037594
0.032770
0.034729
0.030329
0.043401
0.036610
0.050360
0.040170
0.038461
0.032158
0.032589
0.033264
0.036689
0.035922
0.030722
0.030590
0.031668
0.031766
0.030844
0.031269
0.033808
0.051332
0.035039
0.034659
0.037136
0.035308
0.049608
0.044250
0.038489
0.036399
0.036636
0.036702
0.037547
0.035484
0.035873
0.036285
0.037704
0.034951
0.037418
0.034021
0.035509
0.037015
0.037915
0.036673
0.036160
0.031286
0.030377
0.027788
0.027780
0.027168
0.032630
0.030827
0.045837
0.049227
0.063953
0.042400
0.035099
0.029891
0.045057
0.044380
0.046447
0.039179
0.040548
0.038044
0.036243
0.044544
0.050015
0.037309
0.046513
0.055851
0.041952
0.038112
0.038798
0.037941
0.038828
0.050118
0.036948
0.034175
0.036716
0.036922
0.033920
0.035278
0.034586
0.032001
0.031561
0.035332
0.050972
0.037158
0.035319
0.038535
0.032896
0.031308
0.042702
0.048066
0.038791
0.034550
0.038849
0.048957
0.034165
0.033597
0.033265
0.037726
0.035524
0.036979
0.035034
0.037051
0.036077
0.034957
0.032978
0.049589
0.039554
0.034534
0.037072
0.035494
0.034256
0.036532
0.031418
0.030867
0.062822
0.037671
0.033259
0.031432
0.029533
0.032369
0.032187
0.029865
0.030168
0.028465
0.031058
0.031146
0.032409
0.047541
0.039645
0.034023
0.043369
0.036680
0.032748
0.033310
0.039476
0.033943
0.030635
0.033107
0.033461
0.037968
0.045280
0.049084
0.036485
0.034657
0.034970
0.039443
0.033515
0.031128
0.034363
0.033932
0.037323
0.038852
0.034471
0.045035
0.039489
0.035065
0.033455
0.034751
0.033306
0.032463
0.035995
0.034926
0.035802
0.042842
0.034832
0.035454
0.034130
0.032598
0.032432
0.040379
0.032728
0.034200
0.035123
0.034199
0.042474
0.047435
0.044028
0.036208
0.032748
0.033916
0.035144
0.035734
0.035053
0.036953
0.046966
0.035212
0.052201
0.051153
0.046441
0.044628
0.044272
0.043108
0.042129
0.039998
0.041891
0.041253
0.041888
0.046918
0.044322
0.039200
0.034660
0.032271
0.039156
0.038772
0.044730
0.047057
0.034553
0.035323
0.035382
0.034975
0.036633
0.034240
0.033273
0.037745
0.034254
0.035413
0.044593
0.035900
0.039552
0.037311
0.040316
0.039853
0.040990
0.041970
0.041507
0.040885
0.039892
0.041566
0.038727
0.034475
0.036143
0.039765
0.039757
0.039501
0.042831
0.039486
0.043832
0.039065
0.035464
0.044920
0.039375
0.037242
0.035394
0.027220
0.046275
0.030577
0.029753
0.031175
0.033506
0.033307
0.033885
0.041423
0.035926
0.031704
0.033068
0.031656
0.030378
0.034913
0.032863
0.031722
0.037803
0.036556
0.037056
0.033594
0.027144
0.028155
0.031517
0.031496
0.033848
0.031082
0.028584
0.031045
0.034641
0.032229
0.031172
0.030852
0.030794
0.030565
0.028074
0.044076
0.044289
0.034971
0.035945
0.029758
0.043810
0.041561
0.036220
0.033597
0.032775
0.031534
0.031246
0.044889
0.039711
0.035291
0.033509
0.028882
0.036464
0.046656
0.035731
0.033541
0.034456
0.034304
0.033354
0.035907
0.050955
0.043212
0.033114
0.036603
0.033403
0.038517
0.035593
0.034029
0.037283
0.036277
0.042673
0.034769
0.053468
0.044296
0.033991
0.034242
0.042455
0.035677
0.035157
0.034115
0.031603
0.031047
0.029435
0.039235
0.036331
0.036270
0.035179
0.035255
0.038905
0.036185
0.036538
0.041152
0.031471
0.030117
0.029996
0.033011
0.035017
0.036702
0.027231
0.045947
0.036532
0.033260
0.038409
0.038439
0.035840
0.035483
0.033095
0.035373
0.033580
0.045759
0.038652
0.046629
0.038653
0.037112
0.036690
0.033271
0.035117
0.032266
0.031918
0.034117
0.036423
0.032315
0.034873
0.034878
0.034710
0.033922
0.034238
0.032875
0.032433
0.044524
0.046467
0.038721
0.039002
0.033795
0.038072
0.036886
0.040958
0.039756
0.043418
0.036942
0.039082
0.035615
0.036280
0.037774
0.035456
0.033845
0.035435
0.030955
0.034744
0.031924
0.034555
0.031471
0.028868
0.032244
0.037752
0.036125
0.042526
0.036858
0.033886
0.033643
0.031993
0.046619
0.039143
0.038181
0.032228
0.033436
0.049233
0.044113
0.034176
0.030149
0.030164
0.042527
0.033347
0.033175
0.042083
0.046533
0.045884
0.034430
0.031798
0.045876
0.046632
0.039294
0.040085
0.032876
0.042526
0.031726
0.031802
0.035694
0.044129
0.034944
0.030813
0.034176
0.033431
0.034260
0.034500
0.034110
0.033499
0.032000
0.028035
0.030739
0.029475
0.031006
0.029140
0.030323
0.027388
0.025683
0.027279
0.023698
0.022410
0.034438
0.033426
0.034149
0.036932
0.034359
0.035529
0.036465
0.032984
0.032515
0.030858
0.027372
0.026879
0.032440
0.028858
0.029624
0.030029
0.029325
0.028108
0.031090
0.031026
0.028800
0.031271
0.029212
0.028449
0.030882
0.028696
0.028879
0.031975
0.032770
0.041147
0.025983
0.024624
0.025129
0.026550
0.049073
0.037973
0.036445
0.037871
0.036078
0.035442
0.036601
0.036107
0.037428
0.035366
0.037068
0.038116
0.034217
0.039525
0.034924
0.031413
0.034104
0.039401
0.032630
0.033326
0.042926
0.044979
0.054537
0.037493
0.038974
0.031970
0.034313
0.031276
0.031605
0.031374
0.031858
0.035494
0.030628
0.031096
0.051586
0.043459
0.034086
0.051642
0.039386
0.031893
0.030757
0.033196
0.036096
0.033125
0.032573
0.038994
0.031762
0.046322
0.035526
0.036704
0.037173
0.046515
0.041638
0.024589
0.027397
0.036518
0.040894
0.039680
0.042927
0.033512
0.029362
0.030044
0.029930
0.028407
0.045038
0.032691
0.030138
0.030867
0.030159
0.032190
0.029455
0.032246
0.030345
0.030805
0.033020
0.038464
0.033820
0.036374
0.035309
0.030749
0.025461
0.032164
0.034350
0.030875
0.028927
0.032845
0.030286
0.038977
0.032142
0.029870
0.030372
0.028271
0.026704
0.030373
0.028263
0.028126
0.029494
0.028793
0.029310
0.027229
0.029510
0.028927
0.029433
0.027559
0.044330
0.047380
0.038682
0.035581
0.032866
0.035773
0.032997
0.036750
0.031543
0.033011
0.033252
0.032672
0.033223
0.036274
0.033361
0.032032
0.032363
0.031651
0.049643
0.040201
0.034103
0.033901
0.034242
0.033698
0.034585
0.035002
0.040063
0.033662
0.036999
0.042874
0.035432
0.035243
0.040083
0.044174
0.036068
0.046363
0.041623
0.041512
0.039567
0.042083
0.049556
0.037700
0.037758
0.038887
0.037102
0.039335
0.040193
0.040526
0.035242
0.043484
0.034649
0.044316
0.041667
0.039735
0.037432
0.051857
0.044258
0.041191
0.052389
0.051840
0.038925
0.036615
0.049440
0.036358
0.036305
0.036222
0.036092
0.035644
0.035618
0.034364
0.032513
0.035896
0.033240
0.034422
0.037049
0.035308
0.035421
0.033201
0.031176
0.030744
0.031594
0.032784
0.029271
0.029930
0.030551
0.030280
0.029650
0.045133
0.036074
0.030622
0.030278
0.029567
0.028585
0.042480
0.049501
0.040624
0.040461
0.043697
0.047582
0.038766
0.035809
0.033936
0.035174
0.033990
0.033758
0.036700
0.046221
0.040596
0.035206
0.033526
0.032405
0.032776
0.036891
0.037083
0.032928
0.036264
0.032941
0.032423
0.032611
0.030606
0.026707
0.029414
0.030077
0.036087
0.036049
0.035093
0.037730
0.031819
0.032906
0.033327
0.033238
0.033154
0.031471
0.030624
0.029845
0.041295
0.034260
0.034945
0.034178
0.033814
0.035193
0.033598
0.033163
0.034420
0.033887
0.031816
0.028835
0.028553
0.027359
0.028936
0.028242
0.028319
0.030106
0.029320
0.032303
0.037084
0.033058
0.033323
0.032929
0.033278
0.034149
0.041970
0.031281
0.047383
0.036079
0.037794
0.033976
0.038493
0.046129
0.046298
0.037716
0.037030
0.047452
0.039700
0.038545
0.036005
0.034241
0.034053
0.034066
0.034512
0.034266
0.045893
0.044519
0.048310
0.036761
0.036232
0.036437
0.035285
0.035637
0.036458
0.050443
0.041056
0.038180
0.034569
0.034858
0.037825
0.035221
0.041142
0.035630
0.035849
0.034940
0.035612
0.036143
0.035545
0.036327
0.036899
0.037650
0.036719
0.034572
0.041066
0.036541
0.036580
0.038699
0.037487
0.036795
0.031971
0.031434
0.030715
0.031497
0.029435
0.027679
0.048620
0.039373
0.026225
0.028723
0.027933
0.024720
0.028304
0.026639
0.028920
0.029603
0.036299
0.032632
0.031234
0.033622
0.048717
0.046411
0.032674
0.036872
0.035013
0.037459
0.036295
0.044897
0.039471
0.037192
0.037347
0.041690
0.043660
0.069660
0.036898
0.035514
0.062924
0.037136
0.035087
0.063354
0.033949
0.031732
0.031485
0.027454
0.058649
0.041938
0.039717
0.038520
0.036565
0.036046
0.038520
0.036485
0.038714
0.037404
0.040310
0.033602
0.030602
0.046654
0.037467
0.045080
0.046109
0.040218
0.037037
0.034600
0.043944
0.033604
0.029024
0.034426
0.031334
0.032080
0.032880
0.032613
0.031139
0.030351
0.046387
0.041482
0.039305
0.037802
0.038057
0.044774
0.041793
0.040225
0.035962
0.042582
0.035630
0.031048
0.032429
0.032569
0.048592
0.031419
0.038051
0.033951
0.030593
0.031523
0.040937
0.034767
0.033250
0.033187
0.032641
0.033501
0.031357
0.031472
0.030522
0.027123
0.030591
0.042344
0.032367
0.036725
0.037793
0.027723
0.031821
0.031535
0.031102
0.031273
0.028237
0.031646
0.032676
0.031523
0.042569
0.050207
0.041526
0.044763
0.044936
0.046338
0.046167
0.047361
0.041938
0.041898
0.044344
0.038093
0.037027
0.041618
0.030617
0.028322
0.031369
0.031350
0.034237
0.041370
0.047933
0.039426
0.036197
0.036575
0.036472
0.036582
0.035789
0.045513
0.036032
0.033944
0.029471
0.031379
0.031730
0.031868
0.033564
0.032322
0.039111
0.030999
0.030846
0.044498
0.034643
0.031637
0.031754
0.030986
0.033125
0.035088
0.032998
0.032976
0.032944
0.033524
0.032543
0.033395
0.033513
0.043088
0.037360
0.040963
0.033325
0.033067
0.033784
0.032213
0.032298
0.038733
0.032483
0.032757
0.032319
0.032531
0.043803
0.032462
0.032210
0.032373
0.032323
0.032521
0.026924
0.029406
0.028504
0.028059
0.026604
0.028146
0.044615
0.033403
0.041689
0.040992
0.036567
0.029085
0.028012
0.028707
0.028935
0.029370
