0.005306
0.030146
0.041738
0.030310
0.030730
0.029562
0.042842
0.030185
0.030956
0.032222
0.042681
0.031218
0.030963
0.037828
0.028985
0.039692
0.031835
0.029291
0.029646
0.043724
0.038241
0.042372
0.044157
0.032061
0.041937
0.043547
0.037091
0.030215
0.030375
0.029795
0.030521
0.043682
0.033072
0.030555
0.030375
0.033015
0.030768
0.031936
0.030910
0.031274
0.029888
0.028991
0.028478
0.029203
0.028739
0.028392
0.025775
0.022220
0.024316
0.042868
0.029865
0.030994
0.030901
0.030849
0.029165
0.043829
0.045988
0.037322
0.036306
0.034984
0.036269
0.036735
0.034830
0.034960
0.034937
0.034930
0.034889
0.034873
0.034935
0.030778
0.028695
0.027899
0.030143
0.029943
0.028014
0.029355
0.029218
0.029814
0.044918
0.034767
0.031446
0.043090
0.033968
0.041503
0.041725
0.025261
0.044252
0.032366
0.029603
0.029252
0.038568
0.042992
0.043415
0.035019
0.034790
0.032936
0.035300
0.039146
0.040801
0.040936
0.032198
0.040194
0.034568
0.038805
0.034952
0.045197
0.033582
0.036772
0.030391
0.029863
0.028873
0.028994
0.028502
0.028628
0.030294
0.030204
0.030493
0.043159
0.033628
0.035805
0.032960
0.039924
0.034935
0.041245
0.025276
0.024799
0.026656
0.028394
0.034798
0.034038
0.035920
0.031199
0.030814
0.031817
0.047045
0.036415
0.041864
0.044262
0.034683
0.042203
0.032792
0.030220
0.042470
0.034127
0.031808
0.044726
0.036506
0.031892
0.036214
0.036585
0.036757
0.032523
0.036206
0.037258
0.042266
0.037789
0.036351
0.041836
0.033445
0.042991
0.043177
0.045091
0.032473
0.031071
0.029889
0.033641
0.030649
0.039795
0.030963
0.030460
0.044383
0.043880
0.037781
0.040910
0.029315
0.030491
0.031613
0.045304
0.031684
0.029157
0.033493
0.047561
0.037192
0.036355
0.035209
0.029233
0.031103
0.034917
0.034349
0.035409
0.035496
0.036084
0.030513
0.027081
0.029067
0.029430
0.035577
0.032542
0.042471
0.029900
0.028850
0.028365
0.029038
0.043376
0.034398
0.033248
0.035335
0.036303
0.035540
0.035716
0.033811
0.035008
0.030443
0.032129
0.032241
0.028598
0.038142
0.043695
0.031281
0.035279
0.043834
0.040082
0.033028
0.032560
0.031143
0.032159
0.029900
0.034425
0.034406
0.029520
0.029389
0.028690
0.029016
0.029505
0.031912
0.028088
0.029366
0.032269
0.031035
0.032179
0.028738
0.043958
0.043377
0.036704
0.028316
0.042754
0.037856
0.031344
0.029993
0.034074
0.028298
0.024492
0.028500
0.029793
0.034816
0.031701
0.043558
0.043272
0.033409
0.029650
0.046940
0.039272
0.035083
0.032685
0.035227
0.035798
0.035815
0.037748
0.034446
0.038192
0.035510
0.036667
0.035676
0.043550
0.044288
0.034222
0.044749
0.033942
0.032901
0.034902
0.030796
0.030922
0.032801
0.043659
0.042478
0.043852
0.042538
0.043301
0.031870
0.033278
0.031169
0.046352
0.042960
0.040963
0.032972
0.032886
0.047312
0.032115
0.030023
0.033359
0.031834
0.032457
0.040888
0.042671
0.032982
0.043036
0.031705
0.037875
0.034987
0.029426
0.031830
0.029962
0.030124
0.031359
0.042310
0.041512
0.037824
0.049531
0.038913
0.041449
0.030479
0.030740
0.031504
0.031877
0.032034
0.031529
0.042539
0.030361
0.028871
0.029007
0.028295
0.029050
0.047197
0.034945
0.031832
0.032349
0.033301
0.025724
0.030131
0.034766
0.029221
0.026457
0.032637
0.041764
0.036152
0.033937
0.041151
0.032681
0.029780
0.024797
0.031436
0.028927
0.032482
0.041044
0.030217
0.028723
0.029305
0.027331
0.025526
0.020976
0.021248
0.025298
0.021411
0.023772
0.021682
0.032445
0.042635
0.024896
0.023445
0.022422
0.024073
0.025462
0.024113
0.024161
0.027207
0.029874
0.024647
0.027038
0.041603
0.041422
0.032943
0.039072
0.028272
0.045791
0.031317
0.034221
0.032617
0.035876
0.043949
0.033503
0.032037
0.033056
0.041053
0.029747
0.029992
0.029520
0.032890
0.040439
0.032197
0.031420
0.030648
0.033456
0.029807
0.028380
0.023800
0.027136
0.042466
0.034488
0.035513
0.041828
0.041836
0.032484
0.043436
0.036240
0.031754
0.046048
0.037038
0.037271
0.040195
0.037978
0.039792
0.032823
0.034320
0.032653
0.030245
0.043574
0.034874
0.034059
0.045109
0.032606
0.033466
0.045942
0.034295
0.030843
0.030711
0.032219
0.030495
0.032398
0.031521
0.035597
0.034174
0.043162
0.037346
0.032446
0.044395
0.034914
0.030068
0.046862
0.044664
0.034698
0.030016
0.031854
0.033998
0.032749
0.036372
0.042202
0.041366
0.048139
0.041427
0.043705
0.046573
0.037453
0.037525
0.040570
0.036175
0.036046
0.046160
0.033535
0.031258
0.034465
0.030710
0.032343
0.031779
0.030652
0.029836
0.030506
0.042296
0.033325
0.032542
0.034207
0.041631
0.031087
0.030612
0.030628
0.030164
0.030321
0.044789
0.042955
0.033053
0.039194
0.030898
0.030128
0.030644
0.031171
0.035323
0.038250
0.033824
0.031486
0.042411
0.044989
0.033900
0.032694
0.043263
0.048310
0.032036
0.023777
0.023960
0.028221
0.032048
0.024729
0.027424
0.041753
0.034281
0.027380
0.041643
0.032187
0.043593
0.036447
0.047764
0.036597
0.039933
0.034362
0.031083
0.028725
0.031309
0.042593
0.046568
0.042880
0.041129
0.042307
0.032981
0.033802
0.032511
0.030506
0.030810
0.030915
0.031676
0.044760
0.032477
0.032196
0.031287
0.029426
0.028035
0.037820
0.030308
0.028096
0.040862
0.030369
0.029763
0.029347
0.029382
0.029262
0.031249
0.030010
0.029269
0.032942
0.031031
0.029431
0.029445
0.024240
0.027217
0.023479
0.040349
0.033282
0.028779
0.029216
0.036613
0.028890
0.028339
0.029255
0.032388
0.043385
0.031960
0.029234
0.030354
0.029316
0.029345
0.030938
0.042301
0.041858
0.032947
0.029543
0.029952
0.029297
0.041862
0.032003
0.031737
0.031627
0.029985
0.028996
0.029086
0.039845
0.031832
0.031412
0.030745
0.030827
0.044136
0.034691
0.028965
0.031877
0.032845
0.028983
0.036218
0.031315
0.029085
0.030054
0.044728
0.031848
0.032077
0.031830
0.032954
0.033619
0.037568
0.035199
0.034947
0.034586
0.035111
0.039822
0.035806
0.035180
0.035289
0.034999
0.036426
0.037148
0.043729
0.032647
0.032322
0.028866
0.031140
0.029871
0.041119
0.031645
0.030146
0.028163
0.037926
0.030877
0.038664
0.031976
0.028383
0.029635
0.037172
0.031415
0.028766
0.044374
0.033293
0.031461
0.029799
0.027885
0.028795
0.037679
0.030758
0.029847
0.031461
0.033470
0.040182
0.031191
0.027199
0.028518
0.029338
0.027910
0.026360
0.028038
0.028799
0.029412
0.028447
0.029979
0.030813
0.030295
0.039709
0.038048
0.030512
0.028398
0.029655
0.030038
0.029731
0.030642
0.030617
0.026237
0.026717
0.027518
0.029745
0.027297
0.022657
0.022675
0.023320
0.036777
0.024422
0.024158
0.023917
0.026979
0.023737
0.023872
0.024359
0.040798
0.032242
0.029620
0.030363
0.029361
0.026402
0.029476
0.043321
0.029147
0.038705
0.035876
0.041720
0.034679
0.042381
0.035789
0.043799
0.034779
0.034540
0.047627
0.035536
0.033228
0.029454
0.039784
0.048776
0.043700
0.032936
0.030110
0.030460
0.029201
0.030463
0.030524
0.042478
0.039426
0.032092
0.029904
0.030574
0.030658
0.034607
0.032083
0.030415
0.030838
0.046560
0.035716
0.030390
0.030199
0.042003
0.039649
0.042932
0.028828
0.029706
0.029534
0.029094
0.028809
0.030460
0.028217
0.033845
0.029115
0.028011
0.028286
0.032109
0.030311
0.041706
0.043306
0.032066
0.031192
0.030475
0.031246
0.035379
0.040987
0.044905
0.036610
0.042248
0.047914
0.045199
0.031744
0.034653
0.030283
0.038671
0.044991
0.044821
0.033428
0.032209
0.031093
0.032554
0.040873
0.034478
0.030737
0.029952
0.029721
0.029855
0.031462
0.030477
0.031005
0.033728
0.031703
0.031809
0.032429
0.033088
0.032441
0.032324
0.032308
0.041178
0.042503
0.033348
0.053258
0.035455
0.038771
0.038599
0.038037
0.036415
0.036362
0.035960
0.037298
0.036680
0.037057
0.035345
0.029826
0.031058
0.027497
0.030940
0.030516
0.030882
0.029846
0.026719
0.037131
0.043396
0.030365
0.031747
0.027690
0.038305
0.034534
0.028003
0.025300
0.023948
0.026300
0.028561
0.024894
0.031898
0.027997
0.030784
0.026368
0.027604
0.029672
0.030002
0.029774
0.029217
0.029260
0.029622
0.029221
0.031334
0.027955
0.048183
0.042889
0.038976
0.030720
0.044497
0.041653
0.040091
0.034345
0.031753
0.029765
0.027733
0.023942
0.041593
0.036065
0.033796
0.029793
0.043149
0.041235
0.041481
0.032845
0.030060
0.029665
0.055959
0.033527
0.031324
0.034007
0.034102
0.034272
0.031857
0.033928
0.031847
0.032801
0.031623
0.031383
0.042396
0.032756
0.042736
0.033149
0.033959
0.041508
0.040674
0.032423
0.032578
0.041017
0.032164
0.030598
0.031157
0.031948
0.030999
0.040330
0.049663
0.039673
0.036016
0.039073
0.040351
0.042164
0.053136
0.038036
0.034766
0.034967
0.044646
0.037169
0.035710
0.036185
0.031648
0.033366
0.032267
0.031749
0.031999
0.032132
0.032115
0.032054
0.032842
0.033247
0.033330
0.022915
0.025100
0.022543
0.024686
0.024395
0.034093
0.037956
0.040100
0.041399
0.044165
0.035913
0.045765
0.036134
0.040684
0.030036
0.029723
0.029941
0.041886
0.032503
0.030366
0.040552
0.042574
0.034872
0.030638
0.030454
0.031155
0.030123
0.030780
0.044409
0.045770
0.041527
0.034261
0.031636
0.032003
0.031867
0.031288
0.030846
0.034888
0.030609
0.030720
0.037553
0.036711
0.031712
0.042109
0.044896
0.053387
0.043932
0.034287
0.030081
0.031498
0.031602
0.042894
0.034033
0.032225
0.043543
0.034859
0.029742
0.026423
0.030036
0.042375
0.031291
0.043396
0.029666
0.034464
0.038315
0.029102
0.030008
0.046631
0.035657
0.034090
0.041054
0.030311
0.029469
0.033380
0.046333
0.035946
0.033463
0.034371
0.041884
0.031130
0.029201
0.028522
0.029384
0.029866
0.030538
0.029379
0.029398
0.029322
0.027964
0.029134
0.026688
0.038441
0.027888
0.028405
0.027910
0.027954
0.027565
0.028257
0.041281
0.032076
0.043122
0.034852
0.042192
0.035564
0.032829
0.031490
0.030697
0.029534
0.028687
0.041329
0.031828
0.035233
0.043150
0.032377
0.030295
0.029798
0.029854
0.030389
0.045512
0.035206
0.038369
0.029946
0.031055
0.031660
0.034244
0.030524
0.026001
0.045494
0.039753
0.035909
0.035120
0.035146
0.035697
0.039972
0.031588
0.033317
0.032508
0.044454
0.038004
0.030903
0.028715
0.036735
0.042255
0.030600
0.028162
0.047958
0.043448
0.038694
0.035955
0.029835
0.040334
0.031001
0.030834
0.031207
0.029974
0.032070
0.031060
0.030493
0.032106
0.037222
0.043411
0.044270
0.032447
0.032647
0.030387
0.029215
0.031196
0.032489
0.049872
0.036438
0.048095
0.035853
0.034335
0.051332
0.040665
0.036131
0.035429
0.035998
0.036946
0.043669
0.038863
0.043580
0.043358
0.043523
0.038221
0.050063
0.034968
0.043464
0.035521
0.029883
0.029944
0.034324
0.031826
0.031171
0.032611
0.044843
0.049376
0.040818
0.035704
0.043865
0.036224
0.035845
0.036302
0.036489
0.036249
0.039174
0.035312
0.037154
0.043634
0.035145
0.043088
0.038252
0.031448
0.043361
0.031391
0.031323
0.043911
0.043149
0.039792
0.031731
0.029801
0.035242
0.033955
0.033918
0.034780
0.032234
0.030665
0.030486
0.031856
0.045541
0.032914
0.031192
0.028395
0.048795
0.033307
0.033237
0.035238
0.037005
0.040705
0.043305
0.036295
0.030289
0.030411
0.030639
0.029670
0.031825
0.029583
0.032660
0.030214
0.030293
0.041330
0.030314
0.042089
0.030335
0.030794
0.055019
0.027857
0.040596
0.030529
0.030718
0.030666
0.041971
0.048929
0.035671
0.035363
0.036580
0.036808
0.030020
0.048459
0.053643
0.042009
0.034853
0.033916
0.031163
0.030384
0.054971
0.042226
0.030545
0.029959
0.037539
0.044726
0.033016
0.029083
0.045745
0.031627
0.044222
0.040248
0.031494
0.029265
0.030003
0.050782
0.036286
0.031658
0.034159
0.033407
0.031061
0.029794
0.030408
0.041875
0.033765
0.030328
0.030065
0.041799
0.032347
0.029665
0.050117
0.034698
0.044564
0.036765
0.034100
0.031438
0.035313
0.031428
0.047621
0.035666
0.029449
0.029683
0.029112
0.026202
0.030248
0.043288
0.033847
0.031334
0.029984
0.032326
0.032396
0.032533
0.031588
0.033341
0.047331
0.038212
0.030026
0.044745
0.037553
0.035815
0.035823
0.037484
0.036544
0.036244
0.036294
0.043822
0.034660
0.033309
0.035598
0.039580
0.033473
0.042144
0.042557
0.030653
0.032752
0.032363
0.032140
0.037589
0.029596
0.031415
0.043079
0.040062
0.032483
0.030651
0.031001
0.029598
0.029051
0.030946
0.035770
0.043812
0.035103
0.031318
0.048287
0.036778
0.033137
0.045582
0.038775
0.032166
0.042119
0.031451
0.029948
0.030072
0.030139
0.032708
0.031882
0.043257
0.043375
0.033591
0.030000
0.028855
0.030205
0.030475
0.029907
0.029432
0.035689
0.043957
0.032096
0.032881
0.026879
0.033740
0.030529
0.031023
0.034124
0.029100
0.028528
0.030767
0.030728
0.029866
0.041749
0.037848
0.029832
0.029553
0.037964
0.031858
0.032050
0.029036
0.033125
0.028728
0.028980
0.032786
0.029370
0.029389
0.030238
0.024252
0.038741
0.033756
0.031705
0.023811
0.026607
0.045157
0.039917
0.031905
0.041012
0.030596
0.040591
0.034504
0.041839
0.050331
0.040057
0.035704
0.041054
0.032620
0.047331
0.045659
0.037190
0.042576
0.043887
0.049717
0.046968
0.036464
0.039949
0.033120
0.029384
0.029339
0.030369
0.050865
0.045235
0.035686
0.039755
0.028061
0.027128
0.029914
0.032729
0.030672
0.028432
0.030095
0.029268
0.032720
0.036619
0.028511
0.028016
0.041729
0.035303
0.033692
0.042234
0.045422
0.032465
0.043428
0.044192
0.043717
0.035553
0.031559
0.045404
0.039078
0.034549
0.030714
0.031418
0.034932
0.034620
0.034039
0.038479
0.040038
0.040853
0.044425
0.036971
0.029831
0.037212
0.041902
0.032534
0.044499
0.032958
0.030772
0.032021
0.030577
0.030490
0.030353
0.029571
0.030542
0.029718
0.029536
0.028939
0.035035
0.030841
0.031310
0.031793
0.050350
0.036528
0.031384
0.037151
0.031119
0.027956
0.028870
0.029459
0.045916
0.037436
0.029041
0.042596
0.042214
0.030779
0.049079
0.041751
0.035934
0.034899
0.034463
0.041004
0.042238
0.038291
0.030283
0.029807
0.030084
0.037439
0.030085
0.030754
0.032242
0.029616
0.042789
0.041879
0.030741
0.030219
0.028494
0.029118
0.041213
0.032022
0.029767
0.028901
0.031518
0.036623
0.031087
0.028122
0.029094
0.028971
0.029182
0.025519
0.029520
0.030598
0.031439
0.036534
0.032369
0.030712
0.029038
0.029966
0.031155
0.031126
0.032300
0.034197
0.031073
0.040242
0.032723
0.031119
0.030239
0.044003
0.044086
0.028931
0.030785
0.031870
0.030958
0.032673
0.032032
0.041644
0.044050
0.048699
0.031713
0.033145
0.032396
0.030897
0.032094
0.031514
0.038557
0.043413
0.036805
0.040099
0.033604
0.030338
0.030658
0.048268
0.033990
0.032541
0.031975
0.029862
0.031337
0.030528
0.030166
0.029976
0.030087
0.034505
0.029049
0.028308
0.035088
0.049134
0.042301
0.033574
0.029911
0.029690
0.038774
0.034333
0.029872
0.030375
0.035789
0.039171
0.032353
0.032753
0.030608
0.033105
0.029576
0.029420
0.029186
0.029939
0.039426
0.029325
0.029459
0.034000
0.044378
0.041713
0.038805
0.035519
0.030899
0.028905
0.029146
0.028879
0.028890
0.028666
0.046078
0.029726
0.041775
0.034072
0.031207
0.030629
0.031221
0.030267
0.049987
0.041979
0.041771
0.043654
0.035882
0.030866
0.032430
0.035861
0.034100
0.031919
0.031149
0.036255
0.034184
0.030286
0.040433
0.031157
0.029487
0.032016
0.030320
0.030524
0.042987
0.040105
0.031780
0.043154
0.038988
0.036225
0.040180
0.032563
0.041478
0.030766
0.040244
0.029420
0.037636
0.030920
0.029640
0.037650
0.027287
0.036627
0.039336
0.043073
0.033986
0.038236
0.031066
0.027777
0.037497
0.044129
0.040930
0.041393
0.029956
0.032109
0.031988
0.033253
0.032725
0.030763
0.028112
0.038747
