492	378	177	174
497	373	179	171
508	372	183	172
524	371	184	172
540	370	184	172
554	373	184	173
572	376	181	174
588	388	183	168
605	391	184	170
625	400	189	171
644	400	192	176
666	404	189	182
688	406	191	179
714	411	194	177
745	414	190	174
775	415	167	163
797	410	178	164
815	404	169	155
826	398	172	155
835	395	178	160
846	385	192	156
856	374	197	154
841	358	229	150
832	339	250	153
839	318	253	157
837	302	233	168
825	301	222	168
831	289	220	154
833	273	189	147
824	215	187	197
716	211	241	193
765	185	251	199
629	165	294	237
767	165	321	280
575	175	291	235
605	178	230	192
594	173	231	179
594	176	204	172
532	160	155	167
538	172	129	155
507	191	130	131
470	200	156	124
447	220	168	108
429	234	174	106
415	255	178	112
456	274	132	107
440	300	154	118
455	300	160	135
446	337	169	142
470	335	172	165
478	355	180	171
501	362	180	185
524	379	176	192
547	390	188	194
573	402	181	168
605	393	181	184
631	402	189	176
663	402	182	166
702	384	174	157
728	382	184	159
759	373	174	152
776	343	195	159
809	330	190	147
832	300	191	154
820	275	196	144
816	249	184	134
805	219	187	139
808	186	162	147
774	168	141	149
749	141	126	175
705	163	151	148
651	148	122	158
604	163	128	145
554	163	133	156
508	180	134	146
488	188	117	148
448	216	135	126
419	239	155	122
395	267	172	124
400	295	163	129
415	322	150	146
415	358	150	148
429	383	173	160
451	399	168	161
483	406	179	169
533	424	156	154
580	430	172	168
622	430	175	169
666	429	169	160
713	416	171	191
725	388	194	183
744	363	191	162
777	344	178	146
802	306	170	158
809	283	165	153
796	252	150	133
792	238	150	130
787	216	130	119
746	199	127	117
726	164	108	139
708	172	135	125
677	166	143	140
657	137	154	163
617	155	156	156
578	168	134	155
522	166	129	156
484	190	126	141
456	203	127	146
425	239	151	126
393	270	161	124
371	312	167	123
372	346	153	138
360	394	161	145
324	441	189	166
313	480	201	173
343	501	188	166
369	511	186	185
372	518	193	189
394	528	183	191
434	546	199	173
482	535	185	178
516	519	198	191
543	498	199	184
576	473	197	175
612	441	173	167
624	407	165	153
631	388	151	139
616	360	155	129
611	342	141	119
607	321	133	127
596	304	126	135
568	292	164	142
551	282	155	149
494	261	175	156
451	260	141	144
416	260	174	125
437	244	200	145
478	220	325	332
390	94	616	625
277	0	996	720
169	0	1110	720
8	0	1271	720
0	0	1280	720
0	0	1280	720
0	0	1280	720
0	0	1280	720
0	0	1280	720
0	0	1280	720
0	0	1280	720
0	0	1280	720
0	0	1280	720
0	0	1280	720
0	0	1280	720
0	0	1280	720
0	0	1280	720
0	0	1280	720
0	0	1280	720
0	0	1280	720
0	0	1280	720
0	0	1280	720
0	0	1280	720
0	0	1280	720
0	0	1280	720
0	0	1280	720
0	0	1280	720
0	0	1280	720
0	0	1280	720
0	0	1280	720
0	0	1280	720
0	0	1280	720
0	0	1280	720
0	0	1280	720
0	0	1280	720
0	0	1280	720
0	0	1280	720
0	0	1280	720
0	0	1280	720
0	0	1280	720
0	0	1280	720
0	0	1280	720
0	0	1280	720
0	0	1280	720
0	0	1280	720
0	0	1280	720
0	0	1280	720
0	0	1280	720
0	0	1280	720
73	0	1206	720
24	0	1255	720
0	0	1280	720
0	0	1280	720
0	0	1280	720
0	0	1280	720
54	0	1225	720
78	0	1201	720
0	0	1280	720
0	0	1280	720
67	0	1212	720
71	0	1208	720
0	0	1280	720
34	0	1245	720
0	0	1280	720
0	0	1280	720
0	0	1280	720
0	0	1280	720
0	0	1280	720
0	0	1280	720
0	0	1280	720
0	0	1280	720
0	0	1280	720
0	0	1280	720
0	0	1280	720
0	0	1280	720
0	0	1280	720
0	0	1280	720
0	0	1280	720
0	0	1280	720
0	0	1280	720
0	0	1280	720
0	0	1280	720
0	0	1280	720
0	0	1280	720
0	0	1280	720
0	0	1280	720
0	0	1280	720
0	0	1280	720
0	0	1280	720
0	0	1280	720
0	0	1280	720
0	0	1280	720
0	0	1280	720
0	0	1280	720
0	0	1280	720
0	0	1280	720
0	0	1280	720
0	0	1280	720
0	0	1280	720
0	0	1280	720
0	0	1280	720
0	0	1280	720
0	0	1280	720
0	0	1280	720
0	0	1280	720
0	0	1280	720
37	0	1242	720
139	0	1140	720
441	0	838	720
240	0	1039	720
224	0	1055	720
145	0	1134	720
359	0	920	720
212	79	928	640
364	145	743	436
441	244	250	225
444	265	166	154
448	267	148	150
437	260	134	153
426	264	129	154
400	274	135	155
368	276	150	169
348	282	169	171
334	296	167	166
331	301	164	178
324	328	170	154
340	342	155	152
348	349	157	156
337	352	177	154
341	351	168	149
334	352	168	158
318	356	175	154
329	364	166	165
333	373	166	165
294	388	191	164
315	402	185	163
351	404	162	173
356	416	166	175
364	434	166	174
371	442	166	185
382	461	167	182
394	480	171	175
389	481	178	200
400	504	183	196
430	513	183	190
464	519	187	187
501	524	190	180
547	539	181	162
584	535	161	164
611	509	159	210
620	496	153	203
621	474	171	225
614	462	218	234
645	448	211	251
671	439	196	253
692	408	216	253
720	405	280	224
561	372	334	258
658	325	373	329
424	331	459	319
565	406	342	245
671	377	206	175
692	330	222	197
593	296	272	233
630	317	260	219
636	325	231	188
568	277	277	240
503	250	324	256
623	226	373	325
427	136	509	419
500	200	462	295
575	201	424	259
532	262	253	169
539	251	150	143
543	250	159	148
537	240	158	156
538	227	145	162
531	222	140	164
528	217	137	161
516	221	140	147
524	225	153	147
493	215	175	168
504	230	175	150
492	232	179	142
519	254	172	124
514	271	163	118
488	268	169	138
487	272	160	138
502	278	154	130
491	281	156	126
471	280	162	131
476	283	155	132
470	282	182	137
482	295	180	139
499	304	169	148
502	307	186	159
503	311	173	158
520	333	179	176
566	348	159	172
599	365	156	168
613	383	180	169
615	392	190	179
631	387	177	175
663	392	158	166
689	393	160	142
711	378	159	137
719	353	155	147
716	339	161	144
713	321	159	145
720	300	150	146
711	286	158	142
702	277	163	145
675	256	171	148
688	239	150	161
690	234	159	178
684	239	166	143
700	227	152	120
674	209	160	128
639	181	138	119
627	159	148	140
637	157	122	112
632	129	144	142
608	143	121	114
614	112	160	156
583	111	169	119
547	101	145	130
538	103	112	123
521	96	111	142
503	103	116	136
487	108	119	130
479	112	115	123
470	116	119	102
456	111	124	85
468	109	108	108
456	113	123	119
434	139	128	128
412	132	148	143
401	137	137	136
374	128	152	141
366	142	144	131
353	141	143	140
350	136	144	148
368	119	132	168
355	136	146	161
341	139	144	180
322	146	150	180
318	148	159	173
318	156	169	168
329	166	171	159
330	179	180	144
334	198	164	133
311	199	174	131
349	213	156	126
367	222	152	127
399	219	146	137
423	225	145	140
449	230	145	148
473	234	145	145
485	240	149	147
496	246	155	146
509	251	153	148
490	270	166	135
527	273	162	151
478	280	201	144
453	285	211	152
439	292	224	169
440	307	235	181
454	310	243	186
478	309	245	201
520	299	208	216
533	285	216	213
550	277	219	216
585	297	181	185
628	279	154	188
646	284	151	156
641	275	160	175
674	294	143	151
674	285	153	149
673	284	157	147
667	277	153	149
690	291	145	139
716	284	146	147
742	278	144	144
766	283	155	141
791	287	180	147
798	276	186	143
802	264	186	145
717	241	224	151
751	214	199	184
723	203	242	189
696	184	269	216
759	232	151	196
743	210	212	165
692	191	257	177
721	187	218	200
704	193	225	184
695	203	228	147
689	195	249	147
613	185	245	142
666	182	186	144
655	183	158	125
641	181	148	129
642	174	148	134
635	168	142	142
625	164	140	150
607	160	139	160
586	156	142	157
567	156	142	153
559	163	133	154
550	153	123	170
537	159	124	166
524	159	125	174
506	159	125	167
487	162	135	137
480	173	141	123
454	182	147	129
438	190	144	140
418	191	152	152
416	202	156	140
416	220	151	124
413	235	157	140
404	255	157	124
397	261	160	138
404	269	146	145
429	273	146	154
456	284	150	159
488	298	139	156
513	334	150	138
531	347	156	129
556	358	154	131
586	361	159	144
648	339	178	174
683	324	170	171
452	296	195	184
682	343	157	133
733	305	170	175
782	288	163	186
601	307	159	159
750	312	151	150
780	291	154	172
562	287	146	179
729	274	174	180
719	243	195	165
480	272	195	184
677	221	225	214
496	188	291	228
728	215	330	301
502	118	424	347
433	119	509	423
377	0	715	685
20	0	1259	720
0	0	1280	720
0	0	1280	720
0	0	1280	720
0	0	1280	720
0	0	1280	720
0	0	1280	720
0	0	1280	720
0	0	1280	720
0	0	1280	720
0	0	1280	720
0	0	1280	720
0	0	1280	720
0	0	1280	720
0	0	1280	720
0	0	1280	720
0	0	1280	720
0	0	1280	720
0	0	1280	720
0	0	1280	720
0	0	1280	720
0	0	1280	720
0	0	1280	720
0	0	1280	720
0	0	1280	720
0	0	1280	720
0	0	1280	720
0	0	1280	720
0	0	1280	720
0	0	1280	720
0	0	1280	720
0	0	1280	720
0	0	1280	720
0	0	1280	720
0	0	1280	720
0	0	1280	720
0	0	1280	720
0	0	1280	720
0	0	1280	720
0	0	1280	720
0	0	1280	720
0	0	1280	720
0	0	1280	720
0	0	1280	720
0	0	1280	720
0	0	1280	720
0	0	1280	720
0	0	1280	720
0	0	1280	720
0	0	1280	720
0	0	1280	720
0	0	1280	720
0	0	1280	720
0	0	1280	720
0	0	1280	720
0	0	1280	720
0	0	1280	720
0	0	1280	720
0	0	1280	720
0	0	1280	720
0	0	1280	720
0	0	1280	720
0	0	1280	720
0	0	1280	720
0	0	1280	720
0	0	1280	720
0	0	1280	720
0	0	1280	720
0	0	1280	720
0	0	1280	720
0	0	1280	720
0	0	1280	720
0	0	1280	720
0	0	1280	720
0	0	1280	720
0	0	1280	720
0	0	1280	720
0	0	1280	720
0	0	1280	720
0	0	1280	720
0	0	1280	720
0	0	1280	720
0	0	1280	720
0	0	1280	720
0	0	1280	720
0	0	1280	720
0	0	1280	720
0	0	1280	720
0	0	1280	720
0	0	1280	720
0	0	1280	720
0	0	1280	720
0	0	1280	720
0	0	1280	720
0	0	1280	720
0	0	1280	720
0	0	1280	720
0	0	1280	720
0	0	1280	720
0	0	1280	720
0	0	1280	720
0	0	1280	720
0	0	1280	720
0	0	1280	720
0	0	1280	720
0	0	1280	720
0	0	1280	720
0	0	1280	720
0	0	1280	720
0	0	1280	720
0	0	1280	720
0	0	1280	720
0	0	1280	720
0	0	1280	720
0	0	1280	720
0	0	1280	720
0	0	1280	720
0	0	1280	720
0	0	1280	720
0	0	1280	720
0	0	1280	720
0	0	1280	720
0	0	1280	720
0	0	1280	720
0	0	1280	720
0	0	1280	720
0	0	1280	720
0	0	1280	720
0	0	1280	720
0	0	1280	720
0	0	1280	720
0	0	1280	720
0	0	1280	720
0	0	1280	720
0	0	1280	720
0	0	1280	720
0	0	1280	720
0	0	1280	720
0	0	1280	720
0	0	1280	720
0	0	1280	720
0	0	1280	720
0	0	1280	720
0	0	1280	720
0	0	1280	720
0	0	1280	720
0	0	1280	720
0	0	1280	720
0	0	1280	720
0	0	1280	720
0	0	1280	720
0	0	1280	720
0	0	1280	720
0	0	1280	720
0	0	1280	720
0	0	1280	720
0	0	1280	720
0	0	1280	720
0	0	1280	720
0	0	1280	720
0	0	1280	720
0	0	1280	720
0	0	1280	720
0	0	1280	720
0	0	1280	720
0	0	1280	720
0	0	1280	720
0	0	1280	720
0	0	1280	720
0	0	1280	720
0	0	1280	720
0	0	1280	720
0	0	1280	720
0	0	1280	720
0	0	1280	720
0	0	1280	720
0	0	1280	720
0	0	1280	720
0	0	1280	720
0	0	1280	720
0	0	1280	720
0	0	1280	720
0	0	1280	720
0	0	1280	720
0	0	1280	720
0	0	1280	720
0	0	1280	720
0	0	1280	720
0	0	1280	720
0	0	1280	720
0	0	1280	720
0	0	1280	720
0	0	1280	720
0	0	1280	720
0	0	1280	720
0	0	1280	720
0	0	1280	720
0	0	1280	720
0	0	1280	720
0	0	1280	720
0	0	1280	720
0	0	1280	720
0	0	1280	720
0	0	1280	720
0	0	1280	720
0	0	1280	720
0	0	1280	720
0	0	1280	720
0	0	1280	720
0	0	1280	720
0	0	1280	720
0	0	1280	720
0	0	1280	720
0	0	1280	720
0	0	1280	720
0	0	1280	720
0	0	1280	720
0	0	1280	720
0	0	1280	720
0	0	1280	720
0	0	1280	720
0	0	1280	720
0	0	1280	720
0	0	1280	720
0	0	1280	720
0	0	1280	720
0	0	1280	720
0	0	1280	720
0	0	1280	720
0	0	1280	720
0	0	1280	720
0	0	1280	720
0	0	1280	720
0	0	1280	720
0	0	1280	720
0	0	1280	720
0	0	1280	720
0	0	1280	720
0	0	1280	720
0	0	1280	720
0	0	1280	720
0	0	1280	720
0	0	1280	720
0	0	1280	720
0	0	1280	720
0	0	1280	720
0	0	1280	720
0	0	1280	720
0	0	1280	720
0	0	1280	720
0	0	1280	720
0	0	1280	720
0	0	1280	720
0	0	1280	720
0	0	1280	720
0	0	1280	720
0	0	1280	720
0	0	1280	720
0	0	1280	720
0	0	1280	720
0	0	1280	720
0	0	1280	720
0	0	1280	720
0	0	1280	720
0	0	1280	720
0	0	1280	720
0	0	1280	720
0	0	1280	720
0	0	1280	720
0	0	1280	720
0	0	1280	720
0	0	1280	720
0	0	1280	720
0	0	1280	720
0	0	1280	720
0	0	1280	720
0	0	1280	720
0	0	1280	720
0	0	1280	720
0	0	1280	720
0	0	1157	720
0	0	1109	720
0	0	966	720
0	0	1227	720
0	0	1280	720
0	0	1280	720
0	0	1280	720
0	0	1280	720
0	0	1280	720
0	0	1280	720
0	0	1280	720
0	0	1280	720
0	0	1280	720
0	0	1280	720
0	0	1280	720
0	0	1280	720
0	0	1280	720
0	0	1280	720
0	0	1280	720
0	0	1280	720
0	0	1280	720
0	0	1280	720
0	0	1280	720
0	0	1280	720
0	0	1280	720
0	0	1280	720
0	0	1280	720
0	0	1280	720
0	0	1280	720
0	0	1280	720
0	0	1280	720
0	0	1280	720
0	0	1280	720
0	0	1280	720
0	0	1113	720
0	0	1195	720
0	0	1280	720
0	0	1280	720
0	0	1280	720
0	0	1280	720
0	0	1247	720
0	0	1093	720
0	0	1091	720
0	0	1015	720
0	0	971	720
0	0	1111	720
0	0	1280	720
0	0	1280	720
0	0	1280	720
0	0	1280	720
0	0	1280	720
0	0	1280	720
0	0	1280	720
0	0	1280	720
0	0	1252	720
0	0	1129	720
0	0	1073	720
0	0	1280	720
0	0	1157	720
0	0	1183	720
0	0	1189	720
0	0	1280	720
0	0	1235	720
0	0	1163	720
0	0	1156	720
0	0	1123	720
0	0	990	720
0	0	1280	720
0	0	1098	720
0	0	1280	720
0	0	1216	720
0	0	1280	720
0	0	1125	720
0	0	1261	720
153	0	1126	720
0	0	1280	720
0	0	1147	720
4	0	1107	720
0	0	1143	720
0	0	1280	720
0	0	1144	720
0	0	1061	720
0	0	1280	720
0	0	1127	720
0	0	1280	720
0	0	1123	720
0	0	1280	720
0	0	936	720
0	0	1280	720
0	0	558	720
0	0	764	689
13	140	511	391
42	168	393	251
133	179	276	205
195	208	174	173
222	206	197	166
259	207	184	155
273	201	188	144
301	190	187	152
331	183	179	147
350	182	193	147
382	169	191	147
382	149	186	146
380	127	179	147
381	113	173	135
388	92	177	126
406	73	162	120
408	53	149	114
396	35	143	112
382	27	139	114
361	20	129	122
338	11	129	137
315	0	118	149
288	0	134	139
267	0	135	138
239	11	131	132
229	4	140	164
216	22	145	144
236	26	123	174
149	34	171	166
133	39	217	188
4	102	302	246
265	71	359	341
49	65	322	254
213	32	388	370
35	0	525	456
308	0	632	575
0	0	1027	720
0	0	1280	720
0	0	1199	720
0	0	1070	720
0	0	1280	720
0	0	1280	720
0	0	1280	720
0	0	1280	720
0	0	1280	720
0	0	1280	720
0	0	1280	720
0	0	1280	720
0	0	1280	720
0	0	1280	720
0	0	1280	720
0	0	1245	720
0	0	1231	720
0	0	1280	720
0	0	1280	720
0	0	1280	720
0	0	1280	720
0	0	1280	720
0	0	1280	720
0	0	1280	720
0	0	1280	720
0	0	1280	720
0	0	1280	720
0	0	1280	720
0	0	1280	720
0	0	1280	720
0	0	1280	720
0	0	1280	720
0	0	1280	720
0	0	1280	720
0	0	1280	720
0	0	1280	720
0	0	1280	720
0	0	1280	720
0	0	1280	720
0	0	1280	720
0	0	1280	720
0	0	1280	720
0	0	1280	720
0	0	1280	720
0	0	1280	720
0	0	1280	720
0	0	1280	720
0	0	1280	720
0	0	1280	720
0	0	1280	720
0	0	1280	720
0	0	1280	720
0	0	1280	720
0	0	1280	720
0	0	1280	720
0	0	1280	720
0	0	1280	720
0	0	1280	720
0	0	1280	720
0	0	1280	720
0	0	1280	720
0	0	1280	720
0	0	1280	720
0	0	1280	720
0	0	1280	720
0	0	1280	720
0	0	1280	720
0	0	1280	720
0	0	1280	720
0	0	1280	720
0	0	1280	720
0	0	1280	720
0	0	1280	720
0	0	1280	720
0	0	1280	720
0	0	1280	720
0	0	1280	720
0	0	1280	720
0	0	1280	720
0	0	1280	720
0	0	1280	720
0	0	1280	720
0	0	1280	720
0	0	1280	720
0	0	1280	720
0	0	1280	720
0	0	1280	720
0	0	1280	720
0	0	1280	720
0	0	1280	720
0	0	1280	720
0	0	1280	720
0	0	1280	720
0	0	1280	720
0	0	1280	720
0	0	1280	720
0	0	1280	720
0	0	1280	720
0	0	1280	720
0	0	1280	720
0	0	1280	720
0	0	1280	720
0	0	1280	720
0	0	1280	720
0	0	1280	720
0	0	1280	720
0	0	1280	720
0	0	1280	720
0	0	1280	720
0	0	1280	720
0	0	1280	720
0	0	1280	720
0	0	1280	720
0	0	1280	720
0	0	1280	720
0	0	1280	720
0	0	1280	720
0	0	1280	720
0	0	1280	720
0	0	1280	720
0	0	1280	720
0	0	1280	720
0	0	1280	720
0	0	1280	720
0	0	1280	720
0	0	1280	720
0	0	1280	720
0	0	1280	720
0	0	1280	720
0	0	1280	720
0	0	1280	720
0	0	1280	720
0	0	1280	720
0	0	1280	720
0	0	1280	720
0	0	1280	720
0	0	1280	720
0	0	1280	720
0	0	1280	720
0	0	1280	720
0	0	1280	720
0	0	1280	720
0	0	1280	720
0	0	1280	720
0	0	1280	720
0	0	1280	720
0	0	1280	720
0	0	1280	720
0	0	1280	720
0	0	1280	720
0	0	1280	720
0	0	1280	720
0	0	1280	720
0	0	1280	720
0	0	1280	720
0	0	1280	720
0	0	1280	720
0	0	1280	720
0	0	1280	720
0	0	1280	720
0	0	1280	720
0	0	1280	720
0	0	1280	720
0	0	1280	720
0	0	1280	720
0	0	1280	720
0	0	1280	720
0	0	1280	720
0	0	1280	720
0	0	1280	720
0	0	1280	720
0	0	1280	720
0	0	1280	720
0	0	1280	720
0	0	1280	720
0	0	1280	720
0	0	1280	720
0	0	1280	720
0	0	1280	720
0	0	1280	720
0	0	1280	720
0	0	1280	720
0	0	1280	720
0	0	1280	720
0	0	1280	720
0	0	1280	720
0	0	1280	720
0	0	1280	720
0	0	1280	720
0	0	1280	720
0	0	1280	720
0	0	1280	720
0	0	1280	720
0	0	1280	720
0	0	1280	720
0	0	1280	720
0	0	1280	720
0	0	1280	720
0	0	1280	720
0	0	1280	720
0	0	1280	720
0	0	1280	720
0	0	1280	720
0	0	1280	720
0	0	1280	720
0	0	1280	720
0	0	1280	720
0	0	1280	720
0	0	1280	720
0	0	1280	720
0	0	1280	720
0	0	1280	720
0	0	1280	720
0	0	1280	720
0	0	1280	720
0	0	1280	720
0	0	1280	720
0	0	1280	720
0	0	1280	720
0	0	1280	720
0	0	1280	720
0	0	1280	720
0	0	1280	720
0	0	1280	720
0	0	1280	720
0	0	1280	720
0	0	1280	720
0	0	1280	720
0	0	1280	720
0	0	1280	720
0	0	1280	720
0	0	1280	720
0	0	1280	720
0	0	1280	720
0	0	1280	720
0	0	1280	720
0	0	1280	720
0	0	1280	720
0	0	1280	720
0	0	1280	720
0	0	1280	720
0	0	1280	720
0	0	1280	720
0	0	1280	720
0	0	1280	720
0	0	1280	720
0	0	1280	720
0	0	1280	720
0	0	1280	720
0	0	1280	720
0	0	1280	720
0	0	1280	720
0	0	1280	720
0	0	1280	720
0	0	1280	720
0	0	1280	720
0	0	1280	720
0	0	1280	720
0	0	1280	720
0	0	1280	720
0	0	1280	720
0	0	1280	720
0	0	1280	720
0	0	1280	720
0	0	1280	720
0	0	1280	720
0	0	1280	720
0	0	1280	720
0	0	1280	720
0	0	1280	720
0	0	1280	720
0	0	1280	720
0	0	1280	720
0	0	1280	720
0	0	1280	720
0	0	1280	720
0	0	1280	720
0	0	1280	720
0	0	1280	720
0	0	1280	720
0	0	1280	720
0	0	1280	720
0	0	1280	720
0	0	1280	720
0	0	1280	720
0	0	1280	720
0	0	1280	720
0	0	1280	720
0	0	1280	720
0	0	1280	720
0	0	1280	720
0	0	1280	720
0	0	1280	720
0	0	1280	720
0	0	1280	720
0	0	1280	720
0	0	1280	720
0	0	1280	720
0	0	1280	720
0	0	1280	720
0	0	1280	720
0	0	1280	720
0	0	1280	720
0	0	1280	720
0	0	1280	720
0	0	1280	720
0	0	1280	720
0	0	1280	720
0	0	1280	720
0	0	1280	720
0	0	1280	720
0	0	1280	720
0	0	1280	720
0	0	1280	720
0	0	1280	720
0	0	1280	720
0	0	1280	720
0	0	1280	720
0	0	1280	720
0	0	1280	720
0	0	1280	720
0	0	1280	720
0	0	1280	720
0	0	1280	720
0	0	1280	720
0	0	1280	720
0	0	1280	720
0	0	1280	720
0	0	1280	720
0	0	1280	720
0	0	1280	720
0	0	1280	720
0	0	1280	720
0	0	1280	720
0	0	1280	720
0	0	1280	720
0	0	1280	720
0	0	1280	720
0	0	1280	720
0	0	1280	720
0	0	1280	720
0	0	1280	720
0	0	1280	720
0	0	1280	720
0	0	1280	720
0	0	1280	720
0	0	1280	720
0	0	1280	720
0	0	1280	720
0	0	1280	720
0	0	1280	720
0	0	1280	720
0	0	1280	720
0	0	1280	720
0	0	1280	720
0	0	1280	720
0	0	1280	720
0	0	1280	720
0	0	1280	720
0	0	1280	720
0	0	1280	720
0	0	1280	720
0	0	1280	720
0	0	1280	720
0	0	1280	720
0	0	1280	720
0	0	1280	720
0	0	1280	720
0	0	1280	720
0	0	1280	720
0	0	1280	720
0	0	1280	720
0	0	1280	720
0	0	1280	720
0	0	1280	720
0	0	1280	720
0	0	1280	720
0	0	1280	720
0	0	1280	720
0	0	1280	720
0	0	1280	720
0	0	1280	720
0	0	1280	720
0	0	1280	720
0	0	1280	720
0	0	1280	720
0	0	1280	720
0	0	1280	720
0	0	1280	720
0	0	1280	720
0	0	1280	720
0	0	1280	720
0	0	1280	720
0	0	1280	720
0	0	1280	720
0	0	1280	720
0	0	1280	720
0	0	1280	720
0	0	1280	720
0	0	1280	720
0	0	1280	720
0	0	1280	720
0	0	1280	720
0	0	1280	720
0	0	1280	720
0	0	1280	720
0	0	1280	720
0	0	1280	720
0	0	1280	720
0	0	1280	720
0	0	1280	720
0	0	1280	720
0	0	1280	720
0	0	1280	720
0	0	1280	720
0	0	1280	720
0	0	1280	720
0	0	1280	720
0	0	1280	720
0	0	1280	720
0	0	1280	720
0	0	1280	720
0	0	1280	720
0	0	1280	720
0	0	1280	720
0	0	1280	720
0	0	1280	720
0	0	1280	720
0	0	1280	720
0	0	1280	720
0	0	1280	720
0	0	1280	720
0	0	1280	720
0	0	1280	720
0	0	1280	720
0	0	1280	720
0	0	1280	720
0	0	1280	720
0	0	1280	720
0	0	1280	720
0	0	1280	720
0	0	1280	720
0	0	1280	720
0	0	1280	720
0	0	1280	720
0	0	1280	720
0	0	1280	720
0	0	1280	720
0	0	1280	720
0	0	1280	720
0	0	1280	720
0	0	1280	720
0	0	1280	720
0	0	1280	720
0	0	1280	720
0	0	1280	720
0	0	1280	720
0	0	1280	720
0	0	1280	720
0	0	1280	720
0	0	1280	720
0	0	1280	720
0	0	1280	720
0	0	1280	720
0	0	1280	720
0	0	1280	720
0	0	1280	720
0	0	1280	720
0	0	1280	720
0	0	1280	720
0	0	1280	720
0	0	1280	720
0	0	1280	720
0	0	1280	720
0	0	1280	720
0	0	1280	720
0	0	1280	720
0	0	1280	720
0	0	1280	720
0	0	1280	720
0	0	1280	720
0	0	1280	720
0	0	1280	720
0	0	1280	720
0	0	1280	720
0	0	1280	720
0	0	1280	720
0	0	1280	720
0	0	1280	720
0	0	1280	720
0	0	1280	720
0	0	1280	720
0	0	1280	720
0	0	1280	720
0	0	1280	720
0	0	1280	720
0	0	1280	720
0	0	1280	720
0	0	1280	720
0	0	1280	720
0	0	1280	720
0	0	1280	720
0	0	1280	720
0	0	1280	720
0	0	1280	720
0	0	1280	720
0	0	1280	720
0	0	1280	720
0	0	1280	720
0	0	1280	720
0	0	1280	720
0	0	1280	720
0	0	1280	720
0	0	1280	720
0	0	1280	720
0	0	1280	720
0	0	1280	720
0	0	1280	720
0	0	1280	720
0	0	1280	720
0	0	1280	720
0	0	1280	720
0	0	1280	720
0	0	1280	720
0	0	1280	720
0	0	1280	720
0	0	1280	720
0	0	1280	720
0	0	1280	720
0	0	1280	720
0	0	1280	720
0	0	1280	720
0	0	1280	720
0	0	1280	720
0	0	1280	720
0	0	1280	720
0	0	1280	720
0	0	1280	720
0	0	1280	720
0	0	1280	720
0	0	1280	720
0	0	1280	720
0	0	1280	720
0	0	1280	720
0	0	1280	720
0	0	1280	720
0	0	1280	720
0	0	1280	720
0	0	1280	720
0	0	1280	720
0	0	1280	720
0	0	1280	720
0	0	1280	720
0	0	1280	720
0	0	1280	720
0	0	1280	720
0	0	1280	720
0	0	1280	720
0	0	1280	720
0	0	1280	720
0	0	1280	720
0	0	1280	720
0	0	1280	720
0	0	1280	720
0	0	1280	720
0	0	1280	720
0	0	1280	720
0	0	1280	720
0	0	1280	720
0	0	1280	720
0	0	1280	720
0	0	1280	720
0	0	1280	720
0	0	1280	720
0	0	1280	720
0	0	1280	720
0	0	1280	720
0	0	1280	720
0	0	1280	720
0	0	1280	720
0	0	1280	720
0	0	1280	720
0	0	1280	720
0	0	1280	720
0	0	1280	720
0	0	1280	720
0	0	1280	720
0	0	1280	720
0	0	1280	720
0	0	1280	720
0	0	1280	720
0	0	1280	720
0	0	1280	720
0	0	1280	720
0	0	1280	720
0	0	1280	720
0	0	1280	720
0	0	1280	720
0	0	1280	720
0	0	1280	720
0	0	1280	720
0	0	1280	720
0	0	1280	720
0	0	1280	720
0	0	1280	720
0	0	1280	720
0	0	1280	720
0	0	1280	720
0	0	1280	720
0	0	1280	720
0	0	1280	720
0	0	1280	720
0	0	1280	720
0	0	1280	720
0	0	1280	720
0	0	1280	720
0	0	1280	720
0	0	1280	720
0	0	1280	720
0	0	1280	720
0	0	1280	720
0	0	1280	720
0	0	1280	720
0	0	1280	720
0	0	1280	720
0	0	1280	720
0	0	1280	720
0	0	1280	720
0	0	1280	720
0	0	1280	720
0	0	1280	720
0	0	1280	720
0	0	1280	720
0	0	1280	720
0	0	1280	720
0	0	1280	720
0	0	1280	720
0	0	1280	720
0	0	1280	720
0	0	1280	720
0	0	1280	720
0	0	1280	720
0	0	1280	720
0	0	1280	720
0	0	1280	720
0	0	1280	720
0	0	1280	720
0	0	1280	720
0	0	1280	720
0	0	1280	720
0	0	1280	720
0	0	1280	720
0	0	1280	720
0	0	1280	720
0	0	1280	720
0	0	1280	720
0	0	1280	720
0	0	1280	720
0	0	1280	720
0	0	1280	720
0	0	1280	720
0	0	1280	720
0	0	1280	720
0	0	1280	720
0	0	1280	720
0	0	1280	720
0	0	1280	720
0	0	1280	720
0	0	1280	720
0	0	1280	720
0	0	1280	720
0	0	1280	720
0	0	1280	720
0	0	1280	720
0	0	1280	720
0	0	1280	720
0	0	1280	720
0	0	1280	720
0	0	1280	720
0	0	1280	720
0	0	1280	720
0	0	1280	720
0	0	1280	720
0	0	1280	720
0	0	1280	720
0	0	1280	720
0	0	1280	720
0	0	1280	720
0	0	1280	720
0	0	1280	720
0	0	1280	720
0	0	1280	720
0	0	1280	720
0	0	1280	720
0	0	1280	720
0	0	1280	720
0	0	1280	720
0	0	1280	720
0	0	1280	720
0	0	1280	720
0	0	1280	720
0	0	1280	720
0	0	1280	720
0	0	1280	720
0	0	1280	720
0	0	1280	720
0	0	1280	720
0	0	1280	720
0	0	1280	720
0	0	1280	720
0	0	1280	720
0	0	1280	720
0	0	1280	720
0	0	1280	720
0	0	1280	720
0	0	1280	720
0	0	1280	720
0	0	1280	720
0	0	1280	720
0	0	1280	720
0	0	1280	720
0	0	1280	720
0	0	1280	720
0	0	1280	720
0	0	1280	720
0	0	1280	720
0	0	1280	720
0	0	1280	720
0	0	1280	720
0	0	1280	720
0	0	1280	720
0	0	1280	720
0	0	1280	720
0	0	1280	720
0	0	1280	720
0	0	1280	720
0	0	1280	720
0	0	1280	720
0	0	1280	720
0	0	1280	720
0	0	1280	720
0	0	1280	720
0	0	1280	720
0	0	1280	720
0	0	1280	720
0	0	1280	720
0	0	1280	720
0	0	1280	720
0	0	1280	720
0	0	1280	720
0	0	1280	720
0	0	1280	720
0	0	1280	720
0	0	1280	720
0	0	1280	720
0	0	1280	720
0	0	1280	720
0	0	1280	720
0	0	1280	720
0	0	1280	720
0	0	1280	720
0	0	1280	720
0	0	1280	720
0	0	1280	720
0	0	1280	720
0	0	1280	720
0	0	1280	720
0	0	1280	720
0	0	1280	720
0	0	1280	720
0	0	1280	720
0	0	1280	720
0	0	1280	720
0	0	1280	720
0	0	1280	720
0	0	1280	720
0	0	1280	720
0	0	1280	720
0	0	1280	720
0	0	1280	720
0	0	1280	720
0	0	1280	720
0	0	1280	720
0	0	1280	720
0	0	1280	720
0	0	1280	720
0	0	1280	720
0	0	1280	720
0	0	1280	720
0	0	1280	720
0	0	1280	720
0	0	1280	720
0	0	1280	720
0	0	1280	720
0	0	1280	720
0	0	1280	720
0	0	1280	720
0	0	1280	720
0	0	1280	720
0	0	1280	720
0	0	1280	720
0	0	1280	720
0	0	1280	720
0	0	1280	720
0	0	1280	720
0	0	1280	720
0	0	1280	720
0	0	1280	720
0	0	1280	720
0	0	1280	720
0	0	1280	720
0	0	1280	720
0	0	1280	720
0	0	1280	720
0	0	1280	720
0	0	1280	720
0	0	1280	720
0	0	1280	720
0	0	1280	720
0	0	1280	720
0	0	1280	720
0	0	1280	720
0	0	1280	720
0	0	1280	720
0	0	1280	720
0	0	1280	720
0	0	1280	720
0	0	1280	720
0	0	1280	720
0	0	1280	720
0	0	1280	720
0	0	1280	720
0	0	1280	720
0	0	1280	720
0	0	1280	720
0	0	1280	720
0	0	1280	720
0	0	1280	720
0	0	1280	720
0	0	1280	720
0	0	1280	720
0	0	1280	720
0	0	1280	720
0	0	1280	720
0	0	1280	720
0	0	1280	720
0	0	1280	720
0	0	1280	720
0	0	1280	720
0	0	1280	720
0	0	1280	720
0	0	1280	720
0	0	1280	720
0	0	1280	720
0	0	1266	720
0	0	1242	720
0	0	1280	720
0	0	1280	720
0	0	1280	720
0	0	1280	720
0	0	1280	720
0	0	1280	720
0	0	1280	720
0	0	1280	720
0	0	1280	720
0	0	1280	720
0	0	1280	720
0	0	1280	720
0	0	1280	720
0	0	1280	720
0	0	1280	720
0	0	1280	720
0	0	1280	720
0	0	1280	720
0	0	1280	720
0	0	1280	720
0	0	1280	720
0	0	1280	720
0	0	1280	720
0	0	1280	720
0	0	1280	720
0	0	1280	720
0	0	1280	720
0	0	1280	720
0	0	1280	720
0	0	1280	720
0	0	1280	720
0	0	1280	720
0	0	1280	720
0	0	1280	720
0	0	1280	720
0	0	1280	720
0	0	1280	720
0	0	1280	720
0	0	1280	720
0	0	1280	720
0	0	1280	720
0	0	1280	720
0	0	1280	720
0	0	1280	720
0	0	1280	720
0	0	1280	720
0	0	1280	720
0	0	1280	720
0	0	1280	720
0	0	1280	720
