458	270	130	249
461	266	128	261
459	266	129	263
458	266	128	265
460	268	126	264
455	266	130	268
455	267	127	265
455	267	128	264
451	266	129	264
446	265	129	262
444	267	130	260
440	269	134	258
440	267	135	258
439	269	136	258
438	268	138	256
436	268	139	257
438	267	138	255
437	265	141	254
439	259	140	254
438	251	141	249
436	240	139	251
433	225	142	246
438	214	135	239
444	205	129	228
450	195	123	219
458	196	136	216
449	195	137	219
461	193	132	210
454	186	137	212
452	180	138	221
452	169	153	224
454	193	153	228
472	194	138	235
477	192	134	237
486	186	129	225
496	188	134	228
496	172	128	229
488	172	139	231
483	164	141	230
474	157	140	233
471	152	152	238
499	160	179	252
474	183	133	234
461	169	229	238
465	179	143	246
534	163	223	256
476	181	126	257
495	170	254	247
472	198	119	252
449	203	134	244
437	199	269	265
417	256	131	238
427	274	137	229
396	260	218	233
400	261	167	246
410	233	236	254
408	228	157	267
434	225	174	237
478	209	199	249
505	158	189	258
573	120	282	279
565	117	162	254
586	91	328	271
528	140	213	259
499	172	206	230
476	205	220	233
459	221	206	214
446	253	182	232
422	250	178	215
507	212	253	265
437	142	264	307
433	175	257	273
560	130	306	375
291	72	407	458
727	0	489	591
327	0	648	631
288	0	664	662
711	17	568	702
279	0	751	675
588	0	691	647
126	0	741	632
543	0	602	684
285	0	639	579
547	0	624	602
283	0	565	540
398	0	516	482
320	0	635	557
360	0	739	537
381	1	753	571
307	18	847	576
303	28	771	603
340	36	735	599
313	42	799	590
268	73	817	570
251	104	819	540
227	118	802	521
263	89	803	548
256	136	779	515
267	126	790	509
339	47	828	589
77	1	880	658
243	71	854	648
381	175	458	476
246	23	559	617
430	0	649	697
260	0	815	720
326	5	862	628
0	0	906	720
233	79	807	563
133	0	805	718
289	119	717	533
370	0	808	617
0	6	737	713
183	26	669	560
479	35	693	684
151	64	660	567
549	51	650	628
114	12	769	671
341	95	498	494
220	0	616	624
281	0	709	583
165	0	709	681
365	80	463	506
167	0	582	564
290	60	530	529
313	0	618	618
443	0	640	540
155	0	705	636
365	57	637	589
44	11	631	566
562	57	575	662
197	27	675	597
327	5	691	714
449	77	587	518
233	0	684	677
376	79	658	587
87	101	662	618
603	123	585	596
355	0	724	683
479	84	587	533
519	28	570	513
235	0	674	587
514	18	617	626
388	85	494	488
443	29	523	534
281	0	568	559
321	0	656	585
517	77	561	574
122	15	626	629
527	49	538	613
506	8	522	513
519	12	494	476
382	0	598	504
501	0	630	551
142	0	673	502
448	10	575	587
504	31	486	480
471	0	572	522
417	0	569	534
431	43	469	494
436	54	414	454
405	19	484	459
91	0	603	494
284	0	547	526
229	0	556	455
209	0	595	532
355	0	571	467
24	0	641	571
311	31	565	551
126	0	617	609
248	70	466	433
109	8	529	544
226	0	627	578
113	20	600	553
344	0	609	620
0	5	580	512
396	0	653	671
0	0	653	595
566	0	620	646
84	0	710	658
414	31	631	632
312	75	558	487
129	0	646	542
485	31	652	687
283	34	671	563
406	90	412	447
111	28	542	533
353	75	423	466
376	73	449	451
439	82	350	423
454	135	323	359
317	118	368	413
441	160	292	345
528	137	339	383
400	148	335	361
446	162	277	339
431	115	334	368
471	179	304	337
479	109	365	424
505	174	266	352
290	69	371	445
475	154	320	392
341	167	373	416
528	183	336	370
234	119	393	429
534	183	319	398
532	164	341	353
242	142	386	405
582	172	360	444
295	131	401	422
540	179	334	402
525	167	336	349
340	132	357	373
583	148	348	432
349	161	349	357
541	166	315	378
520	169	295	349
228	133	358	383
496	159	303	384
378	136	354	386
555	173	315	370
263	117	361	379
507	150	335	410
521	152	334	347
233	107	363	388
495	145	298	383
221	49	392	443
481	129	325	388
497	141	328	355
256	102	363	386
468	188	259	304
222	116	343	373
503	200	206	289
516	200	240	287
527	128	252	347
516	72	326	387
489	45	395	402
244	56	432	448
491	0	478	549
176	0	634	585
410	49	566	552
379	17	534	511
86	0	621	530
608	0	629	588
153	0	539	530
288	0	678	659
382	13	610	565
304	31	632	610
519	33	659	625
51	0	757	633
302	32	778	574
339	0	867	619
385	49	797	588
291	0	935	627
357	81	706	590
298	0	911	632
333	97	805	555
343	57	797	662
92	0	880	671
259	0	816	618
410	77	518	539
499	4	628	715
271	45	810	674
398	12	816	619
426	16	821	627
113	0	865	713
213	0	975	644
369	15	855	657
402	0	877	661
0	0	723	676
548	5	731	714
31	0	828	695
357	26	788	693
41	0	838	720
577	37	702	682
1	0	833	649
510	51	641	668
82	0	797	638
470	60	638	645
49	0	765	650
411	51	555	582
132	0	631	638
281	0	678	685
492	51	647	628
119	0	759	683
326	0	788	702
164	17	727	683
318	0	780	654
196	23	746	696
127	0	877	706
295	0	885	675
442	30	739	689
202	0	878	720
141	0	961	720
167	0	933	720
452	0	827	720
70	0	904	710
770	23	509	696
279	0	734	720
314	0	785	720
0	0	837	720
277	0	829	720
0	0	773	720
103	0	835	720
199	0	944	720
91	0	1062	720
151	0	1059	720
42	0	1148	720
147	0	1081	720
55	0	1224	720
133	0	1145	720
191	0	1088	720
111	0	1149	720
98	0	1092	720
158	0	1040	720
142	0	978	637
0	0	829	718
289	0	738	597
0	0	752	586
381	0	709	707
0	0	657	719
474	22	700	697
0	0	709	661
451	0	740	662
0	0	686	629
257	0	735	635
0	0	732	605
177	0	795	683
20	0	911	720
133	0	954	720
145	0	980	720
0	0	948	711
278	0	898	720
0	0	788	720
149	0	848	720
208	0	892	694
49	0	960	720
322	0	936	720
0	0	904	653
172	0	940	720
280	0	939	676
57	0	962	720
762	0	517	720
229	0	864	720
554	0	725	642
0	0	1038	720
673	0	606	720
183	0	907	720
502	0	777	720
171	0	872	676
257	0	925	720
403	0	876	657
69	0	919	720
462	0	817	720
285	0	883	658
261	0	928	720
287	0	934	689
173	0	952	720
368	0	911	720
141	0	972	720
293	0	983	720
288	0	946	690
172	0	978	720
371	0	908	720
182	0	980	720
336	0	943	720
255	0	994	720
154	0	1017	720
295	0	984	720
220	0	1008	720
176	0	1013	720
128	0	1025	720
215	0	1001	720
165	0	1001	720
233	0	966	720
182	0	971	720
194	0	951	720
175	0	951	720
223	0	962	720
195	0	962	720
204	0	981	720
220	0	991	720
293	0	986	720
230	0	1006	720
311	0	933	666
365	0	860	614
169	0	796	653
523	0	742	659
0	0	731	720
611	45	632	674
65	0	814	720
436	0	839	720
101	0	890	653
620	0	659	720
126	0	850	720
336	0	884	720
172	0	968	720
103	0	1006	720
141	0	959	720
242	0	965	720
0	0	601	720
140	0	799	720
407	0	871	697
115	0	890	676
479	0	800	706
71	0	883	720
489	0	790	690
13	0	882	626
440	0	732	616
468	0	796	576
342	0	879	606
463	4	750	592
406	39	779	544
404	7	746	548
465	0	814	563
147	0	897	584
386	0	768	597
117	0	809	636
466	0	763	665
247	0	877	720
410	0	855	664
461	0	818	635
423	0	856	621
452	0	827	635
455	0	824	632
334	4	875	715
424	88	790	588
345	0	812	720
411	60	786	616
492	0	787	640
5	0	962	630
401	42	735	605
333	37	853	613
295	51	945	596
336	87	900	588
376	96	844	526
420	59	824	575
391	121	744	514
445	77	660	536
318	19	661	604
643	0	636	604
135	0	735	679
432	9	735	641
179	0	789	720
424	0	826	589
250	26	757	593
337	10	726	574
393	0	753	701
197	0	864	638
466	12	752	609
154	0	802	720
636	54	643	665
417	0	790	720
354	0	869	720
17	0	965	720
432	0	847	652
151	0	815	720
550	35	729	684
177	0	865	720
514	30	765	689
295	0	892	720
304	0	935	719
536	0	743	623
86	0	865	720
464	0	815	720
220	0	919	720
352	25	837	617
401	0	847	720
163	0	949	720
136	0	983	720
126	0	976	720
250	0	926	720
399	0	857	639
584	0	695	618
33	0	790	704
336	0	791	637
421	0	804	627
345	0	838	666
469	74	698	581
626	0	653	623
66	0	768	707
463	54	713	635
535	21	705	625
78	0	813	634
372	0	749	640
594	0	685	649
73	0	839	695
345	35	722	573
537	0	717	610
57	0	774	720
278	3	752	597
544	38	706	681
143	28	786	661
559	74	697	636
174	37	774	676
594	70	685	649
287	14	795	705
458	0	788	616
369	6	814	713
619	3	660	661
155	0	826	713
612	54	667	650
343	14	782	705
432	47	738	565
805	37	474	666
159	0	702	720
295	23	709	567
429	62	700	657
189	0	811	713
613	34	666	685
301	41	806	678
397	63	623	548
525	5	669	714
310	22	751	670
366	0	738	634
223	0	822	720
501	1	778	681
336	6	812	713
430	41	766	574
351	24	762	695
538	33	719	591
55	18	759	701
385	54	696	612
371	0	749	720
448	51	747	555
201	0	767	699
682	57	597	662
168	0	782	720
654	72	625	647
246	0	793	720
504	55	755	640
350	45	724	605
367	60	698	638
336	81	712	638
268	56	711	663
238	0	757	682
522	60	749	659
273	55	775	664
32	0	803	680
362	15	710	620
450	0	705	575
320	0	784	720
413	20	717	589
253	0	804	720
393	32	785	626
502	0	746	609
163	35	797	684
424	26	731	620
140	0	799	698
378	64	698	550
227	0	735	711
310	0	833	692
441	65	680	549
102	0	740	630
576	37	659	682
158	0	801	720
356	42	753	599
191	0	772	720
426	6	766	649
350	0	816	720
455	38	732	583
122	0	804	714
605	64	674	655
169	0	829	720
51	0	928	720
578	0	701	720
209	0	874	720
118	43	798	676
332	0	781	693
563	6	716	700
80	0	863	720
517	28	747	691
1	0	886	720
569	0	710	720
87	0	889	720
556	9	723	710
15	0	909	720
472	18	764	701
58	0	903	720
131	0	965	720
0	0	983	720
333	0	837	720
0	0	906	720
177	0	975	720
199	0	992	720
207	0	992	720
0	0	1022	720
81	0	1047	720
58	0	1183	720
176	0	1103	720
224	0	1055	720
97	0	1182	720
184	0	1095	720
244	0	1035	720
73	0	1206	720
1	0	1123	720
119	0	1012	720
0	0	973	720
94	0	1014	720
91	0	1024	720
263	0	909	720
305	0	948	720
312	0	934	690
580	0	699	697
581	0	698	625
543	0	736	610
555	0	724	613
513	36	701	608
475	0	804	634
432	47	838	613
475	1	804	663
334	0	929	650
484	72	641	592
187	0	762	696
336	17	777	615
489	0	786	627
0	0	770	720
688	0	591	720
31	0	811	720
267	0	851	657
135	48	758	671
142	0	839	717
410	0	809	713
0	13	780	641
452	62	659	657
0	0	782	720
387	23	657	662
0	0	640	720
169	0	832	720
142	0	941	720
190	0	847	720
408	20	775	699
0	0	780	720
615	78	663	641
0	0	790	720
506	64	719	655
0	0	623	720
314	0	740	720
0	0	828	720
86	0	895	720
183	0	934	720
254	0	994	720
0	0	943	720
108	0	984	720
132	0	1025	720
145	0	1051	720
156	0	1066	720
105	0	1028	720
124	0	1042	720
150	0	1032	720
106	0	1056	720
125	0	1027	720
129	0	1041	720
116	0	1052	720
178	0	1043	720
76	0	1032	720
295	0	984	720
0	0	936	720
287	0	934	720
107	0	980	720
378	0	901	720
133	0	884	720
204	0	945	720
221	0	985	720
159	0	1003	720
381	0	898	720
225	0	914	669
203	0	926	698
415	0	864	648
200	0	909	696
414	0	865	677
111	0	915	717
687	0	592	669
186	0	1014	720
557	0	722	720
62	0	873	700
456	0	818	720
62	0	815	625
254	0	844	720
244	0	857	631
255	0	904	720
186	0	874	653
226	0	907	708
300	0	888	642
15	0	892	681
685	0	594	706
0	0	713	672
256	0	804	720
369	0	805	591
231	0	844	703
247	0	886	656
218	0	893	655
241	0	929	698
183	0	923	664
133	0	956	720
107	0	990	720
347	0	932	720
0	0	904	680
221	0	944	720
107	0	947	676
660	0	619	720
117	0	816	620
573	7	615	686
162	0	783	568
604	0	674	704
101	0	873	700
459	0	723	679
526	0	688	608
113	0	812	623
378	18	675	667
25	0	800	617
634	0	645	720
40	0	836	710
599	0	680	720
108	0	870	720
717	0	562	720
172	0	785	720
615	0	664	720
130	0	844	683
433	48	703	581
548	73	585	554
754	81	525	609
295	87	740	632
375	35	821	653
362	58	768	619
427	86	693	579
432	51	678	596
464	74	587	581
436	136	700	514
429	111	752	556
432	201	638	477
437	130	664	549
441	183	667	482
447	148	670	529
453	160	637	518
461	145	648	524
474	177	621	506
373	95	701	562
485	237	498	419
444	77	574	569
444	167	625	472
494	136	602	509
497	192	593	480
472	152	619	567
533	96	671	563
535	195	610	462
435	136	649	583
540	234	468	442
423	45	554	603
466	165	614	494
375	34	653	685
488	168	711	551
417	0	724	708
548	201	452	444
419	78	560	603
669	173	610	546
174	0	722	720
369	188	712	489
537	84	674	635
522	96	746	623
552	148	673	528
414	44	700	675
461	136	684	532
600	137	643	566
383	72	713	647
482	173	597	474
444	157	631	562
343	16	715	703
514	155	566	481
329	76	636	641
455	108	696	601
556	51	723	668
307	49	779	654
510	155	574	490
324	77	636	640
449	77	690	621
557	200	535	447
354	29	606	684
492	140	587	503
355	0	655	700
476	156	634	514
250	0	697	662
410	114	704	546
486	90	708	629
522	128	636	530
225	0	710	720
514	136	472	502
359	0	599	639
441	83	679	593
544	25	692	596
571	67	674	546
230	13	748	641
432	92	656	494
509	75	620	546
557	150	506	458
489	76	660	530
527	138	616	492
501	100	637	560
500	135	627	511
516	104	622	534
530	97	643	551
611	66	668	578
349	54	741	601
487	110	630	515
512	92	624	534
580	76	676	576
430	37	757	682
485	55	756	600
560	54	719	607
425	52	774	667
638	39	641	639
375	64	768	655
569	105	710	614
358	42	804	677
423	65	816	624
526	164	558	523
511	24	718	621
438	0	820	627
548	0	731	613
197	0	681	578
326	5	558	577
38	0	650	630
369	57	480	573
370	118	410	422
234	111	489	544
416	134	504	535
0	168	491	519
223	0	682	720
201	0	780	720
468	21	747	698
0	0	677	682
159	0	807	720
337	0	863	720
171	0	932	720
444	0	835	720
102	0	866	667
296	0	877	720
61	0	957	720
168	0	990	720
71	0	930	720
131	0	987	720
11	0	1018	720
155	0	990	720
0	0	942	720
188	0	954	720
0	0	934	720
138	0	973	720
119	0	948	720
95	0	988	720
236	0	921	720
0	0	745	720
85	0	892	720
113	0	975	720
104	0	983	720
98	0	972	720
128	0	989	720
64	0	1021	720
118	0	1010	720
51	0	1044	720
159	0	999	720
0	0	1001	720
157	0	1000	720
59	0	1005	720
280	0	968	720
125	0	959	702
164	0	984	720
0	0	927	720
150	0	985	720
204	0	993	720
0	0	963	720
160	0	1001	720
110	0	1019	720
145	0	1036	720
31	0	1042	720
456	0	823	720
0	0	782	720
453	0	823	720
13	0	950	720
179	0	968	720
0	0	990	720
177	0	1015	720
0	0	1265	720
128	0	1151	720
39	0	1240	720
139	0	1104	720
0	0	1051	720
105	0	1028	720
144	0	978	720
117	0	923	697
274	0	829	707
0	0	709	718
112	0	695	580
202	0	620	572
74	0	667	619
199	0	707	621
0	0	520	643
148	0	596	568
367	0	607	566
0	0	613	622
158	15	521	601
315	0	614	594
0	0	494	592
436	0	561	607
0	0	597	569
456	0	581	644
0	0	676	615
430	0	674	648
0	0	633	561
332	0	641	668
0	0	655	704
400	0	752	720
0	0	741	699
324	0	782	666
0	0	626	666
409	0	697	654
0	0	587	531
300	0	605	550
0	0	651	555
280	0	644	616
0	0	544	691
69	0	610	520
250	0	639	634
0	0	717	607
233	0	729	705
1	0	827	586
117	0	797	720
151	0	868	687
7	0	888	720
227	0	878	677
0	0	665	608
233	0	716	688
0	0	741	591
364	0	685	694
0	0	517	625
424	0	616	567
0	0	577	623
191	0	689	633
231	0	725	614
88	0	767	681
83	0	844	601
188	0	810	705
105	0	850	627
204	0	820	720
187	0	890	708
61	0	941	720
454	0	824	720
0	0	558	642
272	0	666	586
178	0	773	720
135	0	868	702
182	0	860	665
19	0	912	715
249	0	863	639
0	0	837	720
302	0	856	641
0	0	753	720
435	0	784	601
0	0	906	720
249	0	902	720
0	0	560	601
175	0	675	657
138	0	777	681
97	0	871	720
25	0	884	703
136	0	921	696
94	0	937	720
193	0	885	672
0	0	863	720
299	0	871	680
0	0	771	703
207	0	845	683
0	0	885	720
169	0	884	670
0	0	900	702
263	0	881	648
23	0	936	720
547	17	732	702
0	0	560	668
173	0	705	606
324	15	683	704
0	0	587	649
141	0	732	679
124	0	827	720
124	0	863	669
108	0	878	709
187	0	855	695
52	0	934	720
257	0	877	696
43	0	952	720
333	0	854	720
0	0	730	652
89	0	816	720
116	0	885	720
143	0	896	697
125	0	930	720
202	0	928	680
0	0	931	720
218	0	893	668
0	0	890	720
239	0	879	682
0	0	835	720
189	0	873	654
68	0	931	720
422	0	821	720
0	0	873	720
277	0	870	664
0	0	816	720
252	0	865	689
0	0	824	690
43	0	905	720
253	0	842	691
9	0	936	720
417	0	827	720
0	0	490	699
134	47	451	553
198	24	442	518
215	20	443	495
301	0	526	501
70	0	590	544
305	0	610	631
202	0	752	720
41	0	894	720
287	0	915	720
0	0	620	639
221	44	714	675
48	0	861	720
506	0	773	720
670	0	609	635
335	0	781	699
610	0	669	720
109	0	892	670
441	18	801	701
86	0	1004	720
355	46	825	622
199	0	881	720
366	93	792	568
374	44	848	636
411	21	868	670
449	76	830	606
378	62	840	642
290	91	744	589
233	63	765	606
234	53	865	593
305	22	887	608
7	0	973	623
187	31	869	597
322	104	643	556
378	24	751	583
466	4	742	577
0	0	794	695
259	48	790	558
386	22	728	687
394	106	757	526
459	155	598	454
593	177	548	493
255	11	673	706
389	182	602	461
436	154	591	473
699	180	525	529
165	0	678	720
304	66	723	543
500	76	677	574
519	138	645	530
483	120	695	599
276	77	867	608
351	209	679	467
359	0	687	720
390	168	710	481
457	116	693	536
498	143	658	477
480	163	573	556
390	152	667	507
471	137	656	560
206	115	749	577
430	162	698	545
327	110	730	584
506	145	727	539
382	137	782	582
459	245	532	418
469	58	584	661
437	237	534	416
425	0	681	720
477	93	743	555
522	176	665	470
405	53	675	666
423	266	501	424
547	97	538	616
487	237	583	451
480	26	614	672
454	187	632	452
221	138	673	581
316	173	674	524
534	169	642	550
280	65	748	654
521	250	332	413
576	120	476	547
425	169	576	550
246	127	692	592
425	248	468	432
558	67	534	613
265	130	656	548
368	177	628	510
351	106	673	613
423	215	616	484
270	7	658	712
458	217	425	435
607	71	498	574
475	157	541	548
136	112	707	607
514	280	385	387
566	123	508	566
185	121	670	556
300	225	718	494
492	181	374	483
587	184	525	519
238	121	698	598
345	189	623	477
466	99	621	570
84	91	713	581
305	222	617	472
488	121	623	542
140	89	712	609
445	235	437	435
623	29	503	580
395	92	638	627
458	155	583	527
218	85	745	634
397	132	598	522
489	107	660	612
175	123	711	564
458	175	498	488
539	67	573	614
399	160	609	516
471	96	647	558
85	63	710	603
331	149	609	469
570	112	597	589
216	116	719	565
427	123	568	547
429	109	623	534
298	101	694	618
424	157	565	505
489	122	637	597
47	39	800	671
449	175	499	473
528	133	604	562
186	79	744	589
543	248	379	407
609	79	495	547
180	96	662	590
353	189	676	529
424	107	617	555
524	204	391	459
434	128	528	541
517	136	483	520
527	111	434	556
500	74	562	556
497	152	563	511
535	180	476	505
501	130	591	524
534	236	485	448
502	153	591	566
508	159	598	523
501	140	625	538
478	136	641	548
499	207	544	490
319	49	619	658
402	148	622	513
464	118	572	551
560	217	359	458
448	89	529	542
725	119	554	600
281	124	675	595
432	106	607	564
443	48	712	626
450	22	770	632
553	0	726	678
66	0	755	641
446	0	693	658
524	0	725	614
123	0	814	715
478	0	801	720
272	0	769	689
549	39	729	680
214	0	857	678
493	0	749	674
523	0	706	619
376	0	769	658
137	0	773	720
526	1	592	601
285	0	734	682
377	0	799	674
606	0	673	720
269	47	719	672
0	0	769	720
636	53	643	666
320	0	788	720
138	0	817	720
528	30	743	689
0	0	773	720
478	0	749	720
0	0	766	720
147	0	866	720
218	0	914	720
310	0	806	720
11	0	878	720
364	0	839	720
192	0	925	720
154	0	971	720
175	0	1009	720
303	0	884	720
0	0	900	720
396	0	883	720
17	0	941	662
704	16	575	703
140	0	794	720
392	0	857	720
143	0	927	720
548	68	731	651
54	0	874	711
543	0	736	720
30	0	907	720
544	0	735	720
37	0	905	720
610	6	669	713
0	0	748	720
508	96	617	623
168	0	789	720
184	0	846	714
614	46	665	673
22	0	833	720
497	94	642	625
133	0	795	716
323	0	793	710
202	0	811	632
386	131	507	504
209	0	724	720
279	0	731	687
520	92	625	602
43	0	883	720
579	96	700	623
115	0	831	720
234	0	863	715
463	93	704	626
170	0	723	646
345	0	688	719
506	0	759	720
218	0	724	651
476	58	619	641
203	0	716	687
379	54	647	635
99	0	781	720
499	46	611	620
132	47	598	556
341	0	652	654
570	21	692	692
393	0	798	623
260	0	727	638
558	17	693	693
619	0	660	608
224	0	767	688
665	57	614	662
161	0	757	684
588	32	615	649
353	51	676	668
464	78	666	641
250	0	820	720
696	49	583	670
143	0	679	649
626	67	586	652
310	0	762	692
502	85	659	618
238	13	680	704
232	0	770	695
622	43	657	676
106	0	822	720
494	86	598	588
157	0	731	720
512	6	624	617
7	3	719	716
602	88	625	631
0	0	722	720
591	0	675	720
128	50	702	650
510	38	571	618
0	12	650	703
649	0	630	720
0	0	747	720
579	28	661	691
129	0	827	720
538	25	661	671
37	45	710	674
276	0	779	720
547	43	682	675
129	10	733	693
371	56	542	538
126	55	538	517
565	99	474	539
187	58	485	528
574	82	464	522
280	84	374	423
376	100	231	323
384	94	238	284
434	168	122	205
406	190	153	177
418	230	129	151
424	246	113	137
424	254	110	133
412	255	116	135
414	261	117	131
410	261	117	124
414	262	116	126
413	260	113	131
413	258	110	129
410	257	117	123
415	254	111	129
421	256	109	132
426	253	107	143
433	241	101	157
438	255	100	141
442	249	100	155
456	258	91	147
459	248	96	159
466	260	97	147
474	240	93	172
483	236	90	171
488	230	90	175
498	246	80	157
493	243	90	172
498	246	83	177
496	247	89	176
492	247	92	174
490	250	95	167
489	239	96	174
490	234	97	179
487	236	100	172
485	236	102	170
482	235	104	170
480	218	104	188
480	224	104	175
476	196	106	200
481	211	109	187
487	209	104	177
491	191	99	195
489	191	108	214
504	181	104	245
494	181	108	208
492	224	119	192
494	236	124	173
494	242	126	169
491	256	124	157
489	264	128	150
486	269	131	149
479	272	135	153
481	270	128	161
476	271	133	174
476	272	132	184
475	273	130	191
477	269	124	198
476	263	120	205
481	264	113	208
486	263	106	204
484	265	105	191
482	269	114	173
484	266	116	174
489	255	111	177
495	243	109	187
502	231	110	189
505	221	107	192
512	216	107	194
513	212	108	193
517	208	107	201
522	208	108	202
527	213	110	196
533	215	109	197
534	215	111	200
538	215	113	196
538	213	119	208
541	211	119	221
542	205	118	229
543	201	117	234
544	200	118	235
545	199	117	237
546	196	117	238
548	195	117	236
548	193	120	233
548	189	121	233
546	187	122	232
544	186	124	232
542	183	126	235
542	180	126	238
537	178	131	242
539	173	127	239
537	170	131	243
538	164	128	238
534	160	130	245
535	155	126	239
531	150	128	239
533	148	127	238
532	144	123	237
532	142	119	233
533	139	115	230
532	140	112	221
532	143	110	213
531	143	108	204
532	145	107	192
533	147	108	190
534	148	106	189
535	147	105	190
538	144	102	194
540	143	99	196
542	144	98	197
543	146	99	194
543	146	99	194
545	148	98	195
547	148	99	195
549	147	102	198
550	145	102	202
550	138	105	204
553	125	110	212
559	116	108	220
564	106	107	227
570	99	106	235
578	87	106	251
586	80	109	261
596	79	115	265
609	74	118	265
625	77	117	254
641	79	119	252
659	78	117	256
676	74	117	259
691	80	123	256
701	79	124	253
716	79	134	268
714	51	140	280
746	53	212	290
422	30	282	333
619	0	333	397
122	0	435	399
607	0	448	466
78	0	568	514
679	0	523	535
92	0	658	585
618	0	650	622
156	0	798	643
476	0	770	720
151	0	902	700
266	0	911	720
208	0	928	720
174	0	920	720
289	0	873	720
134	0	900	689
155	0	856	720
343	0	816	706
0	0	753	624
196	0	794	720
90	0	862	709
136	0	891	720
352	0	822	720
0	0	668	684
149	0	797	720
213	0	869	720
320	0	888	691
0	0	950	720
231	0	927	720
120	0	941	696
180	0	954	720
312	0	938	720
66	0	975	720
220	0	926	720
361	0	895	666
55	0	926	646
281	0	908	720
395	0	859	613
0	0	881	619
290	0	863	720
544	0	735	702
186	0	817	686
548	0	731	696
31	0	839	670
368	0	800	720
53	0	904	663
345	0	851	720
150	0	912	667
506	0	773	720
127	0	806	660
235	0	851	720
512	0	767	658
80	0	866	720
646	35	633	684
203	36	612	560
132	0	722	709
145	0	801	720
207	0	862	720
167	0	926	720
353	0	842	720
375	0	825	662
317	0	777	641
66	0	832	696
638	15	641	704
0	0	713	720
586	0	690	695
0	0	643	640
641	0	616	653
31	0	778	662
404	0	803	720
164	0	833	716
407	16	784	703
461	0	720	613
0	0	620	621
305	0	699	677
0	0	714	624
487	0	691	657
0	0	633	619
475	0	668	685
0	0	671	608
300	0	711	720
126	0	826	706
380	0	803	720
0	0	637	720
521	89	619	630
53	49	702	670
460	0	724	693
0	0	628	641
491	36	612	683
77	0	928	720
528	0	751	671
0	0	703	683
456	0	702	664
0	0	596	603
235	0	606	605
0	0	626	640
390	0	666	663
0	0	702	657
583	14	696	705
0	0	668	706
543	22	728	697
0	0	671	709
418	12	723	707
0	0	775	682
156	0	724	591
82	0	750	690
700	35	579	684
20	0	779	720
343	0	764	597
0	0	567	695
528	0	666	628
0	0	634	679
511	0	710	606
0	0	630	654
289	0	752	720
118	0	862	720
123	0	899	720
409	0	842	720
22	0	905	680
473	0	806	720
202	0	848	715
262	0	840	720
299	0	816	720
133	0	844	720
386	0	843	720
34	0	893	696
438	0	841	720
300	0	830	704
195	0	916	720
515	0	764	699
60	0	878	720
568	0	711	720
0	0	845	720
708	0	571	720
25	0	829	720
659	88	620	631
22	0	812	720
694	42	585	677
16	0	810	720
695	0	584	720
32	0	814	720
667	55	612	664
83	0	781	720
791	0	488	720
262	0	903	720
289	0	894	720
235	0	853	720
618	32	661	687
0	0	768	720
629	0	650	720
0	0	741	720
621	20	658	699
0	0	886	720
760	0	519	702
207	0	783	720
175	0	822	720
285	0	824	720
196	0	887	720
566	33	713	686
0	0	721	720
531	0	748	720
0	0	869	720
724	0	555	720
39	0	805	720
729	0	550	720
61	0	795	720
794	0	485	712
244	0	951	720
189	0	963	720
293	0	888	703
116	0	926	720
547	0	732	720
0	0	746	720
672	0	607	720
25	0	734	640
575	0	704	651
0	0	700	622
375	0	719	607
0	0	607	597
434	0	639	577
0	0	695	603
515	0	685	690
30	0	799	645
590	0	689	682
0	0	721	610
480	0	698	600
0	0	698	548
326	0	688	633
0	0	673	573
496	0	652	614
0	0	734	517
455	0	650	652
0	0	759	645
615	0	664	627
39	0	667	646
435	0	711	570
0	0	681	603
281	0	619	543
62	0	712	588
275	0	736	561
0	0	638	644
228	0	627	531
83	0	672	626
362	0	746	664
0	0	619	686
244	0	603	548
0	0	580	563
348	0	566	591
0	0	618	526
466	0	588	631
37	0	701	600
428	0	721	672
0	0	779	706
377	0	783	643
0	0	560	596
176	0	553	500
176	0	649	588
134	0	697	553
129	0	711	643
290	0	753	625
0	0	641	705
484	12	668	707
4	0	812	656
400	0	772	623
0	0	765	671
227	0	756	589
0	0	740	720
593	0	686	719
0	0	686	670
367	0	684	655
0	0	744	683
516	10	763	709
0	0	774	682
311	0	745	610
0	0	624	712
554	0	721	688
0	0	667	656
470	16	668	703
0	0	816	655
551	0	728	717
0	0	679	663
475	0	686	719
0	0	674	624
333	0	633	610
79	6	579	574
214	0	595	534
196	0	580	546
213	0	642	651
151	0	739	646
128	0	791	720
325	0	837	720
0	0	744	712
541	28	738	691
0	0	781	720
560	38	719	681
15	0	782	720
302	0	768	600
0	0	505	674
391	0	673	720
157	0	838	720
518	0	761	623
0	0	683	651
331	0	756	682
69	0	848	692
235	0	858	720
313	0	886	720
97	0	924	720
445	0	800	615
0	0	640	700
349	0	742	638
23	0	857	710
369	0	862	720
0	0	834	659
576	0	703	699
0	0	733	711
559	66	676	653
170	0	799	660
281	0	784	713
192	0	801	696
500	0	674	587
0	0	662	602
459	0	703	619
0	0	645	658
473	0	711	720
0	0	631	648
158	0	755	585
0	0	668	720
91	0	801	720
101	0	831	705
692	0	587	720
0	0	694	720
59	0	832	720
722	15	557	704
244	0	780	720
198	0	841	672
216	0	855	701
394	0	829	720
0	0	876	640
501	23	628	696
206	0	776	677
359	0	788	720
89	0	853	678
521	0	758	720
480	0	799	719
499	0	780	720
123	0	926	686
512	0	767	706
259	0	870	705
547	0	732	698
275	0	788	617
401	0	753	645
300	0	732	677
734	5	545	714
44	0	774	720
388	0	717	645
160	0	705	689
567	29	673	690
635	0	644	600
101	0	744	694
437	0	725	698
527	0	752	634
164	0	802	626
443	78	615	577
354	45	757	569
333	79	683	550
329	87	774	531
360	160	673	472
371	162	758	457
378	138	807	501
331	69	859	650
463	141	670	527
108	73	808	593
283	104	694	547
418	45	715	674
326	152	738	519
324	108	630	533
458	67	675	652
294	95	760	546
328	156	673	495
418	43	668	578
457	59	645	513
468	34	629	587
213	17	717	687
339	197	534	475
665	140	568	515
216	0	644	679
476	67	739	652
57	44	848	675
297	135	618	497
312	111	646	608
61	72	773	647
285	161	575	481
392	0	595	654
201	32	713	687
274	83	764	586
247	91	756	628
225	48	803	671
452	0	767	641
67	0	707	596
551	23	577	674
69	80	615	565
365	142	593	542
292	0	650	628
324	50	568	516
535	87	499	507
0	0	549	620
531	10	567	709
0	40	618	648
337	146	542	505
291	0	633	677
525	58	583	593
0	0	560	718
419	118	521	548
577	0	551	573
324	91	423	408
541	2	488	562
154	0	609	657
625	0	554	661
137	60	588	596
539	0	592	660
0	0	530	665
527	0	633	711
4	0	785	689
400	40	646	679
265	68	733	651
257	0	801	720
393	19	736	635
0	39	720	624
166	104	707	521
202	45	776	591
291	48	739	601
350	96	745	575
449	172	598	509
464	81	669	602
453	66	739	607
617	0	662	663
75	0	859	634
571	10	708	709
269	0	831	720
163	0	905	653
499	0	780	720
223	0	873	720
498	0	781	705
263	0	849	710
540	0	739	720
230	0	872	675
563	0	716	720
205	0	858	660
728	0	551	720
239	0	785	702
825	2	454	717
252	0	853	720
710	0	569	720
156	0	799	720
310	0	892	720
227	0	918	677
276	0	905	699
203	0	957	720
286	0	915	684
128	0	949	704
722	0	557	720
144	0	788	720
377	0	864	720
285	0	855	622
193	0	872	707
318	0	917	720
344	0	862	604
186	0	815	650
275	0	874	720
175	0	963	707
214	0	937	720
165	0	982	720
200	0	991	720
33	0	973	720
753	0	526	720
151	0	800	720
379	0	860	720
39	0	964	720
758	0	521	720
110	0	770	720
263	0	900	720
121	0	958	720
568	0	709	679
143	0	726	718
288	0	852	720
108	0	947	705
476	0	803	720
235	0	936	691
92	0	955	720
425	0	854	720
154	0	961	706
280	0	909	712
118	0	940	720
209	0	924	720
100	0	981	720
394	2	866	717
49	0	965	715
742	7	537	712
267	0	775	720
187	0	905	704
294	0	945	720
533	0	746	666
339	0	720	674
668	0	611	680
249	0	780	699
332	0	835	656
572	0	707	664
501	0	675	642
456	11	647	619
375	0	715	664
746	0	533	720
133	0	789	656
497	0	742	696
514	24	757	639
523	0	756	627
478	52	792	581
456	50	747	616
395	30	795	625
400	47	716	628
344	30	840	622
392	68	645	603
393	86	779	554
445	86	636	560
446	89	626	551
426	63	654	568
392	95	695	533
382	94	736	525
388	102	736	524
387	98	703	513
538	118	609	504
530	47	603	529
571	64	550	477
699	88	419	407
714	105	468	382
521	0	522	550
448	0	637	652
449	63	575	525
544	20	549	481
749	0	502	519
225	0	628	646
469	106	475	486
651	14	478	477
692	35	504	511
611	1	527	513
527	0	648	585
495	0	627	606
579	0	604	524
519	0	655	490
319	0	698	626
469	0	593	520
570	0	592	598
637	0	603	480
348	0	576	488
628	24	499	528
751	6	501	478
265	0	603	613
659	16	551	614
591	2	578	513
418	0	666	568
622	0	657	643
139	0	683	558
628	20	570	662
547	72	534	472
751	30	524	571
246	0	674	575
608	1	580	628
467	0	620	545
421	0	660	677
436	110	523	463
737	43	434	490
189	0	500	539
666	0	561	615
228	0	580	575
539	0	623	672
309	0	671	626
332	32	658	687
466	187	395	430
773	68	371	458
423	0	479	503
637	121	433	438
684	73	488	498
227	68	507	559
647	92	432	471
859	58	420	512
414	0	566	568
500	0	661	706
132	31	759	661
460	0	740	710
209	13	801	706
425	69	741	615
347	67	741	637
407	62	677	544
510	0	722	712
152	3	823	712
181	0	899	720
414	0	806	660
107	0	885	720
332	47	834	672
492	67	787	652
86	0	835	720
291	0	829	720
371	2	744	597
268	0	823	720
645	36	634	683
258	73	693	525
400	0	711	720
557	64	692	572
335	0	776	682
342	0	794	648
424	18	769	701
178	73	839	646
409	90	717	557
601	24	595	521
510	181	496	395
945	0	334	543
537	0	539	527
621	106	491	460
752	78	488	531
739	28	504	511
370	46	491	506
660	159	435	464
808	95	471	517
498	0	600	517
547	109	527	473
831	102	448	553
495	0	622	603
249	25	731	694
435	99	638	494
462	0	685	720
613	79	666	617
508	95	644	491
450	49	612	636
538	75	668	644
48	86	733	633
488	122	585	584
600	66	609	517
415	0	697	676
451	65	733	654
474	37	730	578
22	0	756	720
561	64	648	655
10	59	748	660
485	127	576	517
657	0	621	613
59	0	673	703
575	94	540	569
747	69	532	549
345	0	663	608
376	79	732	640
439	112	605	466
621	0	634	674
4	0	754	720
460	95	644	624
614	79	652	567
293	0	719	602
510	85	621	634
301	7	722	700
371	97	688	622
663	94	616	592
269	84	673	576
690	80	589	639
224	60	670	552
645	0	634	706
267	0	778	632
435	80	665	639
465	107	581	490
599	0	630	705
423	0	780	642
247	0	807	720
556	49	723	670
359	0	800	640
364	0	790	720
436	35	790	684
327	84	763	635
720	105	559	601
274	68	676	583
869	28	410	691
474	0	639	563
512	162	529	462
988	0	291	583
591	25	520	556
446	41	600	641
440	0	709	720
544	55	729	628
401	0	784	641
397	46	727	650
511	91	699	574
198	0	741	659
695	35	584	684
421	49	680	555
381	12	724	707
686	49	593	605
387	0	702	618
335	88	725	631
452	78	653	517
546	49	583	648
707	0	572	577
123	0	695	586
596	0	556	560
285	0	644	596
643	12	584	625
30	0	596	636
