0.011520
0.036638
0.026336
0.042655
0.028423
0.030861
0.040564
0.032251
0.035588
0.032383
0.027901
0.031471
0.032687
0.028977
0.030943
0.028798
0.039299
0.033503
0.029374
0.027219
0.042877
0.037049
0.029565
0.030400
0.037668
0.039763
0.046365
0.028227
0.029804
0.031081
0.032265
0.034983
0.031231
0.031696
0.035538
0.030950
0.042467
0.033405
0.040725
0.034055
0.030744
0.029262
0.034855
0.041606
0.040592
0.040215
0.030510
0.036705
0.032079
0.040851
0.036446
0.028853
0.027090
0.028361
0.032275
0.029248
0.030301
0.042972
0.035629
0.029250
0.030009
0.044073
0.031777
0.031086
0.030432
0.027647
0.031704
0.030062
0.044109
0.033221
0.030426
0.031191
0.030718
0.029778
0.029475
0.029090
0.025885
0.027829
0.028658
0.030508
0.041412
0.041125
0.028447
0.041218
0.044144
0.042150
0.037111
0.030874
0.027993
0.042904
0.030042
0.028359
0.028613
0.036871
0.028657
0.038572
0.026307
0.046586
0.029739
0.040082
0.022682
0.024690
0.033530
0.023780
0.043461
0.032662
0.028700
0.024773
0.034691
0.042576
0.045002
0.033004
0.031874
0.026017
0.023892
0.035312
0.042690
0.024406
0.023669
0.030066
0.028936
0.042040
0.046410
0.041372
0.024325
0.024563
0.024337
0.027782
0.045654
0.034582
0.039572
0.029837
0.025422
0.022488
0.023530
0.024482
0.021249
0.029999
0.023333
0.023428
0.029322
0.038712
0.036597
0.030452
0.029088
0.026450
0.022467
0.042264
0.031099
0.031816
0.029788
0.030983
0.029444
0.023454
0.025128
0.036999
0.034330
0.040606
0.021694
0.024207
0.029496
0.029212
0.046734
0.033964
0.037144
0.022947
0.022691
0.024092
0.035863
0.021214
0.020079
0.020796
0.025768
0.022340
0.036029
0.031565
0.034513
0.043759
0.043402
0.042688
0.031006
0.039441
0.038125
0.040120
0.036275
0.034117
0.039945
0.032741
0.032824
0.038289
0.021853
0.035159
0.035572
0.027909
0.030408
0.032648
0.025116
0.024793
0.028194
0.031545
0.035948
0.035702
0.027972
0.023839
0.022442
0.023105
0.036102
0.037779
0.037673
0.034675
0.028877
0.038704
0.023254
0.027221
0.021933
0.021534
0.025299
0.024357
0.036389
0.041360
0.031770
0.035120
0.039879
0.042715
0.025371
0.019797
0.039650
0.026497
0.024022
0.025699
0.025198
0.022356
0.044401
0.023487
0.020138
0.024453
0.039110
0.035353
0.042579
0.038554
0.037108
0.033973
0.025073
0.042672
0.025443
0.030560
0.025242
0.029430
0.032414
0.026900
0.024319
0.028078
0.030708
0.034549
0.023772
0.041726
0.029706
0.021880
0.039277
0.032826
0.033898
0.038272
0.032530
0.028982
0.023615
0.027119
0.023397
0.021563
0.029466
0.029201
0.042504
0.033189
0.040915
0.036655
0.025461
0.029896
0.023038
0.022502
0.022825
0.041172
0.036232
0.040254
0.028746
0.025919
0.042240
0.038817
0.036023
0.019725
0.023756
0.041679
0.026927
0.030010
0.028475
0.032184
0.033451
0.037377
0.022763
0.037608
0.026314
0.021908
0.021754
0.030175
0.025070
0.038942
0.030814
0.026024
0.022784
0.023336
0.025079
0.022614
0.030670
0.030110
0.028818
0.039757
0.025916
0.025911
0.030393
0.025825
0.037779
0.036014
0.034275
0.031115
0.025653
0.025521
0.037411
0.027799
0.025281
0.029146
0.030326
0.030570
0.030453
0.026905
0.028309
0.030169
0.030221
0.040612
0.046998
0.034395
0.035066
0.030946
0.038797
0.034130
0.033559
0.039453
0.031622
0.030791
0.031520
0.037189
0.040013
0.027419
0.028828
0.047535
0.035004
0.029160
0.028739
0.027516
0.032215
0.025983
0.027561
0.048635
0.029037
0.030276
0.044014
0.042378
0.032974
0.032540
0.030349
0.030367
0.031825
0.028794
0.028373
0.031620
0.035430
0.030316
0.028920
0.028184
0.030137
0.045558
0.030883
0.043346
0.041516
0.045527
0.038854
0.026542
0.027272
0.027292
0.028127
0.039878
0.040932
0.037603
0.039001
0.032830
0.041081
0.042764
0.035876
0.040703
0.025449
0.037325
0.038379
0.032083
0.026217
0.029530
0.029423
0.035433
0.037181
0.042840
0.033538
0.028901
0.031690
0.025023
0.026278
0.022309
0.030595
0.025218
0.039745
0.023365
0.026403
0.025582
0.042078
0.026021
0.038838
0.029505
0.031283
0.022381
0.026844
0.028572
0.033041
0.022314
0.024776
0.044049
0.043908
0.024512
0.046834
0.036725
0.039717
0.028619
0.036173
0.032070
0.023994
0.024166
0.047653
0.030168
0.021423
0.028866
0.025684
0.019984
0.041181
0.022529
0.041042
0.033166
0.023388
0.025462
0.022252
0.029887
0.024545
0.025648
0.023276
0.028878
0.049306
0.032557
0.041991
0.034761
0.030574
0.046420
0.022291
0.027519
0.044608
0.024084
0.029229
0.041847
0.029377
0.031239
0.046851
0.042078
0.045011
0.023480
0.026697
0.023349
0.022930
0.030781
0.037517
0.022793
0.028614
0.044664
0.039354
0.051795
0.037277
0.030010
0.030989
0.032548
0.032600
0.030537
0.029917
0.030092
0.036304
0.029032
0.029553
0.038624
0.029429
0.029439
0.042013
0.029644
0.028623
0.028801
0.031947
0.029088
0.027775
0.027913
0.029260
0.027229
0.027100
0.026493
0.044429
0.035995
0.045265
0.041286
0.032235
0.037286
0.024432
0.023083
0.022548
0.035518
0.024470
0.022647
0.020293
0.025807
0.025919
0.032912
0.034304
0.037226
0.042903
0.042045
0.039162
0.028069
0.035779
0.033412
0.039769
0.036995
0.039718
0.037448
0.038163
0.038913
0.034350
0.026246
0.033271
0.032709
0.025234
0.025299
0.028444
0.029180
0.028246
0.032493
0.037890
0.032539
0.032141
0.038183
0.030907
0.028890
0.028824
0.040825
0.028692
0.029928
0.047569
0.043538
0.028398
0.042306
0.045301
0.027130
0.041320
0.032010
0.042708
0.042528
0.035857
0.031503
0.029299
0.028432
0.029906
0.032040
0.033074
0.031602
0.047400
0.046293
0.040565
0.036996
0.045690
0.046407
0.034601
0.029677
0.029768
0.030247
0.044062
0.037213
0.031169
0.029038
0.041698
0.035714
0.030341
0.029651
0.030369
0.031178
0.038938
0.040497
0.031226
0.035238
0.030075
0.028147
0.029893
0.040015
0.031311
0.031925
0.039180
0.028558
0.028260
0.042899
0.031913
0.040550
0.032001
0.041189
0.032907
0.039619
0.029614
0.030596
0.031316
0.029385
0.028910
0.031225
0.026673
0.028492
0.027690
0.033032
0.033886
0.043095
0.039631
0.038201
0.037016
0.020423
0.022223
0.021807
0.029771
0.021439
0.022748
0.022890
0.026521
0.024048
0.023060
0.022548
0.022676
0.026592
0.022549
0.019681
0.022293
0.023715
0.022813
0.027767
0.024496
0.025789
0.040157
0.024573
0.024703
0.024657
0.041402
0.037473
0.020492
0.034575
0.022698
0.021954
0.020791
0.035151
0.027858
0.040996
0.029751
0.023929
0.026533
0.025646
0.029665
0.023820
0.038136
0.034970
0.026074
0.036372
0.027927
0.038143
0.022488
0.022711
0.030879
0.038503
0.033450
0.039311
0.030738
0.029764
0.023916
0.024112
0.022599
0.025076
0.032670
0.023746
0.023844
0.030009
0.032698
0.024027
0.023332
0.024532
0.053115
0.024277
0.025389
0.029644
0.036142
0.020976
0.023177
0.027628
0.024000
0.028514
0.040609
0.038774
0.031928
0.032471
0.033453
0.034257
0.031164
0.030112
0.030504
0.030191
0.041180
0.029406
0.041185
0.029201
0.028933
0.040343
0.037688
0.038201
0.032116
0.047017
0.034837
0.029285
0.036801
0.041097
0.043650
0.037247
0.039624
0.047310
0.030387
0.042237
0.031962
0.030388
0.027372
0.036209
0.029156
0.029096
0.029214
0.043469
0.044894
0.028409
0.042310
0.041617
0.037145
0.026049
0.025241
0.022328
0.023598
0.023986
0.022607
0.027729
0.033347
0.028632
0.023237
0.038645
0.027302
0.032637
0.037948
0.026613
0.029835
0.024645
0.023154
0.033527
0.027374
0.023438
0.024573
0.026953
0.037022
0.032644
0.045695
0.034100
0.029841
0.029908
0.028303
0.025115
0.026777
0.045792
0.039393
0.032935
0.030184
0.028899
0.027417
0.031203
0.045150
0.029999
0.037119
0.034419
0.029789
0.034200
0.025544
0.032763
0.030391
0.043271
0.033979
0.032544
0.035368
0.033544
0.032439
0.030210
0.026114
0.031025
0.030103
0.028944
0.021221
0.022109
0.042053
0.032838
0.033038
0.040200
0.026212
0.025461
0.026773
0.028301
0.030237
0.024848
0.023649
0.024320
0.023639
0.041472
0.037229
0.029929
0.029430
0.033782
0.027125
0.025331
0.028048
0.029107
0.025492
0.024472
0.027758
0.033927
0.026979
0.041809
0.035480
0.032603
0.041685
0.039234
0.030615
0.033233
0.033756
0.031939
0.023910
0.023547
0.045447
0.034462
0.036135
0.040816
0.035130
0.028872
0.030290
0.033337
0.034887
0.042920
0.042663
0.022933
0.041387
0.027214
0.032899
0.028546
0.027249
0.024592
0.022595
0.022074
0.027207
0.030725
0.031456
0.033931
0.032505
0.032753
0.037871
0.030212
0.032517
0.037395
0.031184
0.036317
0.042584
0.031475
0.032429
0.033483
0.034996
0.045751
0.029492
0.032578
0.032291
0.031556
0.025340
0.028338
0.031330
0.033302
0.033869
0.032608
0.036164
0.032589
0.033730
0.054092
0.030304
0.031961
0.032018
0.054211
0.031925
0.033336
0.032556
0.041390
0.044741
0.041065
0.041733
0.038871
0.041822
0.037703
0.030417
0.035135
0.033870
0.031137
0.040894
0.029711
0.031423
0.039931
0.032794
0.025757
0.025204
0.023122
0.024683
0.025816
0.030968
0.025976
0.043728
0.039202
0.040316
0.043932
0.035900
0.032766
0.033605
0.031449
0.023790
0.041942
0.032330
0.031781
0.032427
0.036681
0.043255
0.047169
0.033237
0.031360
0.031868
0.041981
0.046183
0.048665
0.039645
0.028820
0.025888
0.026538
0.029378
0.029955
0.026751
0.037984
0.029779
0.029522
0.034179
0.030274
0.040076
0.033694
0.029614
0.035313
0.030274
0.025921
0.023261
0.025630
0.034852
0.029729
0.030624
0.032783
0.030466
0.028633
0.029949
0.040122
0.031217
0.034604
0.035030
0.034996
0.032071
0.039637
0.036670
0.038753
0.034516
0.033904
0.035053
0.046674
0.037000
0.035980
0.034241
0.032434
0.045162
0.036309
0.032028
0.037677
0.037017
0.034902
0.050143
0.036920
0.036304
0.030648
0.032360
0.030077
0.037566
0.028347
0.036688
0.038963
0.022745
0.023969
0.042302
0.034338
0.029784
0.033536
0.032088
0.029027
0.035666
0.050641
0.050731
0.046532
0.030846
0.027201
0.030065
0.027960
0.032025
0.027709
0.025750
0.025306
0.028570
0.027620
0.026423
0.027132
0.035710
0.040911
0.042626
0.036955
0.034975
0.031369
0.029964
0.045668
0.033330
0.029245
0.027180
0.031166
0.035631
0.042215
0.042885
0.042142
0.046118
0.036863
0.023960
0.022646
0.046804
0.039700
0.045808
0.041300
0.027802
0.037382
0.036613
0.035681
0.036330
0.034037
0.033578
0.037102
0.029100
0.033614
0.036294
0.034694
0.028706
0.029278
0.029079
0.033717
0.044068
0.043767
0.043062
0.038015
0.039345
0.034076
0.031708
0.035699
0.037767
0.042136
0.040666
0.050296
0.045293
0.043489
0.035672
0.041482
0.045398
0.022675
0.022244
0.035653
0.033799
0.041253
0.035892
0.045619
0.046208
0.044771
0.033671
0.049395
0.040144
0.032750
0.033021
0.029756
0.028624
0.028899
0.029980
0.046935
0.026800
0.032564
0.035775
0.026139
0.026725
0.026535
0.029308
0.052612
0.039680
0.033575
0.028412
0.028909
0.028548
0.033558
0.026669
0.033459
0.029960
0.027198
0.023356
0.044698
0.023945
0.041278
0.031841
0.040096
0.024458
0.029386
0.035404
0.037848
0.025315
0.023516
0.034975
0.046210
0.043106
0.028363
0.023680
0.027251
0.030508
0.032281
0.027693
0.034431
0.035020
0.027354
0.032342
0.030560
0.038901
0.023931
0.022447
0.040608
0.029058
0.044978
0.034681
0.036826
0.031827
0.031354
0.030422
0.045727
0.030640
0.039341
0.029922
0.039631
0.029134
0.034092
0.034925
0.044735
0.043331
0.035826
0.032751
0.035763
0.034888
0.047193
0.041508
0.050448
0.033578
0.033135
0.033689
0.036958
0.030435
0.044219
0.064043
0.030450
0.031559
0.031231
0.039343
0.036822
0.032275
0.029598
0.023539
0.036263
0.033149
0.029661
0.046715
0.034530
0.034661
0.036574
0.029041
0.028134
0.029780
0.026270
0.031953
0.031442
0.044142
0.037708
0.033978
0.027205
0.028333
0.025428
0.033704
0.021764
0.027219
0.025202
0.030641
0.023174
0.022487
0.037080
0.028961
0.022021
0.020781
0.029645
0.021818
0.045893
0.044068
0.036032
0.037101
0.029860
0.024691
0.028850
0.031187
0.023247
0.023505
0.024842
0.028582
0.030426
0.025179
0.032038
0.023519
0.035811
0.023675
0.027907
0.034010
0.040409
0.029896
0.035050
0.042149
0.024501
0.030890
0.026555
0.038260
0.044178
0.033325
0.034027
0.042642
0.038343
0.038025
0.030107
0.025345
0.023982
0.038452
0.025353
0.026883
0.030785
0.032571
0.030742
0.042318
0.030220
0.033113
0.036706
0.030821
0.034414
0.039401
0.045215
0.030913
0.034013
0.028477
0.035570
0.038072
0.033043
0.031202
0.035822
0.030832
0.028236
0.039856
0.029398
0.030150
0.030417
0.034247
0.028654
0.026594
0.030306
0.029896
0.027308
0.029021
0.036839
0.024104
0.023340
0.024966
0.043221
0.028899
0.039455
0.028945
0.031750
0.037745
0.029820
0.027033
0.028843
0.041485
0.029711
0.037678
0.043212
0.029242
0.029661
0.034639
0.039237
0.038110
0.042490
0.034073
0.035706
0.045069
0.041563
0.037088
0.030662
0.031076
0.049101
0.042902
0.034912
0.041501
0.033956
0.041792
0.041596
0.029223
0.029057
0.032327
0.032339
0.032072
0.030777
0.029819
0.028810
0.041710
0.042928
0.035919
0.040642
0.042211
0.032550
0.034572
0.031676
0.033349
0.032938
0.030838
0.035224
0.032048
0.031500
0.031848
0.030409
0.037454
0.034405
0.032442
0.028915
0.027834
0.030327
0.039962
0.028682
0.044497
0.041195
0.043522
0.029516
0.045007
0.037391
0.032963
0.034058
0.030560
0.037234
0.031625
0.031752
0.030704
0.042475
0.040525
0.030064
0.040799
0.042415
0.037595
0.034361
0.031309
0.048222
0.034122
0.033025
0.036319
0.032094
0.031427
0.035538
0.043416
0.039613
0.035256
0.029870
0.033323
0.034060
0.034971
0.030328
0.029419
0.032928
0.035587
0.029002
0.040513
0.025845
0.026147
0.022942
0.026697
0.022914
0.042348
0.040201
0.031131
0.042048
0.036439
0.024319
0.028055
0.035898
0.033090
0.042606
0.030483
0.031229
0.031363
0.031915
0.026746
0.041845
0.033552
0.033131
0.031291
0.033569
0.039332
0.044399
0.032640
0.040009
0.039470
0.038711
0.056235
0.039530
0.030175
0.049672
0.031821
0.033538
0.028462
0.035018
0.035386
0.033510
0.030918
0.038528
0.044504
0.026875
0.043895
0.028298
0.031327
0.043478
0.043256
0.042591
0.032737
0.046995
0.033209
0.024795
0.043271
0.036102
0.038953
0.041698
0.024401
0.028754
0.030629
0.028999
0.024452
0.027185
0.035510
0.032385
0.027877
0.036685
0.031379
0.032541
0.028493
0.044610
0.045502
0.031178
0.025051
0.025141
0.031239
0.027632
0.025276
0.024516
0.040414
0.036293
0.033222
0.027745
0.031132
0.031821
0.045563
0.043048
0.026414
0.027210
0.024718
0.025386
0.023964
0.028509
0.036835
0.027599
0.027738
0.029615
0.029669
0.027152
0.030404
0.021146
0.026492
0.023107
0.022130
0.023242
0.022878
0.032082
0.023607
0.026823
0.029369
0.026573
0.034541
0.032791
0.028524
0.026248
0.041400
0.041221
0.023679
0.037942
0.028958
0.029363
0.034502
0.034266
0.034086
0.029823
0.033098
0.035544
0.024001
0.028335
0.033183
0.028913
0.022039
0.032210
0.026262
0.024832
0.049032
0.022786
0.020677
0.020946
0.028012
0.025322
0.031150
0.030884
0.026114
0.029898
0.024160
0.023380
0.037946
0.025412
0.024608
0.027487
0.030289
0.044493
0.028561
0.022902
0.025387
0.023065
0.028626
0.023103
0.039361
0.044190
0.023136
0.022030
0.040457
0.048537
0.035366
0.033866
0.044889
0.029215
0.032718
0.030958
0.031584
0.034921
0.033429
0.025675
0.021430
0.023061
0.023850
0.020849
0.020835
0.053615
0.039099
0.025098
0.042022
0.029944
0.029114
0.039944
0.040061
0.038368
0.045869
0.037483
0.030910
0.031304
0.031920
0.030936
0.031982
0.028644
0.042615
0.035315
0.044977
0.033963
0.034339
0.046113
0.038548
0.043708
0.044240
0.033670
0.032091
0.047710
0.035078
0.045966
0.045309
0.035827
0.035617
0.035163
0.029715
0.028696
0.034147
0.025288
0.024196
0.047861
0.033448
0.033988
0.030003
0.025784
0.029407
0.025207
0.033275
0.030957
0.028768
0.030960
0.022912
0.042975
0.023478
0.026158
0.027322
0.028142
0.028958
0.027709
0.031763
0.028212
0.029096
0.043184
0.041363
0.027308
0.024612
0.029739
0.031085
0.030913
0.030325
0.031959
0.057182
0.032466
0.034616
0.036139
0.031335
0.032876
0.032665
0.026740
0.029005
0.030939
0.028742
0.028443
0.028924
0.040240
0.025848
0.023620
0.026065
0.025243
0.028231
0.026960
0.021950
0.033226
0.028683
0.032409
0.026269
0.021599
0.019982
0.040771
0.032286
0.029506
0.031596
0.032407
0.050181
0.035860
0.036034
0.042413
0.043000
0.022313
0.022640
0.023458
0.027631
0.038147
0.024238
0.027457
0.040824
0.040475
0.024307
0.028363
0.038034
0.020988
0.028820
0.031461
0.035295
0.032676
0.030696
0.032575
0.030667
0.039224
0.036428
0.044996
0.028649
0.031572
0.029773
0.032807
0.041552
0.040958
0.031163
0.032100
0.047409
0.031578
0.031502
0.030218
0.032415
0.027075
0.048297
0.049975
0.037241
0.049757
0.039881
0.025291
0.027333
0.028266
0.036123
0.024425
0.031663
0.026713
0.023193
0.048018
0.033288
0.023898
0.039536
0.029643
0.031846
0.033883
0.029094
0.033938
0.024900
0.027736
0.049321
0.024617
0.044610
0.038202
0.033988
0.044000
0.046411
0.038111
0.035564
0.033783
0.034214
0.033631
0.034818
0.038787
0.037870
0.028868
0.053403
0.030537
0.031675
0.032444
0.031498
0.036737
0.031696
0.036249
0.029027
0.026641
0.026079
0.027778
0.044323
0.029084
0.028073
0.031191
0.042193
0.030622
0.036660
0.027776
0.023329
0.024757
0.041484
0.045461
0.040620
0.042305
0.026780
0.023765
0.021750
0.023127
0.025416
0.025827
0.024104
0.024716
0.025836
0.042380
0.033953
0.048828
0.033188
0.029825
0.030855
0.045341
0.039712
0.029852
0.022581
0.023553
0.025206
0.039048
0.041184
0.031205
0.027923
0.021454
0.026487
0.027488
0.025542
0.029655
0.038947
0.042139
0.043709
0.030258
0.041212
0.046154
0.046813
0.034648
0.041142
0.046758
0.035109
0.037916
0.037034
0.030313
0.030516
0.038078
0.029514
0.030309
