96	233	514	191
175	213	439	245
174	223	409	252
176	218	434	262
217	247	375	244
228	288	364	210
245	281	343	211
246	283	322	216
236	282	357	208
231	276	365	215
224	286	344	213
226	281	372	194
224	283	319	206
231	277	355	188
223	274	323	203
210	270	353	199
202	264	354	203
192	259	360	211
182	256	373	214
173	250	398	211
171	229	399	239
167	219	395	257
156	208	436	264
177	179	382	267
222	152	403	300
280	130	364	321
321	129	302	319
340	131	295	309
360	124	322	330
381	119	279	322
399	121	367	353
429	107	341	345
452	111	371	320
438	100	250	329
463	114	267	325
470	122	271	285
486	142	302	264
520	147	305	248
553	152	245	238
566	165	217	211
582	179	242	209
578	183	222	227
593	200	213	199
622	207	181	219
627	178	172	224
628	204	171	225
628	182	174	223
634	208	172	226
625	198	185	224
637	216	184	237
636	215	192	209
645	225	184	219
657	217	182	203
670	230	173	213
675	210	170	208
677	217	170	224
677	211	175	202
670	201	178	207
672	217	171	177
674	187	245	214
633	196	199	197
503	231	315	149
567	152	249	246
578	162	220	290
502	121	268	303
434	128	284	325
394	145	295	289
360	160	317	267
314	165	366	267
356	163	351	273
307	163	348	273
263	169	413	265
232	165	419	279
212	168	455	283
198	185	463	277
211	177	443	293
216	194	442	281
234	223	419	260
237	220	418	265
238	225	406	266
239	229	416	253
240	232	406	255
245	253	383	240
247	248	407	233
240	253	395	241
236	262	379	236
229	261	407	223
230	264	411	224
227	261	395	234
217	257	406	234
211	251	397	245
202	238	526	216
183	207	454	278
178	194	443	290
223	158	397	305
292	105	397	356
341	127	307	325
372	95	377	351
316	101	352	331
341	109	307	329
247	130	425	289
173	158	475	266
209	173	440	269
172	161	474	289
210	129	421	302
180	125	470	307
258	97	385	345
294	93	322	337
211	115	442	312
182	177	460	253
170	157	458	291
168	149	459	295
236	110	393	337
282	74	348	364
205	104	440	322
217	185	443	241
206	142	454	302
193	137	469	311
287	86	374	369
335	93	300	339
259	122	414	294
228	128	434	290
294	109	383	317
296	109	371	309
354	97	313	327
370	96	284	313
273	131	400	285
246	131	437	287
319	97	363	331
345	103	318	320
369	85	285	339
296	98	384	329
245	127	399	287
298	114	377	304
355	82	314	352
370	77	286	356
376	71	270	358
282	107	387	317
225	182	463	233
224	163	463	277
285	114	392	340
227	118	428	323
370	93	277	353
288	107	355	340
199	135	476	291
200	150	465	290
275	98	391	354
239	102	399	333
373	83	264	350
361	72	320	358
278	102	371	296
245	113	420	279
321	88	356	317
352	85	326	313
408	94	295	319
425	76	267	327
431	64	299	323
420	119	340	257
463	103	319	283
438	104	333	281
515	91	300	295
552	50	264	333
549	67	263	313
532	119	276	255
528	163	293	215
541	161	281	221
580	100	268	293
625	94	252	304
631	102	238	304
568	100	275	290
560	122	280	267
561	124	280	266
583	66	261	349
602	54	259	362
602	59	266	340
545	58	311	322
530	84	318	290
531	83	316	288
561	31	309	359
618	64	265	350
629	49	254	360
623	59	257	332
580	77	289	301
592	72	259	306
607	54	265	370
645	57	240	374
640	68	259	360
628	38	269	373
549	82	320	314
569	83	286	308
599	50	294	387
632	72	290	353
640	79	285	344
618	69	277	360
527	59	343	338
536	63	317	325
546	49	324	366
633	71	309	377
645	99	334	343
658	62	301	360
619	44	274	369
620	71	278	345
599	44	284	349
616	60	281	371
671	54	293	389
676	89	351	353
690	46	300	378
686	57	299	363
666	13	265	394
658	3	261	368
655	0	269	381
652	30	327	393
671	61	350	362
691	63	335	366
707	69	316	359
717	37	292	381
691	28	278	370
677	20	264	337
685	47	280	332
683	41	305	345
691	0	357	428
701	46	356	368
734	76	320	349
748	47	306	380
674	29	356	373
684	43	360	364
692	37	339	359
694	28	356	396
713	63	365	362
758	135	368	300
794	138	337	302
788	146	338	298
748	107	353	337
711	102	342	333
739	115	369	344
785	136	355	336
806	155	326	327
802	163	333	334
763	177	350	300
765	168	348	311
803	181	368	320
845	193	323	301
870	181	284	323
866	172	287	352
867	147	285	342
835	167	315	349
810	201	378	320
780	203	383	330
838	194	374	329
861	204	316	315
878	179	276	322
835	191	311	362
679	141	519	387
850	150	268	371
840	203	353	354
803	196	373	336
841	136	306	380
832	176	312	384
703	162	516	356
882	152	55	312
766	307	180	113
767	435	218	66
790	416	204	138
820	365	197	143
823	291	227	164
850	285	173	117
794	224	212	183
817	250	225	186
520	25	580	408
763	153	356	283
817	131	305	319
773	60	364	383
780	39	336	389
771	49	348	384
784	81	320	336
794	72	333	369
792	36	344	413
808	98	335	349
833	127	323	318
840	146	306	308
789	79	368	358
817	91	332	331
839	157	321	259
844	183	306	257
832	150	311	285
828	144	319	281
800	151	342	274
783	154	360	284
806	144	342	290
780	93	344	341
793	140	333	279
784	143	345	281
802	152	345	273
780	156	349	269
755	161	376	267
748	168	371	266
766	104	338	335
782	123	325	302
762	80	347	344
758	110	359	298
777	120	334	288
790	127	334	287
763	132	373	281
773	130	371	286
748	132	386	292
787	126	358	299
764	54	390	377
742	83	401	328
745	86	389	316
742	89	388	314
740	88	380	316
737	94	383	316
773	99	350	318
793	138	326	288
753	114	376	315
782	117	344	308
742	116	378	303
726	126	401	291
724	131	410	291
769	134	372	294
809	139	337	287
821	129	301	292
798	149	327	278
670	165	491	265
659	221	470	232
669	195	450	283
717	177	413	306
724	175	403	304
773	118	329	354
703	161	391	283
658	215	447	233
576	192	454	276
593	181	472	299
570	169	502	320
618	144	432	316
664	43	324	415
639	104	402	327
598	183	465	254
598	163	414	292
588	151	412	303
584	183	466	273
624	166	416	306
654	81	356	382
659	100	365	340
585	202	430	258
586	183	417	290
565	184	394	288
546	191	395	277
533	152	460	318
512	52	466	409
494	33	390	411
504	38	366	380
495	25	379	386
463	65	508	357
490	137	439	290
473	173	388	259
466	171	473	267
461	136	496	320
433	76	468	360
483	46	384	387
478	40	361	369
443	64	456	343
485	139	441	276
489	152	422	275
479	167	413	269
434	88	438	356
400	49	455	384
432	59	347	363
428	45	385	354
428	58	364	338
400	85	449	375
423	185	325	260
454	226	351	215
314	200	447	250
373	69	398	396
360	59	405	378
349	72	331	374
363	41	405	374
356	67	402	366
425	170	401	248
366	113	445	316
388	129	453	303
333	86	444	354
352	76	376	357
356	80	344	334
381	46	391	349
345	115	423	299
323	116	440	301
339	181	470	242
333	132	469	312
305	97	417	339
274	93	420	335
308	20	375	418
309	44	380	390
305	16	390	393
265	87	452	309
257	135	450	267
245	122	435	295
212	118	452	305
221	109	447	320
248	95	417	335
268	64	448	370
279	62	407	360
219	106	454	301
269	124	385	291
266	125	402	288
235	137	428	278
205	130	442	293
232	112	411	312
261	66	321	360
280	56	380	340
261	55	370	337
212	102	444	304
234	132	423	280
217	154	434	265
196	136	452	285
206	122	438	291
190	119	455	294
246	31	333	392
254	39	334	403
253	62	411	347
197	135	436	282
211	142	444	285
231	149	442	288
205	140	449	306
267	112	379	340
260	81	377	362
287	52	468	446
308	48	379	430
309	49	393	409
291	92	378	362
323	176	385	331
267	110	389	379
261	94	400	371
256	48	369	405
261	27	430	435
189	53	396	396
226	72	452	389
264	68	400	379
210	165	428	264
217	129	427	313
202	133	445	310
233	108	412	340
246	59	375	382
268	46	492	425
291	54	393	407
297	80	391	408
289	69	380	400
393	181	327	347
237	121	481	378
268	96	383	397
279	71	360	398
295	31	404	448
301	52	339	423
302	43	523	443
327	49	403	424
294	105	361	349
336	103	381	395
276	93	367	373
248	96	413	344
257	93	414	337
253	66	389	359
243	12	442	439
243	42	394	400
282	48	456	384
316	26	380	411
311	63	406	435
399	152	278	310
344	99	413	347
358	65	354	373
359	55	370	390
360	57	371	383
381	2	633	478
341	18	414	463
360	69	362	423
413	138	337	327
356	77	456	395
364	106	349	360
365	47	402	404
341	50	370	383
295	41	413	398
320	13	742	487
270	45	433	469
297	46	384	440
318	53	427	482
365	168	331	331
342	105	421	422
333	99	351	396
289	99	407	358
296	83	404	360
307	45	397	394
328	13	684	503
270	49	461	467
313	93	381	389
426	210	345	245
445	191	349	266
354	68	397	386
311	77	408	354
316	54	403	370
313	20	814	468
286	48	419	458
311	41	371	432
328	42	425	454
447	190	333	271
366	66	381	389
326	66	396	364
308	50	404	366
324	36	389	373
338	10	381	400
329	41	421	403
342	52	375	406
349	76	394	412
350	52	365	406
354	77	395	396
328	40	376	405
321	41	389	372
340	0	845	495
276	26	471	492
303	48	375	445
311	17	457	483
339	52	331	435
314	18	476	452
330	40	303	404
320	49	550	395
275	49	774	396
277	11	801	449
264	0	842	461
250	103	589	386
336	55	309	453
329	14	832	442
377	55	773	411
216	18	788	416
244	0	868	468
231	0	865	458
247	88	401	414
347	9	836	463
276	0	625	500
288	11	652	471
302	12	446	366
352	26	527	394
410	26	441	421
437	48	270	470
421	36	782	418
402	19	366	473
410	17	306	425
416	13	409	396
448	26	323	410
453	12	710	479
406	31	390	469
441	52	335	431
442	28	338	454
445	16	321	407
462	51	325	327
460	38	599	381
464	21	362	411
433	0	380	421
499	31	338	391
455	0	360	400
457	35	352	335
472	47	342	313
495	0	632	442
480	0	389	433
542	22	328	422
605	1	272	427
569	0	309	446
494	9	362	377
498	34	351	350
505	25	348	363
504	0	405	457
543	40	354	393
620	1	297	468
554	0	331	428
513	26	364	354
509	22	359	354
517	38	357	344
566	0	378	461
589	44	390	436
636	38	342	437
631	0	360	476
596	7	359	444
548	17	383	398
550	40	384	364
588	0	420	472
614	41	401	429
658	43	363	447
669	59	339	420
677	5	348	461
670	13	328	407
666	27	347	408
661	0	408	497
671	47	397	420
689	46	370	435
706	62	359	436
700	7	363	461
693	54	374	364
717	79	326	342
731	12	380	475
672	0	426	455
718	51	397	389
767	82	332	423
770	49	340	416
773	66	339	366
822	129	310	304
844	173	315	273
792	38	366	475
794	78	363	408
906	101	254	429
883	17	287	521
834	69	348	379
840	56	324	407
745	33	413	404
737	55	337	318
859	91	351	463
720	111	322	354
741	231	381	393
717	158	221	316
872	136	259	449
864	116	290	417
677	102	475	473
676	87	175	303
1004	167	115	415
837	251	235	337
811	217	320	376
920	158	295	365
719	170	428	405
647	105	347	292
784	201	425	346
793	179	360	357
624	130	496	394
521	15	420	306
832	118	447	409
515	18	379	274
769	193	510	376
549	59	296	273
1061	236	165	325
690	149	431	421
525	51	347	292
384	23	895	496
619	101	293	268
736	114	543	405
616	55	311	320
775	161	437	397
518	29	406	286
565	31	714	483
517	31	473	326
533	25	394	276
911	206	338	363
736	157	466	382
541	45	371	279
724	81	555	426
524	51	412	322
580	37	604	515
518	60	423	316
805	176	412	352
308	69	870	446
533	43	439	338
561	44	423	274
572	36	615	431
687	114	409	341
610	66	550	462
798	217	328	284
913	230	252	261
921	251	227	226
925	267	213	203
917	277	211	181
900	277	226	176
911	277	197	174
902	261	191	182
895	254	198	181
902	260	197	189
867	237	219	201
880	245	190	185
868	220	196	210
866	218	199	199
876	184	176	228
875	212	176	206
865	180	182	228
859	199	197	199
781	195	264	212
752	193	301	227
719	194	317	231
728	191	310	237
719	201	303	227
726	222	277	207
761	225	262	203
795	224	278	205
841	208	283	222
831	206	298	228
870	193	263	236
890	204	235	214
804	216	291	202
709	215	323	207
684	237	272	192
719	240	236	184
748	243	245	177
785	242	282	181
829	239	263	196
817	242	287	198
789	250	275	194
806	257	250	189
728	277	256	167
702	284	241	158
682	279	269	162
728	274	269	176
759	274	264	201
741	277	300	197
750	280	284	200
725	278	292	202
697	275	278	180
637	270	290	158
632	258	299	180
628	253	308	190
679	277	301	184
722	289	283	195
707	277	299	210
698	274	294	206
670	271	280	190
676	270	291	189
648	264	275	192
683	268	269	198
720	330	280	198
759	321	276	204
733	265	291	223
759	273	270	214
724	277	292	204
697	275	279	196
667	276	274	197
704	314	272	171
747	311	302	214
722	310	312	218
744	286	308	240
763	280	288	212
732	281	290	208
699	280	282	202
669	279	280	195
666	279	301	193
693	284	293	195
730	290	288	218
743	284	285	227
760	296	259	208
710	301	278	194
689	300	313	194
668	292	277	197
625	291	284	187
669	295	270	192
700	332	279	203
682	312	298	207
707	308	266	212
676	312	293	188
652	305	273	191
580	303	306	172
575	291	319	174
630	298	289	186
610	293	320	198
661	321	288	199
676	321	291	205
651	319	297	190
618	312	284	190
578	307	280	184
568	302	304	184
547	292	310	200
547	293	330	212
605	361	302	176
607	351	314	197
587	343	285	210
575	343	324	198
520	322	411	179
441	295	285	231
440	301	281	220
455	320	301	230
493	336	307	221
475	340	342	219
479	332	332	233
446	322	387	195
388	299	304	228
417	302	313	247
457	366	323	183
451	353	345	208
469	341	319	224
441	328	315	219
393	311	312	228
379	308	318	239
393	314	333	242
398	317	343	240
432	329	332	235
464	327	323	237
437	327	321	235
431	324	299	227
406	324	290	223
407	322	310	219
327	252	355	289
288	159	416	366
327	83	416	326
376	38	419	295
432	32	360	236
417	24	368	257
390	21	409	317
389	42	400	385
422	131	364	272
418	65	390	308
414	72	371	291
441	78	358	281
397	89	360	355
417	204	359	219
407	80	371	335
410	67	386	271
403	60	402	276
396	52	402	276
358	72	391	358
346	149	403	336
339	105	412	369
361	83	416	309
399	105	378	280
363	99	410	284
328	101	402	380
305	146	429	319
355	88	421	375
371	83	389	312
361	105	401	295
351	96	411	310
378	133	372	352
318	170	416	301
333	117	434	356
376	80	372	323
359	97	404	297
366	102	397	295
373	110	400	323
309	118	442	347
323	121	443	341
366	58	444	338
415	59	390	286
416	65	402	282
402	56	417	302
426	68	383	391
433	179	379	299
473	220	376	254
511	118	366	300
466	107	380	309
504	78	387	295
551	80	381	294
603	120	389	316
648	226	352	220
705	148	317	300
677	162	347	277
675	89	390	326
709	109	396	293
763	138	354	276
796	141	335	281
776	76	359	364
769	79	390	349
752	18	422	388
781	39	424	339
818	45	417	387
803	67	429	390
816	130	421	317
844	132	393	319
864	77	375	366
773	80	431	345
791	86	431	329
522	54	320	251
850	220	359	324
785	186	423	348
751	191	392	372
595	61	284	299
686	78	593	342
659	65	367	274
615	58	270	194
591	55	455	299
802	175	411	398
685	135	349	311
808	100	470	340
829	72	298	335
729	90	252	255
803	127	302	302
556	59	316	227
1036	203	178	316
848	260	244	300
846	217	250	310
756	152	280	174
816	181	463	272
833	141	279	242
944	164	291	284
899	181	326	248
890	182	344	255
871	183	317	258
892	189	329	248
860	181	315	270
890	126	299	322
865	138	305	309
885	79	255	379
877	61	250	388
869	77	230	393
856	63	295	357
864	74	294	382
870	130	278	283
837	124	313	304
858	97	291	341
862	90	298	339
842	51	309	428
781	123	354	322
815	141	352	295
852	173	295	268
793	98	316	343
843	100	304	335
858	40	280	423
849	23	302	440
749	186	341	262
438	89	672	356
815	134	298	330
668	142	482	307
825	104	267	351
614	105	538	365
474	80	598	371
836	70	268	391
818	139	353	327
818	94	323	353
833	34	346	387
674	39	443	410
829	19	257	409
917	0	254	456
900	38	285	424
895	33	297	402
900	0	284	426
896	0	228	461
895	21	303	440
890	57	305	379
897	23	289	431
890	20	301	443
884	20	284	420
885	0	292	433
882	33	233	431
895	23	246	450
878	18	259	428
890	0	241	467
885	0	265	463
884	0	230	477
946	4	196	467
910	16	250	438
892	23	275	420
885	39	277	392
804	18	329	452
907	31	222	380
953	16	197	432
846	148	291	293
906	49	218	435
962	0	190	473
850	33	308	418
924	14	270	444
906	6	300	468
854	6	324	471
885	0	212	424
853	14	340	416
884	0	260	488
905	8	292	441
905	12	281	465
886	0	252	493
811	23	254	402
843	59	257	393
856	37	258	438
931	22	291	467
894	20	272	406
896	21	275	439
896	0	209	482
939	14	197	454
823	46	331	406
565	35	463	419
860	109	342	343
850	40	220	398
692	62	477	388
848	140	335	300
394	68	649	361
817	46	86	411
1135	200	58	268
1018	187	165	238
1072	113	114	332
1068	95	89	378
1024	83	115	437
860	80	260	506
835	59	313	507
821	25	340	495
821	91	344	356
849	44	300	396
847	26	300	464
754	8	314	522
738	13	344	532
726	0	358	469
735	77	337	344
779	52	278	407
688	15	374	474
676	43	375	466
584	17	442	476
602	32	439	422
541	63	495	360
592	69	441	350
527	69	481	351
465	50	425	374
463	38	375	376
468	59	313	340
465	51	268	325
458	25	284	351
459	40	286	370
449	64	246	385
428	73	240	386
426	46	252	403
435	24	259	371
433	25	265	390
429	41	259	358
401	35	284	402
359	76	325	376
404	42	297	382
448	30	273	366
424	13	303	381
434	44	337	323
416	45	291	393
374	70	320	372
385	83	305	342
417	31	265	391
425	54	265	391
425	52	261	346
394	27	286	413
357	82	319	372
384	82	285	352
396	35	265	400
408	48	260	395
395	58	260	353
348	29	306	421
333	96	317	364
359	82	283	361
384	42	260	397
393	45	259	401
391	75	255	322
395	33	248	408
310	20	367	444
327	105	334	331
358	80	291	392
362	80	301	370
438	90	231	351
426	52	246	397
388	73	293	404
379	112	311	393
413	70	289	388
391	55	317	387
448	57	261	381
450	75	246	366
413	33	302	436
397	115	323	396
390	124	527	369
371	121	500	378
433	88	394	397
456	39	373	404
478	62	319	348
460	40	313	430
442	87	330	357
440	93	383	355
460	75	421	358
475	46	391	374
515	63	320	334
489	14	373	428
472	59	373	376
480	52	380	389
478	32	442	393
520	40	529	371
583	90	471	318
564	30	493	386
539	45	507	371
545	50	507	370
534	39	539	383
590	49	480	374
613	36	463	371
649	44	397	336
689	17	373	379
633	24	421	374
691	42	379	362
743	59	324	359
765	24	305	393
805	0	261	437
781	1	276	396
783	3	273	370
787	41	270	362
792	69	263	352
797	27	283	422
751	0	329	477
760	25	314	381
826	0	237	447
804	0	278	455
789	3	293	454
805	11	280	462
304	65	784	420
729	153	377	214
824	0	252	415
812	0	265	433
800	0	286	458
875	71	229	338
873	41	262	396
878	50	264	417
869	55	276	400
872	23	279	440
870	4	294	469
866	0	297	488
836	63	314	410
911	23	238	415
912	12	253	436
902	16	265	438
712	19	444	460
870	41	263	400
872	10	282	460
858	0	286	480
862	28	281	440
880	35	251	401
871	9	272	453
856	0	282	481
865	21	293	426
861	0	287	476
840	0	300	489
899	58	247	358
914	23	236	425
687	45	480	418
842	45	273	400
917	9	288	463
903	0	291	464
893	56	307	360
912	54	274	382
910	28	278	415
903	0	291	471
895	0	313	443
895	0	314	439
892	37	305	415
857	36	297	434
858	13	279	459
886	4	280	478
870	20	325	464
867	22	343	412
878	16	325	437
882	63	322	369
907	21	280	410
910	27	272	411
885	2	303	469
847	24	311	452
886	24	305	436
882	0	315	470
868	25	337	399
882	56	308	342
899	20	276	438
891	21	294	424
590	29	593	456
814	72	308	391
879	20	325	410
884	3	273	437
873	33	263	384
871	5	270	439
858	0	264	467
790	0	272	479
771	13	280	419
763	3	283	420
757	56	285	346
768	16	265	370
716	61	314	311
670	19	393	412
653	50	380	371
629	80	358	346
632	104	329	318
638	111	307	311
606	117	283	290
594	125	264	271
576	131	244	250
581	138	223	229
584	128	204	252
583	126	202	252
577	136	204	255
572	144	202	253
572	134	200	253
572	133	203	254
570	134	212	244
574	136	212	247
572	141	217	230
541	114	264	249
511	80	300	276
503	24	275	331
710	123	208	254
715	159	100	190
475	129	547	304
395	0	213	337
395	0	394	355
329	15	241	322
353	41	283	317
366	40	227	303
331	5	340	330
357	26	208	288
348	29	221	295
335	7	242	361
331	26	368	374
355	26	429	384
329	33	251	343
363	18	582	404
313	12	459	367
365	19	243	361
381	43	508	419
376	50	302	393
417	89	261	318
401	45	471	393
331	56	296	357
351	36	295	342
367	22	539	413
307	35	359	378
412	52	265	352
409	43	413	374
427	30	223	358
403	12	594	447
343	24	356	290
393	29	482	366
429	25	355	341
444	33	568	394
395	27	288	335
413	0	672	471
361	0	517	354
405	0	340	344
427	23	725	445
362	3	417	335
420	14	268	375
423	6	523	434
377	18	322	334
467	25	667	460
385	17	350	324
416	19	605	414
391	10	541	394
431	10	213	364
431	21	301	378
430	1	671	444
406	0	383	333
443	12	802	474
396	70	456	270
467	34	724	418
414	11	276	316
466	30	335	374
469	38	206	331
440	28	434	368
397	34	233	319
473	30	486	402
412	28	295	362
426	0	614	435
383	0	349	318
450	20	317	376
457	37	781	422
423	28	378	306
465	31	768	462
420	39	426	312
474	34	272	329
454	0	361	433
459	43	225	321
481	48	545	407
409	48	303	275
437	33	553	399
385	31	294	281
482	39	408	383
449	46	205	328
508	23	205	350
586	120	503	340
424	0	349	355
446	23	761	449
395	33	361	299
442	34	726	437
393	12	404	325
499	41	333	296
526	55	271	290
540	61	229	270
549	22	232	325
471	91	226	221
487	111	190	210
470	190	203	169
469	195	188	179
490	183	253	121
584	98	158	179
482	132	165	250
421	98	227	270
403	47	251	327
377	37	273	332
397	13	329	345
480	113	313	261
475	119	284	248
497	74	264	284
401	43	278	329
389	27	298	338
399	30	265	319
410	37	281	336
455	58	318	298
530	109	272	236
534	113	240	229
499	120	259	226
513	55	203	297
419	73	237	309
402	42	257	338
431	42	314	332
457	115	330	257
456	107	311	264
425	165	379	199
475	119	282	263
351	47	361	320
372	16	324	375
356	33	306	337
353	9	323	375
368	44	372	319
409	136	362	227
440	125	279	248
365	72	326	292
341	12	337	388
354	6	292	380
353	34	268	358
352	32	306	361
366	65	358	296
380	78	316	281
335	36	340	321
350	46	352	310
298	10	415	373
329	36	355	346
290	47	290	322
314	9	386	370
346	103	342	259
344	80	356	281
364	89	302	272
327	77	360	276
291	8	363	381
313	35	356	343
337	0	505	416
276	18	355	385
355	44	356	330
366	103	312	285
377	102	341	273
388	39	302	333
319	1	400	387
337	28	390	357
290	46	320	324
304	46	366	350
335	14	349	396
379	59	346	332
428	149	344	239
362	100	436	291
421	104	327	298
442	72	286	319
433	49	319	348
364	70	495	335
396	66	274	346
403	87	287	348
420	58	345	340
508	109	306	280
511	107	280	272
416	48	329	354
382	76	570	353
344	60	266	349
353	102	299	285
349	65	501	376
399	61	278	375
435	82	322	320
424	52	305	330
422	60	310	311
411	0	675	450
347	0	378	323
386	44	524	371
380	32	259	364
412	17	314	393
412	13	520	407
443	42	271	370
423	30	433	378
450	39	245	346
420	80	391	305
346	42	336	253
360	49	276	245
435	109	250	177
529	162	181	183
529	173	166	167
540	174	151	172
544	143	141	181
542	147	141	160
505	120	162	172
429	86	223	191
510	124	177	150
572	155	188	176
410	64	353	306
387	52	406	299
433	44	353	304
422	23	444	336
397	30	421	312
393	42	369	235
374	36	456	283
362	25	491	305
397	19	433	321
434	23	372	304
427	31	384	298
424	27	458	316
455	24	367	286
429	32	464	300
486	35	332	223
463	55	359	286
412	11	432	346
441	30	369	305
456	37	381	297
465	39	350	292
426	0	461	348
460	7	389	296
461	17	379	255
431	11	462	351
427	16	406	315
420	21	434	320
496	21	329	297
513	25	347	308
585	14	281	306
598	30	262	256
625	18	234	256
640	37	212	222
573	16	300	333
584	36	276	300
612	20	259	340
611	0	258	324
612	27	260	278
618	19	272	296
660	39	223	229
683	22	235	280
547	0	364	351
675	21	220	317
671	50	226	315
670	32	230	332
652	5	253	356
544	0	363	344
472	20	424	321
452	21	473	340
498	24	419	342
520	35	397	342
664	43	249	336
665	45	248	330
620	9	293	368
505	42	403	312
463	41	456	311
450	33	457	321
458	28	463	346
615	34	343	350
703	69	254	330
705	50	264	353
671	14	313	380
674	44	320	342
622	21	344	350
612	32	369	336
656	37	445	408
709	69	392	344
749	84	316	314
780	99	336	346
747	41	349	389
683	16	401	407
694	54	350	321
671	1	400	421
706	36	400	365
739	53	351	359
830	114	317	320
841	120	285	300
773	68	366	396
705	46	399	382
720	37	387	383
707	20	385	400
731	49	417	365
882	97	317	312
903	104	271	366
851	83	320	351
770	23	371	418
780	62	340	343
755	30	381	428
772	63	373	357
904	65	304	345
913	67	246	365
908	57	262	406
900	72	281	383
874	83	305	338
817	71	344	399
832	93	335	338
940	63	249	399
927	111	270	362
928	136	267	308
867	79	318	376
782	21	390	417
814	139	323	281
833	0	350	460
829	82	352	325
873	33	288	443
897	93	273	353
900	46	269	427
818	21	353	438
838	154	293	267
783	11	362	469
777	59	358	368
862	77	341	330
889	75	287	362
894	56	279	397
798	29	361	418
749	86	368	330
767	66	345	366
702	11	398	419
731	52	379	351
811	123	319	327
809	68	326	365
727	14	387	421
745	49	355	369
669	0	397	426
661	42	368	357
689	43	355	368
712	68	349	348
721	62	344	365
713	65	354	357
625	2	377	403
485	32	457	340
521	40	363	326
471	22	382	384
546	38	347	363
570	38	306	359
591	49	293	381
494	2	380	385
410	27	436	342
448	40	351	327
447	51	467	368
437	54	376	357
402	33	384	363
413	52	368	347
348	23	435	375
274	39	429	346
254	57	396	328
287	70	397	317
332	54	401	389
362	67	348	355
376	72	327	359
295	102	387	354
211	97	422	341
215	97	403	334
252	104	415	335
305	89	568	365
334	80	319	386
251	93	457	349
195	93	435	345
221	97	405	336
182	62	405	363
222	66	458	353
273	57	371	361
197	77	400	334
143	93	401	315
147	88	414	321
107	86	450	321
150	77	421	336
198	76	393	335
138	85	417	327
88	94	443	333
102	92	441	335
119	144	418	280
75	105	448	329
138	95	417	339
157	96	371	331
91	107	407	329
113	111	393	320
64	105	454	320
125	100	420	328
194	94	409	330
336	93	307	311
346	40	275	347
334	55	285	331
259	75	313	350
234	71	316	350
252	71	420	338
302	63	344	340
341	56	331	328
361	73	297	317
356	28	352	389
307	62	339	356
336	39	392	352
412	56	398	333
481	74	378	311
516	91	309	294
529	103	281	305
482	62	312	323
431	69	360	345
518	66	364	337
564	125	378	303
584	129	349	295
597	136	308	281
589	83	297	327
558	64	296	374
560	20	381	400
613	92	422	370
613	110	457	343
570	209	420	244
556	196	469	272
643	214	375	266
682	164	340	293
702	132	345	316
725	145	320	296
667	86	354	345
655	48	356	370
632	28	364	376
584	14	372	380
609	39	339	323
633	38	296	307
623	34	293	262
604	27	289	248
632	22	343	284
632	27	302	270
661	39	257	306
669	24	250	324
678	0	318	419
683	45	363	426
706	106	330	381
744	94	277	369
742	118	285	360
741	108	264	361
738	105	291	364
741	106	277	358
744	102	274	368
733	83	272	361
730	48	304	391
727	58	302	379
725	16	302	412
721	18	324	408
707	0	294	379
703	42	238	267
707	34	223	220
700	43	216	205
717	41	241	205
677	49	265	272
695	63	294	362
705	43	352	425
715	93	326	368
730	124	293	344
744	126	301	336
737	95	286	361
735	52	295	384
730	26	306	410
714	35	312	371
717	42	308	365
702	48	266	310
709	6	256	288
706	15	249	269
702	0	239	275
672	41	260	219
698	0	230	262
706	0	213	274
707	12	282	333
662	41	320	337
678	63	379	374
667	121	380	317
678	127	382	314
673	153	378	286
688	134	330	306
701	104	334	330
683	111	326	309
668	111	342	303
660	108	364	305
652	114	366	297
645	115	368	287
622	119	373	278
582	119	396	277
538	118	417	287
504	115	435	293
496	138	432	277
442	89	503	335
471	123	481	309
542	110	381	320
576	113	331	294
605	119	286	276
627	135	319	261
509	160	441	258
539	191	385	239
516	181	408	258
489	174	447	274
486	182	431	277
437	123	490	344
425	143	525	327
425	96	476	367
466	93	388	359
487	92	407	333
519	96	362	320
538	104	396	301
521	141	433	271
558	213	392	211
545	193	397	247
514	186	437	263
492	175	445	283
449	107	491	353
402	122	499	340
438	93	424	348
442	75	368	356
456	83	407	322
489	85	355	313
487	70	406	316
450	84	473	305
521	163	410	238
466	160	457	255
424	135	507	296
447	134	488	307
412	83	521	358
438	80	441	366
433	82	348	347
448	94	314	311
478	48	350	338
488	75	336	341
484	95	404	314
537	181	387	241
514	250	413	182
447	223	456	236
529	190	376	277
552	189	357	278
511	189	322	273
453	91	353	361
450	82	345	342
464	87	398	315
497	165	406	242
560	146	335	273
514	192	405	229
505	242	409	196
447	211	459	248
485	148	432	317
460	85	491	379
509	196	440	263
469	86	399	376
480	79	380	360
499	87	434	331
519	167	427	253
499	200	429	234
495	180	431	271
484	178	423	278
487	173	464	287
501	147	433	304
510	128	390	321
511	53	376	379
529	82	366	324
558	86	307	308
545	103	384	310
524	180	417	244
512	215	441	224
511	192	439	268
518	182	431	281
571	174	420	281
619	142	343	300
616	71	318	357
607	36	309	369
632	70	345	364
629	66	371	357
633	98	406	331
581	210	466	227
615	201	404	259
630	214	398	255
644	229	429	248
632	212	447	259
714	197	367	274
815	124	288	341
770	161	351	278
721	231	420	232
707	220	415	261
697	215	426	275
728	224	371	271
722	232	384	263
737	218	404	278
797	171	345	311
776	179	382	289
787	172	377	294
777	192	391	276
764	218	403	258
778	229	356	261
757	238	380	297
754	241	402	289
744	239	401	293
742	209	415	322
717	188	450	340
774	282	368	263
751	281	359	290
791	289	353	299
758	298	356	288
782	267	375	320
693	158	479	395
515	51	366	320
750	253	417	380
790	263	369	328
819	269	337	335
615	74	557	509
536	82	289	323
888	165	352	407
898	156	284	437
889	213	300	355
899	230	280	343
881	184	291	356
888	142	277	396
829	145	315	352
772	140	347	330
784	92	319	360
774	102	318	345
755	94	334	336
741	101	345	317
743	106	340	306
736	105	342	305
727	107	332	295
742	102	324	302
732	108	322	289
739	105	312	299
746	104	299	308
745	113	279	287
756	130	274	282
767	127	269	296
736	137	287	290
729	140	300	294
693	137	334	300
667	145	361	296
644	154	367	286
651	160	355	280
625	172	376	268
623	181	360	261
602	181	351	253
566	182	340	228
553	178	349	238
547	172	358	243
617	189	334	242
653	188	260	244
621	158	270	266
528	108	338	301
458	75	380	314
430	50	400	333
383	54	430	297
340	34	424	322
333	38	409	373
394	82	403	406
431	124	349	336
458	145	332	322
396	149	371	303
307	115	412	327
262	113	410	322
268	103	410	357
318	115	417	417
289	101	433	399
421	197	338	328
443	213	308	297
352	143	391	345
273	138	393	335
237	139	390	347
260	141	361	335
241	103	582	418
300	125	391	410
316	146	365	388
248	92	415	431
232	117	402	372
240	131	371	347
205	115	390	401
221	121	435	397
246	80	407	450
296	116	368	420
271	122	394	421
274	122	379	410
240	105	395	425
254	123	357	462
222	75	390	513
303	128	324	400
308	167	338	402
288	120	353	427
288	117	345	464
255	78	369	494
227	74	394	458
303	104	307	384
297	98	332	437
286	54	344	451
236	58	388	491
214	65	380	488
213	82	353	483
190	29	376	480
201	3	370	448
212	40	355	392
234	52	348	343
247	30	397	333
206	34	412	276
256	27	398	294
345	76	558	371
223	55	446	361
269	31	355	459
277	71	362	452
291	71	342	408
257	30	368	408
248	41	378	359
261	47	379	339
214	40	396	344
246	46	421	424
262	74	429	460
304	102	365	407
304	45	356	477
301	54	369	459
261	20	397	437
262	56	375	355
261	34	429	398
350	54	486	466
390	86	400	427
410	118	356	405
423	75	333	432
410	27	340	432
361	2	385	406
384	35	386	339
415	38	436	413
365	0	439	428
399	28	377	497
415	66	357	507
409	18	365	561
399	0	392	492
410	39	417	369
411	0	397	393
437	25	420	342
450	14	382	440
466	43	354	474
473	71	323	442
473	21	334	435
475	3	336	504
465	0	386	414
474	27	402	331
462	17	430	329
480	9	404	411
537	33	347	472
537	0	354	531
527	68	328	462
544	29	316	494
540	7	327	449
513	2	363	398
473	0	430	369
504	11	396	351
510	14	383	326
484	1	440	335
466	4	431	440
516	30	371	505
508	51	374	534
500	52	367	541
507	72	355	500
511	30	354	476
545	0	340	451
534	28	397	373
502	0	467	375
532	3	441	366
496	0	456	361
477	0	510	361
542	0	474	367
591	9	379	354
572	0	498	447
623	23	471	403
782	39	313	414
782	96	318	414
736	97	366	400
813	110	287	355
821	72	318	376
833	93	316	370
822	53	339	398
752	0	320	420
650	24	373	375
590	20	408	352
687	30	286	333
605	42	424	355
527	33	461	347
630	34	408	352
447	38	606	420
540	33	151	293
672	19	336	407
745	65	361	517
774	104	267	275
731	47	232	158
777	10	161	157
574	18	497	323
779	77	342	388
794	101	326	346
791	34	339	404
654	1	395	417
621	20	409	369
619	34	374	338
734	46	298	356
693	33	396	409
577	31	473	375
680	41	372	364
708	0	422	484
554	25	174	381
705	25	415	617
574	0	405	307
763	120	354	499
751	134	251	183
785	71	337	437
738	89	388	481
783	41	333	472
780	57	341	481
785	53	356	414
764	9	352	424
662	26	352	366
639	12	371	372
614	31	371	332
699	35	316	362
641	5	393	384
671	12	326	351
531	49	452	332
750	28	299	418
589	40	531	489
295	51	516	327
631	54	500	521
707	82	260	171
835	102	218	163
829	54	257	276
761	60	387	486
707	71	404	477
799	40	304	455
790	80	327	368
784	17	308	424
662	0	360	395
642	27	375	350
617	22	393	360
678	36	300	329
717	40	325	374
602	0	430	401
602	28	398	352
483	39	540	379
739	35	238	367
757	87	438	414
592	5	477	524
658	60	409	332
793	83	229	194
757	83	421	488
698	48	320	236
711	53	424	467
819	70	301	404
806	48	316	398
710	0	340	418
642	35	379	353
589	23	404	354
598	28	400	351
591	26	373	338
593	14	445	400
559	30	387	325
515	39	461	329
483	36	508	343
464	30	546	367
797	22	286	389
880	147	297	371
878	146	293	371
868	110	297	407
838	102	326	412
833	68	313	401
836	107	303	337
826	45	284	401
680	15	343	386
621	41	369	334
662	22	362	388
573	0	432	385
600	17	361	355
579	16	472	417
552	32	385	318
497	41	455	325
467	38	499	334
545	31	448	369
512	41	236	348
806	173	357	379
791	90	355	499
767	88	287	197
808	84	346	481
684	46	415	457
760	60	329	409
856	105	293	338
818	50	317	409
583	29	474	395
714	41	321	373
636	15	409	397
586	27	422	355
563	26	389	345
552	28	392	332
493	37	442	324
490	34	432	331
476	37	493	352
748	34	296	383
769	84	400	434
616	19	520	517
769	89	337	380
878	121	300	416
857	111	294	391
835	90	313	383
829	115	309	330
534	49	546	387
613	46	439	355
635	5	403	403
626	30	396	355
601	16	389	361
611	20	387	368
554	30	402	339
550	43	462	351
661	40	355	352
501	60	545	375
709	59	281	337
793	126	342	383
792	99	312	421
797	183	305	344
797	161	295	363
783	127	310	375
741	63	332	408
661	17	388	434
626	39	400	375
616	0	373	391
624	10	345	360
577	21	424	374
623	30	363	349
726	44	310	368
574	0	501	433
570	20	464	385
525	20	450	363
466	5	485	374
472	9	473	413
499	25	351	489
498	30	310	501
511	35	287	519
512	25	321	507
494	40	271	494
475	25	268	420
466	0	759	474
425	11	520	357
404	4	537	367
418	0	506	374
463	0	498	373
433	1	585	377
516	0	538	394
490	3	542	393
430	2	480	390
470	10	338	370
490	34	677	411
303	14	760	415
301	0	776	455
273	108	689	369
292	67	511	401
324	46	345	525
322	11	578	484
304	34	577	426
300	41	364	417
317	0	857	486
739	125	298	256
319	11	626	384
559	29	528	384
494	23	540	390
385	20	585	371
365	6	285	350
818	222	257	251
401	25	307	311
245	43	565	388
231	37	613	400
241	27	605	440
214	30	396	477
227	79	466	452
259	98	392	411
272	46	330	517
259	33	332	449
263	12	375	414
288	33	412	362
328	45	467	356
289	41	335	333
317	0	689	427
278	0	448	342
347	3	524	378
362	2	382	373
263	26	421	341
209	28	495	344
284	24	506	435
223	39	385	416
209	43	449	469
232	82	377	415
224	59	365	452
226	78	367	432
215	40	377	421
137	0	472	422
164	19	510	375
165	20	678	382
400	35	673	388
275	18	741	408
210	2	646	369
522	48	473	348
194	28	657	351
55	0	685	389
144	51	568	363
102	38	572	386
177	82	553	353
244	133	436	315
291	133	396	318
310	140	371	304
331	133	353	303
328	132	351	294
305	99	377	318
168	15	475	385
105	23	565	349
101	8	620	367
113	0	615	390
127	0	636	385
62	0	845	398
69	0	779	383
67	0	598	383
161	91	555	313
244	120	510	308
214	104	559	342
265	106	510	355
319	105	474	356
381	100	414	351
418	109	382	330
388	73	390	352
411	81	349	326
341	84	395	304
227	15	490	352
175	13	508	335
136	4	527	339
145	0	544	356
139	0	525	359
135	7	550	357
203	1	495	373
270	5	540	369
311	33	605	369
425	95	531	330
358	82	613	360
484	75	474	363
578	121	387	314
612	104	338	319
576	44	375	364
506	32	443	361
486	38	459	346
457	31	470	334
469	19	461	347
404	17	505	342
344	10	461	320
311	5	430	323
309	7	457	327
286	6	546	334
365	0	560	358
429	0	539	388
515	67	545	338
563	98	506	328
575	109	510	329
602	112	489	333
650	137	418	297
685	122	352	295
643	53	358	346
612	43	354	337
621	35	349	343
533	0	422	372
482	14	452	344
456	16	435	338
411	20	438	322
412	20	316	313
414	34	307	282
402	21	558	387
468	28	478	324
456	21	531	351
520	18	571	388
651	110	449	303
711	105	396	320
756	114	337	312
764	102	317	318
764	88	314	324
698	22	344	371
656	0	372	396
663	24	356	358
579	30	398	329
534	40	437	339
522	24	486	352
536	20	440	339
532	11	421	347
533	11	399	339
554	38	405	306
571	72	506	360
761	46	361	385
788	70	313	343
834	41	274	364
827	36	280	397
815	17	282	408
784	14	296	424
666	53	399	350
669	58	368	342
630	49	363	319
661	54	335	326
609	8	348	341
622	21	330	327
637	40	338	329
684	102	358	320
459	25	588	404
522	21	587	416
659	33	507	404
728	103	398	324
874	93	271	319
734	45	403	414
815	53	317	382
855	27	263	422
460	8	635	452
780	66	309	333
650	71	410	351
683	53	332	328
688	7	302	356
673	37	311	320
669	0	286	344
685	37	283	297
596	77	434	323
465	0	614	448
730	60	422	351
814	104	327	339
907	123	282	304
911	144	252	291
909	60	211	381
896	0	204	453
705	88	393	355
643	68	421	359
557	32	480	378
559	31	424	331
624	24	445	409
573	20	524	391
577	19	404	336
455	29	579	388
545	20	330	319
535	33	461	340
488	35	556	398
777	31	345	407
865	85	292	343
920	103	259	341
923	150	246	296
924	141	229	298
900	65	246	402
782	15	303	421
589	60	476	363
815	67	276	358
486	41	527	350
582	33	468	368
597	34	304	301
680	26	321	336
686	40	328	340
703	35	343	374
547	1	503	422
471	16	635	411
655	40	504	397
614	60	475	318
800	107	296	217
698	33	215	147
748	30	174	102
739	23	153	102
713	0	157	101
659	139	237	145
632	132	490	318
701	17	356	392
640	49	398	347
637	52	356	321
638	44	365	346
596	14	350	337
542	11	419	353
526	18	428	340
502	17	474	337
500	11	541	380
572	12	529	397
637	119	454	286
699	99	367	321
672	97	382	319
654	60	383	345
592	0	407	386
564	18	416	350
520	12	424	349
481	3	459	349
448	8	498	342
444	2	481	352
410	2	405	351
451	13	396	330
472	16	253	319
489	54	428	323
473	44	327	298
212	70	1002	370
362	0	552	372
453	72	444	358
500	118	364	307
528	76	351	344
461	73	407	339
457	5	433	396
454	22	441	351
461	13	440	346
431	3	510	358
388	0	376	365
434	10	780	432
327	0	492	331
402	0	394	342
439	13	400	341
428	22	270	317
919	283	186	189
959	268	206	189
787	182	362	267
300	6	358	443
212	42	438	453
245	56	397	405
272	3	373	428
287	44	350	431
296	0	354	424
317	24	373	358
363	0	516	395
604	33	439	358
78	32	654	347
667	40	392	369
456	0	577	399
633	42	419	361
352	17	665	378
433	0	599	418
127	0	607	421
188	0	552	421
155	10	585	407
233	13	639	409
188	118	659	317
197	34	391	434
217	0	627	430
177	7	502	429
237	22	634	400
778	35	282	395
451	1	572	435
529	13	472	402
546	29	514	374
626	38	429	368
594	31	439	367
431	21	558	367
531	10	470	388
456	21	504	365
156	18	482	369
175	21	573	368
138	9	540	391
199	20	402	381
156	41	424	337
202	40	443	338
151	37	532	341
156	25	568	374
648	20	365	393
387	24	314	338
744	44	401	410
687	47	394	379
540	4	515	406
622	25	397	379
245	30	755	355
835	106	277	323
352	0	800	471
163	0	761	369
124	4	507	400
175	12	493	386
121	23	475	367
178	27	430	356
180	35	439	337
235	22	535	368
436	16	605	380
386	3	633	403
567	34	487	386
590	49	411	365
125	60	946	350
837	142	284	295
606	66	547	415
715	64	353	317
578	15	531	440
735	50	316	386
244	0	561	396
310	0	619	401
269	89	319	325
291	24	708	424
255	100	364	355
323	19	449	414
363	35	297	373
374	0	754	461
514	105	406	244
429	4	708	448
697	91	313	293
804	74	342	378
674	14	383	422
472	48	568	352
694	42	371	373
718	61	325	338
657	16	412	412
331	41	685	353
590	15	475	415
664	35	396	399
695	57	343	417
704	68	341	377
721	65	329	381
732	19	341	419
735	37	340	380
718	0	345	415
656	38	391	357
611	35	425	366
541	19	457	362
549	15	496	370
570	13	426	367
580	23	422	350
596	23	413	362
556	16	413	358
593	23	429	376
574	36	380	348
510	55	498	337
472	45	390	322
912	56	339	404
892	91	296	389
891	54	310	388
823	58	344	409
864	18	366	424
534	49	463	357
487	44	536	362
518	36	493	373
507	27	500	370
569	23	432	372
594	31	410	354
608	28	359	348
619	33	377	354
591	15	364	356
526	38	440	328
497	36	561	382
497	27	530	379
520	24	465	303
928	101	250	356
582	46	595	443
544	46	452	294
795	71	379	383
570	5	567	454
495	15	494	366
504	15	529	387
496	15	485	389
553	22	438	363
555	31	442	348
572	25	435	356
559	25	398	348
518	36	414	323
593	32	343	326
601	31	338	319
617	24	415	384
542	33	528	423
490	40	499	366
572	38	366	280
942	192	337	307
703	91	543	394
716	35	326	331
843	60	365	382
456	42	750	454
479	20	472	334
534	18	473	377
501	26	491	377
549	29	451	373
614	24	419	377
557	25	383	347
592	24	405	346
688	31	336	359
675	15	331	372
593	28	377	344
645	44	417	379
750	60	376	362
814	113	353	308
830	110	319	333
798	93	355	340
781	88	352	338
748	40	363	393
757	37	335	389
714	0	362	421
719	32	352	379
634	0	418	405
592	32	419	349
671	35	328	339
697	30	325	355
762	40	312	384
683	48	364	354
765	51	266	342
858	172	250	271
907	238	250	247
624	42	517	425
546	49	342	283
583	43	355	287
538	34	362	295
573	33	336	296
585	26	345	301
621	26	455	416
622	31	456	388
561	31	481	375
693	39	334	362
742	41	338	392
659	31	389	371
535	51	493	338
586	39	442	357
478	36	527	352
687	24	367	375
581	29	466	367
561	32	443	358
417	0	608	385
382	0	681	400
356	41	724	382
350	11	705	410
324	0	708	415
772	96	288	336
742	62	376	403
504	3	543	414
668	50	278	362
819	71	304	382
564	21	488	406
630	35	421	379
610	52	430	349
276	51	745	345
851	114	265	326
532	31	610	436
203	27	695	391
290	0	780	445
260	94	690	370
257	61	412	428
285	45	509	425
285	44	375	412
303	0	702	450
597	72	464	323
185	40	824	365
718	87	368	346
455	13	601	403
758	68	338	356
601	27	461	395
683	54	371	355
783	58	269	353
856	59	275	395
712	37	372	402
567	28	475	379
276	36	789	366
279	25	420	436
299	62	321	421
301	38	344	461
299	37	316	477
292	13	365	433
302	2	413	416
325	0	691	420
344	0	719	437
658	94	431	344
389	0	616	419
533	10	514	415
604	37	490	379
529	41	524	370
488	37	551	376
334	29	734	391
329	0	755	449
333	42	782	420
375	54	395	455
423	70	301	486
445	34	620	380
417	17	650	415
389	9	703	437
392	0	561	366
674	56	355	324
533	0	488	385
599	26	439	354
417	29	590	349
802	50	277	350
543	9	530	405
462	21	545	387
431	17	630	394
396	27	692	400
376	11	716	438
353	53	698	399
542	35	467	349
455	24	578	361
485	12	572	387
675	28	390	378
615	46	416	339
423	52	566	325
483	24	527	373
446	19	583	381
440	14	634	399
438	7	503	459
490	30	566	417
495	31	423	420
437	34	621	388
410	17	653	417
497	17	511	376
614	22	434	369
603	32	423	351
444	36	553	342
533	19	499	373
476	20	517	372
447	18	595	384
451	20	324	397
463	0	695	451
450	10	445	447
484	41	510	380
490	38	540	366
505	29	501	356
596	27	455	364
529	30	470	354
543	25	494	361
495	24	443	373
545	31	455	447
570	54	278	399
585	19	269	469
578	0	306	410
585	0	331	448
556	7	378	385
547	32	410	321
518	24	508	368
626	28	421	366
515	35	470	342
549	31	454	348
498	25	571	405
567	21	259	419
624	38	349	436
459	0	406	464
537	39	446	379
539	45	430	365
547	32	403	325
545	28	451	341
609	27	424	355
604	27	395	349
537	30	422	361
558	33	408	378
303	10	502	424
551	23	234	386
654	11	572	429
578	17	452	420
577	37	430	367
595	5	419	398
605	26	414	358
725	39	279	333
768	53	305	377
622	29	430	371
659	44	425	377
642	58	412	356
29	72	1068	432
661	116	403	282
648	25	460	472
657	60	418	333
639	0	421	410
665	26	403	373
568	33	469	351
660	27	381	357
716	34	304	343
860	65	233	358
738	84	365	367
722	17	372	419
286	37	795	456
728	112	340	248
767	110	341	334
780	41	309	386
638	22	420	375
630	32	428	361
717	22	365	379
609	30	447	370
708	41	364	366
541	43	603	432
728	41	185	325
505	32	659	462
751	86	345	321
770	49	350	413
695	0	389	425
697	21	363	378
678	14	380	393
633	0	407	388
721	26	330	361
789	79	326	374
320	73	848	408
731	40	326	326
648	37	494	409
767	91	346	344
789	42	360	384
671	24	391	399
551	29	494	378
691	33	341	354
797	61	320	398
735	28	376	414
405	17	452	362
753	31	385	453
766	54	355	402
673	30	438	417
740	33	353	394
727	0	355	430
667	36	386	361
742	33	314	379
650	4	395	397
731	33	325	372
533	43	606	424
616	46	376	370
592	0	495	493
763	67	340	381
768	13	327	428
714	0	362	419
666	31	389	364
677	24	377	380
658	22	376	366
640	37	390	355
722	49	359	373
602	9	498	465
639	39	409	396
620	29	449	438
315	51	767	391
612	17	370	343
629	19	335	337
566	0	414	368
498	16	445	346
526	19	394	343
176	88	783	361
506	37	574	459
475	42	396	456
492	0	475	451
417	25	642	399
430	7	649	434
411	1	558	371
498	0	531	385
442	0	542	387
463	0	592	395
431	0	626	442
412	0	612	447
440	7	372	442
454	10	579	404
404	6	650	413
455	0	515	383
398	0	607	386
382	0	664	402
505	0	583	422
443	11	648	417
412	5	497	494
447	39	651	419
416	25	685	428
457	14	629	417
409	8	666	432
365	13	703	440
458	0	658	471
436	5	622	514
458	50	303	540
463	47	308	551
457	21	467	517
480	49	587	405
453	33	637	424
405	22	471	316
484	15	607	442
460	17	671	440
500	8	625	463
430	26	402	543
431	6	330	596
411	0	560	452
335	13	714	427
313	0	767	462
275	92	816	344
309	36	788	423
318	14	531	597
380	70	485	515
416	16	419	624
421	39	480	543
400	48	639	389
375	28	677	427
330	14	698	443
286	0	791	472
288	0	805	491
291	7	774	479
354	57	488	469
442	20	468	532
437	64	646	349
423	31	553	404
412	23	553	355
395	9	503	345
456	2	446	349
439	7	442	381
530	22	430	466
550	55	368	412
547	89	372	372
555	95	357	367
527	116	393	319
423	88	448	336
277	91	503	326
269	83	602	340
386	76	632	363
381	75	644	352
544	109	503	321
584	105	449	310
616	106	418	292
581	100	454	305
491	86	519	302
536	68	456	307
486	64	489	299
492	50	480	285
524	36	497	330
566	32	522	358
641	42	498	358
621	44	534	360
643	57	457	346
691	145	399	282
654	231	475	212
662	187	375	279
607	136	407	290
646	130	372	292
676	135	422	284
668	131	473	295
771	157	400	281
686	151	484	288
601	168	489	287
619	145	412	311
646	166	395	289
615	151	448	304
633	171	447	285
696	166	460	322
777	224	418	284
769	220	386	286
714	220	462	287
649	206	447	288
605	187	401	288
653	184	360	292
682	193	415	276
649	187	434	290
653	168	453	302
577	55	507	351
542	0	566	404
634	0	457	374
664	8	450	374
624	12	453	391
603	28	523	370
648	134	468	277
651	93	471	338
576	0	547	403
762	7	333	353
775	34	339	320
755	24	381	390
681	55	482	362
634	162	504	263
650	82	490	368
593	0	549	402
542	1	597	387
768	3	358	373
775	32	360	397
681	62	485	372
610	157	513	287
644	94	485	368
604	81	518	378
691	53	447	326
767	52	385	327
783	59	358	367
680	82	495	410
627	192	494	296
654	177	482	328
602	77	517	366
698	48	453	349
787	52	374	335
815	48	332	364
699	73	511	401
639	57	524	412
616	164	499	306
570	77	551	401
599	52	538	325
790	37	361	348
724	18	399	401
748	44	382	356
578	2	535	424
540	106	550	331
521	89	543	368
559	55	515	330
718	42	355	325
706	46	382	331
656	44	392	352
563	25	464	394
486	65	517	413
460	96	539	375
438	27	578	357
447	15	580	391
513	8	519	345
575	3	469	366
522	8	490	387
452	20	468	387
396	93	510	324
418	94	518	340
388	61	559	356
417	40	585	323
497	16	490	318
460	6	515	380
389	7	491	401
381	19	475	389
317	81	514	344
310	89	488	346
357	63	485	289
435	37	398	256
419	26	389	315
444	27	373	314
389	35	408	386
287	68	469	377
230	162	489	301
300	64	469	346
342	57	427	267
318	44	442	293
387	33	383	281
358	32	412	339
275	44	456	425
207	161	497	321
231	135	480	360
220	123	477	373
269	66	453	319
328	46	398	274
357	39	356	290
279	43	422	368
173	101	479	386
153	105	505	376
155	168	494	322
203	109	446	311
251	81	420	263
314	22	354	269
283	24	393	319
317	30	364	310
216	41	441	378
159	120	477	309
138	139	494	302
203	96	494	297
274	48	413	275
241	40	443	292
323	33	387	258
302	26	418	354
247	45	469	418
207	147	468	302
190	127	526	332
190	107	520	360
274	51	482	312
381	37	393	258
453	30	341	274
405	19	412	343
340	28	437	397
346	34	441	378
275	106	491	312
289	85	500	345
366	40	492	303
446	25	414	286
470	18	396	316
474	22	390	316
445	26	423	346
364	36	455	432
304	134	450	324
369	57	435	403
401	53	497	307
398	40	477	331
463	33	429	275
534	22	362	301
523	24	397	330
456	32	409	369
378	95	474	313
378	90	483	328
402	64	526	351
433	47	518	305
514	29	399	267
578	23	389	321
568	27	419	356
572	32	427	350
519	36	449	394
446	79	438	336
443	88	528	331
472	59	544	328
564	43	478	315
594	36	443	321
637	40	403	309
649	36	396	346
620	44	406	340
530	55	487	326
517	44	537	330
492	29	560	342
623	17	449	357
670	47	404	318
664	42	385	302
681	45	369	320
689	45	372	342
697	39	366	353
602	56	423	281
658	39	404	361
727	47	323	331
731	37	313	317
802	51	234	294
790	41	274	347
678	44	380	364
718	41	354	305
773	51	292	324
699	60	347	302
740	9	317	356
796	30	260	328
772	0	283	349
735	33	312	286
671	44	367	294
710	0	349	370
564	17	407	321
551	14	425	332
596	16	442	351
621	21	460	364
720	29	374	338
726	44	362	328
683	54	379	335
714	57	351	312
546	20	492	343
549	16	503	316
585	4	483	371
730	14	360	362
740	48	339	325
752	50	327	327
745	42	318	329
655	56	375	311
548	50	481	307
589	43	474	347
630	54	457	337
626	55	458	338
657	54	418	337
624	59	443	322
534	59	517	315
533	65	490	288
524	53	508	316
524	51	505	308
542	74	483	295
593	69	445	297
590	85	441	282
559	72	489	311
531	61	504	303
545	63	483	312
522	58	494	310
