481	266	160	162
607	275	202	180
582	274	295	195
513	266	376	201
505	250	404	220
508	241	414	230
581	261	353	219
541	252	381	223
480	242	457	239
591	249	351	233
531	245	379	218
563	255	362	221
518	247	398	229
563	257	367	228
517	250	390	226
573	271	346	217
490	264	406	224
560	276	348	226
491	270	408	233
627	298	286	216
516	295	373	218
526	293	379	231
531	296	378	238
461	297	433	247
505	303	404	258
608	338	277	206
539	341	330	203
489	334	392	221
617	363	272	206
534	362	328	204
504	355	377	216
546	355	343	220
482	350	382	222
597	368	283	212
528	368	323	204
482	360	386	215
582	353	295	211
565	360	281	202
526	360	314	200
482	352	376	207
570	337	296	220
570	338	269	199
589	338	250	202
577	337	261	197
572	330	255	176
600	316	217	187
549	311	280	185
496	301	293	188
524	293	300	203
494	289	355	210
561	284	292	217
534	286	289	201
550	291	299	202
560	294	279	202
566	303	275	195
588	313	263	187
535	315	301	188
521	329	336	187
547	337	322	199
501	333	382	263
556	338	357	264
640	383	251	222
625	397	258	204
648	404	238	206
609	414	279	224
573	420	350	215
637	426	306	214
600	425	341	217
608	419	355	232
658	412	326	248
724	413	260	242
718	398	266	244
663	405	332	216
645	392	328	217
618	383	396	229
648	368	382	242
645	360	413	252
628	349	453	264
755	352	347	265
783	355	314	253
754	360	378	250
760	354	339	249
733	355	312	246
680	359	285	231
723	362	305	244
753	364	233	240
779	358	192	245
835	351	75	238
588	374	242	208
795	358	250	266
776	349	68	258
565	358	389	235
745	341	323	313
693	332	443	318
594	330	581	328
668	315	535	360
665	317	583	351
734	327	408	318
813	330	364	310
639	332	419	273
580	321	399	283
765	310	375	326
720	296	470	336
490	291	535	304
612	277	532	333
551	263	580	349
711	247	450	382
567	256	514	340
592	248	483	339
485	243	489	319
509	233	566	341
625	234	482	362
468	231	545	348
620	230	427	353
406	237	388	298
431	230	289	331
484	212	79	328
472	264	65	241
236	223	146	145
0	235	371	166
70	235	297	308
451	232	149	330
51	238	369	315
386	242	319	337
478	227	86	338
157	261	365	284
306	259	341	311
416	274	218	301
216	268	567	317
352	248	459	362
415	258	424	360
514	272	385	354
488	289	180	323
205	306	591	318
394	279	419	374
560	296	424	359
423	311	247	332
192	341	323	263
202	346	444	293
371	335	286	332
370	368	351	301
413	375	454	300
512	367	361	316
320	379	457	289
661	368	407	313
350	372	485	307
632	361	438	329
557	363	481	326
676	375	365	312
493	387	517	288
621	374	391	313
535	382	490	297
570	373	474	321
387	371	679	322
655	411	399	302
371	411	512	265
559	385	213	295
513	386	189	253
285	403	509	236
581	375	183	294
249	401	297	246
380	377	383	289
506	376	287	295
372	366	558	323
434	344	233	341
287	319	215	332
225	359	466	303
608	348	269	327
145	354	330	290
400	355	87	305
143	377	279	204
125	378	325	303
281	395	161	272
157	422	295	201
159	428	293	217
192	430	269	214
167	424	334	222
191	416	291	244
212	389	303	285
301	393	277	269
250	345	314	301
398	354	281	289
398	325	357	338
532	335	254	328
333	304	344	327
410	322	278	293
435	337	406	286
605	328	110	279
338	326	297	266
367	327	338	271
534	324	299	292
474	326	242	277
358	300	299	288
364	317	306	269
370	320	312	275
449	326	299	281
396	333	390	279
512	329	307	297
417	337	300	280
478	346	290	276
487	354	426	296
391	346	263	302
368	367	364	273
371	365	333	280
410	373	288	276
419	384	251	258
344	400	319	275
364	408	292	261
356	415	276	259
343	416	285	252
353	430	270	228
363	445	254	205
349	458	301	189
375	458	246	198
381	487	254	170
363	492	262	171
362	506	275	165
354	504	268	176
359	520	270	164
351	516	267	173
364	533	266	158
352	528	262	163
351	532	278	160
353	538	270	161
359	540	271	164
347	533	278	174
349	545	265	168
358	551	268	159
351	545	260	165
352	548	268	157
352	549	266	155
349	547	270	159
355	548	262	159
355	543	256	166
350	543	267	160
341	538	278	169
347	540	265	166
358	544	260	161
345	538	267	153
380	539	236	162
365	536	235	159
345	531	274	146
342	524	280	164
356	520	262	168
337	514	279	164
336	506	287	172
333	500	271	182
355	497	259	181
339	494	264	181
352	488	263	170
336	479	288	185
334	472	261	195
338	467	283	203
337	456	267	210
321	446	295	220
326	438	274	231
327	426	274	239
318	412	285	246
317	393	292	257
322	386	300	256
349	366	317	270
430	361	338	270
461	353	418	290
426	332	353	261
395	300	649	364
443	276	556	331
445	263	614	350
502	247	694	387
474	224	468	351
442	227	561	345
479	215	637	359
426	192	269	290
414	219	424	299
451	215	355	311
457	226	298	298
446	240	388	296
445	238	364	289
481	241	275	293
450	257	265	269
459	262	365	278
459	257	238	286
464	269	277	266
379	278	350	261
401	276	316	279
410	285	344	278
431	290	362	287
414	291	320	289
444	303	342	282
446	305	295	287
397	315	384	285
383	314	329	289
436	326	332	284
473	331	379	297
647	330	236	319
401	342	240	272
350	367	283	245
336	369	279	244
319	378	276	241
312	385	265	233
303	390	266	232
297	398	275	223
298	402	276	218
297	403	279	222
306	400	258	231
303	404	269	226
302	403	266	226
304	399	266	228
301	399	269	225
300	394	271	226
300	389	279	230
310	378	278	240
331	362	265	255
323	352	270	263
380	358	280	253
397	325	231	280
370	330	370	273
465	319	324	295
468	314	320	291
468	300	297	289
556	280	332	331
558	282	202	286
436	260	291	283
407	264	320	278
467	254	370	301
481	258	323	284
605	243	209	307
412	248	314	271
510	254	316	285
490	261	348	284
506	265	363	289
653	266	275	318
641	259	82	302
390	300	281	262
538	307	268	272
455	312	304	264
521	322	261	265
518	334	269	256
463	342	314	252
573	339	370	293
499	339	298	282
515	347	337	277
523	350	299	276
512	349	274	274
451	351	299	265
504	358	325	268
512	358	338	274
510	359	266	268
427	364	296	255
480	362	395	274
512	357	313	277
499	364	298	268
445	369	384	266
472	364	334	273
536	363	295	285
507	369	306	270
602	348	118	291
365	363	269	262
434	379	336	250
438	380	340	260
463	382	375	265
578	376	316	281
479	379	196	267
412	385	327	249
505	374	173	266
347	379	344	273
428	383	361	265
416	381	378	261
445	377	397	270
570	372	408	279
477	367	428	284
558	363	486	291
539	357	515	293
552	352	491	297
545	354	435	303
514	354	540	301
680	359	401	280
501	356	490	289
538	345	472	297
554	346	500	307
674	334	385	335
628	343	381	315
550	356	391	279
503	356	405	282
572	356	460	288
631	355	433	294
578	351	443	303
598	353	427	300
572	354	475	299
607	350	454	307
686	349	390	313
653	354	341	299
609	362	419	287
629	356	406	299
517	357	416	274
592	353	364	296
508	362	373	279
591	361	395	283
533	364	476	281
547	359	491	296
670	355	392	315
617	360	421	302
552	361	494	297
650	367	391	295
470	370	502	273
586	364	469	302
583	370	477	294
543	370	506	294
602	373	430	293
609	379	439	286
550	375	447	281
596	385	429	279
540	382	486	279
665	392	375	280
556	389	370	267
580	386	414	280
524	384	446	276
504	375	475	288
522	374	507	302
511	379	523	302
520	379	522	309
506	383	472	288
488	384	516	290
517	392	508	284
561	392	469	286
563	389	403	283
521	390	429	281
493	392	368	267
503	401	351	257
500	406	317	257
536	412	341	252
487	410	295	249
549	412	306	247
521	410	277	246
500	411	302	242
469	400	293	254
496	393	333	257
575	383	374	279
480	380	383	251
603	366	331	281
620	355	132	254
466	351	359	248
491	343	362	263
503	337	341	259
500	331	290	256
550	320	287	261
501	319	302	253
574	311	281	264
525	307	245	257
546	303	314	259
491	304	298	257
535	303	275	257
477	307	300	248
510	300	277	257
552	304	284	258
511	307	268	253
580	303	238	264
574	297	155	260
509	323	350	255
600	315	122	268
431	323	315	255
504	329	304	262
544	338	297	261
474	346	278	251
475	353	312	249
566	351	202	263
518	366	311	247
638	362	126	267
409	369	304	262
573	373	337	292
526	379	455	293
460	373	560	296
567	398	465	281
481	388	510	285
494	396	524	287
493	394	540	309
488	396	563	315
457	406	603	306
373	414	656	292
392	440	430	253
504	425	421	260
468	421	493	269
536	423	432	280
462	421	521	281
469	417	527	302
407	419	582	300
409	446	566	272
428	434	335	240
461	442	393	240
412	437	286	241
450	445	292	230
472	449	306	231
485	450	372	231
437	444	308	238
514	447	344	241
469	446	383	241
400	443	290	237
458	449	300	231
447	452	436	235
414	443	382	240
415	458	301	227
481	458	293	219
489	457	364	229
403	455	297	223
454	454	320	228
461	451	333	235
527	447	319	245
454	453	377	236
415	451	242	233
467	462	322	233
441	460	308	224
494	459	316	231
450	457	312	235
486	457	308	237
481	457	315	239
492	461	335	227
432	462	252	231
429	471	243	214
428	476	355	217
406	467	290	223
443	471	268	216
450	475	315	214
441	470	346	217
446	466	267	220
448	472	352	228
452	468	252	228
478	477	295	218
432	478	317	217
412	474	262	221
409	480	237	207
422	487	310	212
413	482	418	218
370	466	229	231
425	483	261	205
404	486	242	202
436	490	286	209
406	488	323	206
463	480	420	223
492	466	440	253
398	456	551	263
454	474	521	245
375	456	607	263
397	479	559	240
412	471	247	207
477	483	210	203
453	496	250	189
464	495	257	191
488	492	245	197
512	484	332	214
484	475	276	231
509	469	265	229
507	459	246	226
593	455	241	227
571	445	238	227
552	427	303	241
576	429	339	234
543	423	289	227
562	421	261	228
594	418	311	227
584	411	273	223
598	400	257	235
706	391	327	282
666	396	372	257
593	396	440	246
512	383	404	240
503	409	269	220
561	413	248	219
594	416	234	220
549	419	257	215
525	421	282	216
549	421	243	221
534	427	249	213
517	432	237	208
530	432	243	211
521	437	233	205
530	441	268	206
530	442	271	210
531	443	270	214
537	442	255	218
504	449	292	209
514	447	226	216
512	454	255	204
510	457	232	202
504	462	284	201
582	458	220	215
503	465	208	199
525	470	210	191
483	476	303	195
518	470	253	205
522	475	262	203
471	476	269	204
524	477	326	215
527	472	426	229
491	475	452	238
506	471	528	248
573	473	491	246
464	491	567	228
439	474	489	245
510	458	537	261
782	502	269	217
500	506	411	190
475	491	287	215
477	493	281	213
454	500	253	202
469	504	300	196
451	498	231	208
471	507	234	189
451	506	209	184
440	491	204	196
438	497	215	185
447	492	203	191
455	493	207	182
426	462	228	215
442	470	213	200
472	470	210	196
461	465	242	195
462	443	218	213
459	447	243	205
495	421	245	244
497	423	212	233
497	436	218	207
455	425	250	212
476	417	256	219
513	414	238	223
558	383	302	273
501	395	278	228
470	385	298	237
478	385	291	232
594	364	144	253
431	355	249	223
452	344	246	235
474	343	264	229
548	321	174	248
437	301	212	239
489	294	213	244
529	289	231	253
442	277	193	243
401	271	230	234
392	276	313	235
386	278	300	231
341	276	346	243
297	271	304	256
325	283	301	246
299	297	297	234
304	312	291	235
400	321	174	251
289	347	427	243
309	361	423	251
306	374	402	252
408	407	214	223
178	398	262	227
221	408	224	223
225	422	224	214
236	433	236	212
216	439	308	217
327	434	268	248
216	432	187	234
211	442	165	206
184	434	218	217
156	435	224	211
173	439	199	205
343	439	117	212
118	421	331	212
216	412	276	237
216	387	434	278
305	379	386	271
268	376	470	271
309	359	431	275
244	349	466	271
371	333	451	304
229	326	582	311
306	301	534	347
265	292	604	340
526	273	367	362
347	299	410	263
387	291	493	295
373	275	621	328
392	247	616	344
391	234	637	373
405	213	654	412
469	202	630	428
437	200	692	433
464	195	627	387
523	236	603	363
496	221	623	374
573	205	578	404
554	210	529	293
541	241	372	286
571	245	379	268
655	245	242	272
584	258	291	237
600	237	264	257
636	251	229	235
623	256	343	245
597	251	310	245
602	254	254	238
653	263	263	231
662	257	244	243
626	264	260	227
596	250	257	236
611	259	304	235
626	239	215	257
646	256	237	227
675	267	163	212
578	248	246	249
618	266	243	227
620	274	226	222
603	280	208	214
615	285	203	217
557	286	269	222
567	288	257	231
612	285	253	249
555	299	263	239
625	262	432	321
497	267	545	315
488	252	578	350
485	256	546	352
497	267	531	336
670	278	359	333
606	304	390	290
610	311	361	283
583	317	364	274
445	322	427	262
433	312	515	284
560	304	388	314
507	312	398	299
370	316	523	292
435	301	472	297
438	302	440	305
344	302	517	298
340	286	530	321
341	271	491	318
342	263	513	334
285	255	509	316
269	250	556	334
252	238	559	347
279	231	517	354
256	227	528	363
232	235	497	328
199	279	570	293
225	261	506	285
217	290	531	276
345	270	385	318
207	290	483	289
252	283	464	311
308	286	365	316
177	329	488	261
237	315	439	297
121	318	574	300
174	312	517	328
287	309	366	320
163	343	480	272
278	327	383	306
141	340	496	286
188	331	470	309
248	324	433	316
163	328	486	301
204	319	476	300
332	312	358	305
347	328	316	279
167	339	467	254
236	321	451	278
320	313	395	288
214	327	289	219
241	338	323	210
259	333	267	217
296	332	273	209
282	325	376	211
322	309	349	228
390	301	265	239
339	310	346	209
369	295	413	232
352	278	490	252
359	263	574	284
380	252	550	260
454	284	512	260
466	268	486	267
487	277	444	258
552	297	323	242
571	302	252	229
531	316	243	213
574	318	287	232
537	331	314	214
578	346	232	211
618	353	172	214
559	360	259	210
549	366	242	204
519	374	258	197
543	380	240	197
510	384	250	194
531	387	225	196
526	390	238	195
506	391	245	195
531	389	240	200
510	390	284	199
527	387	304	205
530	383	308	214
535	378	275	220
556	378	260	216
541	379	247	209
561	372	207	213
531	377	266	202
530	376	281	205
541	374	236	208
533	375	281	203
528	370	245	209
578	368	208	210
548	369	272	204
538	368	257	207
545	368	258	205
552	368	244	204
561	364	251	205
600	359	297	219
518	357	289	222
536	358	258	217
583	357	231	216
545	364	238	201
562	358	246	205
560	361	238	200
545	360	256	199
568	357	237	202
567	359	247	199
565	360	232	196
574	356	195	198
594	349	252	210
570	348	179	210
578	352	249	197
623	347	158	204
536	345	260	202
569	344	221	203
585	346	247	195
535	338	273	203
535	335	277	205
525	330	258	207
538	327	285	200
550	321	291	203
559	315	250	203
551	301	223	212
536	296	279	205
646	285	144	217
507	270	252	208
525	272	296	201
541	265	256	201
588	254	172	211
551	254	221	200
608	245	192	219
602	250	150	208
510	272	297	191
537	267	253	213
575	272	220	217
566	288	197	203
535	301	202	193
506	310	202	191
536	320	214	190
515	329	220	189
526	334	176	191
535	347	232	187
538	350	201	189
514	357	205	185
538	362	200	186
519	368	208	186
528	372	200	184
516	378	206	180
524	380	192	182
527	383	202	181
522	385	192	180
531	388	190	181
550	380	191	200
570	379	171	205
532	391	179	185
511	394	209	184
523	395	167	185
509	404	204	176
492	405	208	177
486	407	188	175
506	410	196	174
476	410	220	176
463	411	193	175
501	413	192	178
483	413	202	179
461	416	205	177
455	419	194	176
455	423	186	174
424	422	202	175
438	427	204	177
406	431	194	172
439	434	175	172
393	441	220	172
400	443	197	175
390	448	190	172
388	452	210	171
381	455	197	177
400	457	298	200
468	447	322	222
354	452	316	201
316	477	233	184
393	470	353	208
357	461	339	226
352	462	249	215
356	470	219	192
341	471	221	185
349	467	183	185
374	442	356	239
329	436	415	208
275	427	269	185
321	439	197	179
343	429	182	182
330	427	224	175
387	411	172	189
392	407	167	180
436	386	159	199
393	384	155	182
380	384	212	170
391	375	214	179
429	365	177	186
405	362	209	179
415	355	216	184
421	353	214	183
424	352	223	182
463	345	216	192
506	346	206	191
434	353	274	183
459	351	277	193
436	355	267	192
429	362	283	188
436	370	281	187
447	379	292	184
449	386	254	185
446	395	263	182
513	397	270	222
546	404	322	221
480	413	419	226
482	444	427	212
470	449	448	214
395	459	520	229
411	469	525	228
435	445	498	215
532	468	429	224
446	448	459	225
492	446	493	244
413	424	564	219
481	450	531	230
445	416	551	212
437	415	481	248
443	407	544	229
481	394	496	264
490	375	505	239
490	375	487	265
463	360	525	232
577	384	293	241
540	384	216	233
496	371	327	226
459	366	294	231
460	361	269	233
471	346	328	238
463	344	481	238
412	321	354	241
447	326	379	240
430	315	369	260
472	303	358	272
435	294	481	224
397	266	388	248
405	258	333	253
530	232	275	277
486	229	247	233
485	217	326	233
471	203	248	249
442	195	353	240
386	188	346	252
424	186	347	239
374	188	345	241
383	194	391	236
413	190	286	255
521	197	160	241
397	224	274	222
386	228	280	222
373	231	350	238
449	245	242	233
394	258	311	226
387	267	338	229
442	266	269	246
404	286	336	228
432	296	269	230
415	307	263	223
411	319	265	221
387	327	341	222
359	339	297	218
328	345	408	218
369	376	296	207
330	368	415	219
374	360	359	246
349	381	426	232
397	390	412	242
406	382	364	254
368	403	316	237
417	405	315	241
436	408	383	250
382	440	326	219
390	436	374	226
395	448	287	227
441	446	300	227
442	458	251	216
452	462	226	214
400	470	246	202
391	474	208	204
366	483	233	192
371	485	238	196
366	482	277	200
399	479	191	202
407	485	199	190
384	486	207	184
428	465	157	202
398	471	202	209
434	440	337	239
388	459	259	215
425	458	225	210
395	457	214	201
415	434	243	215
383	434	258	207
474	411	215	231
501	407	222	227
392	411	263	206
420	396	243	217
416	378	262	228
414	375	319	214
411	362	343	206
408	346	305	222
548	332	246	237
486	322	285	233
500	314	205	235
464	319	234	209
480	314	227	209
453	313	256	205
478	310	221	209
451	315	258	199
440	319	271	200
430	324	287	202
524	319	226	236
475	333	217	213
431	349	282	199
419	356	308	199
431	363	290	200
427	364	300	205
431	368	289	206
432	371	293	206
448	372	285	207
455	371	307	210
431	369	267	216
452	375	315	206
432	369	272	216
451	373	323	209
445	367	268	221
451	372	309	210
475	366	290	223
457	369	267	218
447	377	281	206
493	375	244	212
471	381	257	203
451	386	308	201
449	392	276	205
483	396	262	210
570	395	325	251
487	396	429	248
415	418	394	234
422	421	354	226
450	444	349	210
438	444	302	216
457	444	348	215
456	447	374	222
449	463	340	212
452	465	269	206
460	467	278	204
471	474	299	200
467	477	273	197
465	480	269	196
480	479	272	199
471	483	268	192
480	486	271	189
475	486	282	194
481	488	251	194
494	490	250	192
470	491	270	190
509	490	257	193
487	490	289	192
485	488	245	196
509	490	243	193
515	484	389	212
493	469	370	239
474	483	382	212
471	476	401	228
473	474	466	230
475	481	319	204
503	476	262	208
489	477	243	203
520	475	229	200
488	478	241	189
502	470	230	194
500	467	210	194
579	456	308	223
499	454	273	198
552	447	291	212
489	444	329	217
483	437	331	214
497	430	357	229
481	422	468	230
480	411	369	215
476	420	355	220
472	414	320	217
484	413	322	224
484	412	335	227
487	412	315	220
507	413	285	222
534	422	283	211
534	424	278	209
543	426	238	208
523	432	260	198
587	428	231	210
565	426	369	227
470	416	426	236
486	413	510	249
489	417	508	254
486	426	511	244
489	421	503	244
488	426	491	243
486	429	466	230
487	438	370	203
508	435	390	223
497	432	453	237
477	431	481	244
470	434	488	248
475	434	512	246
477	443	495	245
477	445	477	248
474	439	508	250
473	451	499	238
480	446	493	239
484	457	487	233
488	448	486	238
495	453	485	242
496	449	487	235
492	465	484	232
478	447	477	234
497	478	462	218
509	454	442	230
526	466	442	230
493	460	484	228
489	476	472	232
468	457	467	237
488	489	492	216
449	462	444	232
471	496	519	217
484	465	479	241
632	515	350	204
596	500	378	206
536	491	412	223
494	483	472	236
700	528	273	191
557	512	242	191
562	506	314	196
519	501	434	209
524	490	440	229
588	507	383	212
498	502	402	217
585	515	407	204
582	504	399	215
501	525	405	194
689	513	293	206
606	517	346	202
725	512	243	207
657	523	291	189
537	528	388	185
616	517	379	202
553	518	445	201
489	520	493	199
746	526	232	193
517	538	384	171
594	530	370	189
448	561	332	151
457	542	211	158
464	545	178	154
453	553	184	139
449	554	207	134
460	549	166	140
435	543	218	140
460	541	195	140
442	539	207	137
439	533	223	144
435	525	219	157
464	522	174	161
437	509	196	195
472	502	182	189
475	502	191	189
466	509	235	176
513	505	186	181
472	500	208	180
494	496	213	183
481	492	196	183
530	468	350	235
422	462	297	236
451	465	371	219
435	453	370	218
426	445	360	233
405	439	287	206
457	441	240	207
446	446	233	196
462	441	209	196
472	437	205	194
487	433	186	192
552	419	214	217
435	429	250	192
450	426	226	192
461	424	214	188
488	417	192	191
534	406	310	225
429	404	251	190
447	402	223	194
518	398	230	211
462	396	271	208
447	398	230	202
450	404	236	187
472	399	243	190
454	400	244	189
440	399	267	189
447	396	275	195
454	393	242	198
452	396	258	192
476	394	222	195
480	396	237	189
491	395	233	189
534	395	188	191
517	393	167	190
511	400	188	181
511	400	192	182
527	400	184	185
502	399	186	181
538	397	226	195
487	399	221	189
468	398	233	188
458	400	249	186
454	399	240	189
455	400	243	188
451	401	268	188
432	398	242	194
419	398	267	193
441	396	237	198
434	400	250	192
430	401	263	193
484	399	231	201
414	401	257	195
412	401	264	197
412	401	259	199
430	401	215	199
398	408	235	188
429	409	213	190
400	413	239	185
411	409	235	193
386	410	228	191
420	414	200	189
398	414	217	192
415	400	242	216
393	411	241	198
389	414	230	195
418	417	199	194
398	416	209	198
408	420	209	195
402	423	195	190
425	417	279	220
405	418	270	220
390	423	310	209
392	420	277	218
415	421	229	215
381	431	239	197
399	431	183	196
384	433	263	200
367	431	223	203
379	438	245	197
394	433	196	204
408	426	346	233
373	422	248	215
374	430	246	208
390	438	190	199
372	436	282	207
355	440	244	205
380	441	220	203
371	437	256	213
381	444	176	200
395	455	162	175
360	457	198	192
390	454	166	185
369	455	188	179
377	455	180	181
376	447	186	209
386	450	173	190
377	459	184	185
388	456	175	183
384	456	185	189
408	453	171	194
387	459	186	182
380	462	189	176
381	463	193	179
384	463	188	179
386	464	191	180
393	465	184	177
385	465	197	179
402	461	184	183
403	459	183	182
398	462	198	185
437	461	151	190
404	457	184	202
427	466	160	179
397	455	203	192
420	461	173	183
401	464	191	179
402	465	191	178
401	465	193	179
400	464	195	180
412	463	184	183
407	464	192	180
406	466	195	180
404	468	196	182
407	471	194	181
408	474	194	179
411	476	191	178
417	478	185	182
412	481	191	180
424	484	181	183
422	483	178	198
415	482	191	200
411	494	197	180
420	502	180	181
418	500	177	189
419	511	182	175
415	512	192	174
417	515	183	172
418	517	181	170
416	513	183	176
415	504	187	185
410	500	209	188
415	501	186	182
419	496	184	187
420	502	179	173
417	500	207	178
426	492	184	185
405	480	201	199
437	490	162	179
421	491	185	176
445	488	159	174
416	481	187	185
470	479	131	181
414	481	190	184
443	477	162	181
428	471	180	183
446	469	169	181
486	465	128	189
417	461	202	210
425	454	190	201
443	457	167	186
401	432	245	240
418	446	243	213
425	446	252	204
431	445	230	203
435	444	215	198
463	442	188	194
474	442	167	186
445	439	180	184
409	437	200	185
411	430	189	187
427	430	177	184
419	426	172	188
430	427	163	185
403	427	181	185
407	421	174	189
409	420	168	185
389	418	185	192
410	413	164	198
382	412	197	192
419	409	180	192
371	405	199	196
402	407	202	190
392	407	204	190
413	402	188	192
395	396	219	197
359	401	276	194
367	396	246	205
367	390	228	212
348	390	236	211
320	400	268	193
328	398	268	197
320	398	222	198
346	396	235	195
324	398	263	193
315	397	219	196
343	397	241	191
341	392	236	200
336	394	236	200
303	397	266	194
301	396	232	197
371	395	183	207
372	397	307	219
324	393	311	215
314	390	291	220
295	392	310	216
297	391	333	220
317	390	301	226
303	391	270	221
296	398	318	209
297	395	309	218
351	393	345	228
403	386	296	242
309	399	328	219
310	401	338	217
308	397	319	217
302	401	366	215
285	390	309	212
303	391	300	216
288	390	299	216
285	388	320	212
282	381	338	208
373	365	256	233
352	356	222	229
270	360	312	203
283	350	319	211
276	341	307	207
273	334	336	216
270	325	313	216
268	321	387	223
287	309	303	228
263	312	321	224
269	310	351	229
287	307	353	236
293	308	350	235
292	317	340	229
296	325	309	225
265	329	323	223
249	330	354	226
248	344	345	220
255	344	311	229
271	351	252	220
273	362	246	204
265	367	235	201
272	373	241	197
263	378	247	199
272	382	258	200
258	385	237	204
270	391	225	200
238	394	243	204
246	400	232	201
255	406	221	200
244	394	232	248
354	408	237	226
285	414	200	213
239	423	221	195
241	428	217	196
241	433	227	193
245	434	216	194
241	430	217	215
270	433	188	200
234	436	234	210
251	438	206	201
236	432	221	206
240	436	228	201
248	437	225	200
254	437	225	202
257	437	219	202
257	434	211	210
277	431	186	206
246	423	249	231
324	427	193	217
284	425	212	211
278	420	205	210
245	419	229	211
250	414	233	206
251	400	230	221
255	408	222	208
268	407	215	201
298	396	180	205
253	369	238	219
283	379	209	213
280	374	210	211
273	375	227	200
271	364	223	206
288	366	222	202
304	359	279	212
307	357	266	218
363	351	225	225
357	351	282	225
344	350	280	225
354	349	243	228
402	350	207	233
365	350	216	227
326	362	319	221
332	354	273	235
327	357	263	229
312	362	248	222
332	365	260	220
320	367	255	220
342	365	226	228
325	375	280	216
354	371	215	224
337	376	252	219
335	375	242	221
335	378	257	219
334	382	269	219
329	382	243	220
354	384	247	220
360	385	257	222
381	387	235	224
389	385	194	225
363	386	310	233
337	387	289	232
334	391	272	227
333	395	247	222
335	397	262	218
335	397	253	220
340	396	245	221
334	397	240	220
380	396	223	227
349	396	267	227
337	401	252	221
364	398	222	225
353	404	232	216
348	406	258	214
340	405	218	214
386	406	229	212
398	403	254	224
378	403	259	222
410	400	195	226
368	405	253	217
369	403	224	219
362	403	250	220
398	401	210	223
418	397	176	221
340	403	285	213
362	398	220	221
352	392	225	224
357	400	226	213
360	402	248	212
364	400	259	218
373	398	238	218
380	400	252	216
404	392	194	224
409	395	252	219
365	395	271	217
413	388	198	227
395	393	298	225
372	387	284	231
356	387	277	227
348	388	271	224
355	388	252	222
384	385	232	224
397	389	227	218
391	386	276	224
376	385	305	225
371	382	281	230
444	377	282	241
369	379	244	232
383	382	230	220
410	382	241	220
383	384	223	215
396	384	260	219
449	369	241	243
369	372	257	230
355	380	258	218
428	374	163	227
333	377	260	211
360	378	286	220
345	377	290	221
354	374	253	224
365	375	247	220
387	375	219	219
392	376	268	220
356	372	312	223
330	368	295	230
356	365	259	236
407	360	199	243
400	366	255	233
373	373	297	221
452	368	281	247
375	371	248	235
373	375	224	222
410	372	228	228
397	372	249	227
417	370	223	227
407	373	279	230
402	373	305	230
406	374	293	231
449	369	245	236
410	377	277	223
398	375	325	227
385	374	268	232
380	378	273	224
416	373	224	230
439	373	237	235
397	377	260	226
400	379	247	222
410	378	213	223
440	379	237	227
420	374	222	230
434	379	271	232
447	376	240	234
430	377	209	227
444	379	267	231
407	382	288	228
399	379	305	232
405	380	316	236
422	380	287	237
444	382	280	235
432	379	198	238
449	383	256	234
502	378	162	243
410	380	276	234
416	384	260	229
516	382	176	237
430	383	237	227
434	385	249	231
422	388	276	230
438	386	278	236
442	387	284	240
435	389	281	239
426	390	299	238
441	389	310	244
429	388	270	245
427	390	289	240
448	390	314	244
383	390	300	244
411	391	275	244
502	389	224	251
517	393	238	246
477	396	329	245
395	395	310	251
416	399	327	246
424	398	381	251
421	393	353	258
456	395	401	261
510	391	331	275
448	398	276	261
438	398	375	254
406	397	302	257
429	404	300	248
416	406	341	247
418	404	304	255
424	411	328	248
457	410	278	256
437	415	216	247
407	431	347	240
417	426	294	249
402	433	288	242
423	441	249	242
355	444	346	268
473	437	385	272
407	437	399	275
469	444	328	270
521	453	481	254
534	433	475	286
638	437	394	282
664	451	332	268
309	464	266	235
303	529	252	161
289	541	226	154
268	538	219	161
249	543	229	156
240	541	246	158
250	534	220	147
233	507	249	177
219	505	248	177
219	499	240	178
213	494	261	181
224	486	239	186
208	478	258	190
220	475	250	195
226	475	237	192
238	470	255	208
248	472	220	211
245	484	236	188
253	488	246	181
245	499	240	171
264	523	239	151
261	526	246	155
287	534	233	153
271	533	226	159
256	541	260	153
