0.002919
0.028472
0.021732
0.019924
0.024272
0.028840
0.027497
0.026439
0.026143
0.028635
0.028515
0.046239
0.028489
0.029253
0.030830
0.040106
0.045897
0.036879
0.032017
0.030571
0.032434
0.031836
0.030625
0.032130
0.031797
0.030775
0.030655
0.033880
0.031546
0.031725
0.036076
0.035948
0.031284
0.028895
0.027926
0.036972
0.025899
0.025526
0.025351
0.025638
0.029281
0.027080
0.028891
0.028394
0.030533
0.029427
0.025422
0.035161
0.032670
0.044543
0.024886
0.025099
0.039434
0.025910
0.027276
0.029376
0.046350
0.033032
0.025777
0.031593
0.025347
0.023289
0.032701
0.026511
0.025557
0.032617
0.038177
0.032690
0.033963
0.028379
0.026108
0.025457
0.028839
0.029317
0.025923
0.041288
0.033793
0.033487
0.034281
0.032848
0.034287
0.026955
0.024836
0.026974
0.026347
0.026506
0.025162
0.029774
0.025157
0.025498
0.025304
0.026653
0.026410
0.027540
0.025043
0.021574
0.020876
0.022836
0.020269
0.035245
0.042243
0.032079
0.034833
0.028272
0.026449
0.024381
0.025103
0.026050
0.028551
0.026500
0.024460
0.026022
0.025655
0.023901
0.024328
0.025970
0.026458
0.025598
0.025815
0.032925
0.031981
0.025160
0.026869
0.037016
0.033577
0.031635
0.034189
0.024759
0.020416
0.030634
0.031336
0.030934
0.031604
0.023218
0.020716
0.020143
0.019931
0.020011
0.021258
0.038012
0.019798
0.019729
0.020984
0.019487
0.023518
0.021632
0.019275
0.023990
0.027601
0.027317
0.027896
0.029332
0.029596
0.024926
0.019914
0.022638
0.021922
0.024611
0.023901
0.023065
0.022516
0.023979
0.021975
0.019114
0.021284
0.019574
0.019500
0.021381
0.023546
0.023635
0.025991
0.025991
0.027411
0.026643
0.026828
0.024381
0.027399
0.027654
0.027451
0.024700
0.025857
0.031183
0.026654
0.027195
0.024198
0.027562
0.024768
0.024639
0.033718
0.033804
0.034227
0.027027
0.026520
0.027849
0.032542
0.027260
0.040904
0.039803
0.030159
0.039726
0.032527
0.028116
0.027204
0.028817
0.024459
0.030615
0.026282
0.026221
0.025835
0.025804
0.026366
0.025561
0.031312
0.029168
0.038087
0.039625
0.034325
0.031185
0.032576
0.032267
0.039864
0.036765
0.030108
0.025444
0.041078
0.026917
0.033120
0.030710
0.025564
0.025375
0.025388
0.031140
0.033258
0.033745
0.036025
0.042463
0.033907
0.028428
0.027980
0.028087
0.028343
0.031733
0.030922
0.029437
0.027983
0.026859
0.032704
0.043934
0.039152
0.044039
0.038537
0.040235
0.038685
0.047070
0.037860
0.041000
0.029108
0.027002
0.026551
0.026849
0.025095
0.025059
0.028527
0.025309
0.026732
0.027693
0.028372
0.030092
0.027429
0.029871
0.029170
0.029129
0.028769
0.025875
0.027495
0.025352
0.027716
0.024722
0.024875
0.027455
0.027011
0.032643
0.023189
0.024429
0.020914
0.024970
0.021208
0.022198
0.033877
0.033385
0.033672
0.033468
0.032486
0.031615
0.031652
0.031593
0.034458
0.030428
0.030614
0.030490
0.037392
0.034857
0.030945
0.031167
0.028216
0.025969
0.026787
0.031117
0.027529
0.026869
0.027030
0.028409
0.026951
0.024808
0.025469
0.026416
0.023589
0.023527
0.023824
0.026800
0.026472
0.025752
0.026694
0.033929
0.028075
0.038663
0.035323
0.031265
0.033551
0.023434
0.020028
0.019665
0.020833
0.021210
0.022550
0.026587
0.027809
0.027781
0.026682
0.026705
0.027846
0.028261
0.043162
0.034593
0.028209
0.027388
0.026973
0.026633
0.024251
0.027004
0.039217
0.031246
0.030214
0.024855
0.024849
0.026430
0.044191
0.032090
0.029992
0.026958
0.026504
0.026057
0.028141
0.025183
0.027185
0.025647
0.028141
0.024794
0.025341
0.024965
0.025219
0.028639
0.026228
0.025478
0.037506
0.035568
0.028734
0.035237
0.030517
0.033937
0.038019
0.032820
0.028862
0.029777
0.038788
0.025234
0.025929
0.026930
0.037353
0.023387
0.020176
0.019138
0.021811
0.037430
0.023570
0.024697
0.027147
0.035081
0.022751
0.024963
0.027816
0.024904
0.030308
0.026278
0.036884
0.019669
0.019620
0.020131
0.019384
0.019202
0.021583
0.019300
0.019358
0.022590
0.024326
0.026727
0.022337
0.021920
0.019573
0.043790
0.039972
0.027786
0.038809
0.031247
0.038431
0.025329
0.021596
0.019501
0.035345
0.047759
0.036921
0.034576
0.030199
0.030698
0.031239
0.031540
0.029856
0.028201
0.027832
0.047693
0.035882
0.033394
0.040138
0.035777
0.028362
0.027095
0.021131
0.029535
0.023878
0.023810
0.029633
0.034101
0.029388
0.026500
0.026015
0.028725
0.026323
0.037395
0.028104
0.028120
0.025877
0.026249
0.025649
0.026426
0.025756
0.025854
0.025934
0.025549
0.034159
0.025583
0.025498
0.025507
0.029176
0.022676
0.020321
0.025899
0.029279
0.026328
0.024988
0.024998
0.026886
0.024945
0.020310
0.019882
0.020117
0.022660
0.020701
0.027760
0.024949
0.027224
0.026781
0.037923
0.041659
0.032014
0.025219
0.024465
0.024194
0.025040
0.023903
0.023992
0.024515
0.031380
0.034395
0.033355
0.039710
0.039244
0.030930
0.026666
0.024204
0.021411
0.021854
0.021943
0.021571
0.021704
0.022425
0.018748
0.019481
0.021933
0.021529
0.021901
0.024687
0.018494
0.036096
0.033142
0.029285
0.042799
0.036562
0.031789
0.033401
0.028661
0.039125
0.031533
0.028382
0.040325
0.043302
0.032845
0.027327
0.027184
0.028427
0.030228
0.028800
0.037560
0.025535
0.026789
0.025579
0.033423
0.027955
0.025194
0.025278
0.026815
0.026681
0.027917
0.027381
0.025388
0.025734
0.025556
0.029169
0.026092
0.025977
0.026176
0.027699
0.027268
0.026002
0.026124
0.026324
0.027784
0.026681
0.028286
0.024412
0.028276
0.037142
0.033300
0.027241
0.025996
0.031644
0.028689
0.030812
0.028808
0.029123
0.029426
0.045083
0.035673
0.036579
0.038203
0.032161
0.028203
0.028567
0.026288
0.028961
0.026658
0.025945
0.027097
0.034025
0.027517
0.026215
0.026023
0.031168
0.025535
0.028594
0.025574
0.029777
0.037331
0.031625
0.038378
0.046698
0.041302
0.035541
0.024719
0.028184
0.026810
0.045903
0.038269
0.022449
0.040065
0.028050
0.026613
0.024944
0.026229
0.029920
0.042334
0.038465
0.032917
0.025718
0.020150
0.019946
0.020010
0.019821
0.019915
0.022325
0.030980
0.028536
0.030501
0.025625
0.034446
0.036159
0.027460
0.025820
0.025643
0.026185
0.025616
0.025322
0.029146
0.024928
0.041649
0.032747
0.029572
0.035781
0.024919
0.025870
0.024809
0.024913
0.025191
0.026338
0.026317
0.027856
0.027463
0.025458
0.027721
0.027237
0.027168
0.027434
0.026790
0.024254
0.028723
0.025631
0.030872
0.033121
0.041224
0.031401
0.029758
0.029273
0.026260
0.037969
0.025852
0.019343
0.020201
0.021165
0.033591
0.034576
0.031316
0.027107
0.029445
0.028268
0.024105
0.025017
0.026670
0.033927
0.030523
0.028157
0.028889
0.025308
0.030373
0.028798
0.028097
0.026452
0.025875
0.030616
0.028798
0.029097
0.029639
0.043888
0.035245
0.042853
0.035995
0.037222
0.029465
0.030611
0.027910
0.027994
0.029948
0.027585
0.026665
0.026799
0.027432
0.040477
0.034973
0.035545
0.025689
0.027300
0.040703
0.037724
0.038760
0.036396
0.037829
0.034322
0.030671
0.039209
0.030811
0.033607
0.044276
0.035699
0.036526
0.034390
0.029643
0.030636
0.031408
0.026107
0.031004
0.026104
0.029698
0.030753
0.028679
0.028136
0.027159
0.027839
0.026432
0.028129
0.030784
0.033054
0.029335
0.026054
0.025165
0.025714
0.027549
0.028719
0.025600
0.025459
0.036475
0.025196
0.025453
0.026832
0.023900
0.021551
0.019519
0.022323
0.027775
0.025432
0.028927
0.029304
0.024920
0.023952
0.043154
0.034947
0.025306
0.028195
0.027392
0.027569
0.032380
0.033058
0.028115
0.025318
0.035031
0.034320
0.041791
0.034051
0.035167
0.028134
0.024836
0.024688
0.024697
0.031630
0.024034
0.026432
0.027892
0.025651
0.027623
0.027783
0.031861
0.030742
0.025690
0.025045
0.025518
0.028664
0.029343
0.029292
0.025315
0.028431
0.025221
0.032127
0.026317
0.026775
0.027983
0.026513
0.033724
0.026067
0.031045
0.026248
0.027036
0.027028
0.026690
0.042102
0.035323
0.031186
0.038718
0.022626
0.021264
0.020572
0.022297
0.023747
0.031271
0.026147
0.019525
0.021460
0.022511
0.025171
0.030222
0.032482
0.032912
0.037786
0.029765
0.036123
0.031102
0.041468
0.037776
0.031574
0.027592
0.032039
0.024770
0.024840
0.041709
0.040122
0.036041
0.041328
0.040133
0.030448
0.027168
0.025431
0.025667
0.028954
0.031228
0.025744
0.026428
0.025652
0.025342
0.027619
0.032157
0.025487
0.029014
0.028627
0.025879
0.040197
0.033352
0.027173
0.029628
0.026755
0.029073
0.027178
0.024853
0.027777
0.025137
0.031699
0.033736
0.032787
0.028641
0.024148
0.030402
0.026442
0.027170
0.024574
0.037428
0.030084
0.027905
0.025310
0.025856
0.030745
0.028808
0.031249
0.027359
0.028232
0.026509
0.027137
0.046465
0.036923
0.034361
0.026971
0.027652
0.024364
0.027921
0.029983
0.025553
0.027190
0.029181
0.024541
0.028124
0.026401
0.024601
0.024113
0.026403
0.024648
0.025764
0.024715
0.025071
0.027762
0.029429
0.020523
0.019586
0.021958
0.023172
0.025817
0.022844
0.024862
0.021630
0.027918
0.029223
0.050229
0.031591
0.031214
0.031177
0.031064
0.028924
0.026163
0.025770
0.030989
0.024177
0.026085
0.025694
0.029598
0.028631
0.024744
0.027277
0.032187
0.027062
0.035162
0.030477
0.027557
0.027161
0.025620
0.032840
0.019793
0.022653
0.023925
0.019553
0.021861
0.024186
0.024858
0.022109
0.039097
0.028251
0.024709
0.028996
0.028195
0.030521
0.024147
0.040016
0.032673
0.034124
0.039564
0.031621
0.020798
0.023992
0.024199
0.026317
0.019322
0.019424
0.040575
0.031723
0.030838
0.026213
0.028105
0.027415
0.029229
0.026715
0.023103
0.024646
0.022082
0.020661
0.027580
0.025961
0.027005
0.028138
0.026341
0.024596
0.026777
0.027457
0.030182
0.026510
0.027867
0.028049
0.026537
0.028169
0.026130
0.026201
0.027527
0.027483
0.026970
0.024848
0.026234
0.024204
0.021484
0.021466
0.021777
0.023096
0.021205
0.022717
0.022542
0.022955
0.025401
0.027573
0.026279
0.026978
0.037135
0.024960
0.033069
0.029281
0.027617
0.028442
0.028930
0.039381
0.035024
0.036056
0.022560
0.022144
0.024692
0.021517
0.019880
0.021783
0.022253
0.021829
0.048799
0.028769
0.028616
0.024962
0.024652
0.025131
0.028375
0.026792
0.024079
0.026964
0.028101
0.024363
0.026489
0.032760
0.035416
0.020015
0.022182
0.026972
0.025514
0.028567
0.027714
0.030406
0.028135
0.028028
0.026827
0.028245
0.026973
0.029144
0.024536
0.023610
0.023021
0.025178
0.019588
0.019555
0.031356
0.028808
0.028457
0.029397
0.025630
0.029611
0.032695
0.030879
0.035304
0.038502
0.037188
0.024026
0.020316
0.022110
0.023325
0.023436
0.022228
0.019608
0.022542
0.021288
0.022008
0.023792
0.020851
0.022695
0.025957
0.034855
0.026176
0.025164
0.027150
0.020675
0.022701
0.023564
0.021442
0.023215
0.022686
0.022700
0.023322
0.022781
0.022959
0.026689
0.022647
0.020030
0.026675
0.039502
0.027402
0.023144
0.021199
0.020045
0.019969
0.033171
0.028592
0.034072
0.035862
0.030487
0.024368
0.028382
0.025274
0.025009
0.027448
0.029855
0.027277
0.029423
0.028467
0.027123
0.023687
0.024129
0.026246
0.023617
0.024393
0.023805
0.034206
0.026049
0.025282
0.024795
0.021041
0.023348
0.019942
0.023698
0.019836
0.021685
0.030360
0.038998
0.026195
0.028976
0.025717
0.039936
0.037334
0.043162
0.030505
0.027536
0.046572
0.034658
0.032650
0.032790
0.033085
0.032819
0.032024
0.038477
0.041219
0.025494
0.021861
0.019689
0.022131
0.019729
0.021360
0.019756
0.019444
0.019394
0.023664
0.020036
0.021851
0.019838
0.019635
0.039667
0.026119
0.022251
0.021945
0.023430
0.032523
0.019786
0.021729
0.021320
0.022443
0.038155
0.028451
0.028445
0.032120
0.028804
0.028726
0.027683
0.033621
0.026898
0.027419
0.026439
0.029724
0.025207
0.026333
0.026157
0.035642
0.031191
0.038396
0.035130
0.031278
0.026551
0.024786
0.025833
0.026488
0.025305
0.028037
0.025093
0.027285
0.026514
0.025888
0.031980
0.028107
0.024850
0.027328
0.031324
0.028405
0.025416
0.028240
0.028609
0.030196
0.026533
0.026675
0.025722
0.028775
0.025879
0.025610
0.026164
0.022017
0.022772
0.019986
0.019721
0.020366
0.022017
0.023032
0.024460
0.019790
0.019857
0.020878
0.019744
0.020014
0.023924
0.020274
0.020325
0.022178
0.023894
0.019864
0.021508
0.022500
0.022893
0.019956
0.022359
0.022095
0.021932
0.032065
0.020967
0.022458
0.021067
0.022485
0.027278
0.020124
0.020672
0.020298
0.035862
0.021370
0.021756
0.019360
0.022954
0.022531
0.021390
0.036287
0.020165
0.031617
0.026528
0.026379
0.027564
0.025402
0.027230
0.026831
0.031312
0.029888
0.031775
0.022339
0.024418
0.021509
0.021722
0.021275
0.024761
0.028168
0.034233
0.024847
0.040460
0.029180
0.030367
0.033976
0.030026
0.042975
0.035515
0.031983
0.028825
0.029859
0.028234
0.020712
0.020340
0.037314
0.020710
0.020946
0.020741
0.023284
0.022301
0.024709
0.020623
0.022887
0.020297
0.021951
0.026598
0.037334
0.037111
0.027512
0.022836
0.039058
0.030858
0.030260
0.027974
0.036399
0.028087
0.025745
0.025630
0.027096
0.025642
0.029870
0.024834
0.026601
0.025802
0.035444
0.025558
0.029260
0.030676
0.058245
0.037056
0.031404
0.026027
0.028682
0.027490
0.029162
0.026621
0.025951
0.026913
0.028275
0.025392
0.026760
0.027235
0.030844
0.029268
0.043286
0.027416
0.020763
0.025757
0.027434
0.037861
0.033455
0.035166
0.034227
0.032515
0.032572
0.034063
0.032696
0.043428
0.038230
0.030907
0.035051
0.027547
0.034766
0.029053
0.028503
0.029899
0.040194
0.036294
0.037415
0.032472
0.026452
0.025808
0.040297
0.038929
0.031538
0.029960
0.025907
0.026905
0.026038
0.029308
0.039598
0.032494
0.040817
0.032381
0.033839
0.029136
0.029026
0.030437
0.029229
0.025571
0.028731
0.046674
0.032022
0.031014
0.041735
0.039840
0.034793
0.030437
0.030257
0.029966
0.024568
