422	501	101	53
425	497	100	61
426	496	104	53
443	486	105	50
451	469	103	55
472	462	104	53
499	441	103	53
524	426	102	51
559	419	107	51
587	413	108	54
603	405	112	53
612	415	108	50
605	412	113	51
633	383	107	53
678	352	110	55
680	356	110	51
659	374	108	52
658	396	108	50
713	404	106	52
778	381	105	63
785	372	110	62
733	397	113	65
670	422	109	66
608	422	111	65
579	446	120	67
584	456	117	66
630	450	102	60
655	452	106	64
667	462	101	62
685	456	111	58
711	442	111	51
739	425	104	41
761	415	96	39
766	407	105	36
787	398	93	35
787	328	106	100
766	388	118	34
779	374	109	40
783	382	105	25
781	342	106	75
770	383	102	34
765	392	115	36
772	397	105	40
776	403	95	42
766	415	93	36
765	432	96	43
747	441	92	51
737	452	100	46
745	448	112	53
744	449	104	58
742	446	107	59
741	450	106	50
739	456	102	51
730	459	100	48
733	455	98	51
734	458	100	48
735	468	100	41
724	472	106	44
722	482	105	41
731	493	108	39
724	504	118	50
705	517	112	48
688	530	123	44
675	537	124	47
663	543	128	51
665	543	122	54
666	541	122	58
669	551	118	56
674	555	113	58
679	550	109	53
667	545	105	55
669	547	105	57
679	541	101	55
684	546	103	54
683	549	107	60
678	563	110	55
675	578	101	48
657	593	100	47
640	615	97	42
610	629	93	38
599	638	97	38
596	647	97	38
588	653	99	39
569	648	113	42
565	641	116	49
566	643	110	52
557	636	117	42
563	614	123	42
553	602	124	44
530	578	125	51
513	565	138	47
514	551	132	48
501	539	148	60
488	509	152	71
502	483	126	106
478	464	139	120
456	475	155	102
462	457	146	113
454	449	162	121
473	445	133	120
480	453	135	106
475	469	146	90
498	463	135	98
517	454	132	106
536	439	117	118
549	430	101	119
568	485	107	80
612	411	76	153
612	404	99	161
611	280	114	296
605	235	133	368
631	393	94	188
623	241	146	380
626	422	110	180
632	318	148	314
635	464	136	163
679	483	123	130
688	545	109	61
714	552	96	53
737	552	98	59
758	547	92	66
769	554	91	59
781	563	86	52
777	573	95	59
771	575	93	54
770	578	99	52
769	583	104	49
775	583	100	49
776	579	103	54
770	576	111	57
773	577	111	56
775	572	110	54
775	570	110	58
772	568	111	58
774	568	103	53
777	569	99	53
778	565	100	49
771	558	100	55
764	558	101	52
759	553	105	50
746	551	99	48
735	550	95	50
725	545	102	48
715	545	111	46
704	546	108	48
698	550	107	44
690	550	100	41
672	543	111	44
645	535	130	47
632	524	133	53
624	450	126	108
627	364	111	190
607	406	132	143
606	370	120	162
606	296	107	217
574	293	132	208
550	353	137	132
586	258	104	218
532	349	170	132
535	320	152	157
522	328	166	137
521	315	161	147
525	312	162	151
575	189	126	280
540	356	179	130
543	366	180	118
538	399	187	88
557	416	167	79
567	427	155	64
578	439	141	58
607	446	115	44
612	456	109	43
614	467	87	48
613	466	82	52
618	466	77	53
629	467	66	54
638	475	65	59
606	435	109	100
635	334	110	135
625	206	123	269
622	253	142	291
628	280	141	274
623	272	140	267
627	288	190	309
624	397	191	218
634	412	172	195
650	425	173	189
645	376	172	229
647	430	183	198
659	475	176	141
702	563	140	63
739	582	102	63
742	593	107	70
742	601	102	70
752	618	93	72
739	623	94	81
726	638	98	81
718	653	81	64
704	651	87	64
696	666	85	49
672	677	94	37
625	579	118	122
601	481	127	209
571	464	141	229
556	481	138	193
534	454	148	203
506	432	162	201
478	426	167	209
445	418	179	200
445	375	183	225
448	343	190	243
442	336	176	249
434	323	179	258
430	305	185	262
415	335	183	247
414	295	186	287
386	315	226	275
382	340	231	246
409	340	203	250
420	317	192	278
429	344	193	256
441	335	186	271
447	375	184	227
458	383	174	216
448	437	186	165
422	487	218	109
423	520	220	88
446	538	201	67
480	554	173	70
507	567	142	75
535	577	122	85
557	586	95	78
569	558	99	113
583	576	116	104
596	591	128	88
608	599	134	88
616	598	141	90
615	595	147	78
660	602	127	96
691	629	112	60
689	621	87	58
686	619	105	64
734	628	98	60
767	646	137	46
785	645	120	56
791	642	119	52
799	646	104	58
788	639	189	69
794	557	109	115
630	386	278	287
728	473	216	195
766	470	185	215
766	436	206	228
776	457	193	208
783	437	214	254
778	411	246	265
790	430	222	267
759	369	245	303
759	333	246	353
731	283	273	426
746	347	252	372
756	337	251	366
751	394	259	279
765	422	230	239
756	376	194	285
755	406	194	271
742	384	196	304
737	450	192	237
727	406	177	250
703	404	147	217
698	318	125	261
684	401	159	274
663	403	138	178
661	300	120	246
645	408	135	226
614	359	152	268
614	383	133	190
575	342	170	219
581	383	146	184
522	450	196	116
503	600	132	64
496	610	108	78
512	588	108	61
533	448	122	93
525	375	131	163
538	316	115	317
544	388	114	255
531	397	133	240
530	336	128	306
528	333	129	297
524	309	148	349
537	404	147	240
534	456	157	202
566	568	143	112
582	622	118	69
583	634	122	65
588	632	116	74
599	629	94	71
603	633	81	61
614	635	79	59
609	643	76	58
601	650	90	54
608	654	88	47
606	648	90	53
601	640	100	51
597	639	105	57
598	636	106	50
598	635	111	50
590	625	115	62
597	627	109	58
601	626	108	54
604	626	117	58
609	627	106	56
613	625	108	56
615	626	117	50
617	626	116	43
614	622	121	44
613	621	120	36
610	619	105	35
609	614	103	36
605	618	132	36
600	606	139	39
596	609	127	45
590	602	116	42
594	613	106	40
600	613	86	34
589	613	107	44
588	612	104	54
582	615	107	56
579	615	111	54
575	613	106	54
574	611	105	55
570	610	107	53
566	611	106	46
568	610	106	43
563	605	107	44
559	599	106	45
557	595	105	46
551	591	107	44
550	592	101	37
552	585	94	35
554	580	97	39
554	575	106	37
557	571	107	42
560	567	103	39
560	567	108	45
567	567	104	37
565	562	108	41
571	565	109	43
571	567	102	33
577	565	87	40
578	562	86	32
582	567	101	34
585	562	101	37
584	562	93	42
587	562	92	44
592	558	95	47
598	566	90	44
598	564	91	40
599	564	92	43
599	565	91	44
603	563	85	44
606	561	84	46
609	562	84	47
611	563	84	46
618	565	80	45
623	565	80	43
631	563	75	40
641	563	69	40
641	560	77	36
653	563	75	37
652	558	77	35
659	553	84	39
660	549	85	42
668	553	81	39
672	550	82	41
674	547	82	42
681	545	81	43
681	543	86	46
681	539	90	50
687	540	87	48
691	545	86	42
691	541	87	43
690	539	88	45
689	537	80	47
684	533	87	51
684	531	77	47
682	530	81	48
674	527	77	45
665	526	73	46
662	520	77	44
659	520	82	44
655	518	82	45
651	515	84	46
648	510	89	49
649	509	92	50
652	510	89	48
654	508	88	53
655	505	91	54
653	501	91	50
654	499	93	57
654	499	91	56
658	501	89	54
660	499	91	56
665	497	91	55
667	497	95	51
675	497	90	46
678	496	87	43
677	493	89	45
677	488	91	45
677	486	93	47
676	482	96	53
679	479	95	49
687	480	89	44
687	477	90	45
685	473	93	47
684	474	96	50
686	470	97	52
688	475	98	53
697	479	91	55
700	479	90	56
699	478	91	54
700	481	88	56
710	482	73	59
690	490	85	52
672	489	91	52
641	485	107	42
626	476	107	40
608	451	118	54
587	427	119	64
563	421	141	61
567	401	132	79
615	227	86	238
538	128	150	207
561	191	132	239
552	279	150	156
541	138	166	258
537	204	171	236
538	160	171	266
532	154	180	236
531	220	168	234
529	370	154	105
542	405	113	103
552	420	98	101
570	436	99	101
582	452	94	94
591	473	90	82
601	478	95	88
614	494	101	87
622	505	107	80
648	539	95	59
662	547	101	55
674	553	111	59
692	566	103	55
706	572	112	56
718	578	108	57
735	576	107	67
742	574	108	72
749	577	110	72
741	577	122	78
739	583	115	78
733	591	113	76
725	599	107	84
677	539	142	145
525	372	242	218
578	453	201	203
550	421	211	227
488	409	252	242
505	485	206	175
498	420	180	233
471	414	172	227
433	370	154	265
388	278	161	340
390	249	209	309
397	136	220	244
376	210	183	162
408	81	158	246
356	96	190	327
307	217	266	148
310	220	261	146
299	204	253	142
289	194	272	155
276	180	294	169
263	190	296	165
256	204	293	159
268	214	266	153
279	186	248	167
307	206	204	146
312	226	158	136
327	261	158	107
317	178	211	136
313	160	209	224
299	174	226	239
289	193	246	218
272	206	290	240
291	216	264	281
297	255	261	280
317	323	244	225
312	263	266	278
324	327	253	227
312	275	280	266
338	302	268	222
338	302	269	194
343	284	261	182
378	391	233	112
431	537	146	88
455	543	126	98
460	555	132	94
475	564	125	90
485	576	124	82
493	582	124	83
507	590	120	80
508	603	125	77
513	608	127	76
520	612	126	75
522	616	127	71
527	613	123	73
525	615	124	72
522	611	123	77
519	610	124	77
517	608	126	74
527	603	122	69
518	599	135	75
458	617	199	43
412	622	261	30
392	593	294	56
411	366	286	270
407	303	212	255
391	219	227	290
392	187	203	312
387	184	213	291
386	192	193	255
387	189	199	246
384	193	223	400
382	305	214	267
370	178	219	241
354	157	221	300
350	220	224	229
360	170	214	263
363	359	186	210
394	481	150	127
415	525	122	83
436	531	122	83
448	531	128	85
464	536	132	82
479	539	145	86
492	546	159	86
500	545	178	97
515	547	174	109
520	550	177	114
543	558	162	119
557	570	137	102
572	570	105	99
583	576	116	89
599	578	117	81
623	583	124	73
646	588	191	97
665	598	175	84
682	595	171	82
686	587	169	94
707	595	155	77
707	587	158	92
701	587	165	98
705	600	136	88
694	605	126	83
684	603	136	88
630	466	160	210
466	282	318	370
479	305	215	242
456	296	267	306
432	305	276	348
436	396	255	260
424	354	248	286
429	479	224	160
410	529	197	110
405	426	170	177
417	249	189	197
437	159	169	244
439	198	169	206
451	238	153	238
448	134	158	345
442	242	166	287
441	104	173	427
421	330	170	188
464	156	102	382
434	407	150	156
443	486	131	73
455	502	123	68
465	505	119	73
471	510	119	73
476	507	126	82
483	517	137	80
501	524	133	83
514	531	140	81
527	534	147	87
537	537	149	88
549	536	150	94
561	541	157	94
574	546	159	93
578	543	170	92
589	547	168	90
600	554	163	88
604	558	165	84
612	562	159	88
616	569	158	87
619	573	130	85
620	577	139	79
612	579	130	71
608	577	138	66
598	573	132	61
599	571	127	54
596	571	119	50
587	565	119	44
579	556	119	42
565	550	127	49
550	541	135	45
537	544	137	48
523	534	140	48
517	536	133	49
510	539	132	52
490	532	140	58
471	536	146	63
474	532	139	64
473	535	132	61
468	527	136	61
475	526	125	67
479	524	114	59
486	520	115	60
490	513	121	62
495	509	115	51
501	508	94	49
509	508	103	48
514	503	125	41
519	500	95	50
528	501	122	24
544	504	118	45
549	496	109	53
563	498	155	57
566	496	150	70
575	500	145	76
586	512	138	75
599	519	129	77
608	530	125	74
618	533	110	78
619	536	113	81
624	537	107	76
624	540	115	72
624	540	114	66
618	537	124	64
617	534	127	56
618	529	123	52
622	522	121	48
619	513	119	45
623	506	129	42
616	466	146	82
509	338	247	214
593	387	147	156
582	301	158	229
576	222	139	249
567	225	159	300
558	290	169	227
567	235	152	281
568	281	164	282
565	351	166	201
570	475	153	105
596	504	109	74
604	506	100	70
601	499	111	71
614	512	93	60
609	505	100	58
607	506	100	54
605	505	102	47
598	499	104	43
597	493	101	41
590	486	96	39
585	479	101	43
588	465	110	45
589	420	125	29
651	312	104	59
553	328	284	35
566	398	191	69
568	392	145	87
560	215	131	248
548	84	153	282
537	101	158	233
535	91	164	221
537	90	164	237
535	88	169	258
534	92	175	259
536	96	176	311
533	109	185	339
545	142	168	288
547	107	189	329
579	211	166	231
584	129	172	305
598	156	162	283
626	221	136	198
593	120	181	300
605	130	158	285
615	153	158	264
622	224	158	203
610	205	175	247
623	172	163	284
640	242	154	220
608	156	186	304
611	112	177	343
627	169	165	289
649	214	153	255
651	309	159	174
621	148	186	347
651	272	157	233
637	252	177	243
639	305	177	199
647	244	177	255
647	268	169	228
652	270	174	242
668	372	162	143
719	457	136	60
728	463	121	65
735	470	118	66
747	476	109	63
752	481	94	62
754	485	96	63
747	486	91	68
743	493	85	52
719	495	99	48
689	487	109	54
657	479	123	46
631	460	139	53
601	429	148	70
578	392	161	104
569	199	177	268
589	182	163	244
563	230	183	209
573	199	159	216
544	227	180	206
550	264	158	147
536	272	171	129
529	300	164	101
521	330	148	77
532	349	135	65
547	356	117	58
540	352	116	60
549	352	111	55
561	322	98	79
567	345	97	52
578	359	87	44
592	365	83	44
593	362	85	58
603	375	88	69
628	336	78	128
634	405	94	69
641	424	97	67
664	437	88	65
673	449	93	69
673	450	104	83
685	456	107	79
690	467	111	75
696	468	116	80
699	472	123	80
707	477	124	79
721	490	110	72
738	505	100	64
740	509	105	68
738	518	105	72
743	520	105	72
739	524	107	72
740	532	105	74
735	543	103	69
721	544	107	72
700	553	116	69
681	551	129	76
650	568	148	63
603	571	186	49
601	552	162	63
582	375	150	236
531	410	188	198
509	398	186	195
433	442	238	138
459	218	172	345
413	340	218	177
467	113	160	369
420	215	232	145
456	106	165	205
461	88	157	255
442	108	185	235
391	180	230	143
380	173	254	157
365	166	275	169
351	172	276	167
350	174	269	163
348	200	243	142
346	229	226	116
344	229	216	134
349	238	199	133
354	254	193	124
340	265	237	97
317	287	291	44
451	123	70	309
336	141	187	358
347	143	300	222
400	190	225	303
400	231	233	259
409	259	208	264
417	236	194	290
420	229	195	305
417	204	211	324
417	199	240	298
420	199	232	364
427	189	243	288
427	198	240	360
447	180	250	243
452	172	226	413
433	186	252	311
416	172	262	402
424	207	263	362
474	323	215	279
504	373	189	235
496	399	205	239
467	378	267	234
470	295	253	306
519	361	204	235
530	380	213	253
518	394	219	237
512	319	219	292
562	413	192	217
477	242	305	403
501	376	254	250
463	273	324	356
521	414	276	232
536	352	272	285
556	462	236	200
575	349	242	285
543	281	265	235
592	342	239	194
568	331	275	241
544	326	323	269
573	321	312	258
572	337	295	242
600	329	291	284
652	422	265	203
633	359	260	255
670	344	224	264
664	366	237	253
657	369	243	240
694	430	211	196
619	321	310	346
664	361	231	276
683	340	219	304
575	240	324	403
628	318	257	308
589	266	285	380
631	309	217	315
631	199	240	270
646	218	211	394
632	266	222	353
627	321	213	318
626	362	212	281
629	321	205	293
626	367	206	269
627	342	200	290
615	309	203	317
617	284	199	320
610	305	212	299
609	325	202	260
613	310	196	267
612	291	194	288
601	245	203	316
613	288	182	281
602	234	193	350
603	258	180	301
595	201	183	355
588	181	182	356
596	186	172	347
584	184	171	359
579	185	168	341
575	167	189	424
576	178	147	358
575	164	170	420
585	160	129	388
579	242	165	333
573	207	148	321
597	271	148	302
582	265	160	305
583	253	168	315
587	263	173	298
583	290	186	276
588	261	182	286
598	272	170	293
594	247	179	321
613	295	166	272
607	325	172	230
606	251	165	313
606	275	171	276
602	301	174	247
601	366	166	186
608	425	151	129
624	492	120	60
633	492	110	63
636	495	102	61
638	496	101	56
638	500	101	52
635	496	101	53
631	494	103	55
627	484	110	63
632	486	109	64
634	476	112	74
647	486	109	63
648	476	108	56
652	474	108	54
659	477	107	51
664	475	106	43
669	478	101	45
669	478	102	42
673	477	106	47
668	443	110	71
658	435	127	71
654	387	137	115
660	435	117	62
617	379	171	124
653	341	147	162
620	146	170	355
644	275	145	223
639	317	153	195
640	299	149	237
636	227	158	314
643	266	164	261
638	302	169	217
640	344	155	194
642	425	144	109
660	461	108	73
670	468	87	59
666	467	98	48
664	469	99	47
665	462	97	45
667	458	94	42
668	453	92	44
669	448	93	37
670	450	95	37
671	442	101	35
665	435	107	47
667	336	179	99
637	134	141	341
645	127	130	311
642	160	128	296
641	284	136	192
643	242	138	250
633	439	161	67
679	456	109	62
680	457	106	64
682	463	101	57
684	468	103	57
685	471	102	52
683	470	105	58
680	471	106	48
681	472	98	41
685	467	90	38
690	462	93	38
692	462	86	29
694	469	88	25
706	459	107	29
687	436	129	47
730	315	162	20
735	306	42	116
706	433	121	59
674	313	128	175
686	310	117	196
684	321	124	193
683	339	120	176
681	297	117	204
690	299	114	242
674	331	142	208
666	319	149	216
667	279	148	272
669	321	152	214
678	386	142	168
666	306	148	238
686	271	133	265
682	322	148	215
691	273	138	259
692	277	136	234
681	269	148	255
685	262	137	258
674	263	133	232
668	187	112	273
682	273	77	140
656	277	139	260
676	224	96	209
664	154	142	323
664	215	148	288
672	230	152	262
665	222	144	269
665	229	141	277
661	221	136	278
653	193	126	283
645	165	142	322
660	265	142	256
657	259	146	268
659	300	159	233
657	294	165	250
654	234	172	319
663	287	181	272
668	377	185	195
682	439	166	122
731	499	123	72
753	510	88	68
769	520	83	62
777	523	74	69
762	532	82	58
745	549	89	44
716	540	100	44
686	525	108	58
660	519	114	47
643	491	124	62
618	471	142	63
596	423	225	33
585	254	176	79
590	180	139	144
584	155	153	248
584	222	155	250
575	253	166	217
556	339	167	132
546	347	158	121
546	384	146	84
538	407	143	66
539	406	139	62
543	415	129	56
546	406	125	70
546	395	127	81
562	383	114	90
593	271	105	168
591	138	140	216
587	114	152	289
578	151	171	251
579	166	176	260
586	199	166	242
584	168	174	233
588	184	171	204
594	248	158	192
597	246	149	302
596	236	176	301
591	206	208	255
606	225	190	254
623	286	170	279
636	328	165	251
636	338	169	254
680	496	130	114
695	533	117	77
691	538	131	81
707	551	123	76
717	568	121	68
726	575	124	66
740	585	123	63
745	589	126	62
748	584	133	75
767	584	121	79
780	585	109	79
766	579	117	85
712	501	158	177
637	429	177	138
634	443	167	127
629	444	159	125
645	480	160	186
600	444	186	207
558	399	202	251
538	396	199	237
500	405	208	196
507	354	201	240
433	367	252	244
416	327	291	269
419	264	269	312
427	237	262	302
444	201	243	308
453	179	258	303
461	166	283	265
458	186	271	238
424	136	319	282
446	133	303	310
388	96	317	346
413	155	263	347
414	116	259	413
404	129	265	416
397	148	272	412
393	179	274	360
398	162	272	371
395	205	259	363
393	200	253	398
388	261	259	348
403	256	254	326
434	256	278	238
459	270	274	260
457	314	261	308
461	338	286	191
455	355	295	189
463	364	284	188
484	381	263	180
481	399	256	170
513	422	251	156
510	432	264	147
517	447	252	135
526	459	237	130
538	467	206	123
557	484	177	111
568	487	165	106
573	507	168	91
587	516	158	82
595	530	162	89
596	524	166	98
590	519	178	105
586	511	177	83
587	493	141	105
593	418	203	85
560	294	371	187
546	407	271	190
529	313	323	174
520	323	317	207
509	351	324	206
491	288	307	272
493	409	258	221
464	361	263	214
446	369	275	216
436	370	253	220
457	307	248	316
445	334	235	303
436	337	200	220
431	308	214	238
407	272	228	257
416	273	209	240
419	310	198	220
403	233	206	276
403	179	206	344
397	233	220	299
412	218	204	275
425	179	191	294
449	228	174	272
448	128	167	475
438	297	171	301
439	348	181	326
440	274	193	404
452	384	192	260
457	276	186	397
456	391	202	262
477	247	173	411
484	355	169	277
482	443	175	253
503	454	164	258
527	595	146	124
538	604	131	93
549	599	133	84
558	590	133	85
563	584	131	77
566	576	147	68
576	572	121	56
587	569	105	53
597	567	102	56
600	562	141	57
604	555	126	51
611	555	138	57
614	553	139	62
614	552	161	60
620	551	148	66
625	554	142	68
632	561	135	71
635	567	132	73
634	573	118	77
634	578	111	75
635	583	109	74
624	577	111	75
622	578	115	71
616	573	122	69
611	565	127	68
608	561	126	62
610	557	124	59
611	554	130	55
613	557	142	57
614	554	127	46
615	553	155	56
619	550	131	48
624	546	131	49
624	538	135	56
629	536	129	55
625	531	136	62
631	532	129	60
631	529	123	60
634	527	119	62
635	528	112	67
634	534	110	67
633	533	104	70
634	528	103	79
632	533	106	75
635	544	104	65
632	543	104	62
630	545	109	64
630	544	106	58
627	539	113	64
625	535	113	63
627	532	118	60
631	528	117	58
633	527	120	58
635	525	120	58
636	520	119	58
638	516	114	51
641	513	106	41
647	516	111	44
644	508	124	44
645	506	115	40
646	503	116	51
642	502	120	52
647	501	116	57
649	501	110	66
650	504	108	71
648	505	112	77
652	506	105	83
654	510	103	83
658	517	95	79
660	518	101	80
662	520	98	78
655	525	105	76
645	526	110	71
638	528	114	63
631	525	122	55
625	519	117	59
621	511	119	49
617	494	119	53
616	436	118	96
601	455	147	75
607	456	139	71
607	416	137	107
611	420	136	98
608	443	146	78
614	439	129	67
623	429	125	27
616	443	83	10
679	433	32	68
651	488	94	40
649	495	101	39
660	491	103	48
658	493	110	56
656	495	115	63
659	497	113	68
662	497	110	63
675	498	102	65
681	498	99	63
677	497	109	65
697	484	92	67
694	373	83	171
634	216	282	194
670	324	109	166
692	368	92	147
580	262	230	239
664	325	156	194
663	248	142	288
668	307	136	230
665	200	141	355
670	315	131	218
652	241	155	307
653	252	156	239
658	224	133	238
652	205	148	311
644	302	148	221
656	235	186	304
649	348	195	196
663	299	168	234
663	323	165	225
660	388	167	170
674	473	172	106
696	501	121	42
704	491	98	41
701	486	98	42
702	494	94	39
691	486	101	43
684	489	102	48
685	484	100	59
680	484	101	57
677	483	96	54
675	481	101	54
675	481	96	57
675	474	92	64
673	470	93	67
678	479	80	58
677	479	85	48
676	482	75	43
675	478	79	42
673	477	82	44
671	469	84	55
669	473	88	53
673	467	85	53
681	472	79	50
685	478	81	46
690	480	80	44
698	480	81	45
696	482	86	45
699	479	86	43
704	482	84	46
707	483	83	43
715	487	78	45
713	487	84	43
713	489	86	45
710	488	92	48
709	486	95	52
706	490	100	52
704	488	101	58
702	488	93	54
700	488	100	52
700	484	102	54
699	483	105	56
699	481	107	53
700	478	107	52
699	474	107	56
697	473	101	56
703	481	99	52
708	488	85	52
713	498	83	54
712	502	78	58
705	507	82	57
685	510	95	54
665	509	103	42
650	503	112	38
622	493	115	42
609	468	121	56
587	445	144	58
568	434	147	73
541	260	198	203
566	141	166	290
559	148	156	275
550	134	167	277
545	165	168	276
544	161	167	274
534	203	169	233
512	328	187	126
524	362	153	83
513	387	145	65
520	388	139	64
531	396	127	53
539	381	118	63
550	395	108	52
562	364	97	82
600	220	121	125
564	124	159	231
560	135	171	218
561	162	172	194
569	206	166	193
582	258	147	181
588	265	159	196
589	213	155	181
594	234	158	193
596	254	174	248
601	286	177	257
599	337	185	215
591	326	198	225
594	352	208	208
573	365	234	212
613	420	216	171
578	375	238	193
600	422	241	184
597	397	246	201
679	515	175	110
743	582	104	57
752	579	114	69
742	573	117	81
740	585	108	80
707	547	130	127
679	549	149	119
605	460	205	210
585	444	210	200
589	484	188	157
554	412	187	226
510	439	222	188
514	392	185	229
479	310	186	293
443	292	247	274
365	219	380	247
346	201	320	323
369	187	311	304
384	198	257	271
350	130	273	250
353	119	245	248
330	81	263	255
328	66	263	266
341	39	236	256
346	57	222	172
346	74	216	160
369	105	172	134
365	117	198	136
352	102	221	180
367	106	224	218
313	241	308	167
328	127	290	283
286	138	259	252
305	107	232	280
310	129	226	258
279	169	248	222
299	185	268	391
295	283	232	292
300	286	228	224
316	297	205	183
334	296	223	230
337	293	237	305
351	317	242	292
349	295	249	310
367	330	255	273
382	329	263	300
405	388	242	258
461	511	195	161
523	612	162	94
519	612	171	101
493	491	199	221
421	275	227	178
444	297	231	187
462	309	197	176
457	289	234	232
455	298	222	249
464	290	214	250
471	278	219	301
477	329	214	247
486	311	198	258
495	307	201	280
506	353	194	215
507	317	194	259
506	275	200	301
519	314	195	258
531	316	186	242
548	371	170	217
556	365	174	198
570	397	162	153
584	417	169	145
581	415	160	178
587	420	169	155
593	404	183	192
603	415	168	164
604	414	193	167
609	388	181	199
620	405	174	180
595	248	215	341
605	407	215	199
651	409	154	183
612	210	231	409
609	403	235	238
656	366	212	281
654	393	206	274
654	399	212	283
654	379	215	294
652	379	204	273
649	353	211	363
641	311	205	320
638	279	211	387
634	261	201	360
626	246	203	356
620	281	207	346
622	264	212	364
615	265	193	327
620	295	198	295
629	317	193	254
620	296	195	264
608	314	188	245
613	299	178	249
610	285	178	262
598	291	178	260
591	293	181	250
588	271	176	268
584	264	179	282
578	276	170	279
572	265	179	295
568	264	181	265
569	246	175	281
567	269	165	317
563	285	170	241
561	233	164	331
557	263	173	276
554	244	168	294
546	240	175	307
549	261	163	267
544	205	166	333
541	240	172	293
547	271	161	258
547	240	159	274
546	227	159	306
550	260	150	266
543	221	158	463
561	287	128	308
542	344	165	334
543	326	169	345
540	307	171	361
538	293	155	329
536	307	183	372
541	321	183	335
551	265	181	395
555	359	189	295
560	350	182	301
564	338	184	327
562	342	187	302
557	372	202	287
566	359	193	262
570	382	199	268
572	418	194	209
584	420	196	217
589	436	185	185
617	494	171	128
632	506	166	119
655	556	136	69
669	571	126	61
670	570	121	54
673	564	112	51
662	559	99	44
660	553	97	42
656	545	95	38
647	537	99	34
640	535	92	43
634	528	99	38
623	522	103	44
622	515	102	53
623	506	106	61
624	507	104	67
627	508	100	79
641	516	88	80
648	520	93	76
657	518	97	74
664	518	98	70
689	535	83	57
694	536	86	59
706	539	82	56
709	537	82	58
692	543	91	52
673	539	98	52
650	532	107	47
631	519	103	46
610	496	106	56
583	469	115	66
573	365	230	72
540	138	167	112
533	136	186	133
526	129	199	221
539	131	182	199
543	131	179	195
542	129	187	212
540	145	187	184
556	156	170	170
572	159	159	173
576	153	153	178
544	335	174	35
572	404	95	92
581	424	83	91
597	442	83	89
617	457	75	81
618	459	78	77
602	357	111	162
586	285	163	159
586	283	173	187
590	275	177	201
599	307	178	197
603	325	168	153
656	488	136	62
681	520	110	65
677	519	121	71
683	518	121	74
681	516	131	79
682	518	136	81
687	524	138	80
691	527	139	82
697	532	139	85
708	540	137	83
708	544	144	85
722	552	136	82
724	562	134	78
741	576	123	70
752	571	102	77
750	570	102	81
742	573	103	89
719	570	114	94
663	458	156	203
536	358	257	247
599	416	178	232
575	411	194	212
517	336	236	270
512	357	207	214
476	246	207	261
484	264	243	178
458	154	353	203
404	171	319	274
418	150	261	254
429	152	225	259
402	104	239	250
368	96	258	288
378	68	236	268
378	52	226	253
355	79	238	191
279	131	305	130
292	128	311	138
254	141	347	124
273	144	323	129
251	134	347	204
281	140	302	202
269	147	322	216
295	170	289	230
308	155	278	249
333	183	235	190
305	216	241	154
335	225	229	147
352	231	188	193
365	248	199	189
390	263	179	187
405	250	178	206
418	269	178	202
429	276	187	176
425	285	195	194
435	280	207	215
445	311	189	188
447	290	196	202
457	330	180	147
471	347	140	126
532	449	89	40
500	406	94	74
542	424	43	34
534	412	57	34
546	410	51	39
566	410	50	39
571	398	55	50
588	385	58	72
598	378	139	121
604	304	155	190
626	336	155	178
640	330	149	192
667	366	139	160
678	366	134	159
684	323	144	209
651	288	184	260
668	340	190	218
690	351	157	182
702	364	175	194
687	369	171	177
703	381	176	185
701	364	152	174
715	431	178	183
694	375	184	225
690	362	137	162
736	551	144	78
732	539	130	72
726	546	134	71
724	541	129	58
725	557	105	50
706	562	109	51
696	557	117	52
681	556	119	65
671	559	117	74
662	562	115	73
658	556	112	67
658	554	105	77
656	558	98	67
650	557	99	63
645	553	106	61
634	545	117	73
638	550	110	55
653	559	100	43
671	566	82	29
675	559	83	39
640	544	111	45
624	537	122	49
615	534	122	58
611	528	121	52
608	525	119	54
611	525	116	52
612	527	112	52
605	522	114	60
605	523	113	59
604	526	108	60
604	526	109	59
607	527	108	60
609	524	115	65
614	521	117	70
617	521	121	71
620	518	122	74
627	520	125	71
630	519	127	71
632	516	129	63
639	516	128	57
646	519	135	61
651	519	128	61
654	520	128	59
653	521	132	57
653	522	132	58
652	523	131	59
653	524	129	58
647	524	130	62
647	528	118	56
642	530	116	54
637	529	110	46
632	528	108	41
633	525	98	42
623	523	98	40
624	517	94	46
624	514	93	46
620	514	96	44
619	509	100	45
618	507	103	49
618	504	105	50
618	500	110	49
625	502	115	52
629	504	110	55
630	498	130	66
635	496	126	73
645	492	115	72
659	509	85	58
652	503	82	63
661	504	83	69
671	509	93	74
673	518	96	78
672	522	108	80
675	524	111	80
676	532	117	72
691	545	109	64
693	546	108	69
689	546	106	61
687	544	105	57
687	542	116	52
689	539	103	43
688	533	105	37
678	519	132	49
622	410	162	63
601	328	203	214
658	357	156	173
641	279	166	275
635	367	173	182
650	359	146	182
630	232	158	322
621	332	137	175
628	198	131	366
634	296	132	263
623	463	148	134
637	520	119	75
634	528	105	75
631	532	104	65
627	534	106	69
621	537	108	58
616	536	106	52
615	532	101	53
612	527	103	53
608	523	108	53
607	515	109	53
607	506	109	55
618	499	100	48
619	509	100	43
626	499	91	41
640	478	103	67
520	342	226	191
605	391	169	160
620	349	141	193
619	299	143	264
613	299	164	267
618	273	160	287
611	300	165	262
621	281	154	289
611	293	165	278
609	310	160	262
605	267	140	270
600	212	156	333
586	277	150	255
595	249	180	328
592	327	151	220
599	242	194	330
590	326	160	222
593	251	168	318
598	276	158	276
596	244	143	263
600	268	149	281
599	219	133	268
593	213	136	264
590	212	156	311
599	223	121	267
584	203	152	315
606	272	143	242
598	192	155	324
593	232	164	271
591	320	151	184
595	154	135	337
591	191	123	288
609	302	125	211
602	448	136	88
623	460	97	81
630	468	99	84
640	474	91	82
646	483	88	69
649	486	94	69
657	490	85	64
661	492	86	59
656	495	85	58
654	494	92	59
656	499	85	54
650	503	92	50
647	502	89	48
641	506	94	46
637	507	97	41
623	504	94	41
615	498	95	41
608	490	98	40
595	484	107	39
585	472	110	50
570	465	123	61
565	458	125	51
555	444	129	64
555	429	130	76
549	263	136	199
555	148	136	193
560	134	133	224
564	113	135	262
560	152	152	295
562	143	162	302
562	144	164	284
564	199	169	260
560	403	160	93
600	446	100	81
614	460	103	81
623	467	102	90
641	477	93	93
640	482	107	90
653	487	109	95
632	391	147	200
624	352	167	203
621	331	164	178
624	348	178	173
634	354	177	174
637	355	186	179
632	361	203	193
630	347	183	220
625	349	175	212
624	364	166	207
612	361	164	209
587	309	149	196
554	276	179	201
543	280	214	262
541	196	148	221
509	231	200	256
510	208	174	283
506	190	148	229
501	182	172	217
503	158	139	309
485	197	147	271
474	210	149	285
463	157	172	290
456	200	200	277
450	258	197	201
412	364	209	115
373	379	204	109
376	395	190	97
373	385	184	96
380	373	168	113
368	390	169	94
366	372	159	110
371	352	140	128
364	361	144	105
372	348	141	106
391	308	138	174
418	209	194	179
417	195	197	224
430	222	177	217
440	176	162	274
442	170	167	253
450	162	176	254
453	137	195	291
460	150	185	275
467	166	166	242
480	152	154	260
483	151	158	271
494	147	159	279
498	149	163	280
519	172	155	266
521	172	161	259
533	186	152	241
539	189	148	220
542	174	152	242
547	173	157	248
565	215	150	214
594	266	167	268
611	311	153	224
594	262	203	280
598	340	170	189
654	365	156	200
650	360	155	195
609	252	149	227
613	312	184	233
621	352	221	229
631	372	194	202
627	367	189	213
635	366	164	185
628	355	187	223
629	353	175	219
627	357	169	223
605	330	188	238
617	349	168	209
615	333	165	237
607	333	174	232
604	358	176	186
574	414	191	127
563	462	173	83
532	472	169	82
520	458	176	69
500	438	183	71
523	309	145	194
527	245	136	242
527	188	145	175
516	265	130	179
484	330	147	142
526	193	137	158
515	229	141	126
514	247	113	214
539	127	116	201
538	98	123	238
533	91	125	249
530	112	133	233
528	257	142	166
532	303	126	191
529	409	131	100
561	452	105	62
575	468	96	51
593	476	93	49
600	482	99	52
606	483	104	60
616	490	101	59
617	491	106	63
623	498	108	61
627	505	111	57
636	512	108	52
635	511	114	54
636	513	114	50
641	513	108	45
635	512	116	50
639	508	101	41
645	518	104	37
651	510	96	36
643	515	94	31
642	513	101	27
651	496	96	52
658	512	108	40
650	507	114	45
657	516	106	45
660	516	102	46
652	511	109	58
653	513	107	66
651	516	114	68
650	521	102	65
648	519	111	65
645	523	109	65
643	526	108	60
639	526	106	54
633	522	112	53
629	522	114	50
627	519	111	50
628	514	105	46
623	511	96	38
627	505	96	36
620	498	108	40
613	491	110	39
616	487	110	37
613	487	122	37
614	488	125	40
624	479	120	42
624	483	121	41
633	478	111	39
638	482	106	36
634	480	107	44
638	480	100	46
642	478	96	47
646	477	101	47
651	478	109	51
655	480	111	52
657	480	107	50
661	476	109	55
664	476	110	58
668	475	110	59
671	473	106	59
673	471	105	61
673	474	108	57
679	473	108	55
682	471	105	55
683	463	105	57
681	458	109	61
676	457	117	67
674	458	114	65
675	461	114	60
676	463	111	54
675	471	111	49
667	469	108	44
667	467	103	43
668	470	107	36
659	464	94	48
655	461	100	50
652	466	86	50
648	476	99	37
647	481	92	40
646	484	90	40
645	481	93	43
638	482	103	54
634	483	105	65
623	490	103	71
617	498	102	74
617	510	102	65
614	511	102	68
613	512	108	61
613	517	105	54
609	512	107	46
604	504	105	41
601	495	93	39
590	448	124	73
584	470	136	44
592	456	120	68
581	384	111	65
578	428	141	93
569	417	143	81
567	413	144	87
578	426	128	68
577	440	131	57
581	422	114	10
625	463	57	27
643	490	41	24
597	489	80	46
576	494	104	63
579	499	108	75
579	506	103	74
584	513	98	66
581	517	107	68
581	520	104	67
580	520	111	65
580	521	115	62
585	522	111	60
585	517	114	59
586	512	115	47
587	481	109	65
578	418	108	60
594	489	96	44
587	388	116	125
574	443	129	82
573	469	137	53
581	427	106	38
586	401	98	61
584	478	106	53
588	476	101	59
590	478	87	65
598	489	78	68
600	496	85	72
606	507	80	64
614	508	85	64
622	516	88	60
634	524	85	54
641	527	86	57
642	529	92	58
642	524	93	61
638	524	91	63
630	527	92	59
627	533	88	48
619	533	87	44
611	534	91	39
598	528	86	38
583	523	98	34
559	514	109	36
550	505	112	44
535	484	122	54
518	475	134	54
510	461	136	68
509	420	136	80
506	391	133	115
501	347	149	151
496	316	147	171
515	165	130	322
502	136	158	312
508	149	160	295
508	155	163	288
513	158	166	312
510	159	162	309
527	172	138	312
520	191	144	308
524	188	153	269
536	207	152	280
538	208	151	306
555	267	150	257
568	279	140	244
596	433	123	140
626	496	99	75
634	518	102	68
643	525	101	64
650	528	101	66
662	536	96	62
665	538	100	62
667	542	105	61
675	547	101	59
681	554	98	58
686	559	98	58
691	563	85	62
692	569	86	57
696	576	80	55
694	585	80	54
691	591	78	46
678	594	89	46
655	594	95	51
635	594	109	45
615	590	103	47
585	582	120	42
573	571	118	42
557	553	125	49
539	541	129	48
529	524	127	54
515	512	137	53
508	491	137	65
493	332	151	229
503	236	177	256
501	234	166	226
503	227	166	198
509	231	153	173
516	212	141	182
513	231	151	189
505	332	161	91
499	496	116	66
515	518	104	71
527	526	90	64
536	524	92	62
544	524	94	59
547	525	105	64
561	533	104	68
565	544	108	73
570	551	114	80
586	562	107	80
585	561	120	93
597	570	116	94
604	576	118	93
611	583	117	93
619	593	121	90
632	607	113	86
638	618	119	79
649	625	118	76
649	625	125	79
659	633	124	74
655	633	134	77
655	633	139	80
661	627	138	87
592	535	189	182
535	438	187	168
531	438	196	188
542	448	167	159
520	449	176	151
505	460	204	178
481	476	207	191
441	427	228	197
456	463	199	200
449	457	191	195
364	313	231	175
342	283	252	184
325	252	268	213
307	222	300	318
300	227	299	359
305	195	296	300
322	168	276	303
282	116	303	392
281	134	302	323
294	120	273	347
313	155	250	277
280	146	271	291
287	163	247	330
287	216	245	315
290	276	231	279
292	438	215	117
299	446	179	119
292	460	161	120
294	486	155	123
302	507	157	136
322	405	161	260
316	254	180	219
322	263	178	190
332	291	191	181
315	349	196	127
305	332	218	149
289	308	232	172
279	285	265	195
276	272	254	210
295	245	258	249
295	270	245	218
321	299	257	241
389	417	228	232
382	383	226	202
408	371	197	186
391	335	225	219
436	393	185	164
416	358	207	181
442	377	209	163
452	364	190	165
442	352	216	190
460	346	213	226
476	374	211	228
503	430	183	189
494	400	210	222
498	406	208	191
514	417	226	201
521	406	213	181
517	408	209	195
512	403	204	190
536	434	185	179
552	470	168	144
553	485	169	133
544	464	173	158
545	457	178	168
535	447	197	188
521	403	201	171
530	370	178	152
507	347	216	255
515	379	216	283
519	432	210	235
544	405	177	238
557	434	169	233
550	434	177	216
565	456	159	219
552	384	173	274
552	418	178	243
530	359	199	227
541	364	179	194
550	386	176	153
562	426	147	105
561	375	146	192
562	407	156	168
