0.005155
0.038370
0.031330
0.029455
0.034642
0.040016
0.033896
0.035870
0.047946
0.038031
0.042593
0.039143
0.037500
0.031609
0.032801
0.034415
0.032599
0.033305
0.037596
0.032597
0.031763
0.034122
0.035213
0.031144
0.030497
0.030332
0.027664
0.030143
0.027502
0.044287
0.028456
0.031148
0.036569
0.035371
0.042666
0.031999
0.051672
0.030556
0.031270
0.027999
0.028278
0.028613
0.031533
0.028970
0.031126
0.033308
0.031178
0.037704
0.030698
0.034355
0.029130
0.041560
0.031603
0.030652
0.032075
0.029584
0.030739
0.031542
0.033381
0.031646
0.032446
0.043133
0.033637
0.029275
0.030156
0.031931
0.033008
0.034621
0.033550
0.032386
0.032089
0.031111
0.031619
0.039751
0.030992
0.030951
0.028768
0.038943
0.030361
0.030291
0.029173
0.041312
0.044313
0.032938
0.032071
0.043475
0.032828
0.032888
0.028862
0.028532
0.030800
0.031367
0.029584
0.033455
0.038168
0.036762
0.037584
0.035276
0.033985
0.032640
0.032472
0.033079
0.033095
0.031410
0.034284
0.037393
0.046320
0.032890
0.031104
0.032537
0.033028
0.033206
0.032151
0.042823
0.044777
0.036033
0.047220
0.035676
0.034607
0.036903
0.043404
0.039121
0.032112
0.036123
0.032926
0.031536
0.030597
0.043272
0.029190
0.039499
0.045843
0.047654
0.040581
0.044875
0.042177
0.031099
0.048693
0.046857
0.042766
0.035001
0.034589
0.034354
0.038376
0.030550
0.040490
0.039719
0.035189
0.032396
0.032465
0.042650
0.050892
0.036842
0.035785
0.037549
0.036612
0.035501
0.029426
0.031447
0.032883
0.042124
0.034561
0.032889
0.030725
0.032111
0.031403
0.042365
0.047616
0.033527
0.050984
0.032018
0.049703
0.042493
0.047014
0.034098
0.035969
0.048766
0.033429
0.042483
0.040448
0.041413
0.041323
0.038216
0.044136
0.036970
0.041383
0.046008
0.054644
0.038824
0.048603
0.037416
0.031204
0.033044
0.032821
0.035277
0.032840
0.030901
0.049217
0.043924
0.039136
0.034970
0.030977
0.036648
0.030170
0.033569
0.029101
0.036367
0.040494
0.030901
0.027701
0.038829
0.032008
0.027064
0.033596
0.048094
0.036213
0.035484
0.038006
0.030088
0.040103
0.042561
0.035673
0.035397
0.031794
0.033465
0.033469
0.037741
0.032019
0.034308
0.034041
0.046540
0.035711
0.043008
0.041264
0.033090
0.033569
0.046623
0.037393
0.033818
0.033746
0.031392
0.035329
0.033390
0.031096
0.030305
0.032391
0.030845
0.033390
0.032832
0.033134
0.031519
0.030549
0.031631
0.033394
0.030497
0.046421
0.031620
0.030403
0.030486
0.032739
0.027510
0.030976
0.035789
0.044120
0.026628
0.031056
0.030065
0.032532
0.033437
0.028928
0.030603
0.027943
0.029706
0.029681
0.030428
0.031751
0.028311
0.043418
0.037014
0.031051
0.032207
0.032332
0.030402
0.033378
0.031175
0.050543
0.046687
0.038625
0.031289
0.031009
0.029844
0.030964
0.035674
0.031483
0.028948
0.039909
0.031431
0.044840
0.030451
0.044791
0.032958
0.031119
0.036282
0.035971
0.034052
0.035630
0.035434
0.041003
0.030553
0.031528
0.033556
0.046178
0.043742
0.039310
0.033462
0.033395
0.047390
0.041817
0.043844
0.038743
0.040120
0.032981
0.045174
0.047585
0.046280
0.043950
0.040347
0.039013
0.036212
0.032627
0.029117
0.030245
0.034983
0.030038
0.038057
0.032228
0.034755
0.030793
0.030151
0.035378
0.029638
0.029953
0.025129
0.051070
0.025558
0.023871
0.023115
0.025090
0.026222
0.024678
0.025608
0.030955
0.030111
0.031341
0.030051
0.029595
0.033575
0.028566
0.029419
0.044374
0.043728
0.033358
0.029822
0.045010
0.031708
0.048200
0.038419
0.035769
0.035701
0.042765
0.041041
0.039148
0.031672
0.032467
0.034775
0.030957
0.029586
0.031538
0.031267
0.030409
0.030733
0.032563
0.029507
0.029078
0.032774
0.030498
0.032944
0.031983
0.030033
0.029099
0.043542
0.040799
0.034312
0.042315
0.041677
0.039151
0.033770
0.048169
0.053472
0.033252
0.029572
0.029449
0.041624
0.032072
0.030021
0.029193
0.029472
0.030091
0.028456
0.028815
0.028755
0.029963
0.041749
0.033059
0.030599
0.031841
0.030677
0.041372
0.032408
0.031481
0.037488
0.041141
0.042782
0.037078
0.035204
0.032156
0.036469
0.035205
0.036248
0.035256
0.034010
0.032192
0.033732
0.036098
0.034197
0.029464
0.028844
0.029044
0.029005
0.029556
0.028476
0.031281
0.036656
0.035977
0.040967
0.042040
0.043125
0.034518
0.029825
0.035969
0.036225
0.029819
0.033051
0.028492
0.029508
0.029235
0.030939
0.043535
0.038002
0.039221
0.031822
0.033038
0.031013
0.030430
0.030327
0.051659
0.029631
0.029727
0.031832
0.039204
0.037389
0.038931
0.030066
0.030250
0.029668
0.030729
0.030083
0.032617
0.033306
0.031154
0.046659
0.039758
0.035574
0.038889
0.034056
0.034973
0.036690
0.035224
0.030346
0.030499
0.033840
0.032537
0.040785
0.040792
0.045243
0.035125
0.035658
0.036906
0.029965
0.032897
0.029302
0.034202
0.037155
0.041152
0.041978
0.033869
0.039239
0.039845
0.036608
0.029213
0.029713
0.049718
0.039157
0.033519
0.034328
0.048435
0.031676
0.030412
0.029921
0.041338
0.029723
0.030524
0.042536
0.033702
0.045584
0.032093
0.029255
0.031164
0.033307
0.032829
0.043425
0.041690
0.032721
0.030064
0.034518
0.043721
0.035496
0.032365
0.030997
0.030496
0.031344
0.034489
0.032825
0.036122
0.030857
0.039434
0.032686
0.031041
0.042334
0.028479
0.028772
0.029553
0.030493
0.034654
0.032871
0.028996
0.039358
0.032374
0.031282
0.043531
0.036229
0.046417
0.045218
0.039057
0.037690
0.046819
0.033665
0.036905
0.034804
0.030764
0.046017
0.033388
0.034235
0.041242
0.036609
0.033604
0.034988
0.034598
0.030737
0.034568
0.038956
0.036213
0.027365
0.026709
0.041308
0.027786
0.028212
0.039065
0.028995
0.028742
0.028359
0.028539
0.027395
0.031332
0.029543
0.031285
0.037122
0.032741
0.032119
0.031121
0.040190
0.033158
0.032580
0.033357
0.031730
0.032191
0.030254
0.030008
0.030708
0.031782
0.029431
0.029815
0.031377
0.030222
0.028349
0.026836
0.023272
0.023210
0.025122
0.043617
0.050165
0.032747
0.032011
0.032809
0.031326
0.037687
0.045595
0.046422
0.033383
0.033563
0.036294
0.033440
0.040112
0.044605
0.035571
0.040856
0.036223
0.031358
0.036543
0.030871
0.029516
0.030057
0.035047
0.041691
0.033121
0.031133
0.043245
0.038887
0.041182
0.035788
0.029239
0.043227
0.036167
0.035578
0.030807
0.029320
0.040405
0.030965
0.031178
0.026618
0.026597
0.043696
0.040262
0.030213
0.036484
0.032264
0.046778
0.042892
0.038728
0.032332
0.027201
0.035419
0.030768
0.026459
0.029816
0.042561
0.032613
0.029523
0.029874
0.030387
0.037797
0.036824
0.030833
0.030707
0.041303
0.034393
0.029462
0.035769
0.042011
0.031051
0.033653
0.038834
0.031495
0.029342
0.031585
0.043514
0.028512
0.029995
0.035688
0.033830
0.043259
0.034760
0.030723
0.029569
0.035476
0.032176
0.030692
0.029262
0.029448
0.030182
0.032267
0.029236
0.030769
0.033319
0.036493
0.038354
0.037370
0.041449
0.046197
0.036465
0.037707
0.040823
0.031338
0.041534
0.039982
0.032529
0.041517
0.034645
0.035282
0.030639
0.030287
0.029759
0.041895
0.026150
0.041744
0.038219
0.032572
0.031929
0.028566
0.043173
0.031264
0.032139
0.029588
0.041828
0.043521
0.039105
0.037733
0.046981
0.038026
0.033910
0.039850
0.033520
0.031989
0.031007
0.040966
0.040026
0.035542
0.037092
0.030882
0.030805
0.029070
0.029223
0.041195
0.031662
0.028965
0.028629
0.029356
0.030026
0.030869
0.033710
0.032376
0.031175
0.033467
0.032377
0.029502
0.040665
0.034679
0.030630
0.030582
0.030503
0.035617
0.031698
0.031469
0.050662
0.031824
0.034668
0.032958
0.030907
0.031789
0.035223
0.030221
0.033026
0.030342
0.030421
0.032444
0.034594
0.031291
0.042806
0.038779
0.052314
0.033344
0.030940
0.032311
0.031296
0.040319
0.034339
0.042314
0.038063
0.038268
0.031618
0.032198
0.042776
0.040928
0.031778
0.029671
0.028409
0.032316
0.029971
0.031918
0.034519
0.029345
0.027153
0.038316
0.031024
0.029357
0.031147
0.030254
0.030469
0.031380
0.041718
0.031317
0.037267
0.031429
0.031039
0.032550
0.034599
0.028820
0.031098
0.035453
0.031650
0.030277
0.030720
0.029951
0.041709
0.029527
0.029814
0.036199
0.031359
0.031099
0.029926
0.031745
0.030329
0.027870
0.028853
0.029305
0.029140
0.028258
0.029674
0.031061
0.029511
0.034863
0.031154
0.028976
0.039144
0.031721
0.025664
0.027246
0.027734
0.027381
0.027842
0.044433
0.027603
0.042777
0.044502
0.039215
0.036206
0.039477
0.063495
0.043466
0.031842
0.041768
0.031255
0.027583
0.028253
0.033289
0.029883
0.029772
0.030272
0.040372
0.031941
0.042101
0.032952
0.030655
0.029218
0.042971
0.039958
0.031655
0.028941
0.044206
0.044544
0.045300
0.034633
0.031987
0.032109
0.044972
0.031538
0.040928
0.031665
0.031528
0.030277
0.029814
0.032705
0.028923
0.029148
0.030197
0.026344
0.025512
0.027845
0.027916
0.028754
0.031905
0.036755
0.034312
0.027882
0.031300
0.032599
0.030120
0.031244
0.030007
0.029859
0.038490
0.045666
0.030061
0.029293
0.028063
0.035497
0.037927
0.029539
0.034190
0.029837
0.040179
0.046278
0.031695
0.040346
0.031351
0.031740
0.030098
0.028625
0.031713
0.031467
0.039736
0.040296
0.032949
0.034388
0.034451
0.029430
0.032294
0.036435
0.028946
0.031062
0.029217
0.032514
0.029240
0.029713
0.042797
0.032672
0.037688
0.030432
0.032526
0.032545
0.030474
0.029020
0.029600
0.037263
0.040488
0.034290
0.044592
0.033866
0.031445
0.044585
0.032638
0.031718
0.043489
0.036486
0.031860
0.032624
0.032403
0.049361
0.046340
0.031336
0.033421
0.030036
0.029892
0.034769
0.042891
0.034389
0.031077
0.030143
0.030291
0.032502
0.049419
0.042780
0.034554
0.035059
0.050020
0.040781
0.042120
0.034126
0.036301
0.038078
0.040956
0.032946
0.033462
0.037423
0.049625
0.030994
0.033189
0.035330
0.034851
0.043950
0.031704
0.031818
0.033157
0.032967
0.029891
0.049908
0.038854
0.040055
0.036189
0.026620
0.033068
0.028976
0.029651
0.032183
0.030239
0.031933
0.045201
0.032403
0.031648
0.030058
0.038222
0.042140
0.031512
0.038532
0.030711
0.030061
0.032081
0.029850
0.029192
0.028794
0.026604
0.026969
0.030454
0.029478
0.024925
0.029359
0.034952
0.030404
0.042746
0.031468
0.031286
0.038145
0.033548
0.030920
0.030886
0.033717
0.028541
0.028581
0.028200
0.025286
0.028083
0.026275
0.029024
0.039720
0.034869
0.030489
0.029409
0.032193
0.030254
0.030709
0.028492
0.028632
0.042803
0.037714
0.035085
0.035630
0.032734
0.035120
0.034158
0.038330
0.039486
0.031067
0.032539
0.029225
0.031692
0.052703
0.035375
0.031494
0.032287
0.040816
0.031050
0.029026
0.030317
0.030112
0.030406
0.038945
0.034750
0.032125
0.030152
0.037834
0.038457
0.034914
0.052139
0.045449
0.045867
0.030129
0.040908
0.043633
0.046345
0.035244
0.031138
0.030416
0.031080
0.029030
0.028571
0.030156
0.033697
0.032490
0.043278
0.037889
0.038950
0.041603
0.033516
0.031178
0.048153
0.033731
0.043266
0.032486
0.047707
0.037213
0.030914
0.034028
0.036826
0.043057
0.046821
0.041919
0.031425
0.033021
0.036160
0.035985
0.032382
0.032833
0.034344
0.032234
0.031969
0.042580
0.032726
0.028267
0.027762
0.031408
0.030257
0.033534
0.042899
0.034954
0.031243
0.033495
0.029495
0.029401
0.032343
0.042298
0.035648
0.033587
0.038977
0.031357
0.030264
0.029765
0.028921
0.037874
0.030118
0.029651
0.029447
0.051082
0.031320
0.029747
0.030511
0.029797
0.029215
0.037965
0.032606
0.032742
0.030623
0.037333
0.030623
0.042610
0.033949
0.036954
0.039375
0.033426
0.039190
0.030524
0.041822
0.032337
0.034266
0.035359
0.031656
0.037276
0.039078
0.045212
0.032483
0.030039
0.030532
0.043573
0.033953
0.039336
0.030695
0.028529
0.033575
0.046011
0.042402
0.030732
0.045210
0.029948
0.036161
0.028900
0.030013
0.030264
0.040660
0.031445
0.045148
0.031260
0.031960
0.048034
0.037151
0.036102
0.044490
0.044843
0.042477
0.041692
0.032929
0.029229
0.031116
0.039246
0.034198
0.050736
0.034710
0.033944
0.033877
0.034872
0.033687
0.039234
0.045889
0.036555
0.029386
0.029326
0.028914
0.029471
0.031402
0.029427
0.044749
0.044023
0.032192
0.027902
0.047150
0.034540
0.030031
0.029840
0.032520
0.041227
0.042246
0.032436
0.031685
0.030004
0.029204
0.030930
0.030981
0.031330
0.031374
0.037220
0.027452
0.025509
0.038313
0.032918
0.030230
0.030457
0.029962
0.046617
0.033689
0.042946
0.031111
0.029736
0.027262
0.032936
0.033418
0.040997
0.033348
0.035821
0.035366
0.042276
0.035258
0.032526
0.030462
0.037306
0.030652
0.031897
0.031892
0.031175
0.039807
0.035169
0.030442
0.031265
0.029995
0.030089
0.028927
0.035293
0.029861
0.040023
0.040231
0.035397
0.030562
0.030753
0.032383
0.039634
0.030577
0.030017
0.050429
0.042431
0.031955
0.038999
0.030785
0.032639
0.036577
0.042353
0.034972
0.047419
0.042904
0.034303
0.025594
0.030282
0.029423
0.039460
0.032884
0.029690
0.033008
0.037923
0.042351
0.037254
0.032104
0.038226
0.038651
0.039767
0.031453
0.030966
0.040171
0.032487
0.039930
0.029662
0.029269
0.030083
0.043426
0.039005
0.035314
0.034963
0.029110
0.032285
0.042071
0.035948
0.030909
0.038291
0.031419
0.030585
0.031478
0.032193
0.042675
0.047987
0.042487
0.032783
0.032512
0.031044
0.031681
0.048160
0.041540
0.038012
0.031534
0.030019
0.029316
0.049085
0.036262
0.034375
0.032168
0.049565
0.037612
0.034603
0.040575
0.031014
0.028862
0.028777
0.040330
0.043589
0.036859
0.032537
0.045069
0.043303
0.044100
0.038341
0.027844
0.038585
0.036100
0.044424
0.032108
0.032355
0.030946
0.029732
0.030069
0.030745
0.034627
0.032095
0.033780
0.037199
0.032653
0.036312
0.041398
0.037032
0.045995
0.030541
0.030592
0.029446
0.029036
0.030065
0.030691
0.033627
0.036055
0.032247
0.040584
0.030688
0.033946
0.036150
0.031471
0.030367
0.043107
0.041724
0.035965
0.033055
0.041749
0.033926
0.032067
0.030587
0.028812
0.033896
0.041053
0.038406
0.042213
0.040031
0.037969
0.033984
0.042986
0.032038
0.029568
0.035030
0.028167
0.031656
0.035302
0.030469
0.031123
0.034916
0.029414
0.027918
0.028312
0.027055
0.028402
0.027327
0.033080
0.029708
0.030168
0.028927
0.035119
0.031397
0.031780
0.036642
0.031173
0.030538
0.030616
0.029914
0.032420
0.030997
0.030575
0.032100
0.030201
0.028669
0.045288
0.032643
0.032576
0.033481
0.043627
0.038610
0.032985
0.031201
0.030254
0.043547
0.035437
0.045114
0.030484
0.040766
0.035133
0.051517
0.031775
0.031982
0.032451
0.032765
0.035985
0.037592
0.044636
0.049163
0.037351
0.032088
0.046576
0.048579
0.036655
0.045328
0.030993
0.034304
0.034888
0.032166
0.031647
0.037654
0.035876
0.031643
0.040346
0.037522
0.035563
0.034592
0.032371
0.029852
0.033105
0.034847
0.036487
0.037041
0.035022
0.041759
0.039391
0.042420
0.042928
0.029004
0.027417
0.026483
0.041809
0.035145
0.035566
0.030766
0.032186
0.031199
0.030749
0.030766
0.029917
0.031468
0.031811
0.039524
0.035448
0.036524
0.041665
0.035147
0.031938
0.042641
0.033251
0.048140
0.041937
0.039011
0.031300
0.043963
0.037694
0.033935
0.030925
0.031628
0.038302
0.033551
0.031454
0.041052
0.047662
0.032094
0.042950
0.032192
0.039197
0.039896
0.044274
0.032275
0.053581
0.040250
0.048781
0.036737
0.037615
0.029219
0.030497
0.038328
0.032753
0.039411
0.031731
0.029823
0.036373
0.030842
0.035626
0.031316
0.048587
0.033365
0.031147
0.031060
0.034324
0.044214
0.031326
0.029831
0.029752
0.033073
0.031311
0.032733
0.033907
0.033558
0.029235
0.029203
0.029658
0.031111
0.030611
0.029218
0.033393
0.032655
0.032192
0.032180
0.031583
0.028374
0.034151
0.027997
0.028642
0.028986
0.033585
0.032922
0.038987
0.032683
0.041421
0.046663
0.037395
0.035662
0.039091
0.034964
0.030133
0.034230
0.031494
0.032620
0.030710
0.034607
0.032801
0.032644
0.033745
0.032038
0.031168
0.032519
0.046418
0.042230
0.041398
0.034239
0.039070
0.033307
0.034065
0.029232
0.030187
0.029866
0.029025
0.028349
0.029714
0.026553
0.029622
0.029169
0.030066
0.038805
0.048850
0.030514
0.028981
0.041476
0.032264
0.041217
0.032171
0.028078
0.029843
0.032227
0.030483
0.026786
0.044253
0.041810
0.033507
0.034861
0.045917
0.045372
0.033727
0.040975
0.044478
0.034501
0.035538
0.039074
0.042692
0.037205
0.042087
0.037659
0.031467
0.031951
0.031358
0.042598
0.036360
0.030581
0.029521
0.034507
0.038589
0.031919
0.033820
0.031966
0.030587
0.047674
0.036801
0.042970
0.036782
0.038822
0.033460
0.030056
0.031995
0.032900
0.043013
0.045574
0.042939
0.034542
0.031287
0.031732
0.030581
0.031756
0.036404
0.031498
0.033868
0.030844
0.035578
0.038670
0.040258
0.031580
0.030123
0.030497
0.030908
0.030556
0.030102
0.032633
0.032262
0.030540
0.032043
0.033195
0.032241
0.030333
0.025536
0.024422
0.026824
0.026873
0.024315
0.040564
0.037817
0.031421
0.046665
0.038229
0.029031
0.033435
0.030961
0.039008
0.041520
0.035022
0.034541
0.034801
0.030840
0.031412
0.030295
0.032307
0.032121
0.041248
0.032365
0.034212
0.029769
0.031751
0.031588
0.030367
0.030842
0.032271
0.028606
0.033856
0.029122
0.031112
0.032727
0.031868
0.034186
0.033097
0.029834
0.023147
0.025197
0.024895
0.024457
0.037844
0.030253
0.029103
0.030258
0.040425
0.033858
0.029002
0.037296
0.036432
0.034052
0.039343
0.039500
0.034626
0.033081
0.041128
0.035827
0.032964
0.034967
0.033446
0.033628
0.031292
0.044072
0.028905
0.037041
0.030742
0.031315
0.031242
0.030463
0.030368
0.031360
0.047798
0.037077
0.036154
0.035017
0.040174
0.031259
0.043733
0.036704
0.042275
0.031402
0.031412
0.029653
0.028072
0.035709
0.031072
0.030742
0.030083
0.029384
0.029594
0.030371
0.029412
0.031350
0.033101
0.030251
0.037113
0.035233
0.027530
0.025136
0.028589
0.029388
0.028678
0.030126
0.033506
0.030154
0.042628
0.031543
0.049520
0.033559
0.029005
0.035163
0.044287
0.040143
0.032762
0.032535
0.033158
0.032216
0.035078
0.032020
0.031667
0.042430
0.033208
0.037145
0.030769
0.031928
0.036532
0.036800
0.030293
0.029862
0.033599
0.031280
0.026561
0.035969
0.042679
0.030815
0.040511
0.045488
0.037938
0.035833
0.037709
0.035017
0.034424
0.041102
0.034823
0.042768
0.032319
0.032325
0.030223
0.049679
0.045348
0.044744
0.031827
0.034361
0.032856
0.042585
0.030798
0.039794
0.044045
0.044218
0.042383
0.032535
0.034578
0.033621
0.031754
0.030129
0.035050
0.042143
0.031777
0.030435
0.038491
0.032723
0.031046
0.030036
0.035845
0.030520
0.030978
0.029085
0.032132
0.032188
0.030293
0.032039
0.031848
0.033676
0.032008
0.032219
0.032217
0.034207
0.031439
0.028945
0.030203
0.029391
0.032701
0.031538
0.037237
0.032859
0.033128
0.030991
0.034587
0.035408
0.031628
0.032412
0.029692
0.030405
0.028504
0.038678
0.032870
0.033575
0.041968
0.036939
0.031862
0.030299
0.035913
0.029469
0.045604
0.040100
0.041219
0.031679
0.031560
0.030890
0.032073
0.033798
0.033453
0.030759
0.029984
0.039374
0.047476
0.041441
0.037107
0.036106
0.039418
0.033201
0.030966
0.042183
0.031213
0.033912
0.036828
0.044900
0.033646
0.032217
0.032282
0.031410
0.035314
0.034721
0.041680
0.038186
0.030024
0.031762
0.036041
0.034917
0.040240
0.037416
0.050273
0.043369
0.042317
0.040503
0.039803
0.037335
0.031754
0.029958
0.029920
0.029109
0.028577
0.037081
0.037153
0.038888
0.043133
0.034806
0.036236
0.047117
0.035834
0.034124
0.031779
0.030259
0.032284
0.028303
0.027136
0.024554
0.030608
0.033585
0.041254
0.040688
0.037158
0.037095
0.030996
0.027562
0.029348
0.029709
0.030143
0.045027
0.034272
0.035779
0.029046
0.031536
0.034201
0.029937
0.033714
0.032604
0.045942
0.039056
0.044111
0.031283
0.029944
0.040794
0.044885
0.034242
0.045362
0.036021
0.033954
0.049491
0.033903
0.029490
0.033856
0.031706
0.031616
0.047228
0.036078
0.037371
0.035257
0.039451
0.034676
0.030964
0.031033
0.031114
0.037886
0.037055
0.034158
0.033762
0.032229
0.036075
0.042629
0.032418
0.040922
0.035251
0.038734
0.041413
0.041632
0.048055
0.043471
0.039880
0.030961
0.033075
0.032949
0.041921
0.036217
0.039806
0.035956
0.033941
0.033076
0.041676
0.039408
0.038103
0.031331
0.032879
0.032453
0.032855
0.030650
0.031614
0.043896
0.041255
0.041478
0.033001
0.033793
0.050718
0.034230
0.033113
0.031838
0.029346
0.044711
0.034676
0.029809
0.047554
0.040546
0.034940
0.033694
0.028683
0.028167
0.029799
0.028973
0.049382
0.029073
0.027712
0.029568
0.026299
0.029059
0.028060
0.029378
0.036892
0.033185
0.059837
0.045389
0.036330
0.030497
0.035525
0.030511
0.029644
0.030327
0.030364
0.032218
0.029498
0.041402
0.031623
0.036437
0.037869
0.035620
0.031817
0.036525
0.045076
0.030952
0.030639
0.035016
0.034546
0.029015
0.034163
0.031628
0.032532
0.031944
0.030003
0.046337
0.036222
0.031598
0.042845
0.034239
0.032515
0.032168
0.029334
0.028919
0.030489
0.031428
0.028966
0.028000
0.030527
0.031495
0.029678
0.036413
0.033808
0.035344
0.036564
0.035844
