0.004818
0.028461
0.027847
0.031432
0.033775
0.027290
0.040056
0.031394
0.038613
0.046293
0.035036
0.040774
0.039309
0.042433
0.045050
0.040082
0.038767
0.038301
0.039619
0.034945
0.032457
0.029838
0.030917
0.031375
0.031732
0.029971
0.039469
0.031622
0.029946
0.031191
0.033975
0.027813
0.028736
0.031597
0.027845
0.028282
0.028496
0.028381
0.031024
0.028584
0.032692
0.027031
0.043736
0.032432
0.025759
0.020372
0.020061
0.021276
0.021804
0.024106
0.021976
0.032811
0.024794
0.036964
0.038177
0.026277
0.026712
0.023965
0.022587
0.022442
0.026123
0.027794
0.036578
0.039882
0.030092
0.034423
0.039957
0.029886
0.030548
0.039391
0.032582
0.030895
0.028628
0.040456
0.024440
0.023250
0.029300
0.023483
0.022579
0.034597
0.039146
0.037949
0.028031
0.020171
0.045069
0.043983
0.036464
0.051476
0.036313
0.030694
0.030843
0.029684
0.042196
0.039249
0.033598
0.030021
0.032724
0.038946
0.029969
0.041595
0.026636
0.024516
0.041692
0.040315
0.029187
0.030701
0.042709
0.031981
0.040209
0.030649
0.029771
0.032260
0.040453
0.033865
0.033334
0.046314
0.046387
0.031389
0.032420
0.036466
0.037038
0.039652
0.031344
0.032452
0.026322
0.029570
0.023926
0.034533
0.031963
0.034052
0.033274
0.033039
0.041095
0.040361
0.031408
0.025273
0.020897
0.020373
0.038811
0.023168
0.020609
0.026489
0.023978
0.041326
0.043511
0.036967
0.029719
0.039401
0.043985
0.034359
0.035684
0.031751
0.031251
0.050898
0.033975
0.037074
0.040063
0.050965
0.031659
0.047037
0.039587
0.029533
0.028748
0.031266
0.029023
0.028566
0.028212
0.038671
0.030564
0.032318
0.042153
0.026910
0.026571
0.032318
0.031943
0.050654
0.029876
0.030327
0.031172
0.042814
0.041989
0.029988
0.031555
0.030127
0.034955
0.037920
0.035157
0.034114
0.035655
0.032373
0.030318
0.041595
0.035825
0.035258
0.030693
0.030128
0.041760
0.033383
0.033194
0.031644
0.031015
0.034734
0.033402
0.029407
0.031888
0.031950
0.029930
0.046734
0.044482
0.030752
0.030315
0.044920
0.042641
0.032185
0.030056
0.043249
0.031386
0.029740
0.031281
0.039626
0.031080
0.032622
0.026893
0.029049
0.023267
0.028953
0.041208
0.047310
0.041296
0.028529
0.024340
0.025785
0.025037
0.025508
0.024525
0.024393
0.023274
0.024574
0.038928
0.045572
0.032816
0.040966
0.031212
0.022295
0.023618
0.027835
0.027089
0.024670
0.024883
0.025528
0.028823
0.029407
0.031436
0.027456
0.023964
0.031717
0.026532
0.026249
0.023492
0.041430
0.025015
0.023519
0.028819
0.033335
0.023787
0.024084
0.030120
0.027062
0.026062
0.034779
0.041615
0.026820
0.022856
0.030543
0.025888
0.035198
0.025476
0.025644
0.023591
0.023541
0.024582
0.025162
0.025633
0.027143
0.038331
0.035539
0.039260
0.048808
0.029873
0.031330
0.029829
0.030995
0.036081
0.028805
0.041795
0.035264
0.029198
0.032284
0.029542
0.030854
0.035277
0.036835
0.030197
0.030961
0.040634
0.040807
0.032286
0.049956
0.039375
0.046128
0.034687
0.031182
0.033922
0.032371
0.031547
0.032675
0.030997
0.030521
0.030528
0.026950
0.032288
0.031652
0.032413
0.030412
0.046206
0.042352
0.043980
0.045554
0.036520
0.031785
0.045614
0.047002
0.030350
0.030617
0.030503
0.030852
0.036245
0.032764
0.031053
0.032756
0.030297
0.030514
0.029967
0.030364
0.041994
0.058439
0.053968
0.042965
0.030833
0.029390
0.030426
0.041030
0.032789
0.029952
0.033931
0.029404
0.028546
0.030090
0.043178
0.041153
0.042091
0.034166
0.030286
0.031689
0.046396
0.049579
0.034013
0.030825
0.032582
0.032207
0.038816
0.032200
0.039326
0.040350
0.041819
0.041093
0.032086
0.029751
0.030497
0.029872
0.042167
0.043669
0.042013
0.043936
0.038221
0.031946
0.029296
0.031824
0.028709
0.037357
0.033560
0.032415
0.030113
0.033064
0.029096
0.029766
0.030185
0.035465
0.046442
0.040845
0.046084
0.032388
0.031205
0.048299
0.044095
0.029393
0.030504
0.028602
0.026340
0.039114
0.042079
0.040733
0.036386
0.029655
0.029327
0.037571
0.030910
0.042387
0.038699
0.030954
0.032767
0.038962
0.035204
0.031374
0.037178
0.034872
0.031828
0.035358
0.032371
0.046111
0.041670
0.040407
0.037595
0.037030
0.034250
0.048195
0.043419
0.041609
0.030511
0.026406
0.039995
0.045151
0.039869
0.038051
0.032942
0.044188
0.033624
0.042901
0.044070
0.029889
0.032946
0.039491
0.043185
0.031304
0.029704
0.029589
0.029617
0.030451
0.028637
0.025465
0.025501
0.025674
0.028385
0.025219
0.036303
0.026256
0.028560
0.029898
0.037735
0.033669
0.029908
0.030330
0.028790
0.028376
0.027427
0.026668
0.025030
0.025121
0.025944
0.033041
0.026093
0.036999
0.040061
0.036102
0.031934
0.029592
0.025440
0.024213
0.024311
0.028747
0.044242
0.035766
0.041368
0.025626
0.029301
0.040342
0.029687
0.038319
0.028806
0.029337
0.031659
0.045191
0.061520
0.048105
0.031489
0.032187
0.035519
0.023897
0.023309
0.025162
0.061773
0.055486
0.035431
0.041236
0.034390
0.034182
0.033716
0.032516
0.030612
0.034786
0.031718
0.037982
0.039809
0.035542
0.028485
0.029194
0.029520
0.043827
0.027409
0.030619
0.029365
0.036565
0.031167
0.032316
0.040829
0.034349
0.037155
0.035279
0.035600
0.039403
0.041844
0.040931
0.039891
0.032285
0.029865
0.029163
0.036530
0.025755
0.024801
0.026742
0.043955
0.042741
0.037489
0.040023
0.024445
0.028323
0.025366
0.024429
0.042961
0.028580
0.024590
0.025492
0.022720
0.025035
0.037487
0.024275
0.040700
0.047994
0.031455
0.028242
0.035460
0.040128
0.046528
0.040215
0.041262
0.032063
0.030834
0.050160
0.032673
0.040166
0.038411
0.053051
0.051997
0.040998
0.035621
0.040378
0.029921
0.029535
0.043618
0.030694
0.047629
0.040948
0.044427
0.030359
0.041960
0.032647
0.032131
0.030382
0.029258
0.035268
0.034843
0.032453
0.036888
0.031252
0.033481
0.032072
0.038785
0.042516
0.036591
0.027180
0.038385
0.033666
0.027728
0.032236
0.026591
0.026220
0.027354
0.031388
0.045071
0.026869
0.045993
0.029417
0.023873
0.025921
0.029388
0.048578
0.045123
0.044852
0.047557
0.050285
0.042812
0.035740
0.047704
0.041881
0.047084
0.044213
0.029989
0.031209
0.031967
0.036428
0.045252
0.043443
0.036020
0.030136
0.043162
0.040733
0.046907
0.045329
0.043607
0.043409
0.061171
0.030686
0.028481
0.044904
0.031321
0.030660
0.042818
0.031234
0.029722
0.047026
0.030414
0.029921
0.030470
0.030178
0.035981
0.030136
0.034312
0.023469
0.036768
0.042396
0.039119
0.026372
0.023978
0.026453
0.026439
0.026357
0.027278
0.046680
0.033740
0.025939
0.025488
0.035301
0.031301
0.040928
0.028174
0.028280
0.028084
0.047312
0.032566
0.044894
0.025895
0.024946
0.026093
0.037916
0.033309
0.036106
0.035876
0.025293
0.023608
0.025113
0.025085
0.027055
0.025748
0.047787
0.034050
0.044513
0.038852
0.038283
0.041706
0.036969
0.041946
0.041930
0.036383
0.033026
0.032199
0.033927
0.045392
0.041106
0.033380
0.031601
0.034770
0.029661
0.028239
0.049122
0.033091
0.045796
0.029015
0.045099
0.046324
0.037176
0.031255
0.029921
0.029832
0.029316
0.029735
0.028000
0.025978
0.029396
0.030567
0.039496
0.042658
0.030647
0.042106
0.025845
0.040273
0.038176
0.043561
0.026934
0.041881
0.042896
0.044496
0.024875
0.026061
0.025906
0.042326
0.026057
0.024623
0.023201
0.026778
0.021843
0.038574
0.025488
0.033516
0.033461
0.024612
0.030792
0.038258
0.041995
0.043910
0.043116
0.048211
0.034977
0.039690
0.032011
0.044724
0.032921
0.031834
0.030450
0.032743
0.040213
0.030299
0.028906
0.032927
0.030726
0.033777
0.031473
0.034736
0.041262
0.032292
0.037066
0.031075
0.041642
0.038193
0.044193
0.030437
0.053434
0.037164
0.033589
0.028900
0.042899
0.037063
0.037779
0.040207
0.021217
0.024670
0.023740
0.028335
0.023982
0.034508
0.022336
0.025293
0.024014
0.023526
0.022482
0.027342
0.037015
0.033038
0.032625
0.029699
0.031493
0.037497
0.036252
0.034561
0.030394
0.027586
0.036395
0.032166
0.030567
0.024948
0.025311
0.023165
0.043074
0.036743
0.042748
0.037044
0.044250
0.033276
0.043456
0.040207
0.045189
0.032541
0.036227
0.030209
0.030461
0.030763
0.025790
0.024515
0.025322
0.024817
0.045931
0.024133
0.027298
0.037080
0.027134
0.024220
0.027743
0.029575
0.027417
0.027003
0.022706
0.036449
0.024010
0.021684
0.026806
0.033993
0.039636
0.022502
0.027778
0.028257
0.039399
0.023620
0.024812
0.022822
0.026995
0.039967
0.023475
0.024413
0.044204
0.030772
0.041046
0.033688
0.045204
0.041622
0.031363
0.041018
0.041800
0.041733
0.033736
0.028672
0.026570
0.029316
0.024945
0.033625
0.028291
0.027520
0.031698
0.031356
0.027848
0.028620
0.022655
0.045171
0.023916
0.037191
0.026884
0.031709
0.025179
0.044342
0.038234
0.023036
0.045206
0.031661
0.035084
0.044357
0.058527
0.039970
0.035466
0.034667
0.036286
0.049299
0.040452
0.040096
0.045189
0.045798
0.030982
0.043034
0.035824
0.030780
0.029552
0.032059
0.029182
0.029662
0.030009
0.027848
0.027015
0.042888
0.041112
0.025308
0.045747
0.039473
0.034112
0.030106
0.031476
0.031764
0.037646
0.031269
0.029885
0.030985
0.041157
0.031124
0.046265
0.034037
0.029372
0.030067
0.029757
0.029657
0.043666
0.043257
0.027118
0.029083
0.028514
0.035114
0.029921
0.031882
0.034490
0.033836
0.033339
0.045469
0.042226
0.033633
0.039222
0.043965
0.051358
0.042183
0.043695
0.033912
0.042125
0.045305
0.033815
0.045937
0.044933
0.042865
0.031609
0.032673
0.035551
0.045660
0.037016
0.038721
0.032346
0.030873
0.036810
0.040298
0.044246
0.037879
0.026398
0.028212
0.031284
0.029790
0.036013
0.031771
0.029401
0.042412
0.030694
0.030637
0.028804
0.029191
0.028406
0.029305
0.030180
0.035710
0.026388
0.029402
0.030292
0.041786
0.032303
0.029120
0.028966
0.042289
0.041668
0.043499
0.034671
0.035914
0.037928
0.045209
0.035237
0.040006
0.041665
0.032607
0.029074
0.031349
0.031164
0.036812
0.028223
0.031300
0.030020
0.037429
0.030850
0.033565
0.029360
0.028198
0.030596
0.032543
0.028810
0.034335
0.045450
0.034757
0.026983
0.034802
0.039793
0.041546
0.040491
0.033693
0.043635
0.034174
0.036649
0.033501
0.030722
0.032320
0.034723
0.032540
0.051020
0.049093
0.037471
0.033126
0.048840
0.034420
0.047127
0.031919
0.031664
0.029020
0.031079
0.049125
0.047229
0.035123
0.039318
0.052459
0.034213
0.041804
0.042882
0.031121
0.044037
0.033877
0.039766
0.040405
0.037049
0.032421
0.038697
0.041435
0.031126
0.030631
0.044246
0.026492
0.026437
0.027337
0.048090
0.030487
0.030790
0.028799
0.029270
0.041786
0.041895
0.033451
0.030013
0.025661
0.031957
0.039991
0.035458
0.035855
0.048791
0.042115
0.035829
0.040377
0.040725
0.029326
0.023228
0.023725
0.025420
0.025423
0.032725
0.028194
0.032918
0.030558
0.030357
0.027219
0.042094
0.030048
0.025228
0.024713
0.043240
0.023636
0.024592
0.025048
0.029414
0.023919
0.025177
0.025219
0.024580
0.033166
0.024405
0.024063
0.025187
0.042883
0.033141
0.045870
0.031016
0.034196
0.029285
0.040452
0.034368
0.033199
0.030944
0.025690
0.034651
0.030068
0.033129
0.032995
0.032289
0.032755
0.032772
0.032611
0.032501
0.037422
0.029949
0.030860
0.023515
0.024683
0.027540
0.030480
0.027096
0.024631
0.024887
0.027592
0.037093
0.025871
0.038048
0.027345
0.034664
0.031976
0.032291
0.036532
0.040697
0.035573
0.024909
0.025114
0.039398
0.037306
0.041889
0.046897
0.025324
0.026635
0.039404
0.041726
0.024417
0.023348
0.023131
0.027579
0.034535
0.031576
0.030456
0.027124
0.020943
0.041515
0.026313
0.031830
0.030768
0.031173
0.038456
0.056844
0.029918
0.037989
0.034281
0.025996
0.025551
0.029382
0.025207
0.027011
0.025983
0.034945
0.041347
0.035597
0.031655
0.042690
0.031954
0.029177
0.029015
0.027720
0.024781
0.030144
0.030715
0.035186
0.029423
0.032154
0.029317
0.031275
0.032715
0.040390
0.045078
0.041594
0.033484
0.032550
0.030573
0.030031
0.046928
0.035404
0.031742
0.028300
0.031742
0.028983
0.027646
0.026960
0.029004
0.028361
0.032380
0.028861
0.030479
0.048456
0.029685
0.025612
0.035008
0.031122
0.035197
0.026121
0.028606
0.035008
0.030272
0.029919
0.046792
0.029806
0.029882
0.031886
0.031617
0.032573
0.032047
0.031468
0.029206
0.039288
0.042034
0.041526
0.040042
0.033044
0.030481
0.035129
0.042397
0.040856
0.043411
0.034641
0.037140
0.039316
0.039464
0.033136
0.043588
0.030198
0.029857
0.028362
0.030781
0.037076
0.025831
0.038670
0.022205
0.024066
0.029066
0.023125
0.030289
0.030024
0.019403
0.021904
0.027054
0.024674
0.024739
0.022656
0.024047
0.030344
0.027505
0.031507
0.030503
0.032255
0.033067
0.046949
0.032966
0.034075
0.039433
0.038960
0.040278
0.023434
0.040777
0.022679
0.043612
0.041595
0.024845
0.026772
0.022341
0.039957
0.025547
0.023000
0.024619
0.030410
0.028641
0.034528
0.031391
0.032236
0.024834
0.024125
0.035924
0.022594
0.023877
0.042714
0.024037
0.030112
0.037866
0.031333
0.025810
0.037552
0.030031
0.029020
0.030699
0.031833
0.036010
0.029856
0.030970
0.030050
0.033426
0.031261
0.042077
0.033042
0.050822
0.038959
0.031512
0.037865
0.028994
0.046704
0.040352
0.033514
0.025134
0.030933
0.041574
0.036967
0.030234
0.042974
0.028239
0.028947
0.025183
0.022458
0.035738
0.035866
0.029258
0.032141
0.030632
0.028857
0.030220
0.034758
0.024218
0.024100
0.024074
0.023578
0.022616
0.041819
0.033736
0.038273
0.031448
0.033194
0.032234
0.032928
0.033592
0.033055
0.031428
0.032832
0.032776
0.033930
0.040061
0.034999
0.039640
0.030585
0.035987
0.034178
0.033312
0.036555
0.046355
0.039284
0.028979
0.035405
0.041818
0.046964
0.045049
0.044015
0.030019
0.030930
0.041738
0.029091
0.027036
0.027352
0.037424
0.038680
0.031018
0.047833
0.036835
0.028720
0.034726
0.026347
0.027268
0.030928
0.038154
0.031596
0.043054
0.032229
0.045027
0.040292
0.028273
0.031209
0.032691
0.038046
0.031021
0.031786
0.047928
0.039906
0.038629
0.037844
0.030609
0.034123
0.031260
0.039976
0.034935
0.030992
0.029311
0.041066
0.029826
0.033385
0.033051
0.023664
0.023100
0.038931
0.027260
0.039562
0.037910
0.030323
0.033067
0.036089
0.029559
0.025059
0.026129
0.037642
0.030904
0.040494
0.030349
0.030876
0.024447
0.023682
0.025688
0.042578
0.053305
0.035841
0.048912
0.030346
0.035244
0.035433
0.024825
0.045886
0.026488
0.029181
0.026556
0.038874
0.022837
0.024377
0.043255
0.042146
0.034410
0.048716
0.040107
0.039835
0.028735
0.032470
0.041250
0.027441
0.026650
0.026258
0.026859
0.026069
0.034427
0.030823
0.029651
0.025239
0.047406
0.023567
0.024889
0.021678
0.020617
0.023732
0.030407
0.021644
0.023161
0.023241
0.028385
0.029041
0.026103
0.024634
0.045345
0.041403
0.047956
0.038121
0.042544
0.041388
0.033495
0.043852
0.028618
0.029874
0.043102
0.030055
0.027654
0.027946
0.047318
0.030531
0.028216
0.027791
0.036897
0.031503
0.030668
0.029551
0.023669
0.023093
0.028950
0.037385
0.041033
0.034521
0.046422
0.034625
0.028951
0.025410
0.040215
0.024376
0.022916
0.025006
0.040885
0.031393
0.025782
0.027260
0.030524
0.040331
0.037534
0.029643
0.038823
0.023519
0.029086
0.037824
0.024736
0.019694
0.019697
0.019667
0.024560
0.024145
0.024485
0.029547
0.023741
0.042572
0.025074
0.026130
0.024117
0.024905
0.024071
0.027273
0.035334
0.037038
0.034648
0.031969
0.043350
0.043264
0.039774
0.024372
0.038846
0.029111
0.026438
0.022447
0.040312
0.042017
0.027976
0.028360
0.022912
0.024867
0.024269
0.048193
0.025806
0.042047
0.025452
0.026052
0.025151
0.028132
0.027710
0.023864
0.026367
0.028469
0.028383
0.040897
0.031217
0.043171
0.040673
0.028303
0.028922
0.030421
0.029711
0.026838
0.028311
0.025365
0.040501
0.039360
0.038072
0.036203
0.035612
0.036375
0.036871
0.044213
0.028563
0.025860
0.025288
0.028475
0.029142
0.028590
0.026324
0.030529
0.028058
0.031682
0.036535
0.030248
0.044663
0.028197
0.024305
0.024285
0.023663
0.036755
0.042234
0.030844
0.032542
0.038818
0.025167
0.023127
0.032598
0.025297
0.040250
0.032377
0.046047
0.024588
0.024995
0.029158
0.022951
0.021677
0.023295
0.043450
0.023213
0.021024
0.025885
0.045665
0.026934
0.048594
0.041715
0.042973
0.045661
0.045906
0.036441
0.036982
0.026112
0.033735
0.032783
0.042409
0.040718
0.046966
0.030159
0.040078
0.054337
0.032335
0.027608
0.036870
0.037143
0.025508
0.030016
0.025160
0.025087
0.025715
0.027425
0.024794
0.026297
0.029328
0.030952
0.042164
0.032862
0.034099
0.042308
0.038714
0.026261
0.040686
0.045056
0.024340
0.025223
0.030273
0.038101
0.043463
0.027663
0.022896
0.042987
0.034380
0.031974
0.024624
0.032455
0.030069
0.031804
0.033499
0.025210
0.040005
0.026371
0.030341
0.026495
0.051197
0.029532
0.030998
0.031573
0.030805
0.029317
0.034948
0.037489
0.042643
0.039479
0.042027
0.033175
0.038686
0.023490
0.024002
0.025072
0.031798
0.030204
0.042428
0.044327
0.028142
0.042228
0.034840
0.027233
0.027247
0.025208
0.025398
0.045628
0.026416
0.031737
0.032013
0.024512
0.043652
0.024950
0.027138
0.027771
0.030802
0.045094
0.038879
0.036515
0.031285
0.031378
0.029954
0.033736
0.031883
0.032957
0.037653
0.037136
0.029544
0.041788
0.029730
0.036339
0.025907
0.031875
0.030731
0.041289
0.044068
0.034565
0.030148
0.041398
0.040160
0.032712
0.030674
0.042027
0.033623
0.031025
0.026448
0.024750
0.051056
0.045688
0.044313
0.025447
0.024127
0.026044
0.026305
0.024162
0.044788
0.026063
0.024525
0.024039
0.020875
0.030115
0.030565
0.029729
0.043553
0.031704
0.041826
0.030071
0.025985
0.044205
0.038939
0.029223
0.031614
0.025847
0.034994
0.031306
0.023409
0.039291
0.038623
0.032609
0.028883
0.042878
0.026105
0.030050
0.037964
0.029951
0.032097
0.031768
0.034226
0.033805
0.030358
0.031435
0.035532
0.033327
0.036129
0.035945
0.035624
0.046028
0.026740
0.034942
0.043838
0.039093
0.038803
0.026700
0.039178
0.035466
0.041940
0.042234
0.039060
0.031273
0.042081
0.031550
0.028953
0.039740
0.032470
0.034940
0.045040
0.036557
0.037400
0.046860
0.043418
0.046040
0.037344
0.025931
0.029271
0.027812
0.037282
0.031222
0.030327
0.029786
0.031107
0.029312
0.029222
0.030398
0.039437
0.028020
0.026642
0.030147
0.043337
0.028758
0.029244
0.028930
0.029655
0.030711
0.026578
0.040468
0.049978
0.039225
0.053345
0.041509
0.037818
0.033235
0.027569
0.029462
0.028282
0.026136
0.027953
0.031385
0.033824
0.026687
0.023156
0.024564
0.026920
0.025706
0.028941
0.024557
0.027398
0.024088
0.024029
0.031322
0.025103
0.024046
0.025195
0.025368
0.026733
0.025760
0.023076
0.025460
0.032030
0.044368
0.026125
0.042904
0.038161
0.026003
0.040672
0.030780
0.029434
0.032391
0.029429
0.039629
0.033942
0.039725
0.026109
0.028334
0.040936
0.031070
0.031069
0.044083
0.025319
0.035442
0.027725
0.023056
0.042063
0.033384
0.025191
0.025004
0.046220
0.038449
0.028775
0.027234
0.027467
0.039730
0.024330
0.044365
0.025118
0.044870
0.032104
0.028988
0.024878
0.047122
0.032271
0.030313
0.048053
0.025189
0.030956
0.031431
0.024232
0.024995
0.041655
0.024230
0.024179
0.043076
0.041394
0.031964
0.041699
0.039724
0.024278
0.030194
0.029947
0.024980
0.023417
0.024261
0.028878
0.024918
0.025692
0.025069
0.028933
0.032059
0.047758
0.024269
0.025604
0.023306
0.026134
0.028563
0.024924
0.043164
0.039171
0.034799
0.032083
0.031538
0.031217
0.030580
0.030885
0.035627
0.032898
0.032760
0.033081
0.030719
0.040905
0.034579
0.031849
0.030970
0.031625
0.045457
0.043443
0.042865
0.041102
0.048767
0.034300
0.041571
0.039301
0.061718
0.050565
0.035311
0.033903
0.039812
0.035527
0.039420
0.043511
0.032146
0.032025
0.031752
0.033527
0.033930
0.034247
0.034016
0.031747
0.038508
0.035955
0.046029
0.031256
0.040162
0.048283
0.033752
0.032345
0.033293
0.031643
0.032177
0.032549
0.046866
0.030916
0.042283
0.040429
0.027696
0.049121
0.035637
0.026488
0.031270
0.028675
0.031424
0.037824
0.048399
0.034348
0.032377
0.042701
0.030452
0.029921
0.036582
0.033815
0.039612
0.034028
0.035133
0.033616
0.030454
0.044343
0.032726
0.045734
0.043387
0.039640
0.040778
0.043982
0.037465
0.042338
0.033262
0.044124
0.043612
0.033113
0.033963
0.033617
0.034095
0.033831
0.032979
0.036033
0.037672
0.033111
0.033582
0.037773
0.032532
0.034690
0.030186
0.031714
0.033887
0.030850
0.031652
0.032290
0.043761
0.034566
0.033239
0.042530
0.037519
0.037994
0.044291
0.036207
0.031783
0.033900
0.040389
0.038931
0.026458
0.029657
0.028081
0.028378
0.041617
0.046005
0.034422
0.032206
0.031177
0.053923
0.031508
0.032950
0.032789
0.029695
0.032979
0.028834
0.030291
0.036064
0.036983
0.035659
0.030861
0.029734
0.034719
0.030051
0.036953
0.047291
0.038874
0.033924
0.031975
0.046647
0.023593
0.022292
0.022222
0.026912
0.025453
0.034881
0.045926
0.037831
0.038068
0.036194
0.040519
0.042466
0.038862
0.048365
0.036230
0.030627
0.039645
0.032926
0.034268
0.038609
0.034492
0.031341
0.050692
0.029809
0.038635
0.028378
0.026333
0.029751
0.034095
0.031837
0.033787
0.035578
0.030464
0.031287
0.043412
0.035732
0.028890
0.043402
0.031604
0.029579
0.029313
0.032413
0.028539
0.025648
0.026232
0.033260
0.037650
0.041620
0.037565
0.028245
0.030709
0.029518
0.030628
0.025445
0.030638
0.025885
0.025779
0.044170
0.041566
0.030406
0.039610
0.037445
0.038756
0.022332
0.039090
0.023329
0.028423
0.034399
0.026027
0.025462
0.032218
0.029077
0.026678
0.025291
0.024807
0.028493
0.043760
0.026387
0.039990
0.031247
0.033555
0.037670
0.032166
0.034331
0.040126
0.035045
0.023507
0.024885
0.033182
0.033850
0.031831
0.034087
0.029585
0.033095
0.033170
0.032446
0.032888
0.052304
0.040041
0.039477
0.039014
0.034415
0.033068
0.030552
0.046864
0.039112
0.030878
0.029330
0.037103
0.030247
0.035358
0.037068
0.032180
0.029716
0.031324
0.032202
0.031404
0.041500
0.031083
0.026956
0.024284
0.034551
0.026225
0.025448
0.029687
0.030688
0.052925
0.036400
0.027462
0.031127
0.031409
0.037505
0.030398
0.029554
0.030569
0.032462
0.030495
0.034930
0.031776
0.036567
0.024406
0.026127
0.022775
0.021080
0.026157
0.024615
0.039895
0.026011
0.030972
0.025046
0.032138
0.026552
0.029419
0.033936
0.043214
0.043551
0.032272
0.030476
0.049167
0.032145
0.031313
0.039762
0.029868
0.045905
0.040473
0.036333
0.030567
0.030646
0.032762
0.030733
0.032875
0.037388
0.041125
0.036369
0.037448
0.035590
0.031226
0.030496
0.032906
0.040221
0.036752
0.038512
0.031150
0.032872
0.031576
0.032002
0.042421
0.034883
0.027175
0.037928
0.045981
0.029854
0.026668
0.024439
0.025061
0.044175
0.032833
0.030385
0.028161
0.033344
0.041834
0.031299
0.021044
0.033835
0.040442
0.021419
0.019935
0.019979
0.023166
0.020644
0.024021
0.025278
0.022090
0.039824
0.030179
0.041524
0.026365
0.024216
0.036984
0.026514
0.024637
0.037438
0.034700
0.032094
0.031516
0.030597
0.031398
0.030640
0.031854
0.032861
0.026297
0.032007
0.029356
0.046177
0.023783
0.036513
0.044549
0.032635
0.033704
0.034796
0.026181
0.032302
0.030988
0.024944
0.022764
0.035694
0.030156
0.032874
0.049560
0.030886
0.034652
0.028999
0.027707
0.021551
0.024566
0.022720
0.022803
0.031033
0.036717
0.041594
0.049882
0.037865
0.033865
0.036652
0.028851
0.028436
0.022463
0.022149
0.021988
0.024144
0.027127
0.025279
0.024834
0.033011
0.029249
0.035964
0.030653
0.032212
0.030516
0.032657
0.032587
0.028270
0.040128
0.036369
0.041428
0.024227
0.034014
0.030451
0.029462
0.033707
0.029211
0.029435
0.032036
0.038164
0.025048
0.043668
0.026399
0.030123
0.034737
0.025119
0.029074
0.027347
0.028425
0.038518
0.040907
0.025567
0.024388
0.039870
0.042730
0.044047
0.038181
0.044935
0.040722
0.026376
0.037933
0.024378
0.024194
0.024784
0.050247
0.025868
0.031470
0.043375
0.034432
0.027188
0.025440
0.023437
0.024811
0.024281
0.029412
0.024958
0.025826
0.045887
0.039385
0.043102
0.045823
0.034468
0.043566
0.044875
0.035624
0.032478
0.032182
0.033217
0.032877
0.031149
0.031558
0.029896
0.030031
0.030856
0.029856
0.030893
0.035197
0.044565
0.038729
0.037243
0.040650
0.045964
0.039508
0.038179
0.032350
0.031157
0.037310
0.026657
0.031130
0.042625
0.039930
0.039060
0.041308
0.038025
0.035976
0.040942
0.039379
0.040498
0.046848
0.036422
0.037992
0.040675
0.039357
0.039749
0.041368
0.031251
0.050026
0.029254
0.028047
0.030692
0.033016
0.033272
0.033765
0.033071
0.032374
0.033153
0.033594
0.048279
0.043883
0.033988
0.045138
0.055550
0.028590
0.037017
0.031949
0.026613
0.030322
0.036019
0.040263
0.033605
0.043371
0.038047
0.027674
0.031242
0.029358
0.029258
0.030747
0.035189
0.029487
0.030727
0.031026
0.030594
0.028762
0.031466
0.027813
0.028569
0.026520
0.028825
0.031929
0.031294
0.031348
0.031664
0.029953
0.034495
0.029998
0.041688
0.036618
0.048719
0.032648
0.034151
0.025756
0.042864
0.035016
0.029201
0.029085
0.033374
0.029906
0.029658
0.029735
0.028767
0.032757
0.025224
0.024875
0.026046
0.025491
0.026219
0.040205
0.026444
0.037643
0.032504
0.038049
0.034224
0.034639
0.025587
0.029125
0.025853
0.026817
0.026657
0.025097
0.027304
0.029401
0.024062
0.028169
0.024488
0.037862
0.025035
0.024503
0.027687
0.029894
0.041856
0.046047
0.027820
0.023581
0.025326
0.023413
0.042843
0.041242
0.028984
0.023481
0.025355
0.026841
0.025856
0.046532
0.042891
0.031604
0.045454
0.036203
0.031955
0.050343
0.033867
0.028986
0.038840
0.030502
0.030867
0.033687
0.029683
0.047108
0.041117
0.029941
0.027522
0.036677
0.026882
0.029131
0.029692
0.041543
0.042437
0.046390
0.026637
0.038985
0.030480
0.030631
0.042326
0.039508
0.046650
0.053355
0.044890
0.038266
0.031835
0.031425
0.033440
0.031792
0.040575
0.040172
0.034001
0.031831
0.031645
0.031170
0.031456
0.030947
0.032051
0.031287
0.028072
0.029806
0.029289
0.039368
0.030462
0.031755
0.028497
0.026015
0.040084
0.040371
0.042672
0.040864
0.040447
0.033484
0.031796
0.029522
0.032425
0.031980
0.032531
0.032117
0.037741
0.043164
0.042280
0.035019
0.035219
0.035430
0.031127
0.029238
0.030202
0.031691
0.030459
0.030776
0.036759
0.036288
0.033808
0.025137
0.025059
0.035842
0.040428
0.025467
0.024851
0.020097
0.024647
0.025132
0.043537
0.030897
0.037342
0.038552
0.031990
0.039838
0.041523
0.047792
0.030698
0.030293
0.037012
0.036517
0.049329
0.024064
0.059082
0.042743
0.034103
0.025686
0.024462
0.028683
0.027231
0.028438
0.031528
0.042358
0.023815
0.023523
0.028925
0.023783
0.037102
0.040875
0.025163
0.024833
0.028383
0.025552
0.020822
0.020492
0.027133
0.020931
0.025659
0.042618
0.035630
0.023974
0.020478
0.028664
0.039414
0.041653
0.041674
0.037560
0.035375
0.030928
0.031987
0.031230
0.031676
0.030119
0.036738
0.041876
0.036644
0.035039
0.022538
0.032040
0.024038
0.026917
0.044009
0.026835
0.026051
0.042510
0.021803
0.020144
0.037210
0.021097
0.021354
0.023585
0.051350
0.030586
0.030882
0.045959
0.024004
0.027447
0.023483
0.026363
0.030478
0.029742
0.027118
0.029015
0.039008
0.025850
0.039423
0.026663
0.027913
0.026235
0.025653
0.024716
0.033239
0.031224
0.025015
0.025903
0.024196
0.040388
0.024997
0.024181
0.032221
0.029509
0.037610
0.030236
0.030775
0.026746
0.043431
0.033074
0.028241
0.031651
0.033456
0.040699
0.039768
0.041132
0.032998
0.024307
0.025077
0.026468
0.023795
0.028781
0.025978
0.030931
0.028983
0.032341
0.034886
0.034463
0.033264
0.031035
0.040085
0.031384
0.029609
0.049969
0.032166
0.029073
0.030037
0.048578
0.033331
0.030198
0.040164
0.030984
0.029385
0.030556
0.031760
0.033219
0.034452
0.048043
0.031403
0.046913
0.046197
0.036128
0.034599
0.030662
0.030049
0.032893
0.035733
0.031166
0.044125
0.044701
0.040221
0.034350
0.030037
0.029883
0.031089
0.034547
0.031060
0.046713
0.031042
0.029363
0.030277
0.038736
0.045417
0.033672
0.024895
0.026676
0.026256
0.029030
0.026081
0.024852
0.045814
0.042034
0.034621
0.029112
0.024846
0.024662
0.028104
0.023834
0.029428
0.027570
0.025910
0.044925
0.026010
0.034250
0.032869
0.043864
0.026134
0.029706
0.024816
0.043414
0.043684
0.033965
0.030399
0.030914
0.029813
0.029964
0.042588
0.028175
0.032825
0.030840
0.027405
0.033098
0.027518
0.035788
0.032496
0.031472
0.029538
0.032819
0.029119
0.040311
0.036340
0.037063
0.044670
0.032759
0.047887
0.025902
0.024438
0.039515
0.031445
0.032100
0.032261
0.029360
0.029208
0.030401
0.032583
0.034022
0.031240
0.032524
0.032511
0.036759
0.031310
0.029632
0.034306
0.042995
0.032661
0.030879
0.029652
0.039891
0.045491
0.027009
0.031710
0.033937
0.033072
0.041547
0.032759
0.042686
0.045504
0.040570
0.038679
0.050494
0.026336
0.021863
0.031218
0.020785
0.030944
0.034085
0.034357
0.031558
0.037141
0.034190
0.032158
0.033057
0.031219
0.031291
0.030164
0.025132
0.024934
0.029126
0.027482
0.024181
0.042053
0.036264
0.026012
0.025204
0.038409
0.038792
0.024476
0.031906
0.031457
0.032853
0.033347
0.029909
0.030051
0.044194
0.031899
0.029270
0.041840
0.029003
0.040723
0.044827
0.030088
0.032259
0.030897
0.030480
0.029673
0.049892
0.032601
0.031317
0.051465
0.033768
0.044303
0.044066
0.031105
0.030260
0.030616
0.041155
0.039127
0.031806
0.043085
0.032991
0.027465
0.042037
0.025223
0.025771
0.026271
0.037749
0.025713
0.025082
0.038643
0.026887
0.041015
0.037134
0.033365
0.032904
0.034862
0.043258
0.039460
0.030948
0.030934
0.031712
0.031561
0.046883
0.051651
0.048645
0.043121
0.031741
0.031705
0.041110
0.030332
0.032288
0.031378
0.032983
0.031457
0.030748
0.034266
0.034657
0.034422
0.029508
0.037330
0.041528
0.030349
0.030739
0.044532
0.035880
0.035019
0.030811
0.039028
0.031809
0.030448
0.040979
0.031692
0.040787
0.023962
0.038509
0.039238
0.045015
0.038051
0.035174
0.031642
0.031763
0.030990
0.030868
0.043998
0.031856
0.032007
0.040652
0.046816
0.031717
0.038388
0.035156
0.032114
0.032104
0.032539
0.031891
0.030225
0.030739
0.032450
0.032288
0.032314
0.033617
0.031752
0.030557
0.036494
0.030677
0.030464
0.049073
0.035413
0.031234
0.033173
0.032492
0.045795
0.031194
0.047104
0.035700
0.034550
0.036288
0.043329
0.041352
0.037488
0.042773
0.036815
0.044447
0.025436
0.028431
0.032543
0.029616
0.029593
0.028315
0.024631
0.028786
0.032716
0.029158
0.041909
0.033094
0.030864
0.052864
0.034782
0.033175
0.046813
0.045269
0.041317
0.036688
0.038630
0.029423
0.047204
0.030366
0.039169
0.047793
0.034290
0.044726
0.034335
0.027955
0.044212
0.033952
0.043776
0.032453
0.032048
0.028242
0.031522
0.038534
0.040174
0.040777
0.057646
0.050746
0.039424
0.038523
0.027564
0.040737
0.037020
0.044866
0.045653
0.039434
0.034083
0.035305
0.034861
0.037421
0.045537
0.043248
0.038829
0.038722
0.041983
0.033257
0.031080
0.030875
0.030817
0.029420
0.030795
0.031300
0.042600
0.030624
0.053306
0.032989
0.029852
0.032576
0.030994
0.030865
0.032085
0.041643
0.048972
0.033900
0.025803
0.023674
0.023513
0.037017
0.025743
0.050793
0.029376
0.029727
0.041189
0.035606
0.043840
0.045936
0.035717
0.028542
0.025388
0.025490
0.046178
0.047481
0.025297
0.027489
0.027231
0.024858
0.042789
0.024867
0.032724
0.033817
0.033341
0.041830
0.030990
0.031427
0.033557
0.031313
0.031940
0.043411
0.035837
0.042270
0.031067
0.046421
0.043889
0.043696
0.044683
0.042753
0.043508
0.033617
0.031210
0.043147
0.044497
0.032979
0.030837
0.048536
0.032881
0.035192
0.031422
0.052129
0.039639
0.033304
0.033523
0.038239
0.034556
0.032008
0.034351
0.040391
0.038236
0.034415
0.031281
0.030828
0.034364
0.031372
0.029016
0.045586
0.028463
0.025901
0.026217
0.030689
0.031517
0.026800
0.027979
0.027170
0.042792
0.037160
0.039263
0.043177
0.033711
0.043509
0.043777
0.030840
0.031763
0.034633
0.031793
0.031466
0.043316
0.034110
0.039302
0.036242
0.031713
0.044287
0.035580
0.039256
0.034160
0.028621
0.040491
0.044005
0.042042
0.037776
0.025738
0.023841
0.020923
0.023556
0.022996
0.042408
0.024765
0.033398
0.024873
0.025261
0.025474
0.028342
0.024810
0.026737
0.027211
0.027470
0.020777
0.037702
0.041553
0.025046
0.040505
0.041985
0.026012
0.044626
0.045245
0.046455
0.039406
0.040718
0.031043
0.029735
0.030349
0.033671
0.031000
0.042092
0.037122
0.039218
0.029536
0.033373
0.041826
0.035990
0.021194
0.022147
0.028851
0.040980
0.031273
0.045679
0.028352
0.026023
0.038654
0.027548
0.030698
0.027814
0.038647
0.027048
0.026136
0.028150
0.030050
0.038335
0.048411
0.031671
0.029729
0.033271
0.045354
0.034913
0.044942
0.044442
0.034003
0.032877
0.033332
0.033170
0.033170
0.033418
0.033175
0.031482
0.036911
0.034898
0.030032
0.032699
0.028225
0.026222
0.031647
0.032462
0.046621
0.033331
0.045169
0.030640
0.024328
0.024139
0.026111
0.026332
0.033453
0.031186
0.032247
0.032390
0.032474
0.029482
0.031339
0.029610
0.029707
0.040087
0.026198
0.038460
0.040366
0.039988
0.029273
0.031364
0.032081
0.040246
0.042017
0.048244
0.038394
0.032166
0.024171
0.024631
0.032351
0.045257
0.044117
0.031168
0.033359
0.025914
0.024346
0.024900
0.036685
0.030870
0.042039
0.036105
0.032419
0.025219
0.024908
0.034263
0.031449
0.043997
0.026610
0.024118
0.026899
0.024073
0.023806
0.024821
0.023809
0.043552
0.032888
0.031378
0.029923
0.033289
0.032479
0.032575
0.030553
0.031593
0.031859
0.031584
0.031756
0.031174
0.040433
0.029519
0.034373
0.029309
0.031342
0.031340
0.032147
0.031166
0.043050
0.034082
0.037240
0.036140
0.029595
0.041491
0.032723
0.039622
0.032529
0.026452
0.031702
0.030545
0.045515
0.025289
0.025920
0.030733
0.030713
0.032066
0.034200
0.031796
0.031119
0.038266
0.034791
0.033500
0.034240
0.032571
0.033291
0.033381
0.031294
0.029601
0.029560
0.032926
0.030080
0.035733
0.030111
0.032752
0.051423
0.040906
0.033571
0.030667
0.031593
0.031964
0.035233
0.025291
0.025805
0.025486
0.036454
0.042038
0.041183
0.034439
0.034203
0.033485
0.034211
0.033605
0.040018
0.039876
0.033830
0.031380
0.047569
0.037748
0.045785
0.046031
0.038226
0.039507
0.032413
0.031503
0.039016
0.030037
0.031000
0.047206
0.036345
0.030081
0.025613
0.030752
0.028019
0.043375
0.031459
0.049503
0.044273
0.044968
0.037502
0.035254
0.026956
0.030851
0.046504
0.032661
0.027601
0.032722
0.030712
0.030957
0.033691
0.050353
0.037980
0.026190
0.036907
0.031856
0.042691
0.039016
0.041779
0.037265
0.031048
0.033718
0.029208
0.039944
0.036788
0.033143
0.037954
0.044921
0.031953
0.031021
0.050111
0.041799
0.043679
0.037136
0.032612
0.024689
0.025358
0.036937
0.023935
0.026058
0.038153
0.038207
0.050401
0.041177
0.039393
0.034033
0.034792
0.033881
0.032639
0.031026
0.030928
0.032263
0.031952
0.038123
0.033428
0.031691
0.030849
0.043957
0.032951
0.030614
0.032764
0.028635
0.033500
0.031661
0.032853
0.046235
0.027999
0.030726
0.030952
0.028800
0.027212
0.040815
0.042387
0.041046
0.045340
0.030052
0.028833
0.032421
0.034852
0.032196
0.039163
0.048074
0.044738
0.032231
0.040838
0.040784
0.040252
0.040029
0.048257
0.034080
0.033131
0.035143
0.031190
0.032918
0.029251
0.040707
0.029375
0.047853
0.030853
0.030675
0.031538
0.042012
0.048127
0.037066
0.029439
0.040904
0.041964
0.035302
0.035006
0.034836
0.035454
0.040777
0.038195
0.039284
0.042982
0.034489
0.032995
0.030923
0.037091
0.028099
0.026147
0.027359
0.027177
0.029732
0.030364
0.033147
0.026667
0.036118
0.040884
0.033431
0.034793
0.030262
0.028679
0.041213
0.029077
0.033548
0.028879
0.050527
0.041162
0.044502
0.041770
0.043232
0.033554
0.040927
0.035831
0.041403
0.037212
0.038711
0.035593
0.037123
0.036624
0.039977
0.032008
0.029017
0.031093
0.025293
0.043663
0.032499
0.032837
0.031611
0.036142
0.043052
0.038039
0.035733
0.025937
0.032259
0.031038
0.030038
0.030671
0.030332
0.029501
0.031590
0.029737
0.029510
0.035108
0.030399
0.027239
0.024974
0.034474
0.036089
0.037943
0.041175
0.029981
0.042443
0.035943
0.047640
0.030228
0.029593
0.028995
0.031261
0.045473
0.033542
0.025979
0.029304
0.034495
0.039712
0.032975
0.030734
0.043397
0.039732
0.032138
0.043361
0.035011
0.025139
0.026194
0.034754
0.030197
0.030644
0.035721
0.042799
0.033757
0.026020
0.025798
0.030090
0.030994
0.032898
0.027670
0.025233
0.039209
0.025997
0.026051
0.026135
0.030313
0.026534
0.024611
0.023256
0.026058
0.026390
0.027081
0.026829
0.035582
0.024621
0.024972
0.027329
0.025447
0.024916
0.026228
0.031696
0.032070
0.038165
0.023017
0.023800
0.024920
0.041740
0.035152
0.044145
0.027191
0.035968
0.037800
0.031139
0.031953
0.031591
0.029091
0.030525
0.040530
0.042794
0.034913
0.029842
0.034765
0.035238
0.037510
0.031177
0.031645
0.024798
0.025664
0.024517
0.043641
0.035598
0.034263
0.042326
0.038626
0.040538
0.041916
0.033427
0.027204
0.035692
0.024036
0.023090
0.034206
0.033317
0.026361
0.024547
0.040196
0.037479
0.033205
0.035022
0.043602
0.023593
0.023588
0.028230
0.043420
0.031324
0.040389
0.030948
0.036480
0.045341
0.024743
0.026367
0.025276
0.026908
0.024735
0.025014
0.023256
0.023921
0.030832
0.031219
0.031274
0.041008
0.034203
0.035988
0.032190
0.033174
0.042008
0.037783
0.026583
0.026976
0.025459
0.026234
0.026143
0.047899
0.026243
0.026057
0.029724
0.041727
0.025458
0.032797
0.025144
0.025881
0.031070
0.024485
0.024542
0.027033
0.028768
0.025295
0.026868
0.025995
0.031062
0.029213
0.040743
0.030343
0.048383
0.032427
0.039236
0.046425
0.025497
0.034073
0.042293
0.032599
0.031317
0.033880
0.050184
0.036914
0.032920
0.029015
0.028882
0.026829
0.034126
0.025284
0.028978
0.040843
0.030092
0.033870
0.029420
0.035167
0.031129
0.025605
0.026838
0.024332
0.030412
0.038807
0.036827
0.024948
0.035553
0.030465
0.030435
0.026522
0.031396
0.029247
0.038438
0.041120
0.032984
0.030967
0.026277
0.025238
0.024132
0.024767
0.022798
0.020440
0.024306
0.026264
0.035187
0.039796
0.026349
0.034868
0.033153
0.048519
0.041256
0.028646
0.029377
0.029260
0.039765
0.036431
0.031519
0.031716
0.031200
0.043552
0.037647
0.032673
0.035846
0.025524
0.029395
0.039574
0.029764
0.034121
0.023714
0.033634
0.044167
0.029903
0.036123
0.026119
0.042762
0.043039
0.047604
0.043869
0.037908
0.035301
0.035228
0.042629
0.031540
0.035832
0.028847
0.043705
0.044384
0.031070
0.042137
0.032068
0.031577
0.041251
0.032036
0.044341
0.037605
0.034741
0.043527
0.048445
0.032006
0.032833
0.031189
0.027685
0.028036
0.028866
0.032124
0.031817
0.038295
0.039840
0.033163
0.046921
0.031081
0.033439
0.044485
0.041009
0.032135
0.038459
0.045183
0.036541
0.040497
0.029661
0.029290
0.034224
0.040543
0.047393
0.041967
0.050218
0.022430
0.024555
0.025281
0.033560
0.024019
0.021365
0.025350
0.038328
0.041885
0.037242
0.032441
0.036667
0.033653
0.031409
0.031471
0.032466
0.031687
0.037158
0.032409
0.031523
0.037591
0.045918
0.035093
0.044805
0.045690
0.043705
0.026451
0.031519
0.038131
0.039831
0.048519
0.038057
0.043470
0.039740
0.031780
0.030981
0.034116
0.046241
0.030095
0.032758
0.028733
0.029695
0.045408
0.037134
0.038387
0.041345
0.044515
0.030215
0.026853
0.037917
0.030260
0.038807
0.032165
0.028397
0.028770
0.029316
0.037584
0.043354
0.037148
0.043252
0.041571
0.021647
0.025396
0.024878
0.038875
0.031466
0.030099
0.033876
0.038503
0.042251
0.039613
0.026425
0.035712
0.030009
0.028610
0.036386
0.025632
0.035467
0.036944
0.039674
0.039429
0.026580
0.026788
0.029562
0.039519
0.025577
0.046527
0.025689
0.030063
0.028849
0.033980
0.034279
0.036939
0.033144
0.033421
0.039163
0.035200
0.044810
0.044517
0.036969
0.037123
0.033876
0.034727
0.033580
0.034185
0.055617
0.043284
0.028343
0.042146
0.033997
0.031726
0.041151
0.032761
0.032421
0.044336
0.045018
0.044348
0.033477
0.035537
0.049668
0.038385
0.036302
0.032970
0.034691
0.033190
0.041991
0.033533
0.031619
0.045062
0.042294
0.046526
0.024247
0.025707
0.025215
0.048575
0.030412
0.032953
0.029254
0.036957
0.030472
0.033636
0.032668
0.034212
0.037816
0.045135
0.039716
0.047020
0.039299
0.034006
0.037877
0.041086
0.038289
0.036026
0.040361
0.030507
0.027261
0.037361
0.026024
0.025278
0.031806
0.023772
0.041601
0.041342
0.044489
0.035753
0.033514
0.031433
0.043241
0.033419
0.045109
0.027936
0.026082
0.025275
0.027626
0.038338
0.028341
0.024739
0.026215
0.028607
0.039608
0.027779
0.029538
0.036618
0.030177
0.046424
0.032326
0.030142
0.029885
0.026003
0.042364
0.024250
0.024122
0.024752
0.038499
0.037681
0.036061
0.041760
0.030245
0.048497
0.027000
0.036318
0.034686
0.021307
0.021577
0.028072
0.038000
0.046123
0.024739
0.024522
0.038426
0.029222
0.032322
0.028095
0.025809
0.025427
0.029649
0.032673
0.043127
0.041893
0.040385
0.041413
0.043890
0.031372
0.045592
0.046357
0.035008
0.030517
0.034451
0.031996
0.040712
0.042724
0.049145
0.030834
0.030644
0.029247
0.039838
0.028490
0.028844
0.035218
0.029006
0.031773
0.031090
0.028713
0.027593
0.030521
0.035465
0.026250
0.032115
0.029401
0.029769
0.024585
0.029783
0.028327
0.026239
0.025647
0.028084
0.020431
0.024147
0.024935
0.028260
0.026119
0.025261
0.033179
0.032214
0.041350
0.040042
0.034711
0.036981
0.040432
0.041524
0.036663
0.033506
0.024422
0.044711
0.048563
0.040323
0.024428
0.032365
0.025703
0.025577
0.025371
0.024498
0.028304
0.029432
0.033995
0.060749
0.048029
0.040946
0.030777
0.030274
0.027953
0.045885
0.039217
0.041267
0.032413
0.040670
0.031047
0.047063
0.036813
0.033419
0.032796
0.032320
0.034863
0.033233
0.039430
0.034245
0.040208
0.033597
0.033616
0.050184
0.051189
0.044501
0.034276
0.035946
0.037691
0.027894
0.031862
0.031867
0.032896
0.047446
0.035845
0.043304
0.038160
0.034709
0.034279
0.025831
0.026191
0.025894
0.025636
0.028441
0.041516
0.033899
0.025212
0.023491
0.025560
0.023775
0.039446
0.031074
0.031597
0.030441
0.053402
0.042043
0.043933
0.046186
0.047133
0.038204
0.042712
0.029621
0.029945
0.029203
0.027872
0.042841
0.033157
0.030233
0.024581
0.046835
0.040912
0.031071
0.030491
0.030249
0.029808
0.030216
0.030207
0.029835
0.026007
0.043544
0.032676
0.033133
0.030057
0.033566
0.032863
0.030831
0.041914
0.031081
0.041965
0.034370
0.040279
0.030770
0.024412
0.030785
0.040975
0.027896
0.053000
0.032283
0.033809
0.033751
0.033244
0.033187
0.033041
0.033476
0.033656
0.033020
0.031775
0.039065
0.042137
0.035376
0.028825
0.028721
0.029406
0.026291
0.025812
0.043009
0.039618
0.029282
0.029456
0.040628
0.028334
0.036309
0.030552
0.033776
0.032703
0.031825
0.044726
0.026649
0.025368
0.029471
0.041547
0.034515
0.034334
0.024846
0.026983
0.035168
0.024441
0.043991
0.042240
0.029742
0.027986
0.036443
0.031303
0.032308
0.031676
0.032112
0.032086
0.032299
0.030446
0.053774
0.042939
0.048335
0.032272
0.029263
0.044101
0.033850
0.028195
0.032530
0.029174
0.031517
0.032841
0.030622
0.044413
0.040904
0.034903
0.031039
0.058830
0.048445
0.044052
0.030984
0.033394
0.034775
0.033547
0.041809
0.037553
0.032737
0.032240
0.033357
0.028601
0.028642
0.035443
0.027280
0.028264
0.052217
0.027452
0.039912
0.026843
0.041649
0.046100
0.034984
0.028760
0.038395
0.033636
0.042367
0.029291
0.032427
0.027781
0.031464
0.033358
0.034180
0.033290
0.031916
0.037924
0.030549
0.032206
0.026872
0.029542
0.030658
0.043332
0.039054
0.029326
0.029506
0.035510
0.042153
0.030823
0.041507
0.030503
0.035375
0.031370
0.031079
0.038886
0.031203
0.031025
0.042725
0.046030
0.031877
0.031981
0.041410
0.063565
0.029859
0.030586
0.036505
0.043720
0.038882
0.042656
0.029095
0.029607
0.035037
0.026702
0.038806
0.030590
0.034173
0.042276
0.043936
0.031305
0.031090
0.031550
0.038906
0.043988
0.036178
0.042568
0.030729
0.038700
0.042643
0.041179
0.027926
0.028251
0.031232
0.040994
0.030929
0.039330
0.041259
0.034472
0.031538
0.032992
0.044804
0.031888
0.042040
0.040334
0.041770
0.033382
0.031484
0.030791
0.027486
0.027948
0.032150
0.029874
0.032299
0.023904
0.024022
0.026012
0.025047
0.043770
0.041030
0.039804
0.027017
0.026223
0.031234
0.030523
0.029902
0.034389
0.045524
0.029580
0.031008
0.031986
0.035937
0.030376
0.032507
0.029674
0.030138
0.030270
0.033935
0.037009
0.036567
0.026939
0.042083
0.025093
0.036557
0.049588
0.036519
0.034942
0.032312
0.032134
0.033206
0.031677
0.031259
0.031750
0.032176
0.030223
0.037552
0.030334
0.031573
0.030070
0.031012
0.031844
0.029220
0.032179
0.029657
0.029662
0.028748
0.031424
0.033732
0.037947
0.034468
0.030868
0.045271
0.038588
0.033535
0.034643
0.031404
0.047007
0.044359
0.047778
0.037697
0.048856
0.037450
0.038295
0.032256
0.029750
0.028935
0.031940
0.025541
0.031994
0.023995
0.024048
0.024884
0.025797
0.026773
0.025572
0.042069
0.036094
0.029710
0.030357
0.034258
0.040523
0.025872
0.024565
0.025295
0.025969
0.034104
0.026825
0.024616
0.026162
0.025183
0.036836
0.024999
0.042626
0.040861
0.028169
0.030178
0.029871
0.029444
0.028179
0.026632
0.029074
0.028458
0.031923
0.044058
0.029766
0.030007
0.043337
0.030298
0.042721
0.037069
0.052321
0.041056
0.046766
0.042922
0.027908
0.036264
0.029358
0.044485
0.030995
0.039719
0.045463
0.034434
0.045456
0.055526
0.036352
0.034988
0.032141
0.036043
0.050771
0.028962
0.042274
0.042384
0.044828
0.042727
0.039200
0.033726
0.039569
0.045013
0.029768
0.042053
0.046074
0.035875
0.033540
0.045800
0.043231
0.031026
0.034047
0.030559
0.031032
0.048503
0.029084
0.041543
0.027004
0.032810
0.022499
0.029467
0.030322
0.031331
0.037467
0.039833
0.040672
0.039575
0.026045
0.037259
0.027793
0.019565
0.028697
0.029802
0.029945
0.026864
0.027056
0.037850
0.028512
0.026183
0.046752
0.033996
0.029938
0.034510
0.026398
0.028079
0.027500
0.025190
0.038563
0.037917
0.037277
0.038036
0.038010
0.037326
0.033660
0.040346
0.044048
0.031847
0.032052
0.048770
0.032070
0.030862
0.036725
0.030568
0.029855
0.034764
0.030159
0.029380
0.026205
0.037346
0.028604
0.042480
0.036890
0.024688
0.025076
0.029242
0.028061
0.032584
0.032821
0.043061
0.028003
0.037684
0.040690
0.039206
0.024853
0.033778
0.039827
0.040897
0.032609
0.028062
0.036842
0.022237
0.023394
0.038070
0.032485
0.041739
0.027128
0.043634
0.031458
0.023049
0.023538
0.038065
0.035918
0.044531
0.024343
0.034320
0.033255
0.034510
0.033856
0.036631
0.033174
0.033292
0.037541
0.032673
0.028675
0.028285
0.031449
0.026891
0.026345
0.024770
0.026550
0.020793
0.040377
0.034110
0.030910
0.031321
0.031550
0.033621
0.031751
0.038141
0.031789
0.040082
0.042666
0.029574
0.043524
0.040789
0.040032
0.031179
0.045436
0.034180
0.031507
0.031301
0.033912
0.046902
0.030195
0.032698
0.030720
0.031821
0.030965
0.030917
0.030797
0.029993
0.031795
0.033282
0.030327
0.031052
0.031104
0.032947
0.030312
0.041568
0.033130
0.031065
0.032749
0.034376
0.037623
0.038071
0.039548
0.036841
0.036543
0.046744
0.029592
0.028919
0.030157
0.030709
0.031306
0.027576
0.027740
0.027630
0.026012
0.041145
0.036058
0.039800
0.037871
0.033453
0.029600
0.048337
0.045338
0.040669
0.027926
0.027658
0.042353
0.035517
0.032225
0.032204
0.032226
0.032872
0.038029
0.030583
0.031188
0.037106
0.030478
0.031214
0.037433
0.031014
0.031219
0.036841
0.030046
0.025622
0.037899
0.032683
0.039144
0.032171
0.044147
0.029174
0.023568
0.040689
0.038290
0.041175
0.036317
0.033200
0.032518
0.031970
0.029639
0.045384
0.031679
0.046365
0.035491
0.031560
0.037667
0.026155
0.024118
0.020568
0.022384
0.026837
0.033744
0.022139
0.031592
0.029981
0.023074
0.024630
0.029083
0.039379
0.041985
0.038649
0.033751
0.022681
0.040104
0.028269
0.033824
0.020366
0.023855
0.038534
0.032606
0.043097
0.031621
0.030399
0.031978
0.046928
0.028568
0.035409
0.035639
0.031868
0.030550
0.029543
0.031315
0.031469
0.030249
0.033521
0.041414
0.043145
0.050186
0.042785
0.046955
0.043483
0.035337
0.033884
0.030360
0.029380
0.033075
0.029903
0.028456
0.028655
0.027197
0.033486
0.037600
0.040493
0.032599
0.032044
0.047705
0.042670
0.033967
0.030489
0.038311
0.036288
0.024272
0.025830
0.026916
0.028961
0.025681
0.028303
0.042680
0.030656
0.042844
0.038918
0.036670
0.040679
0.040199
0.034683
0.031739
0.033169
0.033261
0.032351
0.059350
0.035785
0.030040
0.036688
0.029922
0.026814
0.040150
0.042695
0.035267
0.043564
0.031836
0.033346
0.042575
0.033939
0.043905
0.037315
0.036117
0.043826
0.043991
0.037303
0.039344
0.025476
0.028606
0.028162
0.032669
0.042619
0.026419
0.024845
0.022368
0.043992
0.042479
0.043973
0.037117
0.043041
0.033809
0.033524
0.035028
0.029733
0.033087
0.027625
0.043378
0.031214
0.043307
0.048301
0.041061
0.027570
0.028882
0.023411
0.028893
0.047006
0.044747
0.046255
0.025617
0.024857
0.025304
0.027151
0.029016
0.041975
0.042505
0.026669
0.033307
0.030532
0.038253
0.041484
0.044104
0.030637
0.034506
0.046227
0.030839
0.030319
0.034479
0.029061
0.030631
0.032930
0.037144
0.047334
0.022961
0.027053
0.022648
0.031232
0.044016
0.049321
0.026421
0.025588
0.025592
0.027854
0.042684
0.038095
0.037639
0.034319
0.029193
0.041198
0.027835
0.029852
0.028239
0.029108
0.043832
0.039841
0.053676
0.033962
0.032239
0.029608
0.031418
0.030215
0.033569
0.032199
0.032481
0.028366
0.026714
0.026038
0.032622
0.039920
0.033464
0.045197
0.040692
0.033470
0.034201
0.033295
0.035682
0.029228
0.030365
0.035966
0.032366
0.030625
0.031185
0.047133
0.042418
0.046007
0.041819
0.030755
0.024698
0.025881
0.024669
0.027701
0.026785
0.026852
0.031959
0.041661
0.047138
0.041927
0.033851
0.029764
0.031780
0.025839
0.026847
0.044515
0.042975
0.041375
0.031791
0.035161
0.030989
0.032228
0.032142
0.035400
0.036765
0.031398
0.033438
0.032389
0.038824
0.031769
0.040441
0.030992
0.031476
0.033451
0.030358
0.032901
0.049553
0.038976
0.028948
0.033271
0.028815
0.041313
0.032779
0.040502
0.029973
0.031165
0.033626
0.030318
0.030716
0.028465
0.041422
0.040024
0.029305
0.027946
0.031929
0.023973
0.026250
0.024028
0.029435
0.038967
0.031540
0.026661
0.041662
0.040188
0.045033
0.029168
0.029699
0.033860
0.042252
0.036403
0.048622
0.041172
0.034437
0.029614
0.045648
0.042491
0.031663
0.029059
0.033794
0.039136
0.031024
0.032157
0.030102
0.042111
0.027502
0.027908
0.040334
0.043554
0.035757
0.024882
0.024073
0.045140
0.024379
0.039503
0.035402
0.025780
0.024740
0.039309
0.049801
0.044617
0.031872
0.039003
0.030781
0.033874
0.038359
0.035915
0.029527
0.030986
0.042842
0.042756
0.031855
0.031645
0.032408
0.027145
0.034643
0.031824
0.027448
0.022716
0.024590
0.027589
0.031324
0.028263
0.030790
0.028667
0.029287
0.030658
0.035128
0.042826
0.035201
0.029586
0.031146
0.037722
0.030981
0.030169
0.046514
0.039274
0.047093
0.033917
0.041412
0.026136
0.031818
0.044314
0.042463
0.032778
0.033437
0.029647
0.038181
0.029543
0.030045
0.029174
0.040244
0.032835
0.048212
0.031200
0.029341
0.030152
0.030169
0.035901
0.041137
0.030135
0.029833
0.032792
0.030501
0.029770
0.030786
0.030332
0.032401
0.031968
0.031973
0.042703
0.041182
0.030718
0.039948
0.034103
0.030848
0.029286
0.039564
0.041277
0.028217
0.029736
0.028594
0.041097
0.045468
0.033356
0.038229
0.029538
0.043010
0.047959
0.026480
0.040346
0.038003
0.030361
0.028939
0.025021
0.044344
0.032714
0.029585
0.029038
0.027121
0.023625
0.022889
0.022852
0.023949
0.025689
0.028119
0.034145
0.027986
0.025367
0.034069
0.030658
0.029470
0.026809
0.041957
0.029303
0.024788
0.027200
0.024422
0.023272
0.040906
0.039768
0.027087
0.026093
0.027643
0.023378
0.026996
0.043134
0.026975
0.026876
0.024876
0.024830
0.050311
0.021592
0.033978
0.030569
0.041531
0.049460
0.047092
0.040354
0.040613
0.025108
0.028304
0.027155
0.040964
0.026461
0.032623
0.026484
0.040900
0.026901
0.029417
0.025694
0.046965
0.038254
0.034275
0.040305
0.029840
0.032966
0.047986
0.030997
0.029780
0.030752
0.022606
0.024527
0.023339
0.024232
0.024690
0.043595
0.034951
0.043658
0.041435
0.032174
0.028461
0.028095
0.025860
0.038451
0.031765
0.031784
0.039047
0.038328
0.031074
0.043472
0.037551
0.026080
0.036481
0.031307
0.037884
0.028415
0.030401
0.040591
0.028784
0.023881
0.032291
0.042778
0.026095
0.037625
0.047960
0.042089
0.031960
0.032553
0.034859
0.045172
0.042229
0.025605
0.029783
0.038898
0.024889
0.025879
0.033992
0.026835
0.043339
0.022779
0.024237
0.024587
0.029560
0.026591
0.026188
0.040840
0.052758
0.037226
0.027565
0.033997
0.027332
0.032708
0.032153
0.040556
0.042614
0.032650
0.030010
0.033619
0.045398
0.039425
0.029049
0.032453
0.029856
0.041713
0.031532
0.029976
0.029325
0.040270
0.042044
0.035030
0.039457
0.030741
0.047059
0.036584
0.032154
0.031652
0.040315
0.034963
0.033553
0.032919
0.033480
0.044732
0.035007
0.031563
0.034161
0.033537
0.032886
0.032449
0.030894
0.035068
0.060239
0.028413
0.028652
0.028678
0.039204
0.030614
0.044475
0.045555
0.032071
0.032156
0.038747
0.053178
0.043072
0.037954
0.032184
0.047496
0.051540
0.031924
0.035754
0.029320
0.047295
0.044738
0.030455
0.033151
0.035698
0.043628
0.047217
0.036470
0.045454
0.034893
0.030042
0.030664
0.030457
0.030483
0.034019
0.037052
0.043551
0.041781
0.033775
0.045544
0.033964
0.031184
0.030890
0.029693
0.029003
0.032695
0.035653
0.029512
0.029650
0.031208
0.033097
0.028221
0.031915
0.030944
0.034587
0.033326
0.033528
0.034075
0.031314
0.032224
0.031613
0.029865
0.042371
0.030495
0.043041
0.044600
0.036369
0.040310
0.039721
0.047449
0.041229
0.041714
0.030691
0.029977
0.029822
0.030099
0.029497
0.022820
0.024315
0.035380
0.030571
0.029170
0.034036
0.040606
0.033950
0.032958
0.026289
0.024813
0.028372
0.035792
0.039715
0.031456
0.046725
0.033663
0.032427
0.038669
0.030693
0.029006
0.040353
0.022212
0.024997
0.027694
0.024628
0.024682
0.024529
0.041274
0.042619
0.041563
0.041466
0.037640
0.029597
0.042501
0.042718
0.042706
0.044555
0.032232
0.032711
0.041678
0.024755
0.026604
0.029062
0.027168
0.024949
0.030458
0.035591
0.028896
0.034009
0.038971
0.048901
0.043224
0.034437
0.040269
0.028369
0.028404
0.024677
0.053843
0.036302
0.034309
0.034555
0.037790
0.037217
0.036971
0.042025
0.036429
0.035045
0.032091
0.041208
0.051848
0.031442
0.045028
0.038512
0.031937
0.044063
0.030415
0.045015
0.031320
0.044418
0.030752
0.032044
0.038133
0.030263
0.030537
0.031278
0.038936
0.042530
0.036233
0.035851
0.029663
0.040030
0.032768
0.028989
0.035411
0.031846
0.031084
0.031416
0.042056
0.033244
0.028803
0.045324
0.032357
0.030539
0.032112
0.046310
0.023805
0.042675
0.035503
0.026417
0.022866
0.025140
0.022734
0.029884
0.025773
0.023726
0.024980
0.025012
0.040740
0.040222
0.042645
0.032679
0.032011
0.035523
0.025219
0.021712
0.039155
0.024851
0.024135
0.021156
0.035276
0.033752
0.028280
0.039579
0.042161
0.034170
0.030161
0.029452
0.034173
0.031043
0.025687
0.023358
0.024900
0.023673
0.034958
0.036611
0.039452
0.038700
0.038710
0.042251
0.030567
0.026599
0.026690
0.025339
0.026140
0.024146
0.024026
0.038636
0.030982
0.033315
0.037439
0.030411
0.032265
0.028766
0.042659
0.032759
0.028654
0.032243
0.040276
0.031282
0.030948
0.033358
0.036551
0.043451
0.042017
0.044128
0.040610
0.038125
0.034205
0.045647
0.035712
0.031660
0.032966
0.032426
0.032214
0.031310
0.040083
0.042421
0.033066
0.039953
0.023707
0.032800
0.026845
0.029858
0.048064
0.043239
0.028045
0.043810
0.029130
0.025956
0.027426
0.026080
0.030008
0.048032
0.035551
0.040425
0.045450
0.034774
0.034410
0.035425
0.030686
0.029380
0.028407
0.031996
0.032703
0.027197
0.043998
0.036649
0.032058
0.028790
0.029225
0.032145
0.032141
0.032686
0.032712
0.033139
0.039256
0.049791
0.028222
0.035389
0.044762
0.035188
0.034098
0.032478
0.036118
0.028521
0.030674
0.032722
0.023939
0.028089
0.026599
0.035575
0.031726
0.045525
0.035504
0.034150
0.034328
0.035266
0.035695
0.032568
0.035493
0.036304
0.035102
0.036208
0.033722
0.036551
0.038122
0.033867
0.032594
0.034530
0.032842
0.036088
0.037430
0.046281
0.043898
0.038525
0.035785
0.044533
0.038281
0.048430
0.037020
0.037112
0.050786
0.034567
0.035332
0.041096
0.040516
0.051883
0.047651
0.033253
0.035871
0.053297
0.048752
0.034872
0.034367
0.030877
0.047986
0.028628
0.027869
0.035792
0.034692
0.028264
0.027388
0.040579
0.026876
0.025531
0.034617
0.038368
0.024857
0.031270
0.044719
0.040693
0.038536
0.043971
0.035530
0.039533
0.025809
0.025877
0.021293
0.028218
0.021610
0.041878
0.026229
0.042727
0.044749
0.042049
0.024783
0.032754
0.025947
0.025483
0.031938
0.024594
0.026299
0.037481
0.031159
0.042878
0.035429
0.029996
0.031072
0.042719
0.032261
0.032828
0.047852
0.031325
0.030180
0.044838
0.049210
0.034525
0.038238
0.037297
0.029936
0.030029
0.030544
0.028109
0.039830
0.034275
0.028304
0.031526
0.027672
0.041964
0.032995
0.045054
0.035663
0.031436
0.034866
0.033221
0.030043
0.034195
0.041550
0.031323
0.029748
0.033889
0.049648
0.032506
0.026039
0.028623
0.028963
0.026338
0.030101
0.030129
0.038379
0.029095
0.040770
0.030715
0.035573
0.029130
0.030925
0.030118
0.030265
0.044569
0.031274
0.032290
0.030663
0.030113
0.031992
0.028028
0.030137
0.029720
0.045238
0.038848
0.034087
0.033558
0.043452
0.042730
0.027246
0.030700
0.027018
0.030007
0.025686
0.029591
0.026204
0.028748
0.040449
0.038046
0.034926
0.052946
0.030380
0.030645
0.040473
0.035098
0.031164
0.038823
0.034577
0.041546
0.039838
0.034772
0.028677
0.046954
0.030018
0.045444
0.040839
0.038425
0.035459
0.034771
0.026914
0.030369
0.042219
0.036756
0.030949
0.029241
0.040150
0.032276
0.026752
0.022923
0.025228
0.031157
0.025069
0.029418
0.026549
0.024621
0.026094
0.024651
0.030869
0.027490
0.029899
0.023057
0.023621
0.026753
0.037454
0.024041
0.025025
0.031307
0.023495
0.031415
0.031806
0.031175
0.032140
0.030541
0.042209
0.041204
0.029143
0.035728
0.025851
0.039233
0.038285
0.024877
0.036538
0.036265
0.022849
0.025879
0.024235
0.039480
0.027184
0.022934
0.022748
0.033887
0.020335
0.030764
0.021333
0.020943
0.019927
0.020244
0.022144
0.025927
0.020954
0.024342
0.044711
0.033206
0.039401
0.028793
0.026136
0.025321
0.031733
0.029138
0.029009
0.041712
0.035208
0.022979
0.023545
0.040333
0.039204
0.033862
0.043463
0.024573
0.025048
0.025407
0.026657
0.024258
0.024537
0.030585
0.042489
0.040541
0.031548
0.023450
0.022501
0.022849
0.027941
0.030936
0.029340
0.032332
0.041440
0.034263
0.030537
0.026493
0.038839
0.043229
0.042633
0.024417
0.029135
0.024912
0.041039
0.045660
0.034605
0.024848
0.023453
0.025999
0.027703
0.023496
0.037400
0.029120
0.025123
0.041449
0.025729
0.033884
0.025705
0.045520
0.029979
0.030595
0.029848
0.030025
0.026734
0.025858
0.026445
0.033448
0.026101
0.026859
0.048908
0.034351
0.028742
0.043804
0.033288
0.033587
0.050065
0.026132
0.025706
0.030806
0.040428
0.040494
0.032926
0.034810
0.034533
0.037337
0.035021
0.024709
0.024208
0.024611
0.030278
0.025129
0.025942
0.025426
0.028485
0.026498
0.026336
0.037570
0.032054
0.028300
0.035236
0.032079
0.029906
0.029616
0.031531
0.031054
0.039966
0.024482
0.024174
0.023342
0.027468
0.024986
0.024748
0.025799
0.028628
0.038982
0.035096
0.029737
0.032659
0.030907
0.050342
0.044186
0.036882
0.036956
0.031285
0.031950
0.034280
0.031858
0.046777
0.027853
0.030424
0.030547
0.024680
0.025180
0.035095
0.025242
0.027348
0.028136
0.024340
0.023055
0.031317
0.031837
0.031991
0.035266
0.029413
0.024104
0.024322
0.024523
0.033980
0.037634
0.033415
0.038484
0.037081
0.039402
0.038265
0.036553
0.041266
0.042545
0.026720
0.022313
0.033097
0.024578
0.026540
0.025517
0.030537
0.027786
0.041766
0.026927
0.035015
0.030585
0.033129
0.047188
0.026134
0.035553
0.037919
0.027755
0.028078
0.031735
0.043217
0.031078
0.031491
0.031328
0.030971
0.030054
0.037799
0.035422
0.030592
0.042671
0.031777
0.037514
0.033610
0.042593
0.036650
0.033631
0.030234
0.030739
0.035005
0.031952
0.031874
0.043751
0.031395
0.036161
0.044784
0.035591
0.040582
0.030114
0.030499
0.034819
0.032284
0.037338
0.035630
0.030400
0.032005
0.041037
0.031706
0.030108
0.057863
0.032973
0.032083
0.045405
0.032683
0.032278
0.039596
0.032299
0.043583
0.034786
0.033672
0.029945
0.044713
0.036577
0.045479
0.049413
0.032521
0.045667
0.048322
0.040209
0.044330
0.032484
0.031116
0.034731
0.030008
0.029242
0.031219
0.042684
0.031532
0.044069
0.028578
0.029262
0.031822
0.028246
0.030581
0.033048
0.029116
0.029995
0.031438
0.027901
0.039104
0.040118
0.029553
0.031018
0.030416
0.044542
0.033533
0.030087
0.030764
0.025894
0.024144
0.027541
0.035198
0.027732
0.043937
0.035733
0.024751
0.045558
0.028056
0.026344
0.031542
0.025540
0.027939
0.024106
0.037354
0.028511
0.030771
0.030046
0.042401
0.039646
0.031381
0.030199
0.040726
0.032763
0.028829
0.029533
0.031651
0.031150
0.033417
0.037683
0.036947
0.030216
0.028286
0.051278
0.031488
0.035353
0.032783
0.031140
0.030099
0.033859
0.030252
0.039401
0.031214
0.030392
0.044905
0.047439
0.045753
0.048362
0.038150
0.031847
0.032237
0.030119
0.030531
0.047764
0.031272
0.043709
0.039054
0.043077
0.046262
0.041323
0.043986
0.050330
0.031148
0.031650
0.031552
0.031283
0.047599
0.033543
0.032705
0.033564
0.051900
0.041698
0.038542
0.039838
0.041006
0.040533
0.031248
0.030403
0.030261
0.029627
0.031680
0.033119
0.034657
0.030030
0.029898
0.047834
0.037371
0.023711
0.023560
0.022566
0.022482
0.024121
0.041497
0.024909
0.023493
0.043491
0.031122
0.023410
0.022242
0.024525
0.025481
0.029725
0.031656
0.036803
0.035347
0.033944
0.028225
0.027148
0.045759
0.029528
0.032133
0.031742
0.049545
0.038623
0.022974
0.021042
0.024560
0.038452
0.046212
0.034276
0.030137
0.028098
0.030127
0.046350
0.028317
0.025440
0.028822
0.030688
0.023890
0.024761
0.028347
0.025297
0.026334
0.027646
0.028628
0.024857
0.042329
0.047287
0.029187
0.027326
0.024799
0.024975
0.023295
0.036968
0.028146
0.041172
0.033626
0.022767
0.026864
0.028188
0.037797
0.027020
0.029493
0.030667
0.030120
0.042358
0.024742
0.028473
0.024755
0.029817
0.028626
0.025958
0.025398
0.028779
0.024084
0.026065
0.046907
0.030046
0.046565
0.040396
0.034433
0.025129
0.025899
0.044677
0.030718
0.025601
0.041433
0.029690
0.038829
0.029723
0.038354
0.030190
0.030314
0.029324
0.029552
0.031070
0.035249
0.034010
0.032305
0.039519
0.043266
0.036037
0.042718
0.041892
0.038209
0.040257
0.033412
0.032279
0.034889
0.026300
0.026059
0.031268
0.029178
0.026585
0.032474
0.026026
0.050353
0.036308
0.034570
0.032595
0.035380
0.032481
0.034712
0.042773
0.033444
0.038037
0.031242
0.030704
0.039630
0.039439
0.042936
0.030346
0.052718
0.032428
0.042032
0.031000
0.049345
0.056560
0.050440
0.032593
0.044257
0.044351
0.042980
0.038697
0.035304
0.030648
0.047438
0.030442
0.045502
0.031110
0.041254
0.035160
0.032567
0.040712
0.033835
0.037276
0.033329
0.046183
0.032843
0.031282
0.040990
0.046582
0.041264
0.032992
0.030225
0.031518
0.039333
0.044319
0.039437
0.032028
0.022231
0.022048
0.022207
0.021076
0.038582
0.025351
0.024581
0.027116
0.027704
0.041523
0.043103
0.020784
0.023321
0.038148
0.040181
0.031704
0.031729
0.029615
0.031757
0.030313
0.033209
0.026819
0.031751
0.046338
0.039504
0.034175
0.040414
0.037257
0.031607
0.040791
0.030413
0.032685
0.030272
0.029395
0.040381
0.035193
0.038042
0.037678
0.029310
0.026891
0.038536
0.029541
0.027889
0.030017
0.032797
0.036057
0.036946
0.039049
0.034663
0.048173
0.026086
0.048655
0.041406
0.046374
0.041921
0.035047
0.032878
0.032607
0.029058
0.034977
0.034216
0.030909
0.031960
0.030870
0.030415
0.033602
0.031426
0.032815
0.032633
0.030728
0.033333
0.042466
0.028962
0.024542
0.024672
0.049802
0.035846
0.052766
0.033420
0.030979
0.031552
0.033962
0.036840
0.039573
0.036405
0.035681
0.037976
0.036916
0.046090
0.040899
0.031620
0.046684
0.038723
0.042042
0.035446
0.020691
0.023864
0.025275
0.041867
0.034888
0.054344
0.041266
0.033307
0.032808
0.052514
0.036314
0.035449
0.030773
0.030464
0.030567
0.039629
0.044310
0.032840
0.044718
0.032855
0.033420
0.032791
0.040866
0.046162
0.036799
0.025982
0.063863
0.025336
0.026545
0.031407
0.029381
0.037751
0.035254
0.040143
0.041318
0.035603
0.045586
0.048227
0.035413
0.057408
0.043401
0.043092
0.031314
0.042291
0.040744
0.046865
0.043565
0.031436
0.042889
0.029277
0.030141
0.030814
0.045864
0.031801
0.031742
0.049739
0.034457
0.032294
0.031371
0.047315
0.040271
0.041314
0.036915
0.040422
0.040541
0.042269
0.036134
0.037339
0.036986
0.033201
0.025350
0.032299
0.043384
0.032171
0.042138
0.028753
0.024818
0.024984
0.023413
0.041650
0.031286
0.038875
0.026177
0.025304
0.025538
0.026993
0.024621
0.041713
0.039628
0.023058
0.024631
0.030860
0.033484
0.031463
0.034385
0.033686
0.034222
0.029248
0.026102
0.026447
0.026194
0.037972
0.025677
0.027719
0.026131
0.041400
0.037899
0.042330
0.038263
0.032550
0.025422
0.024912
0.025618
0.033442
0.041858
0.026666
0.027365
0.025712
0.030597
0.024136
0.023971
0.020757
0.033901
0.030932
0.033768
0.041711
0.024640
0.029365
0.029422
0.025381
0.023785
0.023612
0.037891
0.035436
0.026790
0.028889
0.026440
0.026880
0.026284
0.032288
0.026395
0.034202
0.033721
0.026560
0.024651
0.030618
0.031094
0.033214
0.029730
0.027029
0.030414
0.032094
0.046237
0.031786
0.032417
0.033579
0.029894
0.041842
0.042074
0.035250
0.030819
0.042545
0.040408
0.047448
0.050268
0.034635
0.037868
0.039000
0.036923
0.034241
0.031277
0.028683
0.027159
0.030838
0.035893
0.029132
0.027302
0.043614
0.041224
0.031058
0.027457
0.030328
0.029910
0.031828
0.028961
0.026969
0.027218
0.030632
0.040509
0.030166
0.032565
0.036978
0.028908
0.029468
0.040811
0.044534
0.038495
0.044787
0.025183
0.039840
0.022676
0.024849
0.024757
0.023966
0.032508
0.024738
0.025063
0.026384
0.036412
0.041127
0.033072
0.025902
0.028866
0.031531
0.022092
0.035036
0.042434
0.027770
0.034820
0.039313
0.022507
0.027176
0.021505
0.032488
0.032474
0.031411
0.032733
0.045444
0.030632
0.030233
0.044557
0.028796
0.031530
0.030695
0.041669
0.039503
0.032706
0.030189
0.039072
0.042551
0.024524
0.044054
0.034246
0.025954
0.029681
0.029022
0.028848
0.029554
0.042768
0.028107
0.030340
0.046801
0.029784
0.030173
0.030315
0.029150
0.040309
0.046259
0.034544
0.032118
0.035630
0.031595
0.039876
0.034933
0.030695
0.030764
0.029183
0.045923
0.040123
0.037278
0.031963
0.032698
0.041959
0.030973
0.032258
0.032263
0.032482
0.044189
0.040164
0.040458
0.043922
0.031585
0.045681
0.049532
0.029063
0.034036
0.029556
0.045935
0.041189
0.033258
0.030421
0.035507
0.023909
0.022915
0.032488
0.047156
0.027729
0.041595
0.030942
0.025295
0.041292
0.025862
0.026168
0.025221
0.042125
0.038307
0.026336
0.024699
0.024552
0.024107
0.024223
0.026521
0.026366
0.029385
0.025682
0.027248
0.026908
0.026539
0.026379
0.028222
0.025409
0.026166
0.031173
0.036490
0.035087
0.037493
0.023950
0.043078
0.034815
0.033206
0.032363
0.042087
0.031223
0.032558
0.046970
0.042983
0.032104
0.025419
0.024894
0.024740
0.025376
0.027762
0.024952
0.035920
0.024728
0.029719
0.025253
0.041313
0.046874
0.029617
0.032646
0.032249
0.037469
0.035417
0.029601
0.028620
0.024854
0.038655
0.034909
0.028345
0.027064
0.032234
0.030633
0.026790
0.027009
0.026635
0.029449
0.041619
0.035463
0.027755
0.029059
0.026216
0.042863
0.029517
0.042515
0.045232
0.026945
