0.038569
0.242451
0.189418
0.277134
0.302165
0.235345
0.208376
0.237699
0.208756
0.224448
0.236737
0.233021
0.232063
0.219483
0.284230
0.189095
0.199736
0.227705
0.247260
0.277832
0.217388
0.205778
0.174502
0.245668
0.188087
0.166414
0.272085
0.250080
0.237485
0.280571
0.219086
0.253750
0.283769
0.285240
0.250767
0.243078
0.220254
0.265352
0.286546
0.264801
0.193956
0.322523
0.282854
0.276129
0.272828
0.273584
0.251373
0.233885
0.250825
0.234331
0.253221
0.231840
0.233136
0.270463
0.225502
0.244744
0.209183
0.257361
0.219564
0.249852
0.247439
0.252584
0.222550
0.237055
0.231712
0.243772
0.237939
0.200270
0.302673
0.187261
0.205442
0.275797
0.251346
0.236191
0.250073
0.252224
0.279709
0.224538
0.253499
0.267582
0.267720
0.258543
0.270314
0.274462
0.244900
0.233467
0.260240
0.251745
0.257913
0.221071
0.290792
0.257852
0.272213
0.221229
0.246406
0.239751
0.318055
0.265806
0.261341
0.252143
0.260186
0.253785
0.251682
0.257941
0.250071
0.245975
0.231686
0.192210
0.205519
0.282576
0.282681
0.253369
0.257024
0.255651
0.214565
0.234357
0.248929
0.237299
0.214800
0.253241
0.215160
0.170589
0.206655
0.248248
0.272950
0.264877
0.262467
0.268592
0.256135
0.244079
0.202770
0.171501
0.238828
0.205124
0.271568
0.282686
0.240886
0.216331
0.220661
0.212868
0.247840
0.203293
0.239915
0.260664
0.190075
0.204989
0.288098
0.225619
0.229887
0.270404
0.219633
0.261765
0.256536
0.262597
0.280087
0.224570
0.250128
0.192426
0.251939
0.254260
0.253922
0.317105
0.227761
0.219695
0.232235
0.189631
0.255893
0.229697
0.171478
0.243224
0.236429
0.219899
0.310701
0.241014
0.305473
0.214932
0.252632
0.267785
0.215974
0.194148
0.188822
0.206040
0.199429
0.186215
0.196193
0.237010
0.207501
0.237187
0.185320
0.262475
0.172252
0.166327
0.246836
0.265487
0.257498
0.197909
0.192857
0.247337
0.258653
0.273915
0.324417
0.292265
0.278344
0.261983
0.235414
0.226420
0.195741
0.212555
0.257290
0.244954
0.224792
0.253800
0.165632
0.219888
0.263685
0.270032
0.219476
0.203133
0.241110
0.215611
0.247222
0.174520
0.255989
0.227637
0.235014
0.240260
0.256255
0.278569
0.253666
0.239494
0.275121
0.267809
0.257649
0.241777
0.259974
0.215328
0.241373
0.219218
0.194026
0.232359
0.214208
0.252064
0.235901
0.242725
0.224592
0.244324
0.251775
0.171947
0.191555
0.247114
0.217036
0.224660
0.233056
0.241169
0.219799
0.228948
0.177499
0.174970
0.248210
0.179289
0.171260
0.289895
0.210412
0.201285
0.254477
0.224613
0.232527
0.233886
0.256596
0.225051
0.238996
0.289584
0.277480
0.285363
0.226994
0.294122
0.235016
0.264505
0.213860
0.255966
0.257838
0.238878
0.206429
0.224451
0.251611
0.247261
0.213678
0.259590
0.208720
0.266730
0.211141
0.270474
0.206600
0.185300
0.241832
0.172546
0.191515
0.205220
0.227633
0.195010
0.267966
0.238302
0.216297
0.267431
0.226142
0.237853
0.258991
0.249535
0.284209
0.225126
0.214113
0.247271
0.251944
0.221072
0.270180
0.259878
0.231319
0.219188
0.221133
0.188286
0.193322
0.240316
0.280408
0.271498
0.239192
0.344349
0.244963
0.260446
0.174422
0.212270
0.238499
0.226864
0.227779
0.263385
0.261116
0.253232
0.264607
0.242760
0.276451
0.226048
0.271169
0.298064
0.251312
0.256077
0.257347
0.257548
0.226589
0.239796
0.242013
0.215944
0.274547
0.231439
0.227430
0.261659
0.193443
0.284281
0.265228
0.283174
0.236138
0.228806
0.208710
0.249716
0.246982
0.340364
0.312302
0.276989
0.258703
0.215942
0.235594
0.251811
0.231530
0.206126
0.186891
0.241372
0.223486
0.270631
0.238915
0.244395
0.233639
0.219783
0.179053
0.185193
0.252197
0.197909
0.181525
0.243656
0.239851
0.238344
0.239826
0.184916
0.170823
0.187678
0.202296
0.244923
0.240782
0.230404
0.184617
0.228806
0.223808
0.211940
0.188368
0.251069
0.232491
0.241545
0.249191
0.223857
0.234226
0.175567
0.232521
0.254097
0.229389
0.224645
0.208140
0.280351
0.246036
0.296162
0.267928
0.196837
0.252669
0.209560
0.218387
0.203930
0.249998
0.298263
0.312378
0.275975
0.239314
0.249454
0.254694
0.250779
0.248938
0.207932
0.188967
0.286025
0.229264
0.206113
0.173901
0.175548
0.220939
0.246490
0.231023
0.246037
0.189325
0.281112
0.272604
0.195697
0.211048
0.237688
0.226378
0.267424
0.216718
0.283785
0.228026
0.232868
0.246175
0.244906
0.220600
0.168471
0.257532
0.263954
0.213238
0.170281
0.182406
0.182132
0.179768
0.218749
0.204605
0.233267
0.237385
0.239991
0.217270
0.185939
0.234653
0.274991
0.218859
0.221792
0.230519
0.213055
0.234575
0.192110
0.164166
0.179406
0.181383
0.234433
0.214795
0.167478
0.187082
0.226502
0.227376
0.220442
0.256891
0.262749
0.221989
0.229268
0.259384
0.220680
0.264942
0.247025
0.261389
0.259302
0.225750
0.192969
0.187035
0.193248
0.239767
0.282469
0.297154
0.277734
0.253701
0.185603
0.257297
0.229774
0.250438
0.255209
0.254384
0.209082
0.225464
0.189289
0.200452
0.217077
0.226188
0.262966
0.275723
0.192132
0.245723
0.271744
0.264041
0.288778
0.285293
0.271829
0.265018
0.256269
0.272073
0.228812
0.232712
0.237470
0.171097
0.208432
0.178691
0.239884
0.260439
0.224943
0.174968
0.231093
0.228980
0.253927
0.250180
0.224529
0.236963
0.268237
0.251344
0.179701
0.169866
0.179974
0.181200
0.206421
0.192436
0.238931
0.189368
0.192815
0.248355
0.241286
0.177731
0.176440
0.178145
0.169393
0.249292
0.225539
0.231808
0.250828
0.251216
0.227328
0.220500
0.339413
0.281543
0.250024
0.246400
0.226294
0.291318
0.238072
0.318996
0.287031
0.271935
0.197318
0.208837
0.205628
0.250494
0.273647
0.259768
0.204305
0.179383
0.256157
0.180044
0.229505
0.231334
0.275969
0.235818
0.224896
0.247154
0.238726
0.230430
0.230817
0.244655
0.262091
0.283909
0.300983
0.265373
0.269639
0.211151
0.227865
0.235450
0.293751
0.263640
0.344039
0.267234
0.303155
0.265328
0.249829
0.232094
0.249370
0.205891
0.178609
0.296314
0.251514
0.246169
0.222951
0.287927
0.245032
0.261759
0.247422
0.280972
0.277608
0.266572
0.215870
0.259383
0.200550
0.185718
0.300653
0.243085
0.233455
0.301428
0.252373
0.236414
0.260565
0.284678
0.272415
0.281434
0.188617
0.189781
0.211055
0.287015
0.301258
0.285027
0.247244
0.286226
0.217248
0.180581
0.246659
0.251277
0.268495
0.273775
0.221471
0.265269
0.264183
0.253190
0.305495
0.261170
0.256594
0.305117
0.256814
0.275797
0.277751
0.235274
0.246483
0.187860
0.196151
0.260710
0.186796
0.253425
0.264457
0.260990
0.301511
0.233280
0.261333
0.246997
0.264204
0.285832
0.258070
0.261567
0.193871
0.212526
0.249654
0.193960
0.190601
0.255946
0.234364
0.235546
0.344726
0.303422
0.264292
0.231352
0.209934
0.185038
0.250649
0.170938
0.237497
0.265026
0.179439
0.172282
0.178404
0.267117
0.243073
0.253141
0.174300
0.187694
0.245143
0.273581
0.220837
0.230527
0.228003
0.238051
0.275667
0.231624
0.251202
0.249715
0.219985
0.237847
0.213087
0.253913
0.215664
0.188793
0.189571
0.185294
0.281034
0.275853
0.248252
0.283726
0.238656
0.251738
0.180385
0.207793
0.257923
0.190300
0.186100
0.264790
0.224013
0.226721
0.230629
0.273060
0.229252
0.283566
0.251245
0.253796
0.165953
0.170696
0.193322
0.222899
0.245547
0.176722
0.236351
0.239680
0.256016
0.212712
0.227884
0.205920
0.202424
0.247128
0.214296
0.182338
0.173657
0.190351
0.203319
0.245978
0.204030
0.239526
0.213079
0.258479
0.219049
0.192043
0.171486
0.239238
0.217604
0.169891
0.208807
0.239886
0.220438
0.191879
0.237991
0.236487
0.249532
0.242189
0.240570
0.238982
0.310951
0.217288
0.265918
0.271679
0.196436
0.251014
0.224802
0.232339
0.173453
0.168870
0.255435
0.194995
0.228698
0.210467
0.252447
0.196430
0.223901
0.177426
0.199013
0.256006
0.278152
0.244250
0.222146
0.247538
0.207550
0.226422
0.241092
0.217090
0.225744
0.247823
0.225515
0.272043
0.261130
0.260611
0.212872
0.245731
0.265084
0.222139
0.269017
0.181895
0.253125
0.250305
0.230340
0.269135
0.262412
0.248971
0.284938
0.197293
0.176628
0.218759
0.220903
0.191545
0.187868
0.177832
0.201118
0.273834
0.243635
0.175441
0.198440
0.177479
0.250129
0.254130
0.215922
0.173069
0.171379
0.204079
0.237274
0.228812
0.270285
0.260172
0.262321
0.246484
0.304178
0.260433
0.226741
0.249368
0.252505
0.258133
0.228024
0.255659
0.230950
0.237705
0.260288
0.269080
0.253823
0.268404
0.248108
0.246044
0.264703
0.267364
0.243476
0.309186
0.262934
0.260850
0.285001
0.193509
0.178203
0.225861
0.341003
0.264609
0.270194
0.274548
0.227452
0.203120
0.200730
0.216451
0.277138
0.238095
0.275174
0.192649
0.176076
0.290200
0.273192
0.258934
0.223768
0.227845
0.218062
0.261963
0.277745
0.289912
0.255058
0.228000
0.222635
0.177680
0.286168
0.231752
0.208560
0.232485
0.181760
0.197918
0.202525
0.221891
0.253711
0.194591
0.225147
0.242900
0.247525
0.237618
0.269002
0.257565
0.242254
0.262879
0.247421
0.268330
0.226235
0.275321
0.251777
0.166235
0.239248
0.304653
0.270800
0.264293
0.289137
0.290669
0.229750
0.256513
0.266963
0.347786
0.228194
0.240815
0.173354
0.289355
0.238781
0.269736
0.253154
0.279209
0.256724
0.238677
0.227725
0.217949
0.219606
0.257398
0.232277
0.287473
0.245825
0.202762
0.212541
0.260910
0.234157
0.244586
0.225283
0.212879
0.251028
0.242283
0.260005
0.219855
0.194512
0.231292
0.285608
0.196071
0.200156
0.177237
0.220595
0.303090
0.269213
0.276293
0.260031
0.239190
0.229600
0.201474
0.214779
0.248330
0.240949
0.229966
0.187744
0.243921
0.231004
0.184438
0.183111
0.189302
0.229836
0.215594
0.204303
0.240259
0.249472
0.274029
0.215127
0.238834
0.240407
0.251784
0.266453
0.231200
0.219566
0.249770
0.251019
0.236309
0.282278
0.214127
0.259498
0.266381
0.294085
0.236758
0.250932
0.259251
0.226416
0.208634
0.232585
0.213629
0.197587
0.231802
0.179760
0.269390
0.264376
0.247704
0.250897
0.222214
0.269790
0.264647
0.289225
0.245698
0.259867
0.248188
0.237873
0.289944
0.273937
0.262488
0.228730
0.218828
0.235473
0.227022
0.261475
0.212401
0.241966
0.229103
0.233158
0.232615
0.226989
0.225253
0.222556
0.243339
0.226683
0.224411
0.225532
0.241150
0.216272
0.212535
0.256677
0.224512
0.338273
0.288582
0.249396
0.262999
0.264381
0.270446
0.217076
0.281808
0.286359
0.270690
0.237043
0.206999
0.215355
0.208740
0.258049
0.222752
0.247977
0.195491
0.218261
0.242525
0.208324
0.265449
0.221077
0.231410
0.199829
0.198417
0.253133
0.227795
0.216613
0.259985
0.193076
0.197019
0.283574
0.299205
0.220559
0.211761
0.251064
0.200544
0.225267
0.228510
0.271846
0.249858
0.210496
0.243550
0.303593
0.270624
0.265729
0.313110
0.294709
0.262924
0.290020
0.245247
0.242664
0.233584
0.254103
0.261991
0.221005
0.211416
0.313562
0.252545
0.277994
0.205045
0.228728
0.222060
0.235765
0.239014
0.250657
0.255261
0.260078
0.234676
0.273902
0.270773
0.267677
0.280787
0.245661
0.263110
0.209529
0.259778
0.236902
0.243729
0.213051
0.275402
0.237767
0.249340
0.260216
0.264989
0.270887
0.261723
0.262985
0.229295
0.221337
0.256786
0.243015
0.292136
0.269976
0.264236
0.243583
0.282101
0.261077
0.243456
0.291543
0.233566
0.207019
0.197247
0.248620
0.200953
0.208320
0.216083
0.233884
0.234513
0.228064
0.257949
0.278835
0.279262
0.312126
0.243779
0.270535
0.224864
0.246225
0.236305
0.223686
0.319496
0.270504
0.264259
0.230274
0.233373
0.300544
0.260304
0.253192
0.217363
0.244122
0.242901
0.254421
0.211388
0.240154
0.253054
0.262209
0.238274
0.235057
0.238777
0.240126
0.302210
0.240618
0.244606
0.252311
0.258921
0.235919
0.205771
0.243276
0.226652
0.227956
0.237445
0.215230
0.311693
0.234680
0.277404
0.220311
0.254353
0.296475
0.263642
0.256731
0.257333
0.256030
0.240941
0.243920
0.279086
0.252232
0.239811
0.210347
0.231697
0.209135
0.207433
0.231160
0.237751
0.269588
0.208208
0.242110
0.242502
0.230225
0.240804
0.218187
0.203491
0.230184
0.195383
0.226985
0.275626
0.198689
0.196680
0.168568
0.223275
0.175996
0.245093
0.223072
0.247613
0.217026
0.228943
0.237810
0.209628
0.204169
0.215364
0.237247
0.275684
0.293878
0.296208
0.229055
0.277893
0.262296
0.264733
0.238437
0.301213
0.234821
0.257912
0.263852
0.253089
0.285797
0.290974
0.287336
0.234016
0.256805
0.222063
0.273265
0.270025
0.204857
0.172786
0.171136
0.234932
0.254693
0.233341
0.254501
0.225372
0.260275
0.260563
0.166450
0.184897
0.172550
0.171428
0.189853
0.173386
0.219019
0.234205
0.169493
0.168818
0.234587
0.246559
0.271837
0.239564
0.239260
0.230410
0.245237
0.271473
0.251091
0.229355
0.223712
0.234361
0.211055
0.217666
0.242625
0.239764
0.260763
0.244002
0.251144
0.223424
0.186184
0.312732
0.202710
0.256085
0.242214
0.279399
0.287212
0.259027
0.222499
0.259806
0.215146
0.208149
0.280414
0.224281
0.237255
0.258774
0.242599
0.234091
0.221232
0.245308
0.207511
0.191511
0.221186
0.255009
0.273446
0.233566
0.238721
0.282583
0.207828
0.230220
0.238874
0.224683
0.194962
0.257123
0.269585
0.273117
0.209592
0.219124
0.320791
0.303573
0.312744
0.233875
0.233850
0.252535
0.239693
0.181201
0.247102
0.282060
0.250484
0.171005
0.233805
0.276067
0.234955
0.232388
0.240151
0.191710
0.198216
0.251873
0.217374
0.248441
0.257601
0.214755
0.245049
0.282961
0.265085
0.219839
0.220150
0.256420
0.252438
0.233689
0.203433
0.220112
0.219174
0.209272
0.212101
0.237937
0.190043
0.249926
0.243164
0.229790
0.217586
0.252604
0.251232
0.257864
0.268982
0.244763
0.240751
0.225293
0.227998
0.306191
0.217912
0.228273
0.188951
0.203065
0.234422
0.280870
0.165517
0.210302
0.216148
0.302643
0.281610
0.183748
0.191908
0.246702
0.239821
0.264819
0.225970
0.340325
0.229713
0.187150
0.259256
0.283106
0.265201
0.275607
0.263835
0.261825
0.303102
0.269611
0.293178
0.188495
0.212740
0.283301
0.271762
0.226134
0.291291
0.275631
0.249132
0.201498
0.201220
0.256702
0.242007
0.254164
0.284482
0.244027
0.212565
0.245316
0.288839
0.287416
0.278027
0.281283
0.344563
0.283327
0.202765
0.228378
0.243053
0.257971
0.214651
0.249099
0.251951
0.241601
0.231542
0.217553
0.246298
0.253637
0.215740
0.258120
0.225723
0.257279
0.236754
0.230220
0.224826
0.206065
0.202713
0.273330
0.272395
0.261312
0.218837
0.263895
0.289645
0.216874
0.286972
0.278926
0.200945
0.233052
0.221415
0.232615
0.198240
0.288678
0.240924
0.252849
0.256444
0.225643
0.279600
0.257404
0.231631
0.231820
0.250870
0.237629
0.175078
0.167946
0.182852
0.195595
0.255234
0.255447
0.235342
0.275209
0.199441
0.227153
0.184080
0.237640
0.255154
0.283621
0.243253
0.185395
0.234398
0.281180
0.221253
0.217838
0.250931
0.204427
0.215512
0.255949
0.269217
0.203156
0.264681
0.271450
0.222335
0.198880
0.272503
0.254729
0.281796
0.243436
0.180050
0.246554
0.218422
0.220151
0.215792
0.243932
0.278105
0.214277
0.187922
0.198814
0.187604
0.219630
0.249378
0.232167
0.231408
0.178860
