312	116	332	587
323	93	331	576
297	109	329	572
310	112	328	572
308	124	338	560
300	123	343	553
306	153	347	546
295	134	344	550
298	143	350	543
293	143	345	545
307	144	344	545
282	135	347	543
285	148	340	545
294	145	345	545
291	143	355	538
295	138	353	536
281	144	355	538
285	124	352	539
283	136	352	542
296	144	348	545
278	129	346	546
302	133	344	552
287	128	353	556
285	120	358	551
293	132	365	543
287	121	370	541
288	130	359	550
313	106	360	546
291	124	373	540
303	119	375	545
295	107	380	542
288	106	379	551
305	119	380	552
294	97	391	540
298	108	394	535
294	85	391	541
296	113	384	552
303	109	383	556
276	107	387	557
284	110	388	558
285	103	387	559
286	100	392	578
273	93	398	569
269	93	407	570
256	91	416	561
244	115	419	564
232	104	419	564
246	97	419	561
248	97	421	566
243	112	421	567
244	117	427	558
225	95	426	560
246	96	443	555
212	117	441	574
216	95	447	580
207	117	449	584
195	107	452	583
165	72	452	597
170	110	454	602
159	110	457	604
150	107	450	611
172	109	452	620
160	111	449	623
189	111	454	617
197	112	462	621
183	124	465	614
188	113	470	621
195	127	470	621
190	74	483	630
181	100	483	635
139	86	497	629
117	95	507	620
140	103	506	625
138	110	510	625
114	77	519	632
120	122	525	635
117	77	531	651
40	86	551	642
62	107	548	641
50	123	549	646
55	90	557	650
70	89	561	650
-2	79	568	652
-2	73	582	650
-48	53	585	661
-22	73	599	670
-43	82	605	678
-20	69	619	692
-70	64	618	720
-95	47	620	720
-2	19	625	720
-46	-7	623	720
-105	-20	639	720
-144	-5	643	720
-55	-29	654	720
-98	0	651	720
-98	-16	653	720
-69	-20	647	720
-85	-24	651	720
-113	-20	655	720
-167	16	657	720
-36	-34	667	720
-102	-23	663	720
-169	-10	669	720
-66	-6	681	720
-53	-41	669	720
-67	-26	656	720
-72	-13	665	720
-170	-23	668	720
-82	-30	675	720
-65	-45	681	720
-206	-50	666	720
-298	-26	685	720
-355	-28	710	720
-325	-3	694	720
-221	-23	712	720
-243	-35	743	720
-212	-39	761	720
-185	-34	765	720
-203	-9	757	720
-295	-34	764	720
-247	-105	723	720
-242	-57	720	720
-342	-28	739	720
-219	-37	753	720
-248	-37	777	720
-386	-30	773	720
-259	-16	785	720
-289	-28	801	720
-308	-18	807	720
-400	-18	800	720
-292	-23	793	720
-355	21	785	720
-393	-11	786	720
-244	-21	796	720
-385	-11	795	720
-259	-9	780	720
-289	-39	797	720
-308	-8	804	720
-393	14	787	720
-253	-20	789	720
-291	-29	802	720
-184	-15	770	720
-250	-17	773	720
-354	-6	779	720
-385	-29	787	720
-334	-29	793	720
-407	-17	815	720
-307	-49	811	720
-364	-56	823	720
-283	-49	821	720
-357	-73	802	720
-269	-44	794	720
-345	-54	787	720
-389	-58	779	720
-264	-35	778	720
-358	-30	784	720
-315	-51	802	720
-405	-54	811	720
-302	-66	816	720
-409	-63	818	720
-406	-71	812	720
-317	-59	797	720
-384	-32	768	720
-282	-44	770	720
-163	-42	742	720
-259	-58	721	720
-148	-58	720	720
-119	-51	710	720
-126	-17	680	720
-208	-31	662	720
-233	-74	662	720
-278	-46	694	720
-257	-24	705	720
-294	-48	723	720
-371	-21	742	720
-375	-5	751	720
-388	13	776	720
-329	-5	752	720
-378	-33	756	720
-318	-40	752	720
-374	-44	760	720
-346	-35	755	720
-340	-87	730	720
-336	-64	743	720
-311	-25	730	720
-319	-21	740	720
-199	-53	728	720
-181	-7	714	720
-171	-21	708	720
-178	-41	705	720
-92	-16	715	720
-157	-3	702	720
-117	-10	716	720
-179	-16	718	720
-176	-16	728	720
-135	-7	719	720
-59	-25	728	720
-99	-34	737	720
-86	-46	728	720
-95	-28	728	720
-66	-48	733	720
-71	-21	725	720
-81	-46	724	720
-87	-21	704	720
-68	-16	710	720
18	-50	720	720
-15	-21	728	720
26	-25	736	720
-22	-30	734	720
37	-48	728	720
8	-18	712	720
16	-30	714	720
-66	-3	705	720
-60	1	693	720
-5	1	685	720
10	-16	693	720
23	-25	661	720
-50	9	650	720
-111	54	638	720
-18	9	642	720
33	20	624	720
-61	5	623	720
-84	37	613	720
-25	41	603	720
0	45	609	720
-84	33	615	720
-33	16	614	720
-20	31	612	720
-14	43	613	720
39	28	614	720
-36	10	625	720
-17	10	630	720
22	46	647	720
9	1	652	720
19	-18	641	720
59	-56	651	720
46	-82	651	720
80	-78	660	720
95	-71	669	720
150	-60	685	720
99	-10	663	720
139	-36	679	720
172	-68	688	720
201	-66	708	720
-34	-10	670	720
33	-30	681	720
54	-50	700	720
126	-79	698	720
181	-85	701	720
268	-87	709	720
306	-94	732	720
311	-135	744	720
358	-94	755	720
342	-124	731	720
354	-106	750	720
370	-99	754	720
372	-85	768	720
311	-94	760	720
334	-78	783	720
344	-102	792	720
376	-85	808	720
415	-66	806	720
438	-56	832	720
485	-66	846	720
519	-120	826	720
538	-64	843	720
566	-52	865	720
602	-87	836	720
596	-77	860	720
571	-75	845	720
597	-70	841	720
613	-77	833	720
606	-62	837	720
631	-60	852	720
630	-48	829	720
610	-23	812	720
631	-40	797	720
651	11	734	720
666	-8	741	720
684	-15	723	720
675	-40	714	720
695	-45	701	720
699	-60	710	720
733	-13	651	720
780	-20	609	720
697	-32	606	720
608	-15	617	720
534	-23	658	713
447	-39	672	720
466	-50	686	720
384	-65	698	720
463	-61	726	720
395	-68	721	720
429	-61	747	720
500	-72	757	720
417	-95	750	720
542	-72	749	720
427	-61	766	720
432	-68	751	720
456	-84	777	720
501	-72	804	720
384	-67	792	720
483	-91	793	720
539	-72	794	720
498	-75	787	720
598	-89	796	720
583	-70	763	720
575	-53	774	720
474	-68	773	720
248	-30	770	720
17	-9	799	720
6	-21	793	720
45	-23	781	720
53	-14	808	720
56	-21	817	720
176	-26	842	720
194	-36	830	720
297	-72	838	720
300	-67	813	720
269	-82	798	720
267	-86	792	720
57	-63	784	720
52	-46	779	720
58	-49	785	720
20	-23	801	720
-1	-39	798	720
-8	-54	782	720
0	-58	785	720
25	-68	781	720
28	-72	793	720
5	-113	777	720
-32	-96	736	720
-79	-99	740	720
-92	-80	715	720
-129	-60	698	720
-128	-56	683	720
-197	-5	699	720
-210	-12	715	720
-213	-16	704	720
-234	-7	693	720
-273	32	667	720
-327	92	658	720
-325	77	671	720
-310	64	677	720
-355	51	711	720
-361	26	723	720
-363	-2	726	720
-361	4	750	720
-339	8	779	720
-312	4	778	720
-300	-9	767	720
-312	32	786	720
-308	43	788	720
-323	46	837	720
-283	24	815	720
-232	21	829	720
-270	17	842	720
-249	-2	833	720
-269	29	782	720
-234	38	820	720
-409	55	819	720
-406	31	812	720
-391	28	815	720
-381	50	840	720
-324	33	843	720
-239	40	844	720
-190	38	829	720
-191	35	821	720
-231	57	829	720
-217	55	811	720
-229	55	825	720
-196	48	832	720
-176	48	830	720
-186	57	817	720
-227	55	826	720
-225	52	812	720
-283	69	828	720
-205	55	826	720
-212	52	817	720
-204	52	826	720
-152	43	818	720
-148	47	799	720
-175	83	796	720
-137	45	801	720
-168	69	803	720
-116	55	797	720
-141	62	806	720
-187	64	802	720
-206	55	782	720
-166	40	779	720
-189	52	771	720
-157	48	768	720
-168	41	759	720
-178	43	750	720
-199	43	750	720
-311	47	770	720
-394	68	789	720
-396	76	792	720
-294	57	820	720
-207	42	839	720
-234	49	831	720
-96	25	850	720
-123	18	841	720
-162	23	802	720
-355	49	800	720
-347	54	803	720
-323	68	774	720
-389	96	778	720
-385	101	771	720
-361	70	760	720
-373	75	746	720
-362	68	738	720
-363	82	727	720
-366	73	732	720
-365	66	731	720
-363	57	726	720
-340	61	735	720
-359	116	718	720
-363	100	726	720
-322	46	735	720
-316	23	720	720
-345	7	714	720
-354	-7	726	720
-322	-32	726	720
-340	-44	717	720
-336	-37	727	720
-343	-21	710	720
-302	16	727	720
-269	-10	741	720
-257	-31	722	720
-240	-22	721	720
-275	-26	741	720
-277	-38	739	720
-291	-49	735	720
-288	-61	717	720
-203	-38	722	720
-109	-56	727	720
-93	-74	701	720
-6	-32	722	720
44	-36	724	720
76	-48	720	720
131	-34	735	720
185	-11	750	720
-15	-28	773	720
41	-60	762	720
60	-79	753	720
142	-86	736	720
180	-81	729	720
241	-77	725	720
309	-63	729	720
249	-68	756	720
199	-68	767	720
317	-70	782	720
274	-70	791	720
341	-56	817	720
295	-44	835	720
255	-44	850	720
271	-68	885	719
262	-53	906	720
305	-53	928	720
389	-80	940	720
335	-57	941	720
276	-49	953	720
278	-36	975	720
219	-49	991	720
281	-4	1011	720
240	-52	1006	720
217	-39	999	720
247	-44	1024	720
255	-28	995	720
286	-52	990	720
259	-44	993	720
277	-71	992	720
306	-55	991	720
267	-76	992	720
267	-41	1000	720
281	-28	1009	720
274	-52	1011	720
322	-28	1007	720
307	-33	1013	720
307	-60	1016	720
408	-39	1015	720
378	-58	998	720
291	-31	998	720
268	-41	982	720
273	-65	981	720
350	-44	987	720
363	-15	992	720
322	-44	996	720
312	-60	1004	720
312	-17	998	720
305	-55	982	720
292	-55	973	720
318	-28	973	720
285	-39	973	720
305	-44	973	720
291	-44	966	720
306	-57	962	720
246	-52	959	720
305	-42	970	720
303	-60	974	720
323	-71	963	720
288	-47	963	720
270	-50	954	720
278	-73	967	720
300	-57	981	720
312	-52	955	720
341	-42	966	720
332	-55	976	720
314	-52	974	720
365	-60	977	720
300	-55	977	720
398	-47	983	720
360	-23	991	720
319	-42	1001	720
313	-36	1016	720
333	-52	1023	720
308	-14	1015	720
312	-9	1016	720
310	-20	1023	720
304	-17	1028	720
317	-42	1024	720
319	-25	1025	720
318	-20	1030	720
290	-39	1035	720
310	-23	1037	720
333	-12	1035	720
281	-34	1035	720
306	-34	1020	720
259	-47	1044	720
215	-36	1028	720
230	-61	1036	720
228	-44	1049	720
265	-50	1042	720
191	-33	1041	720
198	-47	1065	720
209	-61	1074	720
200	-64	1087	720
148	-41	1106	720
101	-41	1114	720
134	-44	1145	720
116	-50	1140	720
87	-35	1139	720
90	-79	1168	720
118	-61	1164	720
60	-85	1157	720
36	-73	1146	720
34	-96	1157	720
8	-108	1126	720
102	-56	1105	720
121	-82	1106	720
221	-67	1124	720
136	-73	1127	720
172	-65	1123	720
115	-73	1112	720
119	-93	1109	720
154	-53	1091	720
83	-101	1068	720
124	-96	1043	720
217	-76	1027	720
197	-57	1012	720
182	-87	999	720
151	-87	958	720
183	-98	936	720
189	-90	914	720
241	-90	898	720
205	-97	889	720
232	-95	869	720
175	-95	860	720
232	-107	849	720
187	-117	836	720
206	-90	817	720
201	-119	813	720
175	-162	770	720
143	-167	740	720
114	-126	735	720
90	-126	709	720
104	-124	695	720
97	-146	652	720
66	-120	648	720
3	-228	672	720
-142	-158	661	720
-103	-115	660	720
1	-117	672	720
-40	-135	686	720
-81	-90	700	720
0	-82	704	720
30	-88	707	720
-25	-79	719	720
20	-95	712	720
-4	-84	690	720
54	-86	704	720
83	-95	702	720
66	-86	699	720
82	-91	712	720
40	-102	728	720
27	-109	718	720
64	-122	725	720
37	-93	702	720
64	-110	721	720
80	-129	720	720
92	-92	719	720
26	-97	723	720
97	-72	744	720
104	-79	759	720
52	-91	777	720
108	-67	792	720
123	-113	799	720
120	-70	817	720
178	-49	846	720
122	-46	863	720
134	-21	896	720
112	-6	900	720
88	-29	908	720
122	-6	905	720
126	-6	931	720
106	3	935	720
117	-3	939	720
90	-1	936	720
151	8	948	720
201	19	957	720
146	35	953	720
132	53	949	720
167	43	963	720
108	40	964	720
97	48	966	720
153	45	970	720
130	11	969	720
145	32	975	720
179	53	982	720
186	45	977	720
155	40	956	720
194	32	946	720
240	19	957	720
261	19	914	720
249	6	925	720
224	27	927	720
209	24	942	720
234	37	923	720
212	19	932	720
236	35	945	720
201	16	958	720
218	6	962	720
185	-6	969	720
165	-30	961	720
161	-6	964	720
143	-6	959	720
147	-40	951	720
168	-72	914	720
172	-36	921	720
200	-44	910	720
214	-36	918	720
205	-36	921	720
208	-18	925	720
210	-46	932	720
148	-49	911	720
150	-16	907	720
152	-16	908	720
166	-3	911	720
204	-18	922	720
204	-26	928	720
195	-62	888	720
198	-67	856	720
215	-38	868	720
217	-55	859	720
261	-35	879	720
252	-40	846	720
294	-6	867	720
279	-31	871	720
274	-13	892	720
222	3	904	720
242	-18	874	720
252	-28	861	720
248	-51	813	720
214	-48	781	720
215	-15	792	720
178	-30	785	720
178	-84	742	720
131	-61	745	720
83	-63	760	720
28	-49	757	720
-5	-56	761	720
0	-65	733	720
42	-45	747	720
1	-70	746	720
-16	-61	736	720
40	-41	745	720
65	-91	710	720
59	-82	708	720
50	-80	703	720
35	-58	697	720
14	-53	705	720
3	-60	703	720
-106	-53	718	720
-120	-49	715	720
-164	-31	737	720
-195	-47	735	720
-156	-31	739	720
-145	-38	732	720
-73	-40	743	720
-169	-42	730	720
-333	-47	734	720
-268	-53	714	720
-238	-42	725	720
-321	-4	745	720
-374	-24	748	720
-366	7	733	720
-322	9	744	720
-275	7	739	720
-370	21	741	720
-363	16	749	720
-374	9	758	720
-262	-8	751	720
-275	-11	745	720
-192	-13	749	720
-141	7	720	720
-110	7	703	720
-291	94	680	720
-199	63	681	720
-141	56	693	720
-129	41	686	720
-106	52	697	720
-142	45	685	720
-163	45	678	720
-239	39	693	720
-341	47	683	720
-223	39	680	720
-296	36	688	720
-198	32	694	720
-199	32	705	720
-326	48	717	720
-361	72	723	720
-363	81	727	720
-293	79	742	720
-371	52	761	720
-337	42	777	720
-393	40	797	720
-406	78	812	720
-264	73	788	720
-285	43	790	720
-359	33	785	720
-393	47	787	720
-395	78	791	720
-254	52	797	720
-348	31	804	720
-265	26	776	720
-211	12	785	720
-159	12	774	720
-102	12	768	720
-68	28	766	720
-227	51	765	720
-230	68	729	720
-365	84	730	720
-316	68	736	720
-357	86	715	720
-338	66	736	720
-286	57	735	720
-372	77	744	720
-342	59	740	720
-234	38	762	720
-383	61	766	720
-347	71	745	720
-259	52	745	720
-219	61	738	720
-367	64	734	720
-363	61	754	720
-277	57	740	720
-245	39	745	720
-372	22	744	720
-336	55	760	720
-213	38	764	720
-85	36	779	720
-309	62	736	720
-356	78	713	720
-312	91	692	720
-322	87	690	720
-287	54	685	720
-206	30	692	720
-347	41	694	720
-241	36	700	720
-133	27	712	720
-39	23	737	720
-72	0	728	720
-81	-10	731	720
8	-4	751	720
-41	5	745	720
-45	-8	745	720
-31	-20	740	720
-44	-29	746	720
14	-20	748	720
-2	9	740	720
-6	21	740	720
-8	28	753	720
-1	21	757	720
0	37	754	720
13	14	755	720
-33	25	752	720
-8	21	752	720
32	-17	744	720
15	7	727	720
-35	11	734	720
-79	14	746	720
-101	11	760	720
-82	44	747	720
-40	21	737	720
-68	37	720	720
-257	44	722	720
-273	25	703	720
-218	59	705	720
-190	50	675	720
-147	24	695	720
-123	33	686	720
35	42	713	718
43	21	714	720
59	32	714	720
19	62	713	720
-178	48	712	720
-61	24	715	720
-50	39	711	720
-206	42	720	720
-97	26	730	720
-14	12	739	720
-20	44	725	720
-26	3	732	720
-28	22	723	720
-93	24	737	720
-153	38	738	720
-71	19	743	720
-59	19	723	720
-59	55	714	720
-11	19	734	720
-7	79	703	720
5	47	704	720
-1	21	701	720
9	43	696	720
23	19	695	720
-74	27	711	720
-40	50	698	720
-10	48	691	720
-39	34	679	720
-3	34	682	720
-20	56	671	720
-105	30	687	720
-73	28	680	720
-246	76	681	720
-179	15	701	720
-160	46	695	720
-145	35	677	720
-75	22	692	720
-63	62	686	720
-80	29	679	720
-76	61	650	720
-98	79	655	720
-104	63	653	720
-64	46	668	720
-125	70	664	720
-150	66	671	720
-226	66	670	720
-188	57	660	720
-152	44	634	720
-163	104	645	720
-225	119	654	720
-329	106	659	720
-315	112	630	720
-304	114	609	720
-303	118	607	720
-288	108	647	720
-229	80	657	720
-166	22	666	720
-193	57	654	720
-161	3	664	720
-101	18	652	720
-113	48	641	720
-10	33	653	720
-103	29	669	720
-115	18	688	720
-92	11	694	720
-91	45	711	720
-47	22	731	720
-95	13	745	720
-52	-2	737	720
-38	20	748	720
2	18	768	720
-54	-23	766	720
-35	15	728	720
-39	0	736	720
-52	13	734	720
-56	-7	732	720
-38	4	734	720
-71	2	744	720
-81	20	733	720
-93	-11	751	720
-54	-16	724	720
-64	-11	709	720
-46	24	704	720
-15	-11	704	720
-55	-20	700	720
-73	-6	688	720
-34	-9	688	720
0	-9	683	720
22	-9	676	720
-30	-17	678	720
-36	10	675	720
7	0	679	720
4	28	686	720
-23	6	707	720
15	0	732	720
9	-5	756	720
-26	-23	740	720
-47	-12	719	720
-42	14	699	720
-17	14	699	720
-30	-7	715	720
-12	-7	739	720
11	6	732	720
-66	-7	738	720
-68	-5	719	720
-70	-7	705	720
-54	-7	712	720
-32	26	696	720
-14	-2	704	720
-56	-13	707	720
-51	-22	707	720
-69	-11	707	720
-99	19	703	720
-81	-11	730	720
-103	13	720	720
-324	58	722	720
-255	29	733	720
-228	11	730	720
-202	11	746	720
-121	4	739	720
-71	-14	730	720
-68	-11	731	720
-72	-25	720	720
-44	-23	736	720
-80	-9	716	720
-49	-2	731	720
-24	22	722	720
-71	17	707	720
-59	2	710	720
-87	13	712	720
-68	-9	698	720
-87	15	699	720
-67	2	703	720
-12	4	723	720
-31	-11	708	720
-76	10	685	720
-119	17	696	720
-89	-11	693	720
-38	6	694	720
-5	-7	699	720
-18	-7	684	720
-69	-7	696	720
-118	-4	717	720
-121	8	697	720
-70	13	710	720
-44	1	726	720
-56	13	718	720
-52	22	723	720
-61	1	719	720
-15	0	735	720
-32	17	710	720
-114	62	681	720
-86	42	677	720
-34	5	679	720
-9	21	672	720
-22	-9	680	720
10	3	697	720
0	10	702	720
-21	0	708	720
-91	-18	696	720
-87	-45	680	720
-51	-51	670	720
-75	-27	669	720
-56	-6	675	720
-25	-19	687	720
2	-21	698	720
-22	-54	675	720
-33	-50	680	720
1	-32	682	720
48	-19	692	720
33	-17	701	720
35	-6	714	720
63	-6	708	720
57	-6	733	720
-26	11	719	720
-27	5	707	720
20	-3	727	720
57	-17	749	720
-46	14	740	720
-68	-14	733	720
-76	3	718	720
-15	-8	735	720
-31	-33	712	720
-36	-48	696	720
-46	-53	698	720
-69	-68	682	720
-122	-35	674	720
-109	-27	678	720
-64	-5	690	720
-135	-11	685	720
-145	23	667	720
-121	-20	666	720
-26	-4	671	720
-36	21	661	720
27	14	684	720
-43	3	698	720
-29	-9	692	720
-53	-13	671	720
-97	3	667	720
-121	33	631	720
-126	42	633	720
-123	31	649	720
-39	16	661	720
8	12	673	720
-4	3	668	720
-69	55	656	720
-3	47	665	720
-49	42	661	720
-45	4	667	720
-69	45	644	720
2	26	663	720
55	-2	679	720
64	-24	699	720
-12	-17	681	720
-63	-26	677	720
-14	-15	689	720
-65	0	712	720
-66	-13	705	720
-111	20	683	720
-43	-10	691	720
-68	-8	666	720
-135	-1	704	720
-51	0	707	720
-69	-1	703	720
-25	2	721	720
28	-6	744	720
12	-8	745	720
-56	12	735	720
-79	-22	727	720
-138	18	713	720
-171	-3	706	720
-89	-19	690	720
-32	31	697	720
-47	2	681	720
-50	-26	670	720
-62	13	646	720
6	2	657	720
32	-27	657	720
36	-14	663	720
-122	-23	668	720
-66	-32	664	720
-23	-38	665	720
-47	-36	673	720
-76	-16	683	720
3	-12	698	720
0	-21	714	720
-35	-46	708	720
1	-28	712	720
-17	-57	705	720
-23	-90	686	720
-78	-55	689	720
-76	-44	704	720
-66	-46	688	720
-19	-35	717	720
-41	-49	697	720
-32	-31	694	720
-29	-55	674	720
-23	-23	688	720
-64	-12	687	720
-117	-40	687	720
-100	-53	683	720
-84	-67	678	720
-113	-34	687	720
-124	-34	681	720
-31	-27	693	720
-45	-29	673	720
0	-36	696	720
71	-49	703	720
75	-47	726	720
63	-49	727	720
70	-36	755	720
-27	-33	738	720
-37	-45	729	720
-4	-20	751	720
-22	-18	727	720
9	-2	744	720
-48	-13	723	720
-77	-24	721	720
-20	-15	729	720
-28	-29	710	720
-71	-47	702	720
-9	-43	725	720
-11	-38	701	720
-14	-45	694	720
-36	-47	698	720
-68	-36	694	720
-17	-27	708	720
-20	-40	700	720
-26	-56	695	720
-89	-40	684	720
-87	-47	674	720
-102	-80	667	720
-84	-54	652	720
-84	-67	639	720
-5	-28	650	720
-38	-3	644	720
-24	-5	634	720
51	-5	643	720
47	-5	664	720
-12	16	658	720
-5	-2	664	720
-31	10	640	720
12	-15	645	720
-9	18	638	720
14	8	653	720
0	36	644	720
-67	23	638	720
-48	21	616	720
-23	-10	629	720
-67	13	642	720
-261	34	644	720
-188	17	651	720
-97	-2	658	720
-191	34	670	720
-200	45	648	720
-317	45	671	720
-323	43	713	720
-336	0	716	720
-335	-28	714	720
-328	-35	692	720
-313	-13	706	720
-330	0	703	720
-293	6	709	720
-265	2	713	720
-361	15	722	720
-364	-4	733	720
-347	20	734	720
-371	36	742	720
-380	25	760	720
-380	6	760	720
-363	-2	731	720
-343	42	686	720
-323	64	646	720
-310	90	621	720
-309	69	618	720
-304	61	608	720
-300	48	600	720
-295	50	595	720
-280	52	592	720
-165	7	627	720
-247	56	646	720
-271	79	629	720
-289	71	643	720
-198	39	659	720
-208	52	648	720
-269	28	654	720
-264	39	638	720
-252	13	658	720
-257	39	644	720
-160	24	666	720
-103	22	672	720
-107	33	685	720
-62	26	696	720
-21	2	699	720
-61	-2	715	720
-136	-13	733	720
-101	18	730	720
-70	14	723	720
18	-8	739	720
68	-31	763	720
81	-19	761	720
48	-45	738	720
78	-31	705	720
32	10	695	720
6	6	694	720
32	-6	687	720
11	28	684	720
-149	19	697	720
-63	21	697	720
-46	12	694	720
11	17	693	720
103	-18	699	720
64	19	711	720
-54	17	694	720
3	1	697	720
75	-15	713	720
50	8	722	720
33	-6	715	720
-35	15	688	720
18	11	699	720
-66	31	695	720
-102	17	684	720
-125	46	645	720
-114	29	628	720
-76	25	619	720
-48	16	630	720
-136	18	630	720
-85	25	627	720
-79	29	619	720
-95	12	617	720
-69	-18	623	720
-39	-60	623	720
-17	-98	620	720
55	-92	643	720
-1	-77	645	720
37	-68	669	720
75	-53	694	720
-33	-40	700	720
50	-51	719	720
82	-37	747	720
159	-1	758	720
40	-15	775	720
105	-45	771	720
158	-68	798	720
196	-92	831	720
86	-85	840	720
125	-78	855	720
205	-68	887	720
266	-7	916	720
355	-15	937	720
281	-12	964	720
361	18	983	720
249	18	987	720
259	-16	994	720
355	-26	1005	720
368	-5	1017	720
269	-43	1028	720
98	-15	1026	720
110	3	1047	720
183	-24	1054	720
261	-13	1059	720
277	8	1067	720
162	-13	1077	720
170	6	1112	720
206	-13	1123	720
151	3	1132	720
161	-10	1135	720
149	-25	1122	720
128	-28	1137	720
115	-28	1116	720
110	-31	1097	720
67	-50	1083	720
138	-36	1046	720
153	-50	1039	720
128	-47	1028	720
121	-42	1025	720
56	-26	1025	720
31	-23	1010	720
78	-58	996	720
80	-42	982	720
114	-55	972	720
105	-37	963	720
159	-55	951	720
154	-63	946	720
155	-71	943	720
193	-105	925	720
172	-79	910	720
130	-87	902	720
8	-59	867	720
68	-96	876	720
104	-108	854	720
158	-89	865	720
161	-89	883	720
176	-86	888	720
180	-114	885	720
145	-69	885	720
97	-59	886	720
65	-51	884	720
89	-56	887	720
91	-74	883	720
89	-61	886	720
109	-74	876	720
109	-94	842	720
128	-113	847	720
99	-103	831	720
172	-118	828	720
176	-101	834	720
196	-86	847	720
241	-111	860	720
247	-94	877	720
252	-99	897	720
-106	-88	905	720
-1	-78	908	720
156	-86	918	720
221	-65	928	720
186	-76	945	720
105	-71	939	720
213	-78	956	720
177	-52	971	720
314	-68	971	720
332	-71	963	720
140	-39	975	720
209	-18	996	720
222	-7	1008	720
246	5	1046	720
206	-16	1061	720
89	-27	1059	720
114	-27	1071	720
97	3	1071	720
107	-35	1071	720
18	-2	1077	720
175	-13	1088	720
176	-50	1097	720
233	-47	1126	720
187	-41	1111	720
272	-10	1108	720
177	7	1120	720
182	-21	1121	720
226	-27	1120	720
283	-10	1127	720
262	1	1123	720
181	-30	1118	720
222	-27	1127	720
266	-10	1137	720
278	10	1130	720
255	-7	1118	720
232	-27	1108	720
216	-18	1120	720
165	1	1129	720
192	-15	1138	720
190	-24	1135	720
187	-24	1136	720
203	-1	1133	720
175	18	1151	720
212	-54	1142	720
165	-42	1129	720
206	-30	1123	720
171	-33	1124	720
207	-36	1120	720
185	-22	1123	720
265	-45	1130	720
182	-28	1133	720
276	-22	1129	720
151	-5	1119	720
156	-42	1126	720
261	-25	1145	720
168	-10	1149	720
220	-36	1144	720
117	-25	1132	720
235	-30	1122	720
168	-39	1104	720
305	-33	1115	720
156	-22	1107	720
119	-22	1119	720
282	-10	1130	720
200	20	1139	720
124	12	1143	720
106	-11	1128	720
148	-16	1113	720
109	-36	1083	720
179	-14	1089	720
242	13	1109	720
165	16	1117	720
45	22	1109	720
91	33	1103	720
109	31	1114	720
134	22	1114	720
185	-6	1093	720
186	58	1102	720
247	30	1100	720
203	27	1118	720
178	24	1118	720
148	24	1125	720
83	67	1129	720
79	27	1125	720
115	36	1116	720
134	10	1116	720
189	27	1099	720
230	75	1106	720
227	90	1130	720
172	29	1134	720
160	67	1144	720
144	14	1138	720
153	3	1112	720
149	51	1107	720
156	23	1085	720
129	51	1097	720
173	0	1063	720
197	70	1074	720
239	39	1056	720
312	22	1032	720
236	49	1027	720
285	30	1000	720
309	36	998	720
315	-1	1005	720
329	-25	970	720
390	0	948	720
407	-22	919	720
404	-12	888	720
362	-2	875	720
310	-24	857	720
372	-24	826	720
351	-22	838	720
445	-17	830	720
370	-24	832	720
404	6	848	720
457	-5	855	720
372	-10	856	720
349	-30	870	720
292	-25	881	720
284	-25	905	720
228	-7	935	720
254	-33	955	720
252	-12	973	720
259	-28	996	720
275	-14	1003	720
272	-25	1020	720
252	-25	1017	720
249	-20	1021	720
292	-30	1038	720
272	-36	1043	720
249	-11	1060	720
229	-39	1066	720
212	-28	1067	720
227	-39	1084	720
228	-45	1094	720
202	-59	1093	720
200	-39	1083	720
235	-45	1078	720
198	-19	1063	720
231	-50	1072	720
213	-25	1059	720
253	-53	1059	720
229	-19	1045	720
322	-27	1040	720
256	-38	1037	720
292	-14	1021	720
311	-36	1041	720
299	-19	1036	720
341	-33	1038	720
295	-52	1056	720
286	-19	1035	720
316	-57	1036	720
330	-21	1020	720
274	-40	1015	720
193	-57	1018	720
263	-24	1035	720
229	-21	1033	720
258	-19	1050	720
246	-24	1027	720
242	-41	1039	720
264	-30	1042	720
237	-30	1034	720
282	-8	1034	720
260	21	1049	720
244	-27	1051	720
219	-22	1037	720
309	-5	1026	720
324	-32	1004	720
308	-65	1019	720
310	-76	1018	720
321	-54	1026	720
294	-59	1020	720
324	-51	1013	720
334	-62	1006	720
319	-27	1001	720
354	-43	1004	720
313	-32	1016	720
329	-62	1024	720
326	-13	1006	720
327	-27	1001	720
328	-40	992	720
330	-45	996	720
313	-19	996	720
330	-3	993	720
346	-19	995	720
304	-21	992	720
285	-45	981	720
330	0	983	720
379	-8	978	720
349	-53	979	720
371	-16	986	720
342	-27	998	720
359	-27	994	720
354	-29	986	720
338	-21	984	720
361	-29	995	720
376	-51	995	720
314	-29	994	720
357	-46	996	720
331	-13	993	720
313	-37	1010	720
336	-48	1015	720
299	-21	1018	720
314	-37	1008	720
326	-46	1014	720
315	-27	1006	720
333	-35	1007	720
345	-48	1007	720
307	-16	984	720
281	-16	972	720
276	-21	995	720
278	-18	1004	720
267	-26	1009	720
227	-13	1011	720
209	-35	1023	720
242	-54	1047	720
283	-4	1038	720
316	-20	1041	720
248	-37	1042	720
224	-26	1037	720
245	-40	1055	720
218	-9	1040	720
246	-20	1059	720
212	-42	1052	720
213	-48	1070	720
217	-23	1076	720
192	-37	1063	720
205	-40	1057	720
249	-17	1067	720
253	-1	1051	720
202	12	1051	720
212	-15	1056	720
245	-20	1060	720
228	-23	1053	720
218	-17	1043	720
237	-37	1058	720
214	-17	1057	720
208	-53	1072	720
227	-20	1082	720
206	-31	1077	720
160	-8	1082	720
184	-37	1083	720
210	-20	1080	720
224	-11	1083	720
207	0	1059	720
258	-22	1054	720
208	-14	1020	720
174	-44	1020	720
203	-25	1035	720
247	-36	1044	720
233	-5	1038	720
227	-14	1041	720
268	-33	1051	720
280	-47	1063	720
206	-22	1059	720
250	-55	1080	720
251	-13	1098	720
263	-4	1094	720
231	-27	1082	720
221	0	1077	720
218	-5	1053	720
256	0	1052	720
233	8	1035	720
231	11	1021	720
332	-21	1014	720
281	-37	1029	720
328	-37	1032	720
268	-26	1036	720
267	-29	1038	720
246	-23	1037	720
254	-29	1026	720
287	-29	1027	720
332	-15	1023	720
339	-18	1019	720
315	8	1002	720
268	0	1014	720
263	-26	1028	720
213	-26	1032	720
257	-23	1026	720
299	-20	1007	720
267	-42	1027	720
296	-12	1007	720
282	6	1018	720
203	14	1001	720
218	1	1011	720
238	-9	1029	720
234	-23	992	720
340	-25	993	720
365	-23	992	720
333	-31	984	720
265	-65	973	720
269	-10	966	720
277	-28	971	720
305	-44	973	720
321	-44	973	720
242	-60	975	720
260	-47	984	720
329	-47	965	720
304	-78	975	720
288	-52	974	720
299	-39	980	720
279	-23	996	720
219	-52	986	720
259	-20	997	720
291	-39	991	720
263	-18	1003	720
280	-23	1013	720
228	-39	1018	720
226	-39	1017	720
249	-47	1014	720
216	-17	1017	720
295	-42	1032	720
198	-23	1049	720
241	-9	1052	720
204	-31	1021	720
282	-42	1044	720
245	-6	1036	720
224	-25	1034	720
195	-50	1052	720
217	0	1052	720
227	10	1071	720
195	-17	1074	720
205	-31	1085	720
207	-20	1057	720
200	-34	1076	720
215	-39	1076	720
193	-25	1070	720
189	-17	1056	720
190	2	1055	720
181	-6	1061	720
198	-25	1048	720
206	7	1028	720
230	-22	1029	720
268	-49	1028	720
263	-25	1027	720
275	-19	1032	720
237	-44	1020	720
242	-22	1015	720
249	-11	1012	720
281	-36	1035	720
333	-39	1024	720
222	-11	1017	720
182	-6	1016	720
219	0	1017	720
165	9	1002	720
174	0	973	720
184	-19	957	720
204	-16	944	720
250	-14	950	720
341	-37	952	720
421	-53	948	720
435	-32	957	720
376	-22	959	720
357	-43	949	720
432	-45	951	720
378	-19	965	720
281	-19	949	720
256	-29	909	720
272	-19	924	720
277	-14	950	720
251	-17	950	720
301	-32	979	720
284	-24	987	720
292	1	998	720
247	-17	985	720
188	-22	977	720
239	-25	974	720
324	-9	974	720
317	-11	988	720
260	-17	998	720
298	-30	982	720
320	-19	992	720
242	-14	1012	720
318	-9	1015	720
169	-22	1025	720
180	-14	1014	720
188	-17	1003	720
204	-38	944	720
249	-23	953	720
309	-25	975	720
224	-17	954	720
201	-9	931	720
210	-38	939	720
258	-51	958	720
311	-25	962	720
280	-25	950	720
271	-22	931	720
294	-30	917	720
353	-22	937	720
409	-32	949	720
400	-30	956	720
438	-22	971	720
457	-40	970	720
453	-40	977	720
332	-22	978	720
383	-14	955	720
305	-43	954	720
330	-53	936	720
330	-53	930	720
324	-48	948	720
336	-35	961	720
368	-32	969	720
301	-17	951	720
306	6	884	720
311	-23	884	720
279	-61	857	720
292	-21	856	720
276	25	784	720
237	-14	773	720
76	-52	728	720
82	-81	715	720
72	-106	686	720
84	-51	706	720
53	-53	682	720
40	-66	675	720
71	-40	691	720
46	-69	670	720
-10	-69	683	720
-16	-87	665	720
11	-32	686	720
52	-17	701	720
16	-37	689	720
-2	-48	678	720
30	-13	692	720
35	-42	669	720
80	-29	675	720
71	-57	666	720
74	-24	683	720
85	-66	656	720
111	-34	677	720
70	-56	675	720
37	-62	667	720
16	-69	656	720
32	-47	676	720
15	-89	662	720
9	-87	653	720
16	-97	635	720
64	-66	654	720
59	-76	645	720
36	-96	637	720
37	-113	630	720
22	-100	630	720
-1	-79	633	720
26	-47	657	720
-6	-69	663	720
-13	-95	650	720
29	-50	668	720
45	-23	688	720
89	-15	715	720
76	-48	695	720
94	-33	707	720
87	-64	686	720
84	-93	662	720
67	-56	661	720
91	-28	682	720
64	-50	683	720
74	-48	712	720
118	-34	723	720
72	-66	718	720
67	-104	697	720
27	-71	685	720
103	-47	709	720
161	-35	740	720
216	-38	758	720
252	-56	753	720
183	-52	746	720
163	-72	735	720
151	-70	706	720
188	-48	734	720
172	-77	711	720
165	-86	694	720
191	-49	714	720
187	-87	703	720
164	-71	691	720
210	-42	722	720
198	-51	706	720
244	-49	734	720
247	-49	725	720
272	-63	714	720
341	-16	740	720
340	-4	749	720
396	4	771	720
399	-21	789	720
403	-14	810	720
381	-30	815	720
360	-50	785	720
363	-76	750	720
300	-25	755	720
319	-11	734	720
332	-9	727	720
384	-25	723	720
405	-40	740	720
411	-45	764	720
418	-87	742	720
462	-50	727	720
451	-82	698	720
371	-62	727	720
396	-103	733	720
432	-80	716	720
461	-53	716	720
402	-53	741	720
440	-60	738	720
477	-62	743	720
485	-69	746	720
523	-39	770	720
524	-18	764	720
482	-11	754	720
378	-9	767	720
465	-14	788	720
421	-6	804	720
352	-9	825	720
414	-9	852	720
335	-26	874	720
290	-34	897	720
379	-51	902	720
364	-66	904	720
384	-61	879	720
376	-86	851	720
404	-67	833	720
407	-59	804	720
496	-28	797	720
482	-21	774	720
547	0	765	720
559	-19	745	720
534	-26	723	720
555	-30	713	720
569	-6	707	720
585	38	653	720
606	43	666	720
595	25	674	720
564	8	655	720
340	16	652	720
246	31	682	720
-29	36	707	720
-108	60	691	720
-146	47	679	720
-177	34	663	720
-214	45	667	720
-191	56	682	720
-202	69	673	720
-158	69	686	720
-122	60	696	720
-171	64	689	720
-210	45	673	720
-230	34	657	720
-259	60	632	720
-306	83	650	720
-277	87	662	720
-301	81	662	720
-324	91	649	720
-334	89	669	720
-333	96	666	720
-338	96	676	720
-339	89	678	720
-345	91	690	720
-340	89	681	720
-333	59	667	720
-344	52	688	720
-339	34	678	720
-287	39	693	720
-287	32	674	720
-285	52	675	720
-274	45	650	720
-324	49	648	720
-325	69	650	720
-320	73	640	720
-321	73	642	720
-319	62	643	720
-316	20	645	720
-314	35	658	720
-292	32	644	720
-288	41	650	720
-315	97	630	720
-306	124	612	720
-312	124	624	720
-307	158	614	720
-310	112	646	720
-330	136	661	720
-327	138	685	720
-321	153	669	720
-326	125	674	720
-321	125	678	720
-300	96	693	720
-304	70	701	720
-235	10	700	720
-216	-29	702	720
-218	-3	697	720
-225	28	693	720
-205	21	689	720
-352	45	705	720
-324	12	715	720
-349	25	720	720
-359	48	719	720
-347	77	694	720
-267	8	693	720
-186	-31	692	720
-126	-81	668	720
-77	-88	675	720
-94	-90	678	720
-115	-51	664	720
-116	-83	657	720
-120	-66	656	720
-130	-72	646	720
-118	-83	630	720
-128	-75	638	720
-195	-49	635	720
-176	-77	641	720
-168	-87	637	720
-149	-70	634	720
-141	-83	618	720
-150	-89	614	720
-188	-106	620	720
-176	-138	608	720
-152	-117	594	720
-151	-105	594	720
-156	-80	596	720
-81	-90	628	720
16	-90	656	720
19	-66	646	720
87	-73	643	720
120	-81	649	720
198	-47	664	720
208	-47	654	720
249	-26	644	720
250	-17	643	720
178	-43	669	720
232	-51	692	720
260	-54	684	720
334	-27	710	720
316	-25	691	720
363	-3	694	720
458	23	707	720
478	-14	731	720
453	8	704	720
433	14	690	720
445	-5	675	720
436	1	657	720
422	14	659	720
388	44	663	720
398	48	661	720
390	35	651	720
261	44	636	720
346	75	645	720
187	75	656	720
172	71	662	720
206	53	659	720
225	60	655	720
328	77	677	720
343	75	673	720
314	68	678	720
348	55	689	720
358	33	699	720
407	51	713	720
446	26	706	720
430	22	703	720
415	44	689	720
425	15	681	720
454	15	677	720
448	50	683	720
399	37	662	720
423	20	671	720
313	33	671	720
295	70	688	720
336	39	676	720
293	59	693	720
327	19	686	720
299	17	711	720
336	3	715	720
187	-14	704	720
199	-7	699	720
305	23	722	720
349	-12	721	720
374	-12	706	720
392	-25	688	720
399	-59	665	720
433	-17	670	720
446	-48	653	720
332	-48	682	720
362	-65	683	720
371	-63	675	720
382	-87	656	720
424	-46	633	720
483	-40	663	720
523	-12	687	720
485	-32	698	720
432	-34	674	720
432	-40	674	720
317	-45	698	720
331	-51	692	720
356	-56	707	720
418	-7	710	720
425	13	686	720
444	-19	683	720
414	-77	672	720
461	-57	692	720
497	-61	692	720
506	-42	682	720
532	-20	714	720
564	-20	735	720
515	-22	724	720
482	-8	718	720
454	-17	705	720
424	-15	702	720
411	2	699	720
437	-44	722	720
438	-55	715	720
454	-55	706	720
458	-53	710	720
417	-60	708	720
405	-82	709	720
384	-53	692	720
407	-44	696	720
448	-17	717	720
432	-38	712	720
429	-27	681	720
411	-57	687	720
315	-29	688	720
199	-13	693	720
254	-37	680	720
294	-29	661	720
219	-40	689	720
269	-20	681	720
279	-28	684	720
291	-35	667	720
298	-63	649	720
299	-80	639	720
302	-29	616	720
296	-6	628	720
339	-4	619	720
248	3	643	720
310	-9	648	720
250	16	646	720
275	-11	673	709
206	-12	658	720
136	3	657	720
188	3	648	720
160	45	652	720
59	41	672	720
129	19	698	720
209	8	691	720
112	-2	705	720
169	11	695	720
225	-17	701	720
284	2	685	720
221	-4	695	720
291	-24	683	720
347	-11	674	720
266	-19	659	720
314	14	671	720
358	3	667	720
164	21	683	720
266	1	694	720
330	-3	695	720
143	1	716	720
269	1	704	720
321	3	711	720
112	19	736	720
212	1	737	720
253	-8	724	720
331	-1	721	720
391	14	732	720
410	-28	744	720
449	-21	759	720
458	-28	741	720
479	10	767	720
474	3	787	720
490	24	797	720
504	10	793	720
469	3	774	720
468	-1	784	720
416	-1	797	720
449	-18	826	720
522	-23	839	720
524	-37	841	720
560	-8	847	720
519	-13	850	720
545	-33	858	720
525	-25	849	720
538	-1	841	720
533	13	826	720
553	18	825	720
512	23	831	720
423	-15	832	720
476	-39	838	720
498	-30	832	720
510	-42	832	720
507	-37	844	720
486	-32	857	720
523	-34	865	720
522	-17	878	720
452	-15	880	720
524	-7	877	720
524	-15	878	720
570	-20	871	720
572	-20	871	720
573	-2	874	720
537	0	875	720
510	0	865	720
407	-2	851	720
416	-24	843	720
491	-10	854	720
491	-7	860	720
517	0	872	720
523	-25	895	720
514	-14	893	720
548	12	920	720
495	17	919	720
432	17	920	720
465	25	940	720
532	35	947	720
527	4	952	720
464	20	968	720
495	23	968	720
528	17	955	720
339	33	939	720
306	-10	930	720
375	-20	942	720
510	-2	958	720
498	5	950	720
531	0	962	720
467	0	964	720
472	-31	971	720
432	0	964	720
449	-15	967	720
405	15	968	720
441	52	974	720
492	13	951	720
446	15	927	720
455	-2	910	720
450	2	924	720
453	-2	928	720
484	-17	923	720
456	36	937	720
421	51	948	720
448	28	955	720
385	25	965	720
352	12	961	720
452	20	938	720
450	15	943	720
379	28	948	720
390	9	955	720
488	9	968	720
435	38	966	720
425	65	968	720
401	20	952	720
421	56	967	720
448	1	959	720
399	-1	967	720
437	1	969	720
416	-3	977	720
392	-6	989	720
407	-9	1001	720
436	-14	1002	720
416	-3	982	720
441	-8	979	720
373	12	969	720
361	14	954	720
379	1	942	720
448	0	939	720
428	14	943	720
485	4	949	720
438	-3	944	720
430	12	943	720
417	-6	927	720
364	1	947	720
356	-13	951	720
315	-21	963	720
332	-32	972	720
359	4	979	720
345	10	980	720
330	12	991	720
309	18	999	720
274	18	1019	720
226	20	1016	720
285	39	1033	720
320	6	1055	720
270	-4	1065	720
218	54	1077	720
198	34	1056	720
219	12	1042	720
259	31	1051	720
125	56	1050	720
243	23	1052	720
278	4	1047	720
229	39	1049	720
217	37	1047	720
228	15	1058	720
236	12	1053	720
245	4	1029	720
280	47	1030	720
271	36	1036	720
240	45	1025	720
203	36	1019	720
313	50	1021	720
240	39	1020	720
196	50	1015	720
221	31	1020	720
188	23	1020	720
262	4	1024	720
228	-1	1006	720
176	15	985	720
177	1	973	720
172	-30	962	720
194	-22	961	720
114	-27	936	720
182	-4	935	720
153	-11	905	720
180	-11	886	720
185	-11	871	720
189	-6	858	720
220	7	860	720
185	-34	860	720
275	7	886	720
229	0	896	720
308	5	921	720
278	13	939	720
288	18	961	720
251	36	959	720
238	23	977	720
225	15	1001	720
219	21	1011	720
217	10	1024	720
175	18	1031	720
301	2	1057	720
279	29	1045	720
252	15	1069	720
262	-6	1070	720
227	4	1070	720
227	-3	1082	720
272	-14	1070	720
236	-14	1074	720
188	-31	1066	720
190	-6	1066	720
216	43	1067	720
179	10	1060	720
286	18	1064	720
298	29	1062	720
224	29	1053	720
283	21	1061	720
291	10	1039	720
218	-6	1046	720
224	21	1053	720
207	15	1058	720
263	0	1024	720
276	31	1016	720
221	39	1012	720
188	56	1037	720
297	45	1060	720
268	20	1057	720
290	56	1039	720
289	39	1040	720
360	6	1030	720
311	4	991	720
313	1	973	720
281	17	968	720
275	-14	927	720
302	1	929	720
273	26	920	720
301	11	894	720
383	11	872	720
371	8	877	720
359	16	896	720
289	24	914	720
305	18	877	720
296	11	855	720
304	11	879	720
344	31	899	720
318	8	860	720
316	1	873	720
310	8	885	720
334	1	908	720
339	-47	867	720
343	-64	845	720
323	-27	805	720
309	-32	785	720
320	-67	763	720
349	-30	781	720
313	-40	764	720
297	-77	734	720
277	-45	734	720
300	-22	759	720
302	-36	734	720
290	-41	720	720
276	-36	716	720
262	-54	726	720
188	-59	711	720
144	-48	706	720
107	-50	682	720
33	-28	697	720
56	-43	692	720
53	-43	688	720
97	-15	701	720
52	-30	702	720
97	-6	720	720
113	-1	742	720
133	-6	766	720
172	19	785	720
111	-13	770	720
148	-4	791	720
155	-1	804	720
87	-35	797	720
106	-30	798	720
116	-30	731	720
106	-82	705	720
83	-71	697	720
122	-20	725	720
154	1	751	720
155	11	764	720
107	53	735	720
85	2	724	720
120	9	749	720
97	-20	748	720
121	-15	775	720
144	7	789	720
138	12	815	720
141	-6	838	720
192	-1	859	720
201	-26	850	720
235	-9	861	720
189	25	884	720
199	0	884	720
226	0	880	720
236	-4	906	720
205	-9	915	720
210	5	912	720
217	-25	913	720
272	-9	925	720
250	8	934	720
262	8	934	720
330	28	944	720
300	13	941	720
308	-28	936	720
333	-25	953	720
323	-17	963	720
255	-20	961	720
242	-20	961	720
261	-15	967	720
293	-31	964	720
279	-2	957	720
291	13	952	720
302	-17	916	720
286	-28	923	720
272	-7	872	720
182	0	859	720
157	-17	830	720
118	-29	809	720
-96	-22	784	720
-87	-24	765	720
-71	-26	742	720
-74	-47	721	720
-7	-2	735	720
-21	-18	723	720
-42	-16	724	720
16	-13	756	720
-28	-16	749	720
-35	-16	740	720
-77	-4	750	720
-92	-20	729	720
-122	-34	716	720
-145	-18	708	720
-162	-23	699	720
-228	-14	710	720
-264	-18	718	720
-297	0	709	720
-358	17	723	720
-367	19	735	720
-380	33	761	720
-384	21	768	720
-382	21	765	720
-384	16	768	720
-347	35	774	720
-368	37	769	720
-371	49	743	720
-364	15	729	720
-374	1	748	720
-368	-3	736	720
-368	-3	736	720
-384	1	768	720
-383	-7	766	720
-381	1	762	720
-386	15	772	720
-397	17	794	720
-380	24	802	720
-394	-10	789	720
-391	-18	783	720
-381	-22	762	720
-381	-4	762	720
-386	5	773	720
-401	21	802	720
-408	0	816	720
-402	16	805	720
-406	26	812	720
-401	24	802	720
-396	9	802	720
-398	14	797	720
-395	9	791	720
-383	16	791	720
-397	14	794	720
-399	31	798	720
-406	45	812	720
-402	33	804	720
-401	50	803	720
-400	50	801	720
-392	35	785	720
-351	35	801	720
-391	40	782	720
-392	59	785	720
-387	59	775	720
-389	47	779	720
-391	40	782	720
-384	47	769	720
-392	35	785	720
-390	50	781	720
-390	33	781	720
-376	43	785	720
-384	54	769	720
-385	45	771	720
-374	40	749	720
-376	52	753	720
-376	26	752	720
-386	22	772	720
-347	15	793	720
-396	36	793	720
-388	46	777	720
-385	34	771	720
-350	41	776	720
-382	25	773	720
-387	25	811	720
-338	10	810	720
-307	5	800	720
-245	15	809	720
-252	-6	795	720
-273	22	794	720
-291	17	797	720
-331	3	814	720
-347	10	795	720
-381	8	819	720
-379	0	806	720
-380	5	799	720
-358	-22	793	720
-373	-25	784	720
-391	-18	782	720
-389	-27	783	720
-353	-13	777	720
-311	-11	772	720
-300	-8	775	720
-292	-15	762	720
-282	-25	753	720
-303	-13	757	720
-277	-11	774	720
-265	-15	764	720
-310	-1	761	720
-275	2	776	720
-321	-9	816	720
-312	-30	778	720
-303	-21	779	720
-342	23	740	720
-315	-1	777	720
-279	-6	795	720
-287	-23	783	720
-311	-27	787	720
-285	-27	778	720
-188	-13	800	720
-230	71	760	720
-173	16	743	720
-131	2	761	720
-122	2	784	720
-92	-11	785	720
-52	-25	777	720
3	-56	772	720
49	-58	760	720
120	-23	761	720
134	-44	757	720
185	-49	776	720
148	-65	755	720
185	-49	770	720
200	-47	754	720
194	-49	723	720
98	-63	714	720
195	-38	737	720
259	-31	738	720
312	-42	750	720
432	-75	758	720
447	-59	788	720
242	-68	776	720
306	-61	770	720
352	-75	762	720
411	-77	774	720
459	-80	786	720
497	-39	723	720
559	-37	696	720
599	-35	708	720
606	-51	709	720
589	-51	710	720
614	-69	728	720
610	-50	741	720
616	-48	756	720
550	-46	762	720
593	-48	749	720
629	-39	751	720
640	-20	733	720
583	-27	733	720
578	-7	712	720
577	0	709	720
592	6	710	720
596	6	695	720
558	3	682	720
448	6	706	720
442	0	718	720
434	0	729	720
410	-7	736	720
357	-7	738	720
130	-18	724	720
48	-25	742	720
1	-39	736	720
-41	-43	731	720
-98	-25	713	720
-132	-3	705	720
-175	19	706	720
-167	27	697	720
-196	81	666	720
-196	66	667	720
-211	44	679	720
-233	57	672	720
-251	40	672	720
-242	42	680	720
-254	35	674	720
-280	26	670	720
-312	20	668	720
-273	35	682	720
-343	33	687	720
-323	15	695	720
-352	31	704	720
-358	15	717	720
-355	-2	711	720
-358	20	717	720
-366	13	732	720
-344	47	689	720
-335	20	671	720
-283	29	676	720
-286	47	681	720
-214	36	696	720
-214	16	682	720
-233	25	673	720
-262	9	678	720
-286	25	683	720
-221	22	697	720
-162	22	704	720
-131	7	704	720
-172	7	700	720
-178	-21	682	720
-195	-1	680	720
-197	0	671	720
-193	-19	645	720
-138	-12	660	720
-155	-23	646	720
-197	-17	649	720
-203	-21	631	720
-209	0	627	720
-306	39	612	720
-291	39	604	720
-207	67	639	719
-332	68	664	720
-264	49	681	720
-146	18	708	720
56	5	767	701
215	-7	786	705
321	-73	798	717
241	-55	808	714
189	-25	839	716
267	-22	848	720
302	-19	872	720
179	-27	896	720
-2	-47	919	720
6	-37	931	720
116	-26	927	720
123	-16	939	720
133	-3	961	720
142	12	968	720
142	17	985	720
182	12	990	720
174	9	1005	720
166	1	1022	720
130	14	1040	720
109	9	1043	720
85	1	1058	720
111	-23	1055	720
88	-29	1058	720
66	-40	1056	720
97	-26	1068	720
52	-34	1074	720
-13	-34	1065	720
1	-34	1070	720
0	-26	1076	720
-64	-12	1067	720
22	-51	1088	720
113	-20	1103	720
122	-6	1123	720
221	33	1114	720
196	93	1139	720
230	82	1137	720
243	70	1127	720
248	53	1115	720
228	53	1094	720
231	50	1088	720
248	53	1052	720
261	58	1021	720
250	42	1005	720
240	48	993	720
214	18	927	720
236	-14	898	720
216	-14	847	720
163	-19	821	720
-61	4	801	720
-136	35	793	720
-116	13	762	720
-88	41	781	720
-124	34	759	720
-161	92	718	720
-209	140	691	720
-234	175	648	720
-217	119	658	720
-187	106	666	720
-230	124	662	720
-248	124	681	720
-240	108	713	720
-265	142	673	720
-286	166	653	720
-291	162	647	720
-335	145	671	720
-342	127	684	720
-273	109	710	720
-309	105	705	720
-298	121	720	720
-332	150	696	720
-354	150	708	720
-321	119	723	720
-306	116	720	720
-330	119	728	720
-319	112	697	720
-330	121	702	720
-346	112	692	720
-345	96	690	720
-306	92	706	720
-343	87	709	720
-352	76	705	720
-356	76	713	720
-351	92	703	720
-341	83	683	720
-352	112	705	720
-312	83	719	720
-316	80	708	720
-330	91	710	720
-342	83	702	720
-349	111	698	720
-329	98	702	720
-355	107	710	720
-322	69	698	720
-315	76	680	720
-231	62	696	720
-178	47	689	720
-180	73	683	720
-191	65	673	720
-179	69	676	720
-178	71	671	720
-151	84	677	720
-162	82	664	720
-121	78	681	720
-33	65	682	720
24	76	676	720
34	82	681	720
76	87	668	720
62	58	672	720
88	56	664	720
98	52	666	720
79	54	671	720
74	47	684	720
101	36	673	720
67	34	687	720
92	10	690	720
141	3	686	720
92	3	682	720
117	-5	683	720
157	-20	701	720
177	-7	718	720
166	10	713	720
203	8	712	720
176	-6	697	720
159	-35	674	720
180	-16	663	720
183	-5	656	720
170	-3	651	720
86	-5	638	720
168	18	639	720
190	7	643	720
148	-7	660	720
115	-5	682	720
56	-16	701	720
111	-38	681	720
154	-23	669	720
135	7	655	720
159	-3	645	720
112	4	673	720
169	4	673	720
193	4	665	720
149	-5	666	720
147	-1	666	720
167	-5	652	720
171	24	644	720
170	11	646	720
165	-3	656	720
167	-3	657	720
164	-12	654	720
158	-18	656	720
137	-35	639	720
150	-48	626	720
160	-40	614	720
128	-33	627	720
141	-69	609	720
165	-61	599	720
163	-18	607	720
159	-22	611	720
132	-26	624	720
133	-41	621	720
125	-22	617	720
19	-22	634	720
73	-22	642	720
120	-15	645	720
148	-9	645	720
218	-15	671	720
133	-22	691	720
192	-31	719	720
237	-20	742	720
208	-13	731	720
229	-4	754	720
251	-8	764	720
239	9	779	720
205	5	782	720
255	7	771	720
250	12	796	720
241	2	817	720
222	2	836	720
206	-16	850	720
221	-14	848	720
219	-1	870	720
276	-4	900	720
349	-7	933	720
284	-9	949	720
273	-9	965	720
219	-25	966	720
136	-28	981	720
164	-30	982	720
197	-43	972	720
305	-33	979	720
291	-30	975	720
221	-33	996	720
268	-81	985	720
281	-57	1001	720
277	-28	1008	720
341	-60	999	720
243	-25	1008	720
285	-47	1001	720
317	-28	985	720
361	-15	995	720
324	-15	1014	720
301	-33	1009	720
336	-50	995	720
308	-9	985	720
342	-7	980	720
284	-41	986	720
275	-20	997	720
314	-39	998	720
343	-41	981	720
383	-41	973	720
351	-28	978	720
340	-26	972	720
326	-26	981	720
283	-20	991	720
307	-18	995	720
318	-20	992	720
282	-18	970	720
242	-18	953	720
259	-33	965	720
296	-4	957	720
292	-25	968	720
319	-33	950	720
328	-12	950	720
281	-7	945	720
292	-46	942	720
297	-23	950	720
313	-15	967	720
298	-18	960	720
355	-7	974	720
340	0	986	720
345	-4	984	720
288	-39	974	720
299	-5	970	720
289	-5	967	720
274	-5	965	720
258	2	963	720
312	21	968	720
304	26	967	720
323	13	957	720
357	21	953	720
364	55	944	720
355	21	946	720
354	31	942	720
329	10	952	720
317	-28	960	720
371	-23	953	720
390	-23	962	720
371	-30	972	720
408	-30	972	720
388	-22	969	720
374	-17	977	720
400	-30	987	720
333	-17	976	720
273	0	970	720
308	-20	953	720
303	-9	953	720
304	-41	959	720
311	-7	955	720
350	24	956	720
355	0	955	720
350	11	965	720
330	21	962	720
342	42	945	720
282	32	954	720
283	37	938	720
325	29	962	720
277	53	948	720
258	37	936	720
242	19	956	720
231	43	970	720
251	72	995	720
267	21	1019	720
250	40	1025	720
290	51	1010	720
228	67	1010	720
205	51	1017	720
295	56	1022	720
310	40	1033	720
289	35	1031	720
352	54	1032	720
349	24	1027	720
308	10	1019	720
364	48	1005	720
282	48	1004	720
304	67	1009	720
343	61	1012	720
230	75	1026	720
278	23	1046	720
282	45	1046	720
337	37	1046	720
197	34	1056	720
252	37	1053	720
224	15	1041	720
297	15	1060	720
246	43	1051	720
236	48	1064	720
246	40	1082	720
271	20	1094	720
229	60	1076	720
145	9	1059	720
205	29	1078	720
114	93	1086	720
64	48	1073	720
96	17	1022	720
132	26	1036	720
117	28	1036	720
25	69	1034	720
126	45	1045	720
130	42	1046	720
206	42	1055	720
180	45	1061	720
213	23	1074	720
164	62	1059	720
128	42	1082	720
138	48	1068	720
150	51	1048	720
169	64	1017	720
116	54	1025	720
5	119	1028	720
-34	116	1048	720
55	45	1044	720
87	50	1039	720
78	34	1020	720
155	42	1017	720
52	63	1020	720
