743	201	70	162
730	218	74	161
726	235	77	166
725	224	79	171
721	219	84	176
717	217	89	180
720	201	94	187
678	215	99	193
686	190	106	202
680	181	111	214
632	181	119	223
632	174	127	236
633	163	142	238
634	144	156	243
638	131	166	246
640	124	179	242
587	128	186	251
521	130	205	247
532	134	211	253
546	139	213	261
551	152	212	273
555	135	221	283
550	125	228	292
479	139	236	298
480	148	233	315
482	100	234	330
498	106	243	326
430	102	240	335
444	124	232	354
440	148	232	364
438	139	237	376
445	96	242	381
450	122	246	388
370	131	249	398
354	162	259	403
311	194	270	407
229	264	298	398
162	297	321	394
68	314	340	380
14	338	342	376
-1	281	334	396
16	327	339	392
50	318	340	400
48	278	347	405
-11	308	349	404
-3	280	324	458
9	223	317	482
16	217	315	505
17	192	309	540
6	184	302	574
-2	169	304	601
-16	159	304	629
-32	158	308	658
-53	145	316	677
-70	120	326	697
-94	120	336	720
-122	133	347	720
-177	156	355	720
-178	153	357	720
-181	153	362	720
-183	164	366	720
-185	171	370	720
-186	171	372	720
-186	147	373	720
-188	159	377	720
-189	173	379	720
-189	186	378	720
-190	195	380	720
-190	215	380	720
-190	193	380	720
-190	192	381	720
-190	202	381	720
-189	193	379	720
-191	186	382	720
-191	163	383	720
-194	133	389	720
-194	132	388	720
-191	132	383	720
-193	128	386	720
-190	123	381	720
-191	142	383	720
-190	135	380	720
-188	125	376	720
-193	133	387	720
-196	108	393	720
-197	90	394	720
-196	89	393	720
-198	71	404	720
-199	96	399	720
-197	73	395	720
-196	89	392	720
-196	99	392	720
-194	85	389	720
-192	106	384	720
-192	130	384	720
-194	104	389	720
-194	134	389	720
-194	125	388	720
-192	142	384	720
-191	139	383	720
-190	135	381	720
-192	127	385	720
-195	128	391	720
-197	142	394	720
-198	147	397	720
-197	168	394	720
-195	160	390	720
-195	144	390	720
-195	180	391	720
-199	166	398	720
-201	196	403	720
-199	166	399	720
-200	135	401	720
-198	158	397	720
-197	144	395	720
-197	152	394	720
-196	171	393	720
-196	149	392	720
-199	120	399	720
-200	102	401	720
-202	94	404	720
-199	78	413	720
-201	87	403	720
-200	106	401	720
-201	83	403	720
-199	108	398	720
-200	158	400	720
-197	137	394	720
-199	125	399	720
-198	128	397	720
-197	144	394	720
-198	144	397	720
-201	141	402	720
-196	151	393	720
-195	151	390	720
-196	139	393	720
-197	123	395	720
-197	113	394	720
-193	141	387	720
-194	125	388	720
-194	122	388	720
-193	115	386	720
-191	134	382	720
-190	127	380	720
-189	135	379	720
-191	137	383	720
-192	141	384	720
-193	141	386	720
-193	132	387	720
-196	134	392	720
-195	135	391	720
-195	110	390	720
-196	142	392	720
-197	132	394	720
-196	115	392	720
-196	99	392	720
-194	116	388	720
-196	96	392	720
-197	99	394	720
-200	103	400	720
-200	122	400	720
-196	193	393	720
-196	188	392	720
-196	147	392	720
-195	145	390	720
-194	122	394	720
-197	131	394	720
-196	133	392	720
-195	122	391	720
-195	116	391	720
-194	122	388	720
-193	121	387	720
-193	128	387	720
-193	133	387	720
-193	128	386	720
-192	119	385	720
-192	105	385	720
-195	112	391	720
-192	102	384	720
-193	116	387	720
-194	122	388	720
-195	119	390	720
-197	117	395	720
-197	119	395	720
-198	95	397	720
-197	77	395	720
-196	83	393	720
-198	64	397	720
-198	71	406	720
-199	69	401	720
-201	81	403	720
-200	97	400	720
-200	111	401	720
-199	114	399	720
-200	105	400	720
-200	114	400	720
-199	104	402	720
-198	90	397	720
-195	124	390	720
-197	118	395	720
-198	135	396	720
-201	114	403	720
-201	119	402	720
-200	121	400	720
-199	177	398	720
-201	178	402	720
-201	173	402	720
-199	154	398	720
-197	164	394	720
-196	151	393	720
-199	126	399	720
-198	114	396	720
-198	142	397	720
-199	121	399	720
-197	130	394	720
-198	137	397	720
-196	119	392	720
-197	109	395	720
-198	133	396	720
-198	123	397	720
-197	118	395	720
-199	119	399	720
-198	111	397	720
-200	118	401	720
-198	97	397	720
-199	102	398	720
-198	107	396	720
-200	88	400	720
-201	93	402	720
-200	71	400	720
-197	109	395	720
-199	109	398	720
-202	92	404	720
-200	88	400	720
-198	100	397	720
-198	97	397	720
-199	85	398	720
-203	78	406	720
-200	85	401	720
-200	85	400	720
-196	64	407	720
-202	55	404	720
-202	60	404	720
-202	60	404	720
-200	66	400	720
-199	57	398	720
-196	57	392	720
-195	76	390	720
-197	83	395	720
-201	83	402	720
-200	83	401	720
-201	72	403	720
-199	112	398	720
-200	99	400	720
-198	74	396	720
-196	74	392	720
-197	93	395	720
-196	83	392	720
-199	71	398	720
-196	105	393	720
-198	105	397	720
-198	118	397	720
-201	149	402	720
-199	119	399	720
-201	102	402	720
-200	98	401	720
-200	93	400	720
-199	102	399	720
-200	102	400	720
-201	93	402	720
-200	97	400	720
-201	83	402	720
-201	84	402	720
-201	71	403	720
-197	69	395	720
-198	84	397	720
-197	83	395	720
-199	77	398	720
-201	93	403	720
-203	91	406	720
-205	88	411	720
-205	86	411	720
-204	102	409	720
-203	90	406	720
-201	88	402	720
-200	81	401	720
-199	88	398	720
-200	65	401	720
-198	62	397	720
-198	62	397	720
-199	84	399	720
-199	86	399	720
-200	91	401	720
-201	98	402	720
-198	105	397	720
-196	102	393	720
-199	128	399	720
-198	129	396	720
-195	119	391	720
-197	93	395	720
-199	91	398	720
-198	77	396	720
-197	90	395	720
-197	116	394	720
-200	103	401	720
-198	137	397	720
-198	145	397	720
-200	138	400	720
-197	133	395	720
-196	136	392	720
-195	126	391	720
-197	119	394	720
-196	133	392	720
-193	140	387	720
-193	131	386	720
-193	128	387	720
-194	107	395	720
-195	97	391	720
-198	99	396	720
-196	104	392	720
-196	85	392	720
-196	95	393	720
-197	95	394	720
-196	97	392	720
-196	123	392	720
-197	113	394	720
-196	118	392	720
-196	99	392	720
-195	116	391	720
-198	113	396	720
-198	118	397	720
-197	106	394	720
-195	97	391	720
-196	109	392	720
-196	107	392	720
-196	145	393	720
-195	142	390	720
-194	128	389	720
-195	131	391	720
-198	121	396	720
-197	121	395	720
-198	125	396	720
-198	125	396	720
-195	111	390	720
-194	109	388	720
-196	104	392	720
-200	100	400	720
-202	85	405	720
-200	67	401	720
-199	71	398	720
-198	74	396	720
-201	90	402	720
-200	72	400	720
-198	88	396	720
-196	98	393	720
-195	74	391	720
-195	73	390	720
-196	78	392	720
-195	81	390	720
-196	98	392	720
-197	105	395	720
-196	114	393	720
-195	128	390	720
-196	136	392	720
-194	128	389	720
-194	114	389	720
-192	128	384	720
-196	123	393	720
-197	136	394	720
-201	114	403	720
-199	107	398	720
-198	98	396	720
-198	97	396	720
-198	98	396	720
-197	95	395	720
-196	83	392	720
-196	100	393	720
-197	79	394	720
-197	65	395	720
-195	67	391	720
-195	60	390	720
-194	69	388	720
-192	62	385	720
-192	84	385	720
-193	93	386	720
-194	83	388	720
-196	89	392	720
-193	77	387	720
-194	84	389	720
-194	108	389	720
-194	110	389	720
-194	107	389	720
-200	81	400	720
-200	91	400	720
-200	95	401	720
-203	98	406	720
-201	77	402	720
-199	72	399	720
-199	77	398	720
-197	72	395	720
-199	63	398	720
-197	62	394	720
-199	67	398	720
-196	60	393	720
-197	63	395	720
-197	53	395	720
-199	58	398	720
-197	91	395	720
-199	101	398	720
-198	101	396	720
-196	89	392	720
-195	74	391	720
-196	88	393	720
-197	96	394	720
-196	79	392	720
-195	81	391	720
-195	74	391	720
-193	62	387	720
-197	62	394	720
-196	60	392	720
-194	88	388	720
-195	120	390	720
-194	117	389	720
-195	113	390	720
-193	77	387	720
-193	94	387	720
-196	130	393	720
-195	136	390	720
-194	134	388	720
-193	115	386	720
-192	103	385	720
-193	113	386	720
-194	142	388	720
-195	149	390	720
-194	156	388	720
-193	136	386	720
-193	132	386	720
-193	120	386	720
-195	125	391	720
-193	115	387	720
-192	105	384	720
-190	98	381	720
-191	91	383	720
-189	79	379	720
-188	79	377	720
-191	77	382	720
-190	77	380	720
-189	72	379	720
-192	67	384	720
-191	67	382	720
-189	69	379	720
-190	79	381	720
-192	94	384	720
-194	93	388	720
-195	87	391	720
-196	91	392	720
-195	77	391	720
-197	79	394	720
-199	72	399	720
-198	96	396	720
-196	88	393	720
-199	88	398	720
-200	72	401	720
-200	91	400	720
-201	89	403	720
-198	91	397	720
-198	88	396	720
-199	101	398	720
-197	114	395	720
-195	115	390	720
-196	117	392	720
-200	108	400	720
-198	96	396	720
-199	103	399	720
-200	117	401	720
-197	110	395	720
-200	88	401	720
-200	89	401	720
-201	86	402	720
-200	81	401	720
-200	81	401	720
-200	75	401	720
-203	70	406	720
-203	70	406	720
-200	88	401	720
-199	96	398	720
-197	95	395	720
-195	93	390	720
-195	79	390	720
-196	127	393	720
-198	138	397	720
-198	148	396	720
-196	122	393	720
-196	115	393	720
-197	115	395	720
-196	127	393	720
-198	143	397	720
-198	136	396	720
-200	143	401	720
-200	143	400	720
-200	136	401	720
-199	138	398	720
-198	132	396	720
-196	171	392	720
-195	143	390	720
-194	165	389	720
-193	162	387	720
-195	160	390	720
-198	164	396	720
-200	139	401	720
-200	120	401	720
-199	127	398	720
-198	112	397	720
-202	124	404	720
-202	136	404	720
-202	169	404	720
-201	181	403	720
-201	159	403	720
-199	155	399	720
-197	140	394	720
-195	150	390	720
-195	145	391	720
-196	148	393	720
-196	140	393	720
-197	146	395	720
-197	146	394	720
-196	141	392	720
-195	155	390	720
-196	158	392	720
-191	121	393	720
-198	134	396	720
-199	140	399	720
-200	126	401	720
-201	110	403	720
-200	112	401	720
-199	124	399	720
-200	112	400	720
-199	87	399	720
-198	82	396	720
-196	87	392	720
-196	81	392	720
-195	84	391	720
-199	81	398	720
-199	77	399	720
-196	107	393	720
-196	113	392	720
-200	100	401	720
-200	105	400	720
-198	89	396	720
-200	93	401	720
-200	96	400	720
-202	84	405	720
-200	86	401	720
-201	96	403	720
-201	82	402	720
-202	94	405	720
-204	98	408	720
-204	100	408	720
-202	79	405	720
-201	100	403	720
-204	115	408	720
-202	121	405	720
-205	135	410	720
-206	126	412	720
-205	128	410	720
-203	133	407	720
-202	121	404	720
-201	121	402	720
-201	119	402	720
-200	128	401	720
-200	112	400	720
-197	114	395	720
-198	146	396	720
-199	122	398	720
-201	133	403	720
-201	143	402	720
-202	150	405	720
-203	157	406	720
-200	162	400	720
-201	148	402	720
-199	134	398	720
-196	129	393	720
-197	133	394	720
-197	124	394	720
-200	126	401	720
-199	121	399	720
-200	138	400	720
-203	145	407	720
-202	145	404	720
-202	162	404	720
-202	147	405	720
-205	159	410	720
-207	152	415	720
-211	159	422	720
-209	150	419	720
-208	147	417	720
-205	124	411	720
-204	111	409	720
-204	143	408	720
-207	136	414	720
-207	155	415	720
-204	145	408	720
-203	153	406	720
-203	150	406	720
-200	167	401	720
-199	180	399	720
-201	181	402	720
-201	206	402	720
-200	225	400	720
-201	195	403	720
-205	190	411	720
-207	176	415	720
-205	165	410	720
-203	164	407	720
-201	192	403	720
-201	211	403	720
-204	223	408	720
-203	202	407	720
-203	209	407	720
-202	218	405	720
-200	214	400	720
-200	223	401	720
-198	228	396	720
-198	223	397	720
-201	200	403	720
-201	214	403	720
-204	216	409	720
-207	195	415	720
-207	190	415	720
-206	209	413	720
-209	178	418	720
-206	185	413	720
-206	206	412	720
-204	200	409	720
-205	211	411	720
-204	220	408	720
25	187	460	688
22	167	447	720
19	147	449	720
22	151	440	720
18	151	436	720
28	147	447	720
126	148	481	703
140	140	469	720
149	112	453	720
150	103	447	720
232	116	486	700
263	66	477	720
268	60	475	720
272	60	466	720
290	66	457	720
285	68	445	720
275	59	435	720
281	48	431	720
311	55	432	720
306	67	423	720
316	76	414	720
341	90	421	720
357	53	421	720
319	117	456	687
321	92	446	720
327	74	437	720
344	69	454	711
346	70	441	720
360	58	436	720
358	61	439	720
372	52	436	720
368	54	430	720
356	63	422	720
352	76	416	720
425	58	443	703
341	109	456	691
342	80	444	720
348	91	435	720
351	97	433	720
346	91	427	720
335	95	421	720
345	97	422	720
344	106	429	720
234	82	441	720
360	131	487	673
350	115	465	720
347	109	449	720
339	84	442	720
343	91	442	720
341	86	434	720
343	71	427	720
357	55	427	720
360	61	433	720
370	36	434	720
384	37	450	720
378	19	438	720
378	19	435	720
361	17	430	720
296	54	451	707
310	12	441	720
334	13	430	720
357	31	438	720
358	26	436	720
357	44	436	720
377	28	443	720
396	59	475	699
423	37	491	704
414	35	470	720
411	26	477	720
397	39	457	720
381	37	445	720
406	6	475	700
406	-3	459	720
394	-8	446	720
411	-26	446	720
439	-38	458	712
417	-13	445	720
411	-14	445	720
410	-25	446	720
390	-18	439	720
382	-11	435	720
374	-23	432	720
367	-13	435	720
351	6	431	720
367	-11	435	720
367	-25	433	720
267	-22	440	720
291	-29	425	720
316	-43	415	720
254	18	428	711
157	5	422	720
199	18	413	720
95	28	417	720
152	58	434	720
238	26	446	715
257	27	455	713
291	-7	459	719
307	-15	446	720
321	-4	444	720
303	-2	433	720
309	-13	424	720
291	17	418	720
298	20	414	720
284	34	418	720
275	31	416	720
248	4	418	720
218	-2	418	720
201	4	425	720
200	40	443	720
164	31	439	720
172	49	450	720
163	36	446	720
152	31	441	720
152	29	444	720
139	52	432	720
119	65	422	720
100	74	417	720
119	88	421	720
198	132	455	702
195	120	446	720
178	145	432	720
228	150	459	709
179	187	486	686
180	141	469	720
205	134	474	720
252	125	470	720
287	112	467	720
223	136	476	720
331	160	510	697
344	124	483	720
347	92	477	720
363	76	467	720
383	87	472	720
384	64	467	720
420	119	484	710
430	94	483	720
424	81	465	720
420	71	454	720
433	121	463	709
344	124	472	716
287	181	509	681
315	173	488	720
313	163	473	720
305	167	463	720
302	161	451	720
305	149	444	720
341	132	464	720
379	126	476	718
399	118	474	720
503	115	493	707
514	110	508	712
558	111	549	682
565	139	578	665
574	135	549	720
586	151	595	690
569	140	602	696
566	104	571	720
579	104	561	720
622	110	568	720
627	108	540	720
694	90	557	717
693	97	526	720
567	97	512	720
557	144	529	707
442	141	537	720
429	124	527	720
448	128	520	720
440	120	509	720
433	158	488	720
423	183	470	720
419	149	475	720
420	123	487	720
407	127	487	720
382	201	580	647
386	157	541	720
370	149	521	720
366	149	502	720
360	140	491	720
352	124	484	720
345	119	479	720
334	108	469	720
369	130	498	720
386	139	513	720
390	130	501	720
390	137	491	720
389	158	474	720
375	164	460	720
363	178	447	720
366	124	455	720
360	100	449	720
390	100	476	720
385	91	472	720
372	91	458	720
356	98	446	720
336	98	438	720
318	94	432	720
301	109	422	720
-4	132	409	720
-15	120	413	720
-44	224	413	720
-66	198	417	720
-95	196	412	720
-116	178	411	720
-141	201	406	720
-167	194	408	720
-185	187	406	720
-201	182	402	720
-203	144	414	720
-205	158	410	720
-207	160	415	720
-205	179	410	720
-204	177	408	720
-202	181	404	720
-205	156	411	720
-203	163	407	720
-203	155	407	720
-201	156	402	720
-202	158	404	720
-201	179	403	720
-202	191	404	720
-202	189	405	720
-202	205	405	720
-201	195	403	720
-201	193	402	720
-200	214	401	720
-204	207	408	720
-204	214	408	720
-203	228	407	720
-202	205	404	720
-201	212	403	720
-200	200	401	720
-201	195	403	720
-202	191	404	720
-201	186	403	720
-202	181	405	720
-201	170	403	720
-201	179	403	720
-201	174	403	720
-202	172	405	720
-203	176	406	720
-203	176	407	720
-204	158	409	720
-210	133	421	720
-209	116	419	720
-213	86	426	720
-214	70	429	720
-215	54	431	720
-216	37	432	720
-214	41	428	720
-212	29	425	720
-209	27	418	720
-209	37	418	720
-208	36	416	720
-205	57	411	720
-209	53	418	720
-211	44	423	720
-212	55	424	720
-214	62	428	720
-212	34	432	720
-217	37	435	720
-216	25	432	720
-217	7	434	720
-214	1	428	720
-213	-26	441	720
-204	-42	445	720
-221	-52	443	720
-217	-50	435	720
-215	-44	430	720
-216	-48	432	720
-218	-57	437	720
-218	-59	437	720
-216	-60	433	720
-215	-41	431	720
-216	-50	432	720
-216	-51	432	720
-213	-48	427	720
-211	-55	423	720
-211	-66	423	720
-207	-76	414	720
-206	-64	412	720
-205	-53	410	720
-206	-43	412	720
-207	65	428	718
-213	71	427	720
-209	32	430	720
-210	23	429	720
-214	7	428	720
-213	-14	426	720
-212	-15	424	720
-212	-21	425	720
-213	-37	427	720
-212	-37	425	720
-213	-51	427	720
-215	-62	430	720
-213	-74	427	720
-213	-74	426	720
-212	-60	424	720
-210	-63	421	720
-210	-58	421	720
-206	-51	412	720
-205	-69	411	720
-206	-86	412	720
-204	-100	409	720
-204	-100	409	720
-205	-102	410	720
-206	-88	412	720
-206	-79	413	720
-207	-72	415	720
-207	-77	414	720
-206	-65	412	720
-207	-67	414	720
-208	-67	417	720
-207	-51	414	720
-204	-63	416	720
-210	-69	421	720
-210	-77	421	720
-210	-83	421	720
-212	-90	424	720
-212	-104	425	720
-216	-122	432	720
-214	-106	429	720
-218	-118	436	720
-218	-107	437	720
-214	-79	428	720
-213	-72	427	720
-213	-70	426	720
-215	-75	430	720
-217	-77	434	720
-216	-79	433	720
-213	-63	427	720
-213	-57	426	720
-185	-91	442	720
-189	-109	454	720
-167	-126	471	720
-155	-127	477	720
-156	-131	472	720
-144	-131	474	720
135	-49	500	720
199	-83	497	720
272	-64	500	720
281	-103	483	720
294	-93	487	720
293	-101	476	720
297	-14	506	692
314	-69	506	715
302	-109	492	720
292	-98	482	720
213	-66	489	720
255	-94	494	720
282	-62	497	720
281	-121	483	720
266	-140	464	720
276	-132	460	720
274	-107	449	720
271	-116	447	720
247	-125	433	720
232	-105	435	720
212	-107	437	720
198	-85	439	720
121	-9	453	718
134	-22	440	720
143	-28	435	720
141	-31	421	720
157	-42	421	720
104	8	452	702
95	3	434	720
111	-30	431	720
196	-4	454	707
217	-28	444	720
277	-27	451	720
288	-51	462	715
309	-64	450	720
294	-78	454	720
290	-69	447	720
188	-78	442	720
204	-82	435	720
201	-75	427	720
215	-66	434	720
239	-62	438	720
263	-66	441	720
254	-88	436	720
230	-98	424	720
217	-97	417	720
204	-72	425	720
182	-77	415	720
185	-98	411	720
113	-68	419	720
106	-77	412	720
104	-95	405	720
104	-100	399	720
102	-86	392	720
105	-71	389	720
111	-76	387	720
105	-72	379	720
86	-59	373	720
118	-74	377	716
135	-71	377	720
169	-14	403	695
145	-44	393	720
142	-57	397	720
158	-42	398	720
153	-45	398	720
141	-63	405	720
136	-70	397	720
121	-78	392	720
106	-68	388	720
90	-68	390	720
92	-52	386	720
73	-68	387	720
88	-56	387	720
137	4	413	715
139	12	409	720
124	17	400	720
127	-25	404	720
139	-37	423	720
137	-32	416	720
164	12	439	704
146	-4	425	720
128	2	419	720
127	-11	424	720
123	1	428	720
199	81	491	677
222	51	481	710
193	35	462	720
163	34	455	720
207	89	512	679
173	50	495	720
156	48	472	720
124	48	458	720
96	35	464	720
119	-8	473	720
104	7	457	720
118	6	459	720
44	62	489	702
38	72	471	720
17	66	460	720
30	48	456	720
46	48	457	720
31	55	451	720
40	41	450	720
-44	87	489	704
-42	107	472	720
-55	116	465	720
3	66	487	720
7	68	481	720
15	98	480	720
33	100	472	720
21	117	463	720
32	95	470	720
19	97	457	720
13	97	457	720
3	108	443	720
82	102	485	691
106	71	489	720
84	71	470	720
73	47	483	720
58	51	468	720
60	29	465	720
4	56	480	720
4	49	472	720
-9	53	454	720
6	23	459	720
4	47	448	720
-1	60	436	720
-5	87	421	720
-1	55	413	720
-8	57	407	720
-3	51	404	720
5	44	420	720
11	23	411	720
3	50	408	720
0	46	401	720
35	23	405	720
63	13	412	720
79	9	422	720
68	11	409	720
67	38	400	720
-23	39	408	720
-17	38	403	720
-26	41	399	720
-17	25	395	720
11	27	403	720
3	10	399	720
17	8	401	720
4	24	399	720
37	41	406	720
30	41	389	720
15	31	382	720
22	29	385	720
31	44	394	720
-61	46	395	720
-53	46	392	720
-52	34	397	720
-63	41	398	720
-56	41	400	720
-62	43	396	720
-46	41	393	720
-53	50	387	720
-33	41	381	720
-45	24	380	720
-38	19	374	720
-53	32	369	720
-40	37	366	720
-46	53	362	720
-59	78	365	720
-67	84	368	720
-91	88	372	720
-103	94	376	720
-113	101	375	720
-123	125	374	720
-136	125	373	720
-144	137	372	720
-153	140	370	720
-178	169	369	720
-184	167	368	720
-185	186	371	720
-186	182	373	720
-186	186	373	720
-191	169	382	720
-192	167	385	720
-193	182	387	720
-193	195	387	720
-192	219	385	720
-194	255	388	720
-192	273	384	720
-190	277	381	720
-191	277	382	720
-194	239	392	720
-195	246	390	720
-194	232	388	720
-194	236	389	720
-192	241	384	720
-190	220	381	720
-191	222	382	720
-196	220	392	720
-197	203	395	720
-188	181	412	720
-178	161	419	720
-174	128	419	720
-165	107	426	720
-171	126	422	720
-189	139	420	720
-201	142	415	720
-204	160	409	720
-202	167	405	720
-205	170	411	720
-205	193	411	720
-204	183	409	720
-195	153	416	720
-196	153	421	720
-177	126	428	720
-164	99	436	720
-178	101	422	720
-166	71	421	720
-148	60	427	720
-150	48	428	720
-160	73	423	720
43	23	449	719
22	32	437	720
61	-19	452	720
88	-56	450	720
94	-61	442	720
85	-63	434	720
105	-95	437	720
156	-122	453	720
142	-102	434	720
213	-91	453	719
168	-32	477	700
194	-86	466	720
184	-62	471	720
189	-73	471	720
232	-22	497	718
264	0	512	720
243	-8	488	720
248	-40	472	720
247	-49	459	720
272	-93	453	720
272	-104	442	720
307	-119	459	720
322	-115	457	720
250	-84	469	720
364	-48	503	692
376	-107	484	720
391	-146	468	720
357	-66	464	720
418	-106	469	720
466	-53	475	717
438	-66	488	711
469	-89	477	720
397	4	507	700
378	15	489	720
479	-79	540	674
454	-72	549	671
464	-59	559	681
444	-79	563	694
461	-82	566	702
435	-117	570	709
440	-49	571	714
427	-60	537	720
417	-84	519	720
498	-15	522	720
522	0	541	716
518	-4	509	720
491	41	549	693
550	-8	555	710
551	-55	528	720
525	-37	561	697
530	-53	528	720
548	-33	512	720
465	-64	517	720
466	-99	503	720
525	-39	501	720
522	-15	540	689
591	-13	535	716
575	-24	515	720
607	-13	532	715
631	-35	543	714
599	-44	551	720
614	-42	533	720
606	-24	517	720
600	-61	541	706
633	-61	546	713
605	-54	519	720
577	-39	510	720
581	-35	501	720
646	-49	524	716
615	-30	507	720
613	-11	486	720
654	-38	513	709
661	-36	490	720
686	-51	500	719
601	18	545	674
602	-13	525	720
601	-32	542	716
602	3	559	712
623	-22	562	720
599	-24	546	720
605	-4	545	720
570	-16	561	713
574	-23	537	720
598	-3	552	714
597	-1	548	720
555	-7	573	719
587	-3	589	719
606	0	568	720
584	8	535	720
574	2	517	720
567	14	511	720
540	33	520	720
514	15	513	720
461	25	527	720
414	27	520	720
361	37	514	720
312	73	502	720
247	79	503	720
48	18	507	720
-50	5	504	720
-47	14	478	720
-28	37	460	720
-37	26	449	720
-47	7	434	720
12	57	470	682
28	17	477	673
50	53	515	639
17	65	503	667
-74	88	505	650
-70	38	473	707
-131	56	467	710
-75	18	466	720
-32	-9	472	720
-43	12	465	720
-42	20	448	720
-32	36	442	720
-71	90	471	685
-46	61	477	685
-79	108	504	659
-125	114	504	658
-35	120	527	645
-41	83	492	720
-50	78	469	720
13	61	476	720
26	40	478	720
54	27	477	720
43	20	456	720
2	31	445	720
-15	38	430	720
6	67	440	720
0	72	428	720
29	47	429	720
99	82	462	695
86	76	441	720
62	78	426	720
26	104	455	692
48	44	453	720
-9	59	476	697
-22	64	454	720
4	63	470	717
17	32	459	720
19	16	445	720
5	37	425	720
75	80	442	702
56	42	452	711
67	7	451	720
66	14	446	720
69	7	440	720
75	3	439	720
52	39	449	720
41	34	453	720
-54	64	460	718
-13	25	462	720
-8	35	460	720
-101	53	457	720
-91	29	452	720
-59	27	447	720
-64	31	444	720
47	69	496	675
-23	81	492	675
55	83	518	657
-21	96	532	637
-14	81	511	668
-17	41	486	710
101	71	539	660
69	78	549	649
34	39	525	690
19	45	496	720
22	26	494	720
29	50	488	720
26	48	482	720
33	17	476	720
-45	22	473	720
56	58	502	689
86	68	533	664
63	43	536	664
49	52	517	691
33	37	503	720
17	7	488	720
32	18	477	720
73	39	496	706
76	58	532	677
65	53	516	719
48	33	511	720
108	57	553	685
81	26	525	720
3	67	532	708
30	46	529	716
33	23	502	720
115	17	553	676
97	51	551	672
114	26	519	720
98	26	498	720
92	9	476	720
99	31	472	720
119	17	471	720
107	16	465	720
120	35	467	711
114	38	455	720
119	38	438	720
109	43	432	720
108	22	427	720
96	20	433	720
195	99	483	673
187	71	486	677
113	79	496	669
121	72	472	720
109	55	455	720
194	80	494	678
176	90	472	720
89	53	469	720
118	31	456	720
76	50	469	706
80	11	449	720
73	32	434	720
68	34	427	720
73	34	423	720
73	22	417	720
93	45	419	720
86	57	412	720
88	59	418	720
111	48	422	720
103	55	420	720
226	97	460	689
255	148	516	633
280	115	503	675
197	83	508	688
253	78	512	713
273	92	495	720
257	90	479	720
252	88	478	720
254	77	469	720
368	122	526	680
398	86	504	720
383	74	493	720
404	70	473	720
388	48	463	720
369	57	450	720
368	54	449	720
371	75	450	720
412	84	452	720
484	148	505	690
519	117	503	720
501	117	481	720
533	108	478	720
526	87	472	720
509	89	461	720
499	76	453	720
535	76	456	720
534	80	447	720
518	76	437	720
543	72	456	720
524	65	452	720
527	71	461	720
539	71	478	720
525	50	465	720
550	63	478	720
549	80	475	720
576	82	473	720
624	74	492	720
623	84	483	720
603	72	471	720
581	69	463	720
565	50	452	720
550	41	455	720
527	54	453	720
519	50	452	720
559	52	474	720
574	80	500	708
593	84	518	720
603	65	513	720
599	95	499	720
607	76	494	720
648	82	496	720
641	55	491	720
627	59	489	720
630	65	478	720
510	65	489	720
495	55	473	720
516	59	473	720
506	61	459	720
494	65	443	720
503	63	454	720
486	54	443	720
465	30	439	720
441	50	433	720
484	66	461	720
470	57	459	720
455	64	457	720
443	44	448	720
446	62	442	720
449	53	437	720
424	57	435	720
412	35	432	720
420	50	457	720
483	91	496	709
412	52	497	720
405	51	482	720
376	66	472	720
435	80	499	720
423	73	482	720
454	78	501	720
505	59	510	720
487	57	492	720
484	54	476	720
466	29	467	720
463	42	457	720
462	35	448	720
457	46	438	720
446	66	423	720
431	78	414	720
419	64	410	720
449	52	435	720
439	50	424	720
452	59	438	720
441	55	429	720
529	106	484	682
517	73	465	720
553	90	489	720
535	99	468	720
524	108	454	720
498	105	443	720
475	97	435	720
453	54	429	720
428	58	420	720
410	28	415	720
401	29	414	720
260	19	432	720
249	-5	424	720
239	0	416	720
224	17	407	720
210	10	403	720
245	18	431	720
230	27	418	720
216	47	405	720
206	35	406	720
206	17	414	720
192	5	409	720
181	26	401	720
172	19	401	720
163	22	397	720
192	22	420	720
180	33	409	720
172	38	401	720
168	31	408	720
157	33	401	720
174	25	430	717
168	24	417	720
155	28	408	720
143	40	403	720
133	30	400	720
124	31	397	720
115	33	407	720
109	26	410	720
120	24	426	720
112	33	413	720
106	23	405	720
95	35	398	720
80	47	393	720
85	26	411	720
67	28	402	720
58	16	398	720
45	19	391	720
33	16	393	720
60	13	421	720
60	-11	423	720
46	4	418	720
33	28	416	720
27	18	414	720
13	23	411	720
1	34	405	720
-12	34	399	720
-27	32	394	720
-37	34	390	720
-51	23	391	720
-66	34	390	720
-78	15	396	720
-82	3	408	720
-90	25	406	720
-108	34	405	720
-124	46	404	720
-148	55	410	720
-166	62	408	720
-187	78	404	720
-202	81	405	720
-202	83	405	720
-201	95	402	720
-201	104	402	720
-202	95	404	720
-201	99	403	720
-199	113	399	720
-200	120	401	720
-201	149	402	720
-200	168	400	720
-200	194	400	720
-200	198	401	720
-198	177	397	720
-196	184	393	720
-196	194	393	720
-196	217	392	720
-196	212	393	720
-198	194	396	720
-199	198	398	720
-198	222	396	720
-199	229	398	720
-198	239	397	720
-200	233	400	720
-199	246	398	720
-201	220	402	720
-200	231	400	720
-199	240	399	720
-197	229	394	720
-198	250	396	720
-199	243	399	720
-200	243	400	720
-198	264	396	720
-197	278	394	720
-197	283	394	720
-199	274	399	720
-202	276	419	720
-207	281	415	720
-206	287	412	720
-205	301	410	720
-203	311	406	720
-202	341	404	720
-201	360	403	720
-202	360	405	720
-202	356	405	720
-201	360	402	720
-199	360	398	720
-198	339	397	720
-196	325	392	720
-195	340	391	720
-194	360	389	720
-194	360	389	720
-196	358	393	720
-196	356	393	720
-197	354	394	720
-198	360	397	720
-196	360	393	720
-194	360	389	720
-194	360	389	720
-194	360	389	720
-197	360	394	720
-196	360	393	720
-195	360	391	720
-196	360	393	720
-194	358	389	720
-196	354	392	720
-197	354	395	720
-197	360	395	720
-194	360	389	720
-195	360	390	720
-196	360	392	720
-196	360	393	720
-195	360	390	720
-197	356	394	720
-197	332	395	720
-195	328	391	720
-194	346	388	720
-195	344	390	720
-196	310	392	720
-195	304	391	720
-193	315	387	720
-193	298	387	720
-191	325	383	720
-189	328	379	720
-188	315	377	720
-191	318	382	720
-190	281	381	720
-191	223	396	720
-199	228	399	720
-197	204	395	720
-198	205	397	720
-197	209	394	720
-197	205	394	720
-194	191	388	720
-199	162	401	720
-199	143	399	720
-199	150	399	720
-198	150	397	720
-198	160	396	720
-197	138	395	720
-198	162	396	720
-197	159	394	720
-197	128	395	720
-195	129	391	720
-195	109	390	720
-197	110	394	720
-198	103	397	720
-200	116	400	720
-199	126	399	720
-198	96	404	720
-202	119	404	720
-201	117	402	720
-200	116	401	720
-199	100	399	720
-199	97	398	720
-200	107	401	720
-202	109	404	720
-202	126	405	720
-198	123	397	720
-197	133	395	720
-195	154	391	720
-195	157	390	720
-196	113	406	720
-199	135	399	720
-200	149	400	720
-201	123	407	720
-203	141	406	720
-202	141	404	720
-199	106	409	720
-195	83	415	720
-206	88	412	720
-203	85	407	720
-200	83	401	720
-203	92	407	720
-201	95	403	720
-202	76	404	720
-203	78	406	720
-203	85	406	720
-200	64	400	720
-200	86	400	720
-202	64	405	720
-200	67	401	720
-200	71	401	720
-202	48	404	720
-203	22	406	720
-200	17	400	720
-201	29	402	720
-202	15	404	720
-204	3	408	720
-196	-5	411	720
-205	6	411	720
-205	-5	411	720
-203	-16	407	720
-202	-42	404	720
-200	-38	400	720
-189	-59	414	720
-194	-54	401	720
-193	-64	403	720
-184	-71	406	720
-179	-59	403	720
-181	-63	398	720
-185	-52	387	720
-192	-40	388	720
-193	-40	387	720
-193	-39	386	720
-192	-35	385	720
-193	-37	386	720
-192	-42	385	720
-190	-63	392	720
-184	-52	389	720
-181	-44	383	720
-187	-40	381	720
-189	-35	378	720
-190	-20	380	720
-191	-37	382	720
-191	-45	383	720
-192	-50	392	720
-187	-66	399	720
20	-21	421	720
24	-24	420	720
66	-19	432	720
145	-33	442	720
227	26	479	699
228	9	469	720
297	48	481	720
286	65	460	720
202	17	471	720
201	0	458	720
136	14	469	711
75	19	483	718
146	58	510	716
176	35	492	720
121	33	506	720
120	16	481	720
130	14	468	720
72	41	505	691
78	33	479	720
84	33	463	720
92	36	447	720
114	24	446	720
217	37	470	707
147	39	471	715
153	40	457	720
163	45	455	720
219	76	481	713
218	82	464	720
264	84	491	712
333	68	518	698
359	72	542	688
372	56	523	720
369	35	507	720
338	141	563	669
338	86	537	720
334	67	567	710
340	72	561	720
324	60	545	720
313	58	527	720
306	50	514	720
301	68	496	720
235	115	531	700
284	90	541	717
302	76	533	720
313	92	523	720
317	80	507	720
316	77	509	720
311	75	511	720
316	80	521	720
311	77	527	720
309	63	526	720
322	59	521	720
301	49	508	720
286	69	496	720
279	72	484	720
261	55	479	720
259	46	466	720
247	53	450	720
237	59	459	720
217	74	470	720
214	59	462	720
221	62	473	720
220	68	459	720
210	66	448	720
108	44	453	716
105	46	436	720
114	61	445	720
105	57	436	720
123	44	437	720
115	62	421	720
107	71	412	720
116	63	412	720
107	144	467	657
99	132	451	703
89	122	439	720
87	90	438	720
82	92	434	720
77	83	427	720
69	72	417	720
69	65	421	720
59	47	416	720
56	49	413	720
43	52	406	720
30	58	403	720
21	72	405	720
1	92	396	720
-6	70	397	720
-18	86	394	720
-89	100	414	705
-97	103	402	720
-103	86	397	720
-90	149	473	658
-93	113	448	719
53	169	525	643
51	137	491	716
49	127	477	720
36	118	462	720
34	96	451	720
27	111	439	720
22	120	428	720
14	121	423	720
4	150	422	720
23	135	450	700
23	125	437	720
15	121	431	720
3	120	423	720
0	113	420	720
31	140	465	675
13	125	441	720
-1	130	425	720
-21	127	415	720
-31	93	413	720
-42	95	407	720
-50	88	406	720
-57	83	399	720
-36	100	401	720
2	105	417	720
-9	134	409	720
-19	113	411	720
-8	81	416	720
-19	100	410	720
-32	127	403	720
-16	120	406	720
-28	134	401	720
-21	122	402	720
-32	137	396	720
-33	103	394	720
-46	115	389	720
-39	91	390	720
-14	78	419	708
-28	84	408	720
-35	82	401	720
-14	72	408	720
-25	82	401	720
-19	86	397	720
52	104	430	700
133	152	492	656
136	103	472	716
129	107	460	720
120	114	450	720
103	112	442	720
94	90	432	720
76	108	428	720
75	105	430	720
69	80	421	720
74	92	418	720
62	113	406	720
38	99	406	720
30	94	408	720
101	139	469	661
86	119	443	720
69	113	436	720
54	113	427	720
38	124	416	720
31	108	409	720
22	134	410	720
-7	159	468	663
-13	120	447	720
-31	120	436	720
-39	110	423	720
-52	124	414	720
-59	127	408	720
-66	103	404	720
-201	148	403	720
-203	157	406	720
-201	139	403	720
-201	124	402	720
-201	111	403	720
-200	125	400	720
-197	134	395	720
-196	164	392	720
-197	207	394	720
-195	234	391	720
-198	220	396	720
-195	238	391	720
-194	253	388	720
-195	286	390	720
-195	226	397	720
-197	231	394	720
-203	224	407	720
-201	240	402	720
-200	243	400	720
-198	250	396	720
-199	210	405	720
-200	184	401	720
-199	212	399	720
-199	233	398	720
-205	226	410	720
-204	200	429	720
-211	219	422	720
-205	241	410	720
-207	205	415	720
-205	216	411	720
-206	184	412	720
-205	204	411	720
-203	225	407	720
-201	262	403	720
-202	253	404	720
-200	235	401	720
-199	253	398	720
-199	265	398	720
-197	255	394	720
-198	265	396	720
-196	289	393	720
-195	284	391	720
-196	253	393	720
-194	268	389	720
-194	306	388	720
-192	317	385	720
-194	332	389	720
-194	306	388	720
-195	310	391	720
-200	296	400	720
-200	298	400	720
-201	268	403	720
-199	284	399	720
-198	240	397	720
-199	211	399	720
-197	185	395	720
-196	209	392	720
-196	176	393	720
-197	156	395	720
-198	112	397	720
-199	121	398	720
-198	105	397	720
-200	105	400	720
-200	97	400	720
-199	118	398	720
-201	126	402	720
-200	98	400	720
-201	112	402	720
-202	91	404	720
-200	83	401	720
-201	77	403	720
-201	86	402	720
-200	60	401	720
-201	46	402	720
-202	22	404	720
-203	1	407	720
-204	13	408	720
-203	4	406	720
-200	6	401	720
-202	4	404	720
-202	18	405	720
-204	22	409	720
-203	8	407	720
-203	2	406	720
-198	2	397	720
-196	8	393	720
-198	21	397	720
-200	13	400	720
-198	9	396	720
-198	25	396	720
-196	32	393	720
-194	32	389	720
-193	25	387	720
-198	35	396	720
-199	39	398	720
-202	53	405	720
-200	33	401	720
-197	35	395	720
-201	59	402	720
-198	61	397	720
-197	87	394	720
-199	78	398	720
-202	99	404	720
-205	110	410	720
-206	99	412	720
-205	110	410	720
-206	124	412	720
-208	136	416	720
-206	166	412	720
-207	154	414	720
-207	163	414	720
-204	189	408	720
-204	186	409	720
-205	180	411	720
-205	164	410	720
-206	143	412	720
-203	135	407	720
-204	112	408	720
-204	101	409	720
-205	110	411	720
-203	84	407	720
-203	94	406	720
-202	87	404	720
-205	66	410	720
-200	66	401	720
-201	63	403	720
-203	96	406	720
-204	134	408	720
-202	134	405	720
-203	157	406	720
-202	173	405	720
-201	145	402	720
-202	121	404	720
-200	129	401	720
-200	140	401	720
-200	108	401	720
-200	107	400	720
-199	88	399	720
-197	69	394	720
-200	79	401	720
-197	63	402	720
-203	77	407	720
-204	88	408	720
-200	67	404	720
-203	77	407	720
-203	67	406	720
-204	82	409	720
-202	61	405	720
-201	74	403	720
-203	79	406	720
-203	61	407	720
-205	72	410	720
-201	51	402	720
-202	63	404	720
-199	56	399	720
-200	44	400	720
-200	68	400	720
-199	80	399	720
-199	70	399	720
-198	52	401	720
-199	37	398	720
-203	63	406	720
-204	98	408	720
-203	86	407	720
-209	112	418	720
-206	87	412	720
-197	73	408	720
-186	59	407	720
-188	71	405	720
-195	82	405	720
-157	73	413	720
-164	105	405	720
-166	117	413	720
-179	122	411	720
-198	134	406	720
-201	141	403	720
-204	161	408	720
-203	161	406	720
-203	150	407	720
-203	115	406	720
-202	91	407	720
-205	108	411	720
-203	119	406	720
-205	127	410	720
-205	99	410	720
-200	94	400	720
-197	92	394	720
-196	113	392	720
-198	117	397	720
-198	120	397	720
-197	101	394	720
-199	82	401	720
-201	58	402	720
-203	87	406	720
-204	117	408	720
-203	136	407	720
-202	152	404	720
-201	133	403	720
-200	122	401	720
-202	108	404	720
-204	147	408	720
-202	115	412	720
-204	96	418	720
-207	82	418	720
-206	75	413	720
-207	68	414	720
-200	66	414	720
-206	101	413	720
-206	127	412	720
-205	112	410	720
-203	108	406	720
-202	120	404	720
-199	143	399	720
-199	173	398	720
-202	195	404	720
-197	152	412	720
-199	120	417	720
-204	95	409	720
-205	65	411	720
-204	53	409	720
-204	39	408	720
-203	43	406	720
-202	46	404	720
-200	43	400	720
-201	43	402	720
-200	25	401	720
-200	8	401	720
-202	23	405	720
-205	30	411	720
-204	16	409	720
-204	11	409	720
-202	0	404	720
-201	-7	403	720
-201	-11	402	720
-198	-19	396	720
-195	-23	391	720
-195	-7	391	720
-195	-9	390	720
-194	2	388	720
-196	21	393	720
-197	14	394	720
-196	21	392	720
-196	38	393	720
-197	35	395	720
-197	45	395	720
-195	47	391	720
-198	52	396	720
-198	54	396	720
-198	48	397	720
-196	52	393	720
-199	38	398	720
-201	26	403	720
-202	45	405	720
-202	38	405	720
-202	36	404	720
-201	35	402	720
-202	35	404	720
-203	45	407	720
-204	56	409	720
-205	59	411	720
-207	63	415	720
-207	66	415	720
-208	56	416	720
-207	75	415	720
-207	70	414	720
-208	72	416	720
-207	59	415	720
-203	73	406	720
-204	80	409	720
-204	82	409	720
-205	91	410	720
-204	87	409	720
-204	105	408	720
-202	124	404	720
-203	126	407	720
-204	135	409	720
-204	145	408	720
-202	149	405	720
-201	142	402	720
-200	147	400	720
-199	152	399	720
-200	154	400	720
-201	169	402	720
-200	187	400	720
-200	178	401	720
-202	189	404	720
-203	199	407	720
-204	208	409	720
-194	173	423	720
-189	130	429	720
-209	139	424	720
-201	107	429	720
-185	75	430	720
-193	59	425	720
-172	43	440	720
-149	35	448	720
-168	45	435	720
-181	48	432	720
-196	59	430	720
-179	62	442	720
-187	61	437	720
-197	50	435	720
-214	44	434	720
-214	61	428	720
-211	80	422	720
-211	91	422	720
-197	71	430	720
-169	46	439	720
-180	79	432	720
-199	95	434	720
-213	104	433	720
-197	68	436	720
-208	77	430	720
-211	81	423	720
-210	68	421	720
-206	98	412	720
-192	81	420	720
-206	91	419	720
-208	93	416	720
-207	111	415	720
-205	105	410	720
-206	104	412	720
-205	100	410	720
-201	111	403	720
-202	109	404	720
-205	86	410	720
-205	100	410	720
-204	109	408	720
-202	118	405	720
-202	106	405	720
-203	120	406	720
-204	127	408	720
-202	144	404	720
-203	139	407	720
-205	137	411	720
-197	116	416	720
-205	127	413	720
-206	137	413	720
-197	104	412	720
-205	120	411	720
-205	123	410	720
-198	99	417	720
-206	116	412	720
-205	125	411	720
-206	141	412	720
-206	139	413	720
-204	139	408	720
-204	134	408	720
-202	120	404	720
-201	129	403	720
-203	106	406	720
-202	102	405	720
-202	116	405	720
-201	118	403	720
-200	136	400	720
-199	118	398	720
-197	125	395	720
-200	130	400	720
-198	142	397	720
-202	148	404	720
-201	111	403	720
-201	106	403	720
-201	108	402	720
-200	104	401	720
-203	90	407	720
-203	87	406	720
-198	60	400	720
-169	43	412	720
-190	69	411	720
-207	83	414	720
-208	80	417	720
-207	73	415	720
-206	59	413	720
-204	75	408	720
-203	83	407	720
-203	73	407	720
-203	80	407	720
-202	64	404	720
-201	43	402	720
-203	34	406	720
-202	43	404	720
-204	52	409	720
-206	48	413	720
-205	40	411	720
-204	45	409	720
-203	43	406	720
-202	45	405	720
-203	40	406	720
-203	52	406	720
-203	62	406	720
-190	45	422	720
-197	41	423	720
-212	29	424	720
-209	50	418	720
-198	34	421	720
-207	49	414	720
-207	54	414	720
-207	64	415	720
-208	84	416	720
-207	87	415	720
-207	100	415	720
-205	107	410	720
-203	121	406	720
-202	133	405	720
-199	119	412	720
-172	87	425	720
-186	103	426	720
-196	125	417	720
-177	89	425	720
-188	98	422	720
-202	127	424	720
-210	128	422	720
-209	141	418	720
-208	130	417	720
-209	143	419	720
-207	166	414	720
-207	166	414	720
-207	169	414	720
-196	132	414	720
-176	86	420	720
-194	104	419	720
-206	120	413	720
-208	138	416	720
-208	132	416	720
-206	145	413	720
-205	136	411	720
-206	146	412	720
-205	148	411	720
-207	134	414	720
-209	131	419	720
-206	141	413	720
-204	145	408	720
-205	147	411	720
-206	145	412	720
-205	136	411	720
-207	131	415	720
-206	134	413	720
-206	140	412	720
-205	145	411	720
-204	136	408	720
-204	145	409	720
-203	150	406	720
-202	159	405	720
-203	171	406	720
-202	195	405	720
-201	199	403	720
-202	213	404	720
-203	218	406	720
-203	215	406	720
-202	220	405	720
-202	230	404	720
-200	237	400	720
-199	244	399	720
-200	236	400	720
-197	248	395	720
-197	265	394	720
-195	255	391	720
-197	258	394	720
-198	253	396	720
-198	253	396	720
