456	346	203	285
378	239	194	327
363	233	189	373
340	214	197	408
319	92	198	451
211	41	211	480
181	-27	224	504
134	-61	242	516
95	-97	253	528
66	-139	255	554
31	-302	256	605
0	-328	262	656
-32	-350	272	701
-47	-349	280	720
-69	-360	292	720
-100	-360	297	720
-128	-43	311	720
-164	256	329	720
-171	360	343	720
-178	360	357	720
-182	360	364	720
-185	360	370	720
-188	360	377	720
-189	360	379	720
-190	360	380	720
-195	360	390	720
-196	360	393	720
-195	360	390	720
-194	360	389	720
-195	360	391	720
-197	360	394	720
-196	360	393	720
-89	360	393	720
-127	360	393	720
-173	360	392	720
-196	360	393	720
-200	360	401	720
-201	360	402	720
-201	360	403	720
-202	360	405	720
-205	360	411	720
-205	360	410	720
-206	360	412	720
-204	360	408	720
-204	360	409	720
-204	360	409	720
-204	360	409	720
-206	360	412	720
-207	360	415	720
-208	360	416	720
-208	360	416	720
-206	360	412	720
-205	360	411	720
-204	360	409	720
-205	360	411	720
-205	360	411	720
-205	360	410	720
-205	360	410	720
-206	360	412	720
-206	360	413	720
-208	360	416	720
-208	360	416	720
-209	360	418	720
-207	360	414	720
-204	360	408	720
-202	360	404	720
-200	360	401	720
-84	360	399	720
-116	360	397	720
-155	360	398	720
-183	360	396	720
-198	360	397	720
-198	360	396	720
-200	360	401	720
-202	360	405	720
-203	360	406	720
-203	360	407	720
-203	360	407	720
-96	360	408	720
-129	360	406	720
-162	360	404	720
-203	360	406	720
-203	360	407	720
-201	360	403	720
-200	360	401	720
-197	360	394	720
-197	360	394	720
-196	360	392	720
-195	360	390	720
-194	360	389	720
-193	360	387	720
-188	360	377	720
-190	360	380	720
-190	360	380	720
-191	360	382	720
-192	360	384	720
-194	360	388	720
-191	360	383	720
-191	360	382	720
-192	360	385	720
-193	360	387	720
-194	360	388	720
-195	360	391	720
-197	360	394	720
-195	360	391	720
-199	360	399	720
-202	360	405	720
-200	360	400	720
-201	360	403	720
-203	360	407	720
-202	360	404	720
-202	360	404	720
-201	360	403	720
-201	360	402	720
-201	360	403	720
-200	360	401	720
-201	360	403	720
-201	360	402	720
-202	360	405	720
-201	360	403	720
-200	360	400	720
-199	360	399	720
-199	360	399	720
-197	360	395	720
-201	360	402	720
-199	360	399	720
-200	360	400	720
-203	360	406	720
-201	360	403	720
-201	360	403	720
-204	360	409	720
-206	360	413	720
-205	360	410	720
-203	360	407	720
-202	360	405	720
-204	360	409	720
-203	360	407	720
-202	360	405	720
-204	360	408	720
-204	360	409	720
-204	360	408	720
-201	360	402	720
-204	360	408	720
-204	360	409	720
-205	360	410	720
-205	360	411	720
-205	360	411	720
-205	360	410	720
-204	360	409	720
-204	360	408	720
-201	360	403	720
-200	360	401	720
-197	360	395	720
-197	360	395	720
-198	360	396	720
-198	360	397	720
-198	360	396	720
-198	360	397	720
-198	360	397	720
-198	360	397	720
-199	360	399	720
-200	360	400	720
-202	360	404	720
-199	360	399	720
-197	360	394	720
-196	360	392	720
-197	360	395	720
-200	360	401	720
-198	360	397	720
-197	360	394	720
-198	360	396	720
-197	360	394	720
-197	360	395	720
-198	360	397	720
-198	360	397	720
-197	360	394	720
-196	360	393	720
-194	360	388	720
-194	360	389	720
-195	360	390	720
-196	360	392	720
-196	360	393	720
-195	360	390	720
-193	360	387	720
-195	360	391	720
-195	360	390	720
-194	360	389	720
-193	360	387	720
-193	360	387	720
-194	360	389	720
-194	360	389	720
-197	360	395	720
-200	360	400	720
-201	360	402	720
-202	360	405	720
-203	360	407	720
-203	360	406	720
-203	360	406	720
-207	360	415	720
-209	360	419	720
-210	360	420	720
-210	360	421	720
-211	360	423	720
-210	360	420	720
-206	360	413	720
-203	360	406	720
-203	360	407	720
-204	360	409	720
-202	360	404	720
-206	360	412	720
-208	360	417	720
-208	360	417	720
-209	360	418	720
-207	360	415	720
-209	360	419	720
-207	360	414	720
-205	360	410	720
-202	360	405	720
-202	360	404	720
-200	360	401	720
-199	360	398	720
-196	360	392	720
-190	360	380	720
-193	360	387	720
-190	360	381	720
-190	360	380	720
-189	360	379	720
-192	360	385	720
-192	360	384	720
-193	360	387	720
-194	360	388	720
-196	360	393	720
-196	360	392	720
-194	360	389	720
-194	360	389	720
-195	360	390	720
-197	360	394	720
-197	360	395	720
-200	360	400	720
-199	360	398	720
-199	360	398	720
-199	360	399	720
-198	360	397	720
-200	360	401	720
-202	360	404	720
-202	360	405	720
-202	360	404	720
-203	360	406	720
-202	360	405	720
-200	360	400	720
-205	360	410	720
-204	360	409	720
-203	360	407	720
-202	360	404	720
-200	360	400	720
-197	360	395	720
-199	360	398	720
-199	360	399	720
-200	360	400	720
-200	360	400	720
-201	360	403	720
-202	360	404	720
-205	360	410	720
-205	360	410	720
-205	360	411	720
-206	360	413	720
-208	360	417	720
-210	360	420	720
-204	360	409	720
-206	360	412	720
-201	360	403	720
-204	360	409	720
-199	360	399	720
-192	360	384	720
-194	360	389	720
-193	360	386	720
-190	360	381	720
-192	360	384	720
-194	360	389	720
-197	360	394	720
-200	360	400	720
-201	360	403	720
-202	360	405	720
-203	360	406	720
-204	360	408	720
-206	360	412	720
-204	360	409	720
-201	360	402	720
-203	360	407	720
-203	360	406	720
-200	360	401	720
-201	360	402	720
-202	360	405	720
-202	360	405	720
-203	360	407	720
-206	360	412	720
-207	360	415	720
-203	360	406	720
-206	360	413	720
-207	360	415	720
-206	360	413	720
-209	360	418	720
-208	360	417	720
-208	360	416	720
-207	360	415	720
-206	360	412	720
-207	360	415	720
-206	360	412	720
-205	360	411	720
-202	360	405	720
-204	360	408	720
-204	360	409	720
-201	360	403	720
-203	360	407	720
-205	360	410	720
-206	360	412	720
-207	360	414	720
-205	360	411	720
-205	360	411	720
-204	360	408	720
-203	360	406	720
-204	360	409	720
-204	360	408	720
-204	360	409	720
-204	360	408	720
-203	360	407	720
-204	360	409	720
-205	360	411	720
-205	360	410	720
-205	360	410	720
-200	360	401	720
-200	360	400	720
-202	360	405	720
-198	360	396	720
-200	360	400	720
-198	360	396	720
-195	360	391	720
-198	360	396	720
-194	360	388	720
-192	360	384	720
-191	360	383	720
-195	360	390	720
-197	360	395	720
-198	360	396	720
-196	360	392	720
-193	360	386	720
-196	360	392	720
-198	360	396	720
-197	360	394	720
-197	360	395	720
-193	360	386	720
-194	360	388	720
-194	360	388	720
-195	360	391	720
-198	360	396	720
-199	360	398	720
-196	360	393	720
-194	360	389	720
-196	360	393	720
-196	360	393	720
-198	360	396	720
-194	360	388	720
-192	360	385	720
-196	360	392	720
-192	360	385	720
-195	360	390	720
-193	360	387	720
-193	360	387	720
-196	360	393	720
-198	360	396	720
-198	360	396	720
-196	360	392	720
-195	360	390	720
-193	360	387	720
-196	360	393	720
-198	360	396	720
-199	360	399	720
-200	360	400	720
-198	360	397	720
-198	360	397	720
-197	360	394	720
-194	360	388	720
-198	360	396	720
-198	360	397	720
-199	360	398	720
-201	360	402	720
-203	360	406	720
-200	360	400	720
-205	360	410	720
-196	360	393	720
-198	360	397	720
-201	360	403	720
-200	360	401	720
-201	360	402	720
-201	360	402	720
-199	360	399	720
-199	360	398	720
-200	360	400	720
-198	360	397	720
-198	360	397	720
-199	360	399	720
-199	360	399	720
-202	360	404	720
-200	360	401	720
-202	360	405	720
-204	360	409	720
-203	360	407	720
-205	360	410	720
-206	360	413	720
-206	360	413	720
-206	360	412	720
-205	360	411	720
-206	360	412	720
-207	360	415	720
-205	360	411	720
-204	360	409	720
-208	360	416	720
-206	360	413	720
-205	360	410	720
-202	360	405	720
-202	360	405	720
-203	360	406	720
-199	360	398	720
-190	360	380	720
-192	360	384	720
-195	360	390	720
-194	360	389	720
-195	360	391	720
-197	360	394	720
-197	360	395	720
-200	360	401	720
-201	360	402	720
-203	360	407	720
-204	360	409	720
-204	360	408	720
-206	360	413	720
-205	360	411	720
-204	360	408	720
-203	360	406	720
-200	360	400	720
-200	360	400	720
-201	360	402	720
-199	360	399	720
-202	360	404	720
-200	360	401	720
-201	360	402	720
-203	360	406	720
-203	360	406	720
-203	360	407	720
-203	360	407	720
-201	360	402	720
-201	360	402	720
-204	360	408	720
-204	360	409	720
-204	360	408	720
-204	360	409	720
-202	360	405	720
-203	360	407	720
-202	360	404	720
-201	360	403	720
-198	360	396	720
-195	360	390	720
-197	360	395	720
-198	360	396	720
-197	360	394	720
-197	360	395	720
-197	360	395	720
-200	360	401	720
-199	360	398	720
-198	360	396	720
-195	360	391	720
-194	360	389	720
-81	360	387	720
-120	360	393	720
-158	360	393	720
-189	360	397	720
-199	360	399	720
-200	360	401	720
-199	360	399	720
-198	360	396	720
-199	360	399	720
-200	360	401	720
-201	360	403	720
-201	360	403	720
-203	360	407	720
-202	360	405	720
-201	360	402	720
-204	360	409	720
-202	360	404	720
-201	360	402	720
-202	360	404	720
-201	360	403	720
-200	360	400	720
-201	360	402	720
-203	360	407	720
-202	360	405	720
-202	360	405	720
-203	360	406	720
-202	360	405	720
-200	360	400	720
-201	360	403	720
-205	360	411	720
-209	360	418	720
-209	360	418	720
-209	360	419	720
-207	360	414	720
-206	360	413	720
-207	360	414	720
-208	360	416	720
-209	360	419	720
-208	360	416	720
-208	360	417	720
-209	360	418	720
-207	360	414	720
-210	360	420	720
-208	360	417	720
-209	360	418	720
-206	360	412	720
-208	360	416	720
-208	360	417	720
-208	360	417	720
-210	360	420	720
-209	360	419	720
-209	360	418	720
-207	360	415	720
-207	360	414	720
-206	360	412	720
-202	360	404	720
-200	360	401	720
-202	360	404	720
-202	360	405	720
-205	360	411	720
-208	360	417	720
-208	360	416	720
-204	360	408	720
-203	360	407	720
-204	360	408	720
-203	360	407	720
-204	360	409	720
-204	360	408	720
-201	360	402	720
-201	360	402	720
-202	360	405	720
-202	360	404	720
-205	360	411	720
-204	360	409	720
-207	360	415	720
-205	360	411	720
-207	360	414	720
-205	360	411	720
-207	360	415	720
-207	360	414	720
-204	360	409	720
-202	360	405	720
-201	360	402	720
-201	360	403	720
-202	360	404	720
-202	360	405	720
-204	360	408	720
-201	360	402	720
-200	360	401	720
-200	360	400	720
-202	360	405	720
-202	360	405	720
-202	360	404	720
-202	360	404	720
-203	360	406	720
-199	360	399	720
-200	360	401	720
-196	360	393	720
-199	360	398	720
-199	360	399	720
-202	360	405	720
-202	360	405	720
-204	360	408	720
-202	360	405	720
-201	360	402	720
-199	360	398	720
-199	360	398	720
-197	360	395	720
-199	360	399	720
-200	360	400	720
-202	360	404	720
-204	360	409	720
-200	360	401	720
-93	360	401	720
-143	360	410	720
-187	360	407	720
-206	360	412	720
-201	360	403	720
-198	360	397	720
-200	360	400	720
-202	360	405	720
-200	360	401	720
-201	360	402	720
-198	360	396	720
-199	360	398	720
-198	360	397	720
-200	360	401	720
-203	360	406	720
-203	360	406	720
-203	360	406	720
-202	360	404	720
-203	360	406	720
-197	360	395	720
-195	360	391	720
-196	360	393	720
-196	360	393	720
-195	360	390	720
-197	360	395	720
-196	360	393	720
-197	360	395	720
-199	360	398	720
-197	360	395	720
-200	360	400	720
-202	360	404	720
-204	360	409	720
-205	360	411	720
-208	360	416	720
-208	360	417	720
-203	360	406	720
-205	360	411	720
-204	360	409	720
-205	360	411	720
-202	360	405	720
-204	360	408	720
-205	360	411	720
-203	360	407	720
-205	360	410	720
-203	360	406	720
-202	360	404	720
-201	360	403	720
-202	360	404	720
-201	360	402	720
-201	360	403	720
-201	360	403	720
-201	360	403	720
-200	360	400	720
-192	360	384	720
-192	360	384	720
-194	360	388	720
-195	360	390	720
-193	360	387	720
-196	360	392	720
-196	360	392	720
-200	360	400	720
-202	360	404	720
-193	360	387	720
-193	360	386	720
-196	360	393	720
-197	360	394	720
-198	360	396	720
-202	360	404	720
-204	360	408	720
-206	360	413	720
-206	360	413	720
-207	360	415	720
-204	360	408	720
-201	360	402	720
-200	360	400	720
-201	360	403	720
-203	360	407	720
-206	360	412	720
-201	360	402	720
-200	360	400	720
-201	360	403	720
-203	360	406	720
-202	360	404	720
-200	360	400	720
-200	360	401	720
-198	360	396	720
-198	360	396	720
-198	360	396	720
-198	360	397	720
-201	360	403	720
-204	360	409	720
-203	360	407	720
-203	360	406	720
-203	360	406	720
-203	360	407	720
-205	360	410	720
-202	360	405	720
-204	360	408	720
-205	360	411	720
-207	360	414	720
-203	360	407	720
-203	360	407	720
-201	360	403	720
-201	360	402	720
-201	360	403	720
-201	360	402	720
-202	360	404	720
-203	360	407	720
-204	360	408	720
-204	360	408	720
-204	360	409	720
-205	360	410	720
-204	360	409	720
-203	360	406	720
-203	360	406	720
-203	360	406	720
-207	360	415	720
-206	360	413	720
-208	360	416	720
-204	360	408	720
-206	360	413	720
-207	360	415	720
-208	360	416	720
-208	360	417	720
-205	360	411	720
-207	360	415	720
-208	360	416	720
-209	360	418	720
-209	360	419	720
-208	360	417	720
-209	360	418	720
-210	360	421	720
-210	360	420	720
-208	360	417	720
-204	360	408	720
-205	360	410	720
-202	360	405	720
-203	360	406	720
-206	360	412	720
-207	360	414	720
-208	360	417	720
-209	360	419	720
-205	360	410	720
-205	360	410	720
-206	360	413	720
-202	360	404	720
-202	360	405	720
-202	360	405	720
-198	360	397	720
-200	360	401	720
-199	360	398	720
-199	360	398	720
-197	360	395	720
-198	360	396	720
-196	360	392	720
-195	360	390	720
-196	360	392	720
-192	360	385	720
-189	360	378	720
-188	360	376	720
-190	360	380	720
-187	360	375	720
-189	360	378	720
-193	360	387	720
-186	360	373	720
-189	360	378	720
-190	360	380	720
-194	360	388	720
-185	360	371	720
-187	360	375	720
-188	360	376	720
-192	360	384	720
-194	360	388	720
-198	360	397	720
-197	360	395	720
-195	360	391	720
-194	360	389	720
-195	360	390	720
-193	360	387	720
-195	360	391	720
-196	360	393	720
-195	360	391	720
-197	360	395	720
-197	360	395	720
-197	360	394	720
-198	360	397	720
-198	360	396	720
-197	360	394	720
-196	360	393	720
-194	360	389	720
-192	360	385	720
-191	360	382	720
-194	360	388	720
-195	360	391	720
-198	360	396	720
-196	360	393	720
-196	360	392	720
-197	360	395	720
-196	360	392	720
-194	360	388	720
-192	360	385	720
-195	360	390	720
-194	360	388	720
-192	360	385	720
-192	360	385	720
-190	360	381	720
-189	360	379	720
-190	360	380	720
-190	360	380	720
-189	360	379	720
-191	360	383	720
-195	360	390	720
-193	360	386	720
-195	360	391	720
-196	360	393	720
-198	360	396	720
-195	360	391	720
-186	360	372	720
-185	360	371	720
-187	360	374	720
-189	360	378	720
-190	360	380	720
-190	360	381	720
-193	360	387	720
-193	360	387	720
-194	360	389	720
-194	360	389	720
-193	360	386	720
-193	360	387	720
-193	360	386	720
-195	360	391	720
-197	360	395	720
-199	360	399	720
-197	360	395	720
-196	360	393	720
-195	360	390	720
-196	360	393	720
-194	360	389	720
-196	360	392	720
-196	360	392	720
-196	360	392	720
-196	360	392	720
-197	360	394	720
-195	360	390	720
-195	360	391	720
-196	360	393	720
-197	360	394	720
-195	360	391	720
-196	360	392	720
-194	360	389	720
-193	360	387	720
-196	360	393	720
-198	360	396	720
-197	360	394	720
-197	360	394	720
-197	360	394	720
-196	360	393	720
-199	360	399	720
-199	360	398	720
-199	360	399	720
-201	360	403	720
-202	360	405	720
-201	360	402	720
-198	360	397	720
-200	360	401	720
-198	360	397	720
-201	360	403	720
-203	360	407	720
-201	360	403	720
-202	360	405	720
-205	360	410	720
-96	360	411	720
-136	360	414	720
-173	360	417	720
-203	360	414	720
-208	360	416	720
-208	360	417	720
-205	360	410	720
-205	360	410	720
-204	360	409	720
-206	360	412	720
-203	360	406	720
-200	360	401	720
-84	360	400	720
-111	360	398	720
-144	360	398	720
-170	360	395	720
-196	360	392	720
60	360	385	720
34	360	381	720
-1	360	389	720
-31	360	391	720
-60	360	390	720
-110	360	400	720
-163	360	410	720
-206	360	412	720
-208	360	416	720
-205	360	410	720
-204	360	409	720
-204	360	409	720
-202	360	405	720
-203	360	407	720
-87	360	403	720
-125	360	407	720
-160	360	406	720
-188	360	406	720
-204	360	409	720
-204	360	409	720
-202	360	405	720
-204	360	408	720
-206	360	413	720
-208	360	416	720
-93	360	417	720
-123	360	415	720
-161	360	416	720
-200	360	416	720
-208	360	416	720
-208	360	416	720
-207	360	414	720
-205	360	410	720
-204	360	408	720
-205	360	411	720
-205	360	410	720
-204	360	409	720
-205	360	411	720
-206	360	413	720
-207	360	414	720
-205	360	410	720
-206	360	413	720
-204	360	409	720
-205	360	410	720
-203	360	407	720
-206	360	412	720
-205	360	411	720
-205	360	410	720
-202	360	405	720
-199	360	399	720
-196	360	393	720
-200	360	400	720
-199	360	398	720
-199	360	398	720
-200	360	400	720
-200	360	401	720
-201	360	403	720
-200	360	401	720
-199	360	399	720
-203	360	406	720
-205	360	411	720
-208	360	416	720
-208	360	417	720
-206	360	413	720
-208	360	417	720
-208	360	416	720
-208	360	416	720
-207	360	415	720
-207	360	415	720
-204	360	409	720
-204	360	408	720
-205	360	411	720
-206	360	412	720
-206	360	413	720
-205	360	411	720
-204	360	408	720
-202	360	405	720
-202	360	404	720
-203	360	406	720
-201	360	402	720
-199	360	398	720
-198	360	397	720
-197	360	395	720
-197	360	394	720
-198	360	396	720
-195	360	391	720
-197	360	394	720
-198	360	396	720
-197	360	395	720
-196	360	392	720
-196	360	392	720
-197	360	394	720
-196	360	393	720
-196	360	392	720
-196	360	392	720
-198	360	397	720
-189	360	378	720
-191	360	382	720
-191	360	383	720
-191	360	383	720
-193	360	387	720
-193	360	387	720
-193	360	387	720
-193	360	386	720
-193	360	386	720
-194	360	389	720
-192	360	385	720
-193	360	386	720
-194	360	389	720
-195	360	390	720
-196	360	393	720
-198	360	397	720
-197	360	394	720
-197	360	395	720
-195	360	391	720
-196	360	393	720
-196	360	392	720
-196	360	392	720
-195	360	391	720
-193	360	387	720
-195	360	390	720
-196	360	393	720
-192	360	385	720
-193	360	387	720
-192	360	385	720
-194	360	388	720
-189	360	379	720
-189	360	379	720
-191	360	382	720
-192	360	384	720
-194	360	388	720
-196	360	392	720
-197	360	395	720
-199	360	399	720
-199	360	398	720
-195	360	390	720
-195	360	391	720
-196	360	392	720
-196	360	392	720
-195	360	391	720
-195	360	391	720
-196	360	392	720
-196	360	393	720
-197	360	394	720
-196	360	393	720
-197	360	394	720
-196	360	393	720
-198	360	397	720
-197	360	394	720
-197	360	394	720
-196	360	393	720
-194	360	389	720
-194	360	388	720
-190	360	380	720
-190	360	381	720
-190	360	380	720
-190	360	380	720
-190	360	380	720
-192	360	385	720
-192	360	385	720
-193	360	387	720
-192	360	385	720
-194	360	388	720
-194	360	388	720
-86	360	387	720
-133	360	393	720
-174	360	391	720
-194	360	389	720
-192	360	385	720
-193	360	386	720
-192	360	385	720
-191	360	383	720
-192	360	385	720
-191	360	382	720
-191	360	383	720
-192	360	384	720
-194	360	388	720
-193	360	386	720
-193	360	386	720
-193	360	386	720
-191	360	383	720
-192	360	385	720
-194	360	389	720
-195	360	390	720
-194	360	389	720
-192	360	384	720
-192	360	385	720
-194	360	388	720
-195	360	390	720
-196	360	393	720
-198	360	396	720
-199	360	398	720
-196	360	393	720
-199	360	398	720
-199	360	398	720
-202	360	404	720
-202	360	404	720
-199	360	399	720
-88	360	397	720
-132	360	401	720
-171	360	400	720
-201	360	403	720
-204	360	408	720
-203	360	406	720
-203	360	407	720
-202	360	405	720
-201	360	402	720
-200	360	401	720
-199	360	399	720
-199	360	398	720
-192	360	385	720
-194	360	389	720
-196	360	392	720
-196	360	392	720
-192	360	385	720
-187	360	375	720
-194	360	389	720
-193	360	387	720
-194	360	389	720
-195	360	391	720
-192	360	384	720
-194	360	388	720
-193	360	386	720
-194	360	388	720
-191	360	383	720
-191	360	383	720
-190	360	381	720
-191	360	382	720
-192	360	385	720
-192	360	384	720
-194	360	389	720
-195	360	390	720
-195	360	391	720
-196	360	392	720
-196	360	393	720
-197	360	394	720
-197	360	395	720
-195	360	391	720
-198	360	396	720
-199	360	398	720
-200	360	401	720
-202	360	404	720
-201	360	403	720
-202	360	404	720
-200	360	400	720
-198	360	397	720
-197	360	395	720
-199	360	398	720
-200	360	401	720
-200	360	401	720
-201	360	403	720
-202	360	404	720
-200	360	401	720
-199	360	399	720
-198	360	397	720
-200	360	400	720
-200	360	401	720
-198	360	397	720
-196	360	392	720
-197	360	394	720
-199	360	398	720
-200	360	401	720
-202	360	404	720
-203	360	406	720
-204	360	409	720
-206	360	412	720
-208	360	416	720
-207	360	414	720
-207	360	414	720
-206	360	412	720
-206	360	412	720
-206	360	413	720
-205	360	411	720
-206	360	412	720
-206	360	412	720
-206	360	412	720
-205	360	410	720
-202	360	405	720
-203	360	407	720
-200	360	401	720
-201	360	403	720
-203	360	407	720
-201	360	403	720
-203	360	406	720
-200	360	401	720
-198	360	396	720
-197	360	394	720
-196	360	392	720
-196	360	393	720
-194	360	389	720
-195	360	390	720
-197	360	395	720
-198	360	397	720
-201	360	403	720
-195	360	390	720
-195	360	391	720
-198	360	396	720
-200	360	401	720
-201	360	402	720
-202	360	404	720
-203	360	407	720
-202	360	405	720
-203	360	406	720
-202	360	405	720
-204	360	409	720
-204	360	408	720
-205	360	410	720
-206	360	413	720
-206	360	413	720
-205	360	411	720
-205	360	410	720
-202	360	405	720
-204	360	408	720
-202	360	405	720
-198	360	396	720
-195	360	390	720
-196	360	392	720
-199	360	398	720
-199	360	399	720
-202	360	405	720
-203	360	407	720
-206	360	412	720
-207	360	414	720
-202	360	405	720
-206	360	412	720
-206	360	412	720
-207	360	414	720
-206	360	412	720
-205	360	411	720
-206	360	412	720
-203	360	406	720
-203	360	406	720
-201	360	403	720
-203	360	407	720
-203	360	406	720
-203	360	406	720
-204	360	408	720
-204	360	408	720
-204	360	408	720
-203	360	407	720
-204	360	408	720
-201	360	402	720
-201	360	403	720
-204	360	409	720
-205	360	410	720
-208	360	416	720
-208	360	417	720
-208	360	416	720
-208	360	416	720
-209	360	419	720
-210	360	420	720
-210	360	421	720
-208	360	416	720
-208	360	417	720
-208	360	416	720
-209	360	419	720
-206	360	413	720
-202	360	405	720
-203	360	406	720
-204	360	409	720
-204	360	409	720
-203	360	407	720
-199	360	398	720
-200	360	401	720
-200	360	401	720
-204	360	408	720
-205	360	410	720
-204	360	408	720
-204	360	408	720
-206	360	413	720
-207	360	414	720
-205	360	411	720
-204	360	409	720
-203	360	407	720
-204	360	409	720
-206	360	412	720
-204	360	409	720
-206	360	412	720
-208	360	416	720
-204	360	408	720
-206	360	412	720
-205	360	410	720
-200	360	400	720
-201	360	403	720
-202	360	404	720
-201	360	403	720
-202	360	404	720
-203	360	406	720
-202	360	405	720
-199	360	398	720
-199	360	398	720
-198	360	397	720
-200	360	401	720
-202	360	405	720
-202	360	405	720
-204	360	409	720
-203	360	407	720
-202	360	404	720
-201	360	402	720
-200	360	400	720
-200	360	401	720
-198	360	396	720
-195	360	390	720
-195	360	390	720
-195	360	390	720
-197	360	394	720
-198	360	396	720
-198	360	396	720
-193	360	387	720
-194	360	388	720
-193	360	386	720
-193	360	387	720
-195	360	390	720
-194	360	388	720
-194	360	388	720
-193	360	386	720
-192	360	384	720
-193	360	386	720
-191	360	383	720
-190	360	381	720
-189	360	378	720
-190	360	381	720
-194	360	388	720
-190	360	381	720
-192	360	384	720
-192	360	384	720
-193	360	386	720
-192	360	384	720
-191	360	382	720
-76	360	380	720
-95	360	369	720
-122	360	369	720
-151	360	371	720
-180	360	372	720
-186	360	372	720
-185	360	370	720
-184	360	369	720
-184	360	368	720
-184	360	368	720
-184	360	369	720
-186	360	372	720
-187	360	375	720
-79	360	380	720
-101	161	373	720
-136	360	378	720
-162	360	380	720
-182	360	378	720
-191	360	382	720
-76	360	380	720
-112	360	383	720
-145	360	380	720
-182	360	384	720
-193	360	386	720
-193	360	386	720
-193	360	386	720
-191	360	383	720
-191	360	383	720
-192	360	385	720
-194	360	389	720
-82	360	385	720
-111	360	386	720
-144	360	386	720
-182	360	387	720
-193	360	387	720
-196	360	393	720
-196	360	392	720
-197	360	394	720
-196	360	392	720
-195	360	391	720
-198	360	396	720
-196	360	393	720
-197	360	395	720
-198	360	396	720
-197	360	394	720
-198	360	396	720
-196	360	392	720
-194	360	389	720
-196	360	392	720
-195	360	391	720
-195	360	390	720
-196	360	392	720
-196	360	393	720
-196	360	393	720
-197	360	394	720
-197	360	395	720
-199	360	399	720
-199	360	399	720
-198	360	396	720
-197	360	394	720
-195	360	391	720
-84	360	391	720
-114	360	389	720
-147	360	389	720
-186	360	389	720
-193	360	387	720
-193	360	387	720
-195	360	391	720
-195	360	390	720
-197	360	394	720
-199	360	398	720
-197	360	395	720
-199	360	399	720
-200	360	400	720
-198	360	397	720
-197	360	394	720
-198	360	397	720
-199	360	399	720
-200	360	401	720
-201	360	403	720
-197	360	395	720
-88	360	393	720
-122	360	391	720
-168	360	393	720
-197	360	395	720
-197	360	395	720
-198	360	397	720
-199	360	399	720
-202	360	404	720
-199	360	399	720
-199	360	398	720
-198	360	396	720
-197	360	395	720
-197	360	394	720
-195	360	391	720
-193	360	387	720
-192	360	384	720
-193	360	386	720
-195	360	390	720
-197	360	395	720
-198	360	397	720
-197	360	395	720
-97	360	397	720
-133	360	395	720
-167	360	398	720
-199	360	398	720
-199	360	399	720
-199	360	399	720
-200	360	401	720
-202	360	404	720
-204	360	408	720
-204	360	408	720
-204	360	408	720
-205	360	410	720
-202	360	404	720
-200	360	400	720
-199	360	398	720
-199	360	398	720
-200	360	400	720
-199	360	398	720
-198	360	396	720
-196	360	392	720
-194	360	389	720
-195	360	390	720
-198	360	397	720
-198	360	396	720
-200	360	400	720
-200	360	400	720
-199	360	398	720
-197	360	395	720
-199	360	399	720
-199	360	398	720
-197	360	395	720
-197	360	394	720
-196	360	393	720
-197	360	394	720
-196	360	393	720
-197	360	394	720
-198	360	397	720
-198	360	397	720
-197	360	395	720
-196	360	393	720
-199	360	399	720
-199	360	398	720
-197	360	395	720
-196	360	392	720
-195	360	390	720
-195	360	390	720
-194	360	389	720
-194	360	389	720
-192	360	385	720
-195	360	390	720
-195	360	390	720
-194	360	388	720
-195	360	391	720
-194	360	389	720
-196	360	392	720
-195	360	391	720
-194	360	389	720
-196	360	392	720
-195	360	391	720
-196	360	392	720
-197	360	395	720
-198	360	396	720
-200	360	400	720
-199	360	399	720
-199	360	399	720
-197	360	395	720
-198	360	397	720
-198	360	396	720
-196	360	392	720
-194	360	388	720
-193	360	386	720
-192	360	385	720
-192	360	384	720
-189	360	379	720
-191	360	382	720
-191	360	382	720
-64	360	372	720
-97	360	378	720
-130	360	385	720
-150	360	384	720
-184	360	387	720
-193	360	387	720
-193	360	387	720
-192	360	384	720
-193	360	387	720
-193	360	387	720
-193	360	386	720
-192	360	385	720
-194	360	389	720
-196	360	392	720
-196	360	392	720
-198	360	396	720
-197	360	394	720
-197	360	395	720
-198	360	397	720
-198	360	397	720
-199	360	399	720
-197	360	394	720
-194	360	388	720
-197	360	395	720
-197	360	394	720
-196	360	392	720
-198	360	396	720
-197	360	394	720
-195	360	391	720
-194	360	388	720
-195	360	390	720
-200	360	400	720
-200	360	400	720
-201	360	403	720
-201	360	402	720
-200	360	400	720
-198	360	396	720
-196	360	393	720
-195	360	391	720
-196	360	392	720
-199	360	398	720
-198	360	397	720
-201	360	402	720
-198	360	397	720
-195	360	391	720
-195	360	391	720
-196	360	392	720
-198	360	396	720
-198	360	397	720
-199	360	399	720
-199	360	398	720
-197	360	394	720
-200	360	400	720
-201	360	402	720
-201	360	403	720
-200	360	401	720
-199	360	399	720
-82	360	395	720
-112	360	396	720
-142	360	393	720
-170	360	392	720
-195	360	391	720
-198	360	396	720
-198	360	397	720
-201	360	402	720
-199	360	398	720
-198	360	396	720
-199	360	398	720
-201	360	402	720
-198	360	397	720
-200	360	400	720
-201	360	403	720
-202	360	404	720
-201	360	402	720
-200	360	400	720
-199	360	398	720
-198	360	397	720
-196	360	393	720
-196	360	392	720
-197	360	394	720
-198	360	396	720
-198	360	396	720
-196	360	393	720
-198	360	396	720
-198	360	397	720
-200	360	400	720
-197	360	394	720
-83	360	393	720
-117	360	394	720
-158	360	397	720
-187	360	397	720
-198	360	397	720
-196	360	393	720
-197	360	395	720
-196	360	393	720
-195	360	391	720
-197	360	395	720
-197	360	395	720
-198	360	396	720
-196	360	392	720
-196	360	392	720
-86	360	391	720
-120	360	389	720
-150	360	388	720
-189	360	391	720
-198	360	396	720
-197	360	395	720
-197	360	394	720
-197	360	394	720
-195	360	391	720
-196	360	393	720
-194	360	389	720
-195	360	390	720
-195	360	391	720
-196	360	392	720
-198	360	396	720
-197	360	394	720
-196	360	393	720
-196	360	392	720
-198	360	396	720
-198	360	396	720
-197	360	395	720
-198	360	397	720
-93	360	396	720
-132	360	394	720
-168	360	393	720
-197	360	394	720
-195	360	391	720
-88	360	391	720
-128	360	393	720
-157	360	388	720
-193	360	387	720
-194	360	389	720
-194	360	389	720
-193	360	387	720
-194	360	389	720
-194	360	389	720
-194	360	388	720
-194	360	389	720
-195	360	390	720
-76	360	385	720
-109	360	382	720
-148	360	384	720
-186	360	383	720
-193	360	386	720
-193	360	387	720
-192	360	385	720
-194	360	389	720
-201	360	403	720
-89	360	397	720
-113	360	392	720
-153	360	394	720
-189	360	392	720
-195	360	391	720
-192	360	385	720
-85	360	385	720
-117	360	383	720
-145	360	385	720
-184	360	390	720
-194	360	389	720
-75	360	386	720
-103	360	384	720
-143	360	388	720
-167	360	386	720
-194	360	388	720
-88	360	391	720
-117	360	387	720
-145	360	385	720
-29	360	383	720
-56	360	380	720
-89	360	381	720
-119	360	382	720
-146	360	382	720
-152	204	369	720
-179	360	370	720
-68	360	372	720
-93	360	371	720
-92	191	359	720
-121	360	360	720
-160	360	368	720
-185	360	370	720
-187	360	375	720
-191	360	382	720
-69	360	380	720
-97	360	380	720
-118	360	377	720
-145	360	381	720
-152	184	375	720
-169	315	367	720
-185	360	371	720
-187	360	375	720
-191	360	383	720
-192	360	385	720
-194	360	388	720
-194	360	388	720
-192	360	385	720
-84	360	382	720
-116	360	381	720
-142	360	379	720
-164	360	379	720
-187	360	377	720
-191	360	383	720
-192	360	384	720
-188	360	377	720
-68	183	366	720
-81	274	362	720
-121	360	365	720
-149	360	366	720
-164	194	356	720
-176	293	353	720
-67	101	352	720
-109	360	356	720
-140	360	362	720
-146	209	354	720
-167	32	360	720
-53	79	366	720
-78	360	369	720
-82	161	358	720
-96	254	352	720
-103	186	346	720
-121	281	338	720
-150	360	345	720
-175	360	351	720
-172	198	345	720
-50	306	343	720
56	179	350	720
33	344	343	720
-3	125	341	720
-41	360	345	720
-72	360	348	720
-91	360	339	720
-115	360	332	720
-120	183	321	720
-144	141	324	720
-30	250	326	720
-70	360	335	720
-97	360	338	720
-135	360	346	720
-36	159	353	720
-54	234	351	720
-72	354	341	720
-73	189	334	720
-88	254	334	720
-103	205	333	720
7	242	341	720
-20	273	342	720
-51	359	342	720
-57	133	348	720
41	156	363	720
10	149	367	720
120	129	380	720
99	86	382	720
68	73	399	720
32	78	406	720
-3	57	408	720
102	81	418	720
64	-13	422	720
149	4	442	720
101	336	437	720
68	360	434	720
33	360	422	720
4	360	417	720
-26	360	418	720
-14	13	398	720
-45	6	400	720
-61	-62	388	720
-94	290	396	720
20	360	385	720
-3	360	384	720
-41	360	396	720
-82	360	395	720
-117	360	398	720
-7	360	398	720
-49	360	403	720
-88	360	397	720
-125	360	394	720
-155	360	392	720
-180	360	391	720
-193	360	386	720
-88	360	386	720
-135	360	388	720
-178	360	388	720
-194	360	388	720
-196	360	392	720
-195	360	391	720
-196	360	393	720
-196	360	393	720
-197	360	394	720
-197	360	394	720
-90	360	396	720
-130	360	396	720
-171	360	392	720
-65	360	391	720
-103	360	395	720
-146	360	396	720
-189	360	401	720
-72	360	399	720
-109	360	396	720
-150	360	398	720
-198	360	397	720
-97	360	400	720
-131	360	395	720
-162	360	395	720
-194	360	393	720
-195	360	390	720
-194	360	388	720
-83	360	387	720
-118	360	385	720
-158	360	388	720
-192	360	385	720
-192	360	385	720
-192	360	384	720
-193	360	386	720
-192	360	384	720
-193	360	387	720
-193	360	387	720
-195	360	391	720
-197	360	394	720
-195	360	390	720
-196	360	392	720
-195	360	391	720
-197	360	394	720
-199	360	398	720
-196	360	392	720
-195	360	391	720
-196	360	393	720
-196	360	392	720
-195	360	391	720
-194	360	389	720
-86	360	388	720
-115	360	388	720
-154	360	389	720
-45	360	388	720
-75	360	387	720
-117	360	391	720
-157	360	399	720
-196	360	402	720
-89	360	398	720
-121	360	396	720
-151	360	390	720
-157	86	392	720
-161	-3	392	720
-46	22	381	720
51	56	406	720
22	107	410	720
-5	91	411	720
-32	360	408	720
-54	203	400	720
-100	360	404	720
9	360	402	720
-8	118	396	720
-36	142	398	720
-58	81	401	720
64	41	406	720
29	8	412	720
-10	-10	412	720
-38	15	413	720
68	12	422	720
26	21	431	720
122	31	443	720
75	29	448	720
39	44	450	720
13	84	447	720
3	95	442	720
-7	193	425	720
-13	282	415	720
-25	152	404	720
-24	231	399	720
-36	305	391	720
-44	121	377	720
-49	191	377	720
-64	-28	375	720
-101	45	379	720
-143	360	388	720
-158	173	377	720
-190	360	380	720
-189	360	379	720
-189	360	379	720
-191	360	383	720
-190	360	381	720
-190	360	381	720
-76	360	376	720
-105	360	376	720
-141	360	383	720
-184	360	387	720
-193	360	386	720
-193	360	387	720
-194	360	388	720
-193	360	386	720
-194	360	389	720
-193	360	386	720
-190	360	380	720
-190	360	381	720
-192	360	385	720
-192	360	384	720
-195	360	390	720
-194	360	388	720
-195	360	390	720
-196	360	392	720
-192	360	384	720
-195	360	391	720
-195	360	390	720
-194	360	388	720
-194	360	389	720
-193	360	386	720
-194	360	389	720
-191	360	383	720
-191	360	382	720
-185	360	370	720
-185	360	371	720
-185	360	370	720
-186	360	373	720
-186	360	372	720
-185	360	371	720
-183	360	367	720
-184	360	369	720
-186	360	372	720
-185	360	371	720
-186	360	372	720
-189	360	378	720
-190	360	381	720
-192	360	384	720
-193	360	386	720
-96	360	389	720
-135	360	392	720
-183	360	392	720
-196	360	392	720
-195	360	390	720
-81	360	391	720
-131	360	395	720
-178	360	399	720
-201	360	402	720
-202	360	405	720
-93	360	405	720
-133	360	404	720
-170	360	405	720
-202	360	405	720
-204	360	408	720
-201	360	403	720
-201	360	403	720
-201	360	403	720
-200	360	401	720
-201	360	402	720
-203	360	406	720
-201	360	402	720
-199	360	399	720
-197	360	395	720
57	360	389	720
7	360	386	720
-19	360	377	720
-57	360	382	720
-77	360	378	720
-101	360	376	720
-131	360	375	720
-170	360	378	720
-60	360	387	720
63	360	384	720
43	154	379	720
8	321	378	720
-9	97	373	720
108	188	378	720
78	295	377	720
53	360	372	720
37	174	367	720
15	270	369	720
7	103	363	720
-12	170	363	720
-34	261	363	720
-48	85	365	720
77	169	373	720
44	-53	379	720
160	-236	385	720
124	-360	389	720
217	-282	400	720
191	-326	397	720
149	-360	404	720
420	-106	405	720
397	-308	406	720
522	-198	396	720
503	-359	389	720
626	-230	384	720
594	-270	385	720
556	-134	381	720
528	-327	379	720
512	-186	375	720
627	167	376	720
593	360	380	720
541	360	395	720
540	201	379	720
531	360	362	720
492	360	374	720
441	360	388	720
398	360	398	720
351	360	410	720
301	360	421	720
264	360	421	720
210	360	429	720
160	360	438	720
104	360	447	720
93	194	427	720
75	360	409	720
30	360	419	720
-10	360	423	720
-57	360	427	720
-100	360	427	720
-145	360	432	720
-186	360	429	720
-211	360	423	720
-210	360	421	720
-207	360	414	720
-205	360	410	720
-204	360	409	720
-204	360	409	720
-202	360	404	720
-199	360	399	720
-199	360	398	720
-197	360	395	720
-197	360	395	720
-200	360	400	720
-203	360	407	720
-201	360	403	720
-202	360	404	720
-200	360	401	720
-199	360	399	720
-198	360	396	720
-198	360	396	720
-195	360	391	720
-194	360	388	720
-195	360	391	720
-198	360	396	720
-199	360	399	720
-199	360	399	720
-199	360	398	720
-199	360	398	720
-199	360	398	720
-200	360	401	720
-199	360	398	720
-198	360	397	720
-198	360	397	720
-196	360	393	720
-193	360	387	720
-194	360	388	720
-193	360	386	720
-193	360	386	720
-193	360	387	720
-193	360	387	720
-196	360	392	720
-192	360	385	720
-192	360	384	720
-194	360	388	720
-193	360	386	720
-192	360	385	720
-185	360	370	720
-183	360	367	720
-184	360	369	720
-190	360	380	720
-193	360	386	720
-195	360	391	720
-197	360	395	720
-200	360	400	720
-198	360	397	720
-201	360	402	720
-201	360	403	720
-197	360	395	720
-198	360	396	720
-197	360	395	720
-199	360	399	720
-201	360	403	720
-201	360	403	720
-204	360	409	720
-200	360	401	720
-200	360	401	720
-200	360	400	720
-199	360	399	720
-201	360	403	720
-204	360	409	720
-201	360	402	720
-202	360	405	720
-201	360	403	720
-200	360	400	720
-200	360	400	720
-199	360	399	720
-199	360	398	720
-195	360	391	720
-195	360	391	720
-197	360	394	720
-187	360	374	720
-188	360	377	720
-189	360	379	720
-192	360	384	720
-193	360	386	720
-192	360	384	720
-193	360	386	720
-194	360	388	720
-194	360	388	720
-193	360	387	720
-193	360	387	720
-192	360	385	720
-192	360	385	720
-193	360	386	720
-196	360	392	720
-195	360	390	720
-197	360	394	720
-202	360	405	720
-203	360	406	720
-196	360	393	720
-196	360	393	720
-194	360	389	720
-195	360	391	720
-196	360	392	720
-199	360	398	720
-198	360	397	720
-197	360	395	720
-188	360	377	720
-192	360	384	720
-195	360	391	720
-197	360	394	720
-197	360	395	720
-196	360	392	720
-198	360	396	720
-200	360	401	720
-202	360	405	720
-203	360	406	720
-203	360	406	720
-202	360	404	720
-202	360	405	720
-199	360	398	720
-198	360	396	720
-201	360	402	720
-202	360	405	720
-202	360	405	720
-202	360	405	720
-200	360	401	720
-201	360	402	720
-201	360	403	720
-198	360	397	720
-199	360	398	720
-200	360	400	720
-199	360	398	720
-196	360	393	720
-195	360	391	720
-197	360	394	720
-198	360	397	720
-190	360	380	720
-193	360	386	720
-196	360	392	720
-192	360	385	720
-191	360	383	720
-194	360	388	720
-196	360	393	720
-187	360	375	720
-190	360	380	720
-192	360	384	720
-193	360	386	720
-193	360	386	720
-193	360	387	720
-197	360	395	720
-193	360	386	720
-195	360	391	720
-203	360	406	720
-199	360	398	720
-199	360	399	720
-200	360	401	720
-203	360	406	720
-199	360	399	720
-201	360	403	720
-201	360	403	720
-203	360	407	720
-202	360	405	720
-199	360	398	720
-199	360	398	720
-199	360	398	720
-198	360	396	720
-200	360	401	720
-200	360	401	720
-202	360	405	720
-202	360	405	720
-198	360	397	720
-202	360	405	720
-202	360	405	720
-204	360	409	720
-204	360	409	720
-205	360	410	720
-202	360	405	720
-200	360	401	720
-203	360	407	720
-202	360	404	720
-203	360	406	720
-202	360	405	720
-201	360	403	720
-199	360	398	720
-195	360	391	720
-198	360	396	720
-199	360	399	720
-198	360	396	720
-196	360	393	720
-198	360	396	720
-199	360	399	720
-201	360	402	720
-202	360	404	720
-203	360	406	720
-203	360	406	720
-204	360	408	720
-201	360	403	720
-200	360	401	720
-198	360	396	720
-199	360	398	720
-200	360	400	720
-202	360	404	720
-202	360	404	720
-203	360	407	720
-204	360	408	720
-205	360	411	720
-206	360	412	720
-204	360	409	720
-201	360	403	720
-201	360	402	720
-202	360	404	720
-201	360	403	720
-198	360	397	720
-196	360	393	720
-195	360	391	720
-197	360	395	720
-194	360	389	720
-196	360	393	720
-197	360	394	720
-197	360	394	720
-189	360	379	720
-193	360	387	720
-195	360	391	720
-190	360	380	720
-190	360	381	720
-191	360	383	720
-192	360	384	720
-197	360	394	720
-195	360	391	720
-195	360	391	720
-197	360	394	720
-195	360	391	720
-196	360	393	720
-195	360	391	720
-196	360	393	720
-194	360	388	720
-196	360	392	720
-194	360	388	720
-198	360	397	720
-199	360	398	720
-202	360	405	720
-200	360	400	720
-201	360	403	720
-203	360	407	720
-206	360	413	720
-209	360	418	720
-206	360	413	720
-207	360	414	720
-205	360	410	720
-201	360	403	720
-205	360	410	720
-204	360	409	720
-204	360	408	720
-205	360	411	720
-203	360	407	720
-204	360	409	720
-206	360	413	720
-207	360	414	720
-201	360	402	720
-200	360	401	720
-203	360	407	720
-205	360	410	720
-207	360	414	720
-207	360	414	720
-206	360	413	720
-208	360	417	720
-210	360	421	720
-207	360	414	720
-207	360	414	720
-206	360	413	720
-205	360	410	720
-202	360	405	720
-206	360	413	720
-202	360	405	720
-204	360	408	720
-205	360	410	720
-205	360	411	720
-204	360	409	720
-204	360	408	720
-203	360	406	720
-204	360	409	720
-204	360	409	720
-206	360	412	720
-205	360	411	720
-204	360	408	720
-205	360	411	720
-202	360	405	720
-203	360	406	720
-203	360	407	720
-201	360	402	720
-200	360	401	720
-200	360	400	720
-201	360	403	720
-202	360	404	720
-205	360	410	720
-201	360	403	720
-203	360	407	720
-202	360	405	720
-202	360	404	720
-201	360	402	720
-202	360	405	720
-203	360	407	720
-202	360	404	720
-202	360	405	720
-206	360	412	720
-206	360	412	720
-205	360	411	720
-205	360	411	720
-205	360	410	720
-204	360	409	720
-203	360	407	720
-201	360	402	720
-200	360	401	720
-201	360	402	720
-205	360	410	720
-206	360	412	720
-209	360	419	720
-208	360	416	720
-204	360	409	720
-205	360	411	720
-206	360	412	720
-207	360	415	720
-207	360	414	720
-203	360	406	720
-203	360	406	720
-203	360	406	720
-202	360	404	720
-204	360	408	720
-206	360	412	720
-204	360	409	720
-197	360	395	720
-198	360	397	720
-199	360	398	720
-197	360	394	720
-197	360	395	720
-196	360	392	720
-200	360	400	720
-200	360	401	720
-195	360	391	720
-194	360	389	720
-196	360	392	720
-198	360	397	720
-196	360	393	720
-193	360	386	720
-196	360	392	720
-196	360	392	720
-198	360	396	720
-200	360	400	720
-200	360	401	720
-200	360	401	720
-202	360	405	720
-203	360	406	720
-202	360	405	720
-204	360	408	720
-201	360	403	720
-202	360	405	720
-203	360	406	720
-204	360	408	720
-204	360	408	720
-206	360	412	720
-201	360	403	720
-202	360	405	720
-203	360	406	720
-203	360	407	720
-204	360	409	720
-205	360	410	720
-203	360	407	720
-201	360	402	720
-199	360	398	720
-198	360	397	720
-201	360	402	720
-203	360	406	720
-205	360	410	720
-206	360	412	720
-204	360	408	720
-205	360	411	720
-205	360	410	720
-206	360	413	720
-202	360	404	720
-203	360	407	720
-203	360	406	720
-203	360	406	720
-204	360	409	720
-203	360	407	720
-205	360	410	720
-204	360	408	720
-204	360	408	720
-202	360	405	720
-205	360	410	720
-207	360	414	720
-205	360	411	720
-205	360	410	720
-205	360	410	720
-206	360	413	720
-207	360	414	720
-207	360	414	720
-208	360	416	720
-205	360	411	720
-206	360	413	720
-211	360	423	720
-207	360	415	720
-206	360	413	720
-209	360	418	720
-211	360	422	720
-209	360	419	720
-209	360	419	720
-210	360	421	720
-211	360	422	720
-209	360	419	720
-211	360	423	720
-212	360	424	720
-209	360	419	720
-211	360	423	720
-213	360	427	720
-213	360	426	720
-211	360	422	720
-211	360	423	720
-213	360	426	720
-214	360	428	720
-212	360	425	720
-213	360	427	720
-210	360	420	720
-206	360	413	720
-209	360	419	720
-207	360	414	720
-205	360	411	720
-204	360	408	720
-201	360	402	720
-198	360	397	720
-196	360	392	720
-201	360	402	720
-202	360	405	720
-205	360	411	720
-208	360	417	720
-205	360	411	720
-205	360	411	720
-201	360	402	720
-204	360	408	720
-201	360	403	720
-204	360	408	720
-205	360	410	720
-204	360	408	720
-204	360	409	720
-199	360	399	720
-201	360	403	720
-203	360	406	720
-200	360	401	720
-201	360	402	720
-198	360	397	720
-201	360	403	720
-192	360	385	720
-196	360	392	720
-198	360	396	720
-196	360	392	720
-197	360	395	720
-196	360	392	720
-199	360	399	720
-196	360	392	720
-188	360	377	720
-191	360	382	720
-194	360	388	720
-191	360	382	720
-194	360	388	720
-190	360	381	720
-197	360	394	720
-196	360	392	720
-187	360	375	720
-191	360	383	720
-193	360	386	720
-199	360	398	720
-200	360	400	720
-200	360	400	720
-201	360	402	720
-199	360	399	720
-202	360	404	720
-202	360	404	720
-203	360	407	720
-203	360	407	720
-205	360	410	720
-205	360	410	720
-200	360	401	720
-201	360	403	720
-201	360	403	720
-202	360	404	720
-204	360	409	720
-205	360	410	720
-204	360	408	720
-201	360	403	720
-204	360	409	720
-204	360	408	720
-204	360	409	720
-200	360	401	720
-194	360	388	720
-195	360	391	720
-197	360	395	720
-197	360	394	720
-199	360	399	720
-199	360	399	720
-199	360	399	720
-202	360	404	720
-198	360	397	720
-201	360	403	720
-198	360	397	720
-201	360	402	720
-200	360	401	720
-201	360	403	720
-203	360	407	720
-200	360	400	720
-201	360	403	720
-202	360	404	720
-202	360	404	720
-199	360	399	720
-201	360	403	720
-88	360	401	720
-130	360	405	720
-167	360	409	720
-204	360	408	720
-204	360	408	720
-203	360	407	720
-202	360	405	720
-202	360	404	720
-203	360	406	720
-203	360	407	720
-202	360	405	720
-206	360	412	720
-204	360	408	720
-206	360	412	720
-204	360	409	720
-204	360	408	720
-204	360	409	720
-204	360	408	720
-203	360	406	720
-206	360	413	720
-206	360	412	720
-204	360	409	720
-204	360	409	720
-206	360	413	720
-206	360	412	720
-205	360	410	720
-203	360	406	720
-206	360	413	720
-207	360	415	720
-210	360	421	720
-210	360	421	720
-210	360	420	720
-208	360	416	720
-208	360	416	720
-204	360	408	720
-204	360	408	720
-205	360	411	720
-206	360	413	720
-204	360	409	720
-203	360	407	720
-201	360	402	720
-203	360	406	720
-202	360	405	720
-199	360	398	720
-203	360	406	720
-203	360	406	720
-202	360	404	720
-202	360	405	720
-202	360	405	720
-204	360	408	720
-204	360	409	720
-204	360	409	720
-200	360	400	720
-201	360	403	720
-201	360	403	720
-203	360	407	720
-206	360	412	720
-206	360	412	720
-205	360	411	720
-205	360	411	720
-205	360	410	720
-204	360	408	720
-202	360	405	720
-203	360	406	720
-205	360	410	720
-202	360	404	720
-200	360	401	720
-201	360	403	720
-202	360	405	720
-202	360	405	720
-201	360	403	720
-202	360	404	720
-201	360	403	720
-202	360	405	720
-203	360	406	720
-204	360	408	720
-194	360	388	720
-195	360	390	720
-196	360	392	720
-196	360	393	720
-197	360	394	720
-199	360	399	720
-202	360	404	720
-201	360	403	720
-203	360	406	720
-203	360	407	720
-199	360	398	720
-198	360	397	720
-199	360	398	720
-201	360	402	720
-201	360	402	720
-201	360	402	720
-203	360	406	720
-206	360	412	720
-206	360	412	720
-206	360	412	720
-207	360	415	720
-207	360	414	720
-202	360	404	720
-205	360	410	720
-205	360	411	720
-206	360	413	720
-205	360	410	720
-204	360	408	720
-201	360	403	720
-202	360	404	720
-201	360	403	720
-203	360	407	720
-205	360	410	720
-205	360	411	720
-203	360	406	720
-203	360	407	720
-204	360	409	720
-206	360	412	720
-207	360	414	720
-205	360	410	720
-200	360	401	720
-201	360	403	720
-201	360	403	720
-199	360	398	720
-200	360	400	720
-198	360	396	720
-198	360	396	720
-197	360	395	720
-199	360	399	720
-202	360	404	720
-201	360	403	720
-202	360	405	720
-198	360	397	720
-201	360	402	720
-198	360	397	720
-198	360	397	720
-198	360	396	720
-196	360	392	720
-197	360	395	720
-195	360	391	720
-195	360	390	720
-193	360	387	720
-195	360	390	720
-192	360	385	720
-192	360	385	720
-191	360	382	720
-194	360	389	720
-195	360	391	720
-197	360	395	720
-199	360	399	720
-201	360	402	720
-199	360	398	720
-194	360	389	720
-191	360	382	720
-192	360	385	720
-184	360	369	720
-187	360	375	720
-191	360	382	720
-192	360	384	720
-85	360	384	720
-117	360	382	720
-156	360	387	720
-187	360	389	720
-191	360	383	720
-194	360	388	720
-191	360	383	720
-193	360	387	720
-195	360	391	720
-197	360	394	720
-194	360	389	720
-197	360	395	720
-196	360	393	720
-197	360	395	720
-199	360	398	720
-199	360	398	720
-199	360	399	720
-201	360	402	720
-203	360	406	720
-202	360	405	720
-202	360	404	720
-204	360	409	720
-203	360	407	720
-202	360	405	720
-202	360	405	720
-202	360	405	720
-202	360	405	720
-200	360	400	720
-201	360	403	720
-200	360	401	720
-202	360	404	720
-199	360	398	720
-200	360	400	720
-200	360	401	720
-198	360	396	720
-190	360	380	720
-190	360	380	720
-193	360	387	720
-195	360	390	720
-197	360	394	720
-196	360	393	720
-194	360	388	720
-198	360	396	720
-197	360	395	720
-189	360	378	720
-192	360	385	720
-195	360	390	720
-196	360	393	720
-195	360	391	720
-198	360	396	720
-198	360	396	720
-195	360	391	720
-196	360	393	720
-196	360	392	720
-195	360	391	720
-195	360	391	720
-195	360	390	720
-199	360	398	720
-200	360	400	720
-196	360	392	720
-197	360	395	720
-196	360	392	720
-195	360	390	720
-196	360	393	720
-195	360	391	720
-198	360	397	720
-195	360	390	720
-193	360	387	720
-195	360	390	720
-194	360	388	720
-197	360	395	720
-197	360	394	720
-195	360	390	720
-198	360	396	720
-199	360	398	720
-195	360	391	720
-195	360	390	720
-194	360	388	720
-195	360	391	720
-195	360	390	720
-195	360	390	720
-198	360	396	720
-199	360	399	720
-200	360	401	720
-202	360	404	720
-201	360	402	720
-198	360	396	720
-202	360	404	720
-200	360	401	720
-200	360	400	720
-200	360	400	720
-198	360	397	720
-198	360	397	720
-201	360	402	720
-200	360	401	720
-201	360	403	720
-200	360	401	720
-199	360	398	720
-199	360	398	720
-198	360	396	720
-199	360	398	720
-196	360	392	720
-199	360	399	720
-200	360	400	720
-201	360	403	720
-200	360	401	720
-195	360	391	720
-197	360	394	720
-199	360	398	720
-200	360	401	720
-200	360	401	720
-199	360	399	720
-200	360	401	720
-202	360	404	720
-200	360	401	720
-198	360	397	720
-199	360	398	720
-198	360	397	720
-201	360	403	720
-206	360	413	720
-206	360	413	720
-209	360	418	720
-204	360	409	720
-203	360	406	720
-199	360	399	720
-202	360	405	720
-200	360	401	720
-200	360	401	720
-196	360	393	720
-199	360	399	720
-200	360	401	720
-202	360	405	720
-202	360	405	720
-204	360	408	720
-203	360	407	720
-205	360	411	720
-206	360	413	720
-204	360	409	720
-203	360	407	720
-202	360	404	720
-199	360	398	720
-200	360	401	720
-202	360	404	720
-202	360	405	720
-200	360	401	720
-202	360	404	720
-204	360	408	720
-206	360	412	720
-204	360	408	720
-206	360	412	720
-208	360	416	720
-209	360	418	720
-211	360	422	720
-209	360	418	720
-208	360	417	720
-211	360	423	720
-209	360	418	720
-206	360	413	720
-204	360	409	720
-202	360	405	720
-202	360	405	720
-201	360	402	720
-203	360	406	720
-206	360	412	720
-208	360	416	720
-208	360	416	720
-210	360	421	720
-211	360	423	720
-209	360	418	720
-209	360	419	720
-212	360	425	720
-211	360	422	720
-205	360	410	720
-204	360	409	720
-201	360	403	720
-197	360	395	720
-200	360	400	720
-197	360	394	720
-195	360	390	720
-196	360	392	720
-195	360	390	720
-198	360	396	720
-196	360	392	720
-196	360	392	720
-194	360	388	720
-195	360	391	720
-193	360	386	720
-196	360	392	720
-200	360	400	720
-198	360	397	720
-200	360	401	720
-201	360	402	720
-200	360	400	720
-201	360	403	720
-201	360	402	720
-201	360	403	720
-200	360	400	720
-198	360	397	720
-200	360	400	720
-202	360	404	720
-200	360	401	720
-203	360	406	720
-206	360	412	720
-202	360	404	720
-206	360	412	720
-202	360	405	720
-203	360	407	720
-200	360	401	720
-201	360	402	720
-201	360	403	720
-204	360	408	720
-206	360	413	720
-203	360	406	720
-197	360	394	720
-195	360	391	720
-196	360	393	720
-193	360	387	720
-195	360	390	720
-197	360	395	720
-201	360	403	720
-201	360	403	720
-200	360	401	720
-201	360	403	720
-202	360	404	720
-203	360	406	720
-203	360	406	720
-204	360	408	720
-204	360	408	720
-206	360	413	720
-205	360	410	720
-206	360	412	720
-208	360	416	720
-207	360	415	720
-207	360	415	720
-208	360	417	720
-203	360	406	720
-203	360	407	720
-205	360	411	720
-203	360	407	720
-205	360	410	720
-207	360	414	720
-206	360	412	720
-205	360	410	720
-208	360	417	720
-209	360	419	720
-210	360	421	720
-210	360	420	720
-208	360	417	720
-205	360	410	720
-207	360	414	720
-203	360	406	720
-205	360	411	720
-202	360	405	720
-194	360	389	720
-195	360	391	720
-197	360	394	720
-194	360	388	720
-194	360	389	720
-194	360	388	720
-192	360	385	720
-194	360	389	720
-197	360	394	720
-199	360	399	720
-200	360	401	720
-201	360	403	720
-201	360	403	720
-198	360	396	720
-196	360	392	720
-197	360	395	720
-200	360	401	720
-202	360	404	720
-203	360	406	720
-202	360	405	720
-202	360	405	720
-200	360	400	720
-200	360	400	720
-199	360	398	720
-197	360	394	720
-197	360	395	720
-196	360	393	720
-195	360	391	720
-200	360	401	720
-200	360	400	720
-202	360	405	720
-201	360	402	720
-201	360	403	720
-199	360	398	720
-198	360	397	720
-195	360	390	720
-194	360	389	720
-195	360	391	720
-196	360	392	720
-199	360	398	720
-198	360	397	720
-198	360	396	720
-199	360	398	720
-197	360	394	720
-198	360	397	720
-199	360	398	720
-196	360	393	720
-198	360	396	720
-200	360	400	720
-201	360	403	720
-203	360	406	720
-201	360	402	720
-202	360	405	720
-199	360	398	720
-198	360	396	720
-200	360	401	720
-203	360	407	720
-203	360	407	720
-200	360	401	720
-201	360	403	720
-202	360	405	720
-202	360	405	720
-204	360	408	720
-203	360	406	720
-204	360	408	720
-201	360	402	720
-202	360	404	720
-203	360	407	720
-203	360	406	720
-200	360	400	720
-199	360	398	720
-198	360	396	720
-201	360	402	720
-203	360	406	720
-200	360	401	720
-200	360	401	720
-203	360	406	720
-202	360	404	720
-202	360	404	720
-199	360	398	720
-198	360	396	720
-198	360	397	720
-199	360	398	720
-199	360	399	720
-198	360	396	720
-199	360	399	720
-200	360	400	720
-201	360	403	720
-201	360	402	720
-199	360	399	720
-200	360	401	720
-200	360	400	720
-201	360	402	720
-202	360	404	720
-201	360	403	720
-198	360	396	720
-197	360	395	720
-196	360	393	720
-199	360	398	720
-199	360	399	720
-200	360	400	720
-198	360	397	720
-201	360	402	720
-197	360	395	720
-196	360	392	720
-196	360	393	720
-195	360	390	720
-193	360	386	720
-194	360	388	720
-197	360	394	720
-197	360	395	720
-198	360	397	720
-198	360	396	720
-199	360	398	720
-199	360	399	720
-199	360	399	720
-200	360	401	720
-202	360	404	720
-202	360	405	720
-203	360	407	720
-204	360	409	720
-204	360	409	720
-203	360	407	720
-201	360	402	720
-203	360	407	720
-202	360	405	720
-199	360	398	720
-197	360	395	720
-198	360	397	720
-196	360	392	720
-196	360	392	720
-193	360	386	720
-191	360	382	720
-193	360	387	720
-195	360	391	720
-195	360	391	720
-192	360	385	720
-195	360	390	720
-194	360	388	720
-197	360	394	720
-195	360	390	720
-197	360	394	720
-194	360	389	720
-195	360	390	720
-193	360	386	720
-194	360	389	720
-195	360	391	720
-194	360	388	720
-196	360	392	720
-195	360	390	720
-194	360	389	720
-191	360	383	720
-195	360	391	720
-198	360	396	720
-196	360	393	720
-195	360	391	720
-194	360	388	720
-194	360	389	720
-193	360	387	720
-195	360	391	720
-195	360	390	720
-195	360	391	720
-194	360	388	720
-187	360	374	720
-188	360	376	720
-191	360	382	720
-194	360	389	720
-192	360	385	720
-193	360	387	720
-193	360	387	720
-196	360	392	720
-196	360	393	720
-197	360	394	720
-198	360	397	720
-197	360	394	720
-197	360	394	720
-199	360	398	720
-202	360	405	720
-206	360	413	720
-206	360	412	720
-201	360	403	720
-202	360	405	720
-202	360	405	720
-199	360	399	720
-199	360	399	720
-201	360	403	720
-203	360	406	720
-202	360	405	720
-204	360	408	720
-204	360	408	720
-202	360	404	720
-202	360	405	720
-201	360	402	720
-201	360	402	720
-202	360	404	720
-202	360	405	720
-203	360	406	720
-202	360	404	720
-200	360	401	720
-203	360	407	720
-203	360	406	720
-204	360	408	720
-203	360	407	720
-203	360	407	720
-205	360	410	720
-205	360	411	720
-202	360	405	720
-79	360	398	720
-115	360	399	720
-148	360	399	720
-199	360	408	720
-206	360	412	720
-208	360	416	720
-205	360	411	720
-207	360	414	720
-209	360	418	720
-207	360	414	720
-206	360	413	720
-206	360	413	720
-208	360	416	720
-208	360	417	720
-208	360	417	720
-209	360	419	720
-209	360	418	720
-209	360	419	720
-208	360	417	720
-207	360	415	720
-208	360	417	720
-207	360	415	720
-207	360	415	720
-95	360	411	720
-137	360	413	720
-181	360	415	720
-205	360	411	720
-205	360	411	720
-204	360	409	720
-205	360	410	720
-205	360	410	720
-207	360	414	720
-205	360	411	720
-203	360	407	720
-204	360	409	720
-205	360	410	720
-205	360	411	720
-199	360	399	720
-197	360	395	720
-199	360	399	720
-199	360	398	720
-195	360	391	720
-193	360	387	720
-196	360	392	720
-198	360	397	720
-198	360	396	720
-200	360	400	720
-198	360	397	720
-195	360	391	720
-199	360	398	720
-201	360	403	720
-199	360	399	720
-198	360	397	720
-199	360	398	720
-196	360	392	720
-197	360	394	720
-195	360	391	720
-194	360	389	720
-194	360	389	720
-195	360	391	720
-197	360	394	720
-196	360	392	720
-198	360	397	720
-198	360	397	720
-201	360	403	720
-200	360	401	720
-204	360	409	720
-202	360	405	720
-204	360	408	720
-201	360	402	720
-203	360	407	720
-205	360	410	720
-201	360	402	720
-198	360	396	720
-197	360	395	720
-190	360	381	720
-190	360	381	720
-192	360	384	720
-193	360	387	720
-196	360	392	720
-197	360	394	720
-193	360	387	720
-195	360	391	720
-195	360	390	720
-194	360	388	720
-194	360	388	720
-197	360	394	720
-197	360	395	720
-195	360	390	720
-199	360	398	720
-197	360	395	720
-198	360	397	720
-200	360	400	720
-201	360	402	720
-200	360	401	720
-197	360	394	720
-196	360	392	720
-197	360	394	720
-197	360	395	720
-195	360	391	720
-196	360	393	720
-198	360	396	720
-196	360	393	720
-198	360	397	720
-197	360	395	720
-201	360	402	720
-201	360	402	720
-202	360	404	720
-203	360	406	720
-204	360	408	720
-204	360	409	720
-203	360	406	720
-203	360	406	720
-200	360	400	720
-197	360	395	720
-197	360	395	720
-195	360	390	720
-197	360	394	720
-197	360	394	720
-196	360	392	720
-197	360	394	720
-197	360	394	720
-195	360	390	720
-198	360	396	720
-198	360	397	720
-196	360	393	720
-196	360	392	720
-197	360	395	720
-198	360	396	720
-198	360	397	720
-200	360	401	720
-203	360	406	720
-203	360	406	720
-204	360	409	720
-202	360	404	720
-202	360	405	720
-204	360	408	720
-202	360	405	720
-203	360	406	720
-203	360	406	720
-200	360	401	720
-201	360	403	720
-204	360	409	720
-205	360	410	720
-205	360	410	720
-203	360	407	720
-199	360	398	720
-198	360	397	720
-200	360	400	720
-195	360	391	720
-196	360	392	720
-195	360	391	720
-193	360	386	720
-193	360	386	720
-193	360	387	720
-195	360	391	720
-197	360	394	720
-197	360	395	720
-199	360	398	720
-195	360	390	720
-195	360	391	720
-193	360	387	720
-197	360	395	720
-199	360	399	720
-200	360	400	720
-199	360	398	720
-199	360	398	720
-190	360	381	720
-195	360	390	720
-191	360	382	720
-192	360	385	720
-190	360	381	720
-190	360	381	720
-192	360	385	720
-194	360	388	720
-193	360	387	720
-195	360	391	720
-190	360	380	720
-195	360	391	720
-195	360	390	720
-196	360	393	720
-198	360	396	720
-195	360	390	720
-191	360	383	720
-194	360	388	720
-197	360	394	720
-197	360	394	720
-197	360	394	720
-193	360	387	720
-78	360	380	720
-102	360	374	720
-148	360	378	720
-189	360	382	720
-191	360	382	720
-192	360	385	720
-191	360	382	720
-193	360	386	720
-192	360	385	720
-195	360	390	720
-193	360	386	720
-190	360	380	720
-189	360	379	720
-192	360	385	720
-190	360	380	720
-191	360	383	720
-195	360	391	720
-195	360	391	720
-196	360	393	720
-196	360	393	720
-195	360	390	720
-197	360	394	720
-197	360	395	720
-199	360	399	720
-195	360	390	720
-196	360	392	720
-191	360	383	720
-189	360	379	720
-187	360	374	720
-190	360	380	720
-191	360	382	720
-196	360	392	720
-197	360	394	720
-200	360	401	720
-195	360	391	720
-198	360	396	720
-196	360	392	720
-192	360	384	720
-188	360	376	720
-189	360	379	720
-188	360	376	720
-191	360	382	720
-191	360	382	720
-194	360	389	720
-191	360	382	720
-192	360	385	720
-193	360	387	720
-192	360	385	720
-195	360	391	720
-196	360	392	720
-199	360	398	720
-198	360	396	720
-196	360	393	720
-196	360	392	720
-197	360	394	720
-199	360	399	720
-199	360	399	720
-196	360	393	720
-196	360	393	720
-193	360	387	720
-194	360	389	720
-192	360	384	720
-193	360	386	720
-193	360	386	720
-191	360	382	720
-193	360	387	720
-193	360	386	720
-191	360	383	720
-193	360	387	720
-196	360	392	720
-198	360	396	720
-199	360	399	720
-199	360	398	720
-197	360	395	720
-197	360	394	720
-195	360	391	720
-194	360	388	720
-194	360	389	720
-191	360	383	720
-189	360	379	720
-184	360	368	720
-185	360	371	720
-186	360	372	720
-185	360	371	720
-182	360	365	720
-184	360	369	720
-186	360	372	720
-186	360	372	720
-185	360	371	720
-185	360	371	720
-187	360	374	720
-186	360	373	720
-186	360	372	720
-185	360	371	720
-185	360	371	720
-186	360	372	720
-183	360	367	720
-182	360	365	720
-184	360	368	720
-184	360	369	720
-189	360	378	720
-188	360	376	720
-188	360	377	720
-190	360	381	720
-190	360	380	720
-193	360	386	720
-193	360	387	720
-195	360	390	720
-194	360	389	720
-194	360	388	720
-194	360	389	720
-196	360	392	720
-96	360	395	720
-134	360	394	720
-164	360	388	720
-194	360	388	720
-193	360	386	720
-193	360	386	720
-194	360	388	720
-195	360	390	720
-197	360	395	720
-196	158	393	720
-193	-92	387	720
-192	-360	385	720
-192	9	385	720
-196	360	392	720
-196	360	393	720
-197	360	394	720
-197	360	395	720
-194	360	389	720
-194	360	389	720
-190	360	380	720
-188	360	376	720
-186	360	372	720
-186	360	373	720
-188	360	377	720
-190	360	381	720
-193	360	386	720
-193	360	386	720
-56	360	375	720
-59	177	374	720
-85	360	371	720
-96	360	365	720
-86	68	363	720
-97	-105	368	720
-107	192	368	720
-142	360	368	720
-38	360	359	720
-67	360	353	720
-105	360	360	720
-144	360	364	720
-182	360	368	720
-187	360	374	720
-188	360	377	720
-188	360	376	720
-189	360	379	720
-190	360	381	720
-70	360	368	720
-95	360	357	720
-140	360	366	720
-186	360	375	720
-190	360	380	720
-193	360	387	720
-197	360	394	720
-200	360	401	720
-201	360	403	720
-203	360	406	720
-200	360	400	720
-199	360	399	720
-197	360	394	720
-199	360	398	720
-198	360	397	720
-197	360	395	720
-188	360	377	720
-189	360	379	720
-189	360	379	720
-190	360	381	720
-192	360	385	720
-191	360	383	720
-191	360	383	720
-194	360	389	720
-195	360	391	720
-196	360	393	720
-198	360	397	720
-197	360	395	720
-197	360	394	720
-195	360	390	720
-194	360	388	720
-196	360	392	720
-195	360	390	720
-193	360	387	720
-192	360	385	720
-191	360	383	720
-191	360	382	720
-190	360	380	720
-192	360	385	720
-194	360	388	720
-194	360	388	720
-196	360	392	720
-196	360	393	720
-196	360	393	720
-196	360	392	720
-199	360	399	720
-198	360	397	720
-196	360	392	720
-200	360	400	720
-198	360	396	720
-197	360	394	720
-196	360	393	720
-196	360	393	720
-86	360	392	720
-128	360	392	720
-161	360	390	720
-193	360	387	720
-195	360	391	720
-194	360	389	720
-190	360	381	720
-189	360	378	720
-190	360	380	720
-190	360	380	720
-188	360	377	720
-189	360	378	720
-189	360	378	720
-192	360	385	720
-194	360	388	720
-195	360	390	720
-196	360	393	720
-198	360	397	720
-200	360	401	720
-199	360	399	720
-199	360	398	720
-202	360	404	720
-202	360	404	720
-199	360	399	720
-198	360	396	720
-199	360	399	720
-199	360	398	720
-197	360	394	720
-196	360	393	720
-196	360	392	720
-194	360	388	720
-195	360	390	720
-196	360	392	720
-194	360	389	720
-194	360	388	720
-192	360	384	720
-193	360	387	720
-193	360	386	720
-193	360	386	720
-188	360	377	720
-188	360	377	720
-188	360	377	720
-190	360	380	720
-183	360	367	720
-183	360	366	720
-181	360	363	720
-182	360	365	720
-184	360	369	720
-186	360	373	720
-187	360	374	720
-190	360	381	720
-189	360	379	720
-192	360	384	720
-196	360	393	720
-196	360	392	720
-196	360	392	720
-198	360	396	720
-197	360	395	720
-199	360	398	720
-200	360	401	720
-201	360	402	720
-199	360	399	720
-199	360	399	720
-202	360	404	720
-202	360	404	720
-203	360	406	720
-204	360	409	720
-205	360	411	720
-206	360	412	720
-205	360	410	720
-205	360	410	720
-205	360	411	720
-204	360	409	720
-201	360	402	720
-198	360	396	720
-199	360	398	720
-201	360	402	720
-203	360	407	720
-205	360	410	720
-206	360	412	720
-202	360	405	720
-203	360	407	720
-203	360	407	720
-203	360	407	720
-198	360	396	720
-201	360	402	720
-202	360	404	720
-202	360	404	720
-198	360	396	720
-200	360	401	720
-204	360	409	720
-202	360	404	720
-202	360	405	720
-201	360	403	720
-199	360	398	720
-195	360	390	720
-198	360	397	720
-201	360	402	720
-201	360	403	720
-200	360	401	720
-203	360	407	720
-202	360	405	720
-201	360	402	720
-198	360	397	720
-202	360	404	720
-204	360	408	720
-209	360	418	720
-211	360	423	720
-113	360	423	720
-172	360	432	720
-212	360	425	720
-211	360	422	720
-206	360	412	720
-204	360	408	720
-202	360	405	720
-202	360	404	720
-202	360	404	720
-200	360	401	720
-202	360	404	720
-200	360	400	720
-201	360	402	720
-207	360	414	720
-205	360	410	720
-204	360	409	720
-202	360	405	720
-203	360	407	720
-200	360	401	720
-201	360	403	720
-198	360	397	720
-194	360	389	720
-196	360	393	720
-196	360	393	720
-200	360	400	720
-198	360	397	720
-200	360	400	720
-198	360	397	720
-200	360	401	720
-201	360	403	720
-202	360	405	720
-206	360	412	720
-204	360	409	720
-207	360	414	720
-206	360	413	720
-204	360	408	720
-203	360	407	720
-200	360	400	720
-202	360	404	720
-198	360	397	720
-200	360	400	720
-197	360	394	720
-199	360	399	720
-199	360	399	720
-200	360	400	720
-200	360	401	720
-200	360	401	720
-203	360	407	720
-201	360	403	720
-204	360	408	720
-204	360	409	720
-207	360	415	720
-205	360	411	720
-204	360	408	720
-205	360	410	720
-204	360	408	720
-203	360	407	720
-202	360	405	720
-201	360	402	720
-204	360	408	720
-205	360	410	720
-201	360	403	720
-202	360	405	720
-202	360	405	720
-199	360	398	720
-200	360	400	720
-199	360	398	720
-199	360	398	720
-198	360	396	720
-196	360	393	720
-187	360	374	720
-192	360	384	720
-194	360	389	720
-194	360	389	720
-195	360	391	720
-196	360	393	720
-197	360	394	720
-197	360	395	720
-199	360	398	720
-199	360	399	720
-202	360	405	720
-204	360	408	720
-203	360	406	720
-202	360	404	720
-201	360	402	720
-200	360	400	720
-200	360	401	720
-198	360	396	720
-197	360	394	720
-198	360	397	720
-198	360	396	720
-198	360	397	720
-197	360	395	720
-194	360	389	720
-193	360	386	720
-193	360	387	720
-195	360	390	720
-195	360	391	720
-190	360	381	720
-193	360	387	720
-197	360	395	720
-198	360	397	720
-198	360	396	720
-199	360	399	720
-199	360	398	720
-200	360	400	720
-199	360	399	720
-199	360	399	720
-200	360	401	720
-200	360	400	720
-202	360	404	720
-203	360	407	720
-202	360	405	720
-201	360	403	720
-199	360	399	720
-200	360	400	720
-198	360	397	720
-199	360	398	720
-200	360	401	720
-202	360	404	720
-202	360	405	720
-202	360	404	720
-200	360	401	720
-203	360	406	720
-202	360	404	720
-200	360	400	720
-201	360	403	720
-200	360	401	720
-196	360	393	720
-198	360	396	720
-199	360	398	720
-199	360	398	720
-195	360	391	720
-196	360	393	720
-196	360	393	720
-197	360	394	720
-196	360	393	720
-195	360	391	720
-198	360	396	720
-198	360	397	720
-201	360	402	720
-203	360	406	720
-202	360	405	720
-201	360	403	720
-200	360	401	720
-199	360	399	720
-199	360	398	720
-198	360	396	720
-196	360	393	720
-196	360	392	720
-193	360	386	720
-193	360	386	720
-194	360	389	720
-194	360	389	720
-197	360	395	720
-195	360	390	720
-194	360	388	720
-196	360	392	720
-198	360	396	720
-197	360	395	720
-199	360	399	720
-198	360	397	720
-197	360	395	720
-198	360	397	720
-198	360	396	720
-198	360	397	720
-198	360	397	720
-201	360	402	720
-202	360	405	720
-201	360	403	720
-201	360	402	720
-199	360	398	720
-201	360	403	720
-200	360	401	720
-202	360	405	720
-201	360	403	720
-57	172	401	720
215	360	398	720
347	360	396	720
348	166	386	720
479	231	382	720
466	145	382	720
570	177	390	720
713	360	385	720
700	166	385	720
805	360	372	720
786	127	366	720
757	170	372	720
715	175	383	720
678	167	390	720
645	213	397	720
637	360	392	720
629	293	385	720
603	188	388	720
569	360	390	720
538	360	388	720
512	360	388	720
487	174	383	720
442	275	387	720
398	360	381	720
352	360	386	720
309	360	393	720
270	360	395	720
390	175	390	720
494	242	395	720
629	360	390	720
594	150	401	720
579	360	400	720
539	151	400	720
660	191	400	720
779	278	392	720
763	174	393	720
720	231	404	720
714	360	394	720
702	360	393	720
697	360	383	720
682	360	379	720
802	360	371	720
806	360	364	720
791	174	374	720
790	340	370	720
772	173	377	720
886	360	373	720
864	170	368	720
871	325	355	720
848	360	357	720
839	360	353	720
815	360	361	720
808	231	355	720
937	323	344	720
910	360	348	720
885	360	355	720
590	174	350	720
560	360	358	720
528	360	369	720
487	360	377	720
454	360	379	720
433	191	363	720
391	360	370	720
343	360	382	720
301	360	387	720
284	185	375	720
245	360	372	720
227	360	357	720
206	207	351	720
176	360	357	720
122	360	372	720
83	360	376	720
84	204	363	720
63	360	365	720
15	360	378	720
11	197	369	720
-3	360	358	720
-54	360	376	720
-61	224	366	720
-78	208	361	720
-127	360	375	720
-157	360	374	720
-163	201	362	720
-183	360	366	720
-54	212	356	720
-78	360	349	720
43	182	345	720
0	360	361	720
-23	176	356	720
-39	360	352	720
83	173	348	720
67	348	341	720
26	360	355	720
147	187	357	720
128	335	354	720
86	360	369	720
81	176	365	720
65	155	364	720
31	123	365	720
14	272	358	720
146	98	366	720
129	224	364	720
100	179	367	720
79	336	362	720
53	360	365	720
38	200	357	720
14	344	352	720
-8	295	351	720
-36	115	355	720
-60	220	356	720
-79	360	351	720
-118	360	360	720
-156	360	371	720
-190	360	381	720
-194	360	388	720
-80	360	389	720
-118	360	393	720
-157	360	395	720
-165	189	382	720
-185	318	371	720
-187	360	374	720
-190	360	381	720
-193	360	386	720
-193	360	387	720
-194	360	388	720
-193	360	387	720
-194	360	389	720
-194	360	388	720
-191	360	382	720
-193	360	386	720
-193	360	386	720
-195	360	390	720
-196	360	392	720
-195	360	391	720
-196	360	393	720
-196	360	392	720
-196	360	392	720
-197	360	394	720
-196	360	392	720
-196	360	392	720
-188	229	376	720
-53	360	360	720
-81	360	362	720
-97	167	360	720
-128	360	365	720
-157	360	367	720
-182	360	373	720
-182	360	364	720
-73	360	366	720
-71	270	366	720
-73	158	372	720
50	302	365	720
28	360	367	720
-13	360	376	720
-52	360	383	720
77	223	374	720
340	204	371	720
300	151	380	720
278	360	382	720
230	360	391	720
361	196	389	720
488	166	378	720
581	360	380	720
555	123	384	720
544	263	372	720
533	88	364	720
518	215	356	720
501	322	354	720
363	203	346	720
360	40	353	720
496	144	348	720
476	238	348	720
457	178	352	720
446	-4	351	720
433	142	351	720
423	261	348	720
389	360	353	720
355	360	358	720
323	360	363	720
292	164	371	720
260	131	373	720
221	53	380	720
163	22	404	720
110	24	430	720
82	49	437	720
196	105	447	720
174	221	433	720
305	360	417	720
274	360	411	720
255	360	401	720
242	360	391	720
353	188	385	720
325	98	381	720
325	144	381	720
327	257	370	720
325	155	391	720
275	193	409	720
219	74	426	720
348	189	427	720
287	118	441	720
230	100	452	720
344	188	443	720
324	173	437	720
301	299	428	720
257	101	434	720
224	137	438	720
194	203	434	720
145	52	443	720
104	50	452	720
220	107	456	720
163	105	468	720
112	129	465	720
76	182	455	720
49	254	443	720
174	360	434	720
157	360	426	720
284	173	422	720
242	274	421	720
226	360	415	720
194	360	415	720
175	360	411	720
144	269	403	720
104	63	426	720
77	63	442	720
182	132	441	720
152	171	440	720
114	-32	459	720
67	22	465	720
25	29	460	720
134	103	457	720
100	360	448	720
65	138	438	720
39	259	425	720
6	360	419	720
126	135	408	720
85	202	405	720
49	360	404	720
-1	360	409	720
-34	360	412	720
-61	360	405	720
-94	360	406	720
-113	162	397	720
1	122	405	720
-38	114	401	720
68	53	404	720
22	6	406	720
-10	-28	401	720
-43	-44	394	720
-78	-65	403	720
-81	-124	405	720
28	-159	416	720
2	-217	408	720
-20	-180	405	720
-44	-147	402	720
55	-91	408	720
13	-60	416	720
-18	-9	423	720
-42	74	418	720
-66	198	409	720
-90	360	400	720
-133	360	403	720
-177	360	404	720
-201	360	402	720
-195	360	390	720
-195	360	390	720
-195	360	390	720
-195	360	391	720
-194	360	388	720
-195	360	391	720
-194	360	388	720
-196	360	392	720
-195	360	390	720
-194	360	388	720
-190	360	381	720
-185	360	371	720
-186	360	373	720
-182	360	365	720
-184	360	368	720
-186	360	373	720
-186	360	372	720
-188	360	376	720
-189	360	378	720
-190	360	381	720
-190	360	381	720
-191	360	382	720
-191	360	383	720
-190	360	381	720
-190	360	381	720
-193	360	386	720
-193	360	387	720
-193	360	387	720
-197	360	394	720
-196	360	393	720
-192	360	384	720
-193	360	387	720
-192	360	384	720
-190	360	381	720
-192	360	384	720
-193	360	387	720
-89	360	390	720
-126	360	395	720
-163	360	395	720
-185	360	388	720
-193	360	387	720
-198	360	396	720
-100	360	399	720
-118	360	389	720
10	219	382	720
-11	360	378	720
-52	360	382	720
-89	360	383	720
-95	232	369	720
-138	360	376	720
-9	177	371	720
-33	83	373	720
-57	232	366	720
56	172	367	720
20	297	363	720
-10	360	365	720
-29	167	362	720
-57	61	379	720
-73	224	371	720
-88	73	376	720
-108	116	388	720
-128	196	387	720
-144	315	384	720
-19	358	385	720
128	127	399	720
104	229	391	720
75	360	380	720
76	119	378	720
42	130	389	720
16	161	383	720
138	161	375	720
112	103	369	720
84	44	365	720
170	24	379	720
123	20	384	720
214	38	403	720
178	52	402	720
147	13	410	720
110	-16	410	720
81	-49	424	720
53	-92	423	720
142	-97	448	720
223	-61	458	720
175	-37	463	720
126	-53	472	720
211	-31	482	720
181	11	472	720
272	32	485	720
398	84	474	720
353	149	471	720
325	237	460	720
272	104	463	720
396	360	452	720
371	132	438	720
462	166	444	720
404	155	451	720
356	233	448	720
307	114	448	720
262	125	454	720
366	127	461	720
496	146	452	720
462	169	451	720
428	178	442	720
396	209	442	720
354	281	434	720
303	189	435	720
253	207	436	720
215	306	428	720
179	116	430	720
279	91	446	720
407	162	438	720
380	196	431	720
333	109	428	720
275	172	430	720
243	256	419	720
207	123	413	720
479	246	403	720
444	126	417	720
387	194	425	720
341	215	432	720
304	245	433	720
251	107	435	720
219	256	420	720
335	360	418	720
298	157	427	720
438	297	409	720
422	101	409	720
403	231	401	720
364	360	404	720
336	360	404	720
297	360	408	720
424	360	401	720
399	108	408	720
380	129	405	720
498	239	398	720
462	341	393	720
423	195	398	720
375	84	415	720
464	121	422	720
555	177	436	720
521	226	428	720
477	102	441	720
428	126	449	720
553	240	441	720
533	231	427	720
676	360	416	720
675	295	408	720
646	170	413	720
634	260	409	720
620	198	402	720
610	342	392	720
585	139	386	720
538	174	395	720
496	76	397	720
444	102	413	720
413	165	415	720
389	45	418	720
337	47	443	720
299	108	447	720
243	96	451	720
220	108	457	720
364	237	438	720
335	83	438	720
304	95	444	720
447	133	436	720
430	122	430	720
416	222	420	720
397	124	407	720
376	40	419	720
343	1	435	720
323	-14	438	720
312	39	442	720
451	73	438	720
424	30	434	720
556	86	426	720
524	121	426	720
513	201	417	720
513	348	405	720
483	360	410	720
461	360	404	720
424	360	409	720
405	360	409	720
519	360	412	720
503	360	409	720
659	178	396	720
660	242	391	720
637	360	396	720
632	188	388	720
604	98	393	720
576	167	395	720
534	67	409	720
515	133	413	720
462	167	408	720
583	48	407	720
531	71	423	720
487	75	430	720
614	189	424	720
740	360	419	720
756	178	401	720
752	249	388	720
725	111	400	720
713	208	394	720
691	85	402	720
678	134	404	720
672	268	396	720
672	47	405	720
645	61	415	720
633	154	411	720
602	224	416	720
562	118	415	720
519	360	420	720
486	360	418	720
433	125	412	720
381	144	413	720
334	147	416	720
295	227	405	720
265	326	399	720
216	360	409	720
172	116	403	720
264	177	412	720
226	158	405	720
164	180	406	720
113	249	401	720
70	360	401	720
34	360	401	720
0	360	403	720
-32	360	402	720
96	133	387	720
192	221	398	720
172	137	397	720
314	199	392	720
267	310	393	720
205	55	410	720
154	360	416	720
125	360	412	720
87	360	414	720
36	360	423	720
10	360	419	720
-13	360	413	720
-26	360	407	720
-17	115	414	720
-58	360	412	720
-98	360	412	720
-143	360	417	720
-175	360	410	720
-196	360	393	720
-195	360	391	720
-194	360	389	720
-196	360	392	720
-190	360	381	720
71	360	377	720
43	360	383	720
37	158	377	720
7	262	378	720
-19	360	380	720
-59	360	384	720
38	360	391	720
7	360	384	720
-22	360	384	720
-66	360	390	720
-92	360	390	720
20	360	393	720
-22	360	402	720
-60	360	402	720
-91	360	400	720
-110	130	387	720
3	360	386	720
258	360	377	720
219	360	377	720
171	103	388	720
126	120	392	720
84	127	392	720
49	131	397	720
12	-97	394	720
120	-39	405	720
75	3	408	720
164	8	425	720
261	-21	430	720
346	16	441	720
287	39	443	720
368	36	452	720
310	47	447	720
415	360	444	720
358	360	444	720
308	151	437	720
236	-7	443	720
193	-45	449	720
275	14	461	720
215	42	456	720
158	48	454	720
125	-8	439	720
213	319	446	720
167	360	442	720
125	69	443	720
94	83	433	720
67	128	415	720
30	133	409	720
-4	107	400	720
107	360	395	720
76	360	391	720
44	110	388	720
7	59	384	720
-7	-12	383	720
-24	-116	376	720
-56	-360	373	720
-89	-360	374	720
-123	-360	364	720
-175	-360	368	720
-182	-360	364	720
-181	-360	362	720
-179	-360	359	720
-179	-360	359	720
-177	-360	355	720
-179	-360	359	720
-177	-360	355	720
-175	-360	350	720
-174	-360	348	720
-173	-360	347	720
-172	-360	345	720
-175	-360	350	720
-92	-360	358	720
-140	-360	361	720
-48	-360	365	720
-96	-360	363	720
-149	-360	365	720
-178	-360	356	720
-174	-360	349	720
-173	-360	347	720
-176	-360	353	720
-176	-360	353	720
-176	-360	353	720
-181	-68	363	720
-185	220	371	720
-187	360	375	720
-187	360	375	720
-189	360	379	720
-191	360	383	720
-69	360	370	720
-94	29	372	720
-185	-233	370	720
-187	-360	374	720
-187	-344	375	720
-189	-360	379	720
-196	-348	393	720
-199	-346	399	720
-196	-323	393	720
-196	-273	392	720
-193	-345	387	720
-189	-360	379	720
-189	-360	378	720
-188	-360	376	720
-185	-287	370	720
69	-29	380	720
37	-19	385	720
13	-58	388	720
-48	-301	389	720
-63	-221	381	720
48	-2	383	720
134	16	395	720
96	39	394	720
188	66	405	720
142	75	404	720
115	26	398	720
84	-1	397	720
52	-23	399	720
136	-39	412	720
101	-30	420	720
186	-32	435	720
152	-23	435	720
109	14	430	720
198	-17	438	720
158	-26	438	720
115	187	433	720
82	-77	424	720
187	-93	433	720
156	-60	433	720
133	-51	430	720
102	-57	428	720
72	-57	424	720
40	209	422	720
10	360	412	720
0	360	396	720
-21	360	382	720
79	360	383	720
52	95	379	720
32	92	384	720
14	69	383	720
131	27	386	720
101	8	380	720
184	-42	399	720
150	201	401	720
120	58	400	720
87	27	400	720
50	79	394	720
32	-21	391	720
10	-84	394	720
0	-138	393	720
117	-171	399	720
82	83	407	720
55	66	404	720
20	55	401	720
6	61	399	720
-24	92	395	720
-42	111	383	720
-62	128	378	720
-71	90	379	720
-81	65	381	720
-106	-275	380	720
19	-107	382	720
-44	-344	380	720
-90	-360	372	720
-122	-299	370	720
8	-126	369	720
-9	-121	381	720
93	-73	387	720
170	-27	399	720
100	355	414	720
73	360	409	720
36	360	409	720
4	360	407	720
-36	360	404	720
-67	360	404	720
-99	360	404	720
-135	360	400	720
-170	360	397	720
-198	360	396	720
-198	360	396	720
-197	360	395	720
-199	360	398	720
-198	360	397	720
-193	166	387	720
-194	-133	388	720
-202	82	404	720
-92	162	405	720
-139	360	412	720
-173	360	407	720
-203	82	407	720
-75	92	410	720
-120	78	409	720
22	78	412	720
5	36	422	720
-20	25	431	720
-46	-17	436	720
-88	-301	428	720
15	-360	421	720
145	-12	428	720
236	10	451	720
314	4	461	720
286	-245	454	720
249	-360	440	720
202	-360	433	720
163	-360	422	720
129	-360	414	720
80	-360	406	720
21	-360	403	720
-5	-43	404	720
-38	237	408	720
-73	360	405	720
-101	360	398	720
-111	91	390	720
15	64	375	720
-24	26	380	720
-190	-211	380	720
-193	76	386	720
-190	50	381	720
-185	-258	370	720
-182	-360	365	720
-180	-33	361	720
-61	-34	359	720
-177	-274	354	720
-49	-159	348	720
-83	-360	348	720
-124	-360	344	720
-176	-360	353	720
-176	-360	353	720
-175	-360	350	720
-174	-360	349	720
-89	-360	351	720
46	-70	359	720
26	108	375	720
-11	19	376	720
-46	-23	374	720
54	-13	381	720
137	-31	394	720
213	-25	407	720
284	-33	424	720
224	-14	435	720
178	-23	430	720
-118	-360	410	720
-140	-54	395	720
-17	-16	392	720
-49	-41	397	720
-195	-360	390	720
-104	-360	382	720
-150	-360	381	720
-9	-99	388	720
-24	-293	388	720
-32	-136	389	720
-54	-360	386	720
-113	-360	384	720
14	-86	388	720
-19	144	392	720
-50	-19	395	720
-80	-23	398	720
-108	207	399	720
-141	48	397	720
-178	39	397	720
-45	-29	388	720
-68	191	393	720
-91	-46	391	720
151	172	392	720
116	360	392	720
90	108	385	720
197	360	381	720
157	360	382	720
124	360	380	720
96	217	371	720
57	87	370	720
16	61	376	720
-29	33	381	720
71	9	391	720
145	2	406	720
83	-16	416	720
165	-27	419	720
117	-8	423	720
64	-244	418	720
15	-360	407	720
-39	-360	402	720
-51	-153	398	720
-84	76	401	720
-101	19	400	720
-127	1	392	720
-16	-10	397	720
-193	-200	387	720
-186	-360	373	720
-185	-27	370	720
-178	-195	357	720
-176	-360	352	720
-176	-360	353	720
-176	-28	353	720
-63	-22	350	720
-113	210	368	720
-156	232	365	720
-185	-103	371	720
-184	-360	369	720
-182	-321	364	720
-178	-360	357	720
-176	-265	353	720
-178	-360	356	720
-174	-360	348	720
-175	-325	351	720
-171	-360	342	720
-170	-360	341	720
-171	-360	342	720
-86	-360	348	720
-136	-360	351	720
-6	-47	365	720
103	-7	368	720
57	-29	376	720
144	-20	389	720
214	8	408	720
153	38	418	720
109	25	419	720
188	36	427	720
150	20	419	720
80	360	426	720
50	360	415	720
143	360	419	720
108	360	415	720
59	360	413	720
17	360	407	720
133	360	396	720
104	360	387	720
78	104	384	720
44	360	387	720
11	61	389	720
-29	13	391	720
-66	306	397	720
40	360	395	720
153	360	392	720
252	360	391	720
203	360	401	720
293	360	410	720
248	360	413	720
204	360	416	720
156	360	417	720
126	360	412	720
88	61	404	720
55	315	390	720
153	360	389	720
115	360	389	720
83	360	387	720
54	360	384	720
16	148	378	720
-20	83	379	720
-53	360	384	720
58	360	381	720
21	87	379	720
-25	107	378	720
-50	89	378	720
-89	80	380	720
29	317	376	720
140	360	376	720
88	112	382	720
38	69	389	720
3	45	395	720
-13	12	394	720
95	-66	390	720
164	-13	406	720
116	234	403	720
90	360	393	720
46	116	388	720
25	63	392	720
129	349	386	720
72	46	393	720
36	312	386	720
-1	-14	387	720
-26	166	385	720
-46	-56	384	720
-68	153	391	720
48	-48	393	720
276	216	402	720
205	-21	411	720
151	226	414	720
104	360	413	720
76	360	405	720
32	98	399	720
7	325	391	720
-37	360	391	720
-63	360	390	720
-82	28	384	720
35	246	378	720
11	360	372	720
-13	360	374	720
-30	75	372	720
-51	33	374	720
-71	246	373	720
54	360	360	720
28	360	361	720
8	360	361	720
-20	360	362	720
-52	360	369	720
-81	360	374	720
-107	64	371	720
13	256	361	720
-12	360	358	720
105	360	356	720
79	360	358	720
35	72	366	720
-4	38	370	720
-42	8	375	720
-73	-61	376	720
28	-68	384	720
-12	135	390	720
-30	360	382	720
57	360	388	720
26	360	386	720
13	82	377	720
-19	337	379	720
98	360	375	720
64	78	374	720
26	19	377	720
-24	349	386	720
-37	60	385	720
88	279	374	720
35	-18	385	720
116	-30	404	720
84	194	401	720
48	-1	401	720
150	-39	402	720
109	2	405	720
77	-41	405	720
172	12	409	720
113	-15	414	720
204	199	417	720
171	360	406	720
118	85	399	720
81	11	395	720
156	32	405	720
106	7	410	720
75	-53	406	720
34	-67	406	720
122	-36	419	720
80	202	421	720
49	111	409	720
43	-23	406	720
36	-86	406	720
15	-150	403	720
4	-183	396	720
-19	-185	390	720
-39	-66	392	720
-46	-71	392	720
-79	188	399	720
40	360	390	720
161	360	377	720
128	360	377	720
102	360	376	720
51	60	386	720
12	337	387	720
-16	40	391	720
-195	-205	390	720
-190	-360	381	720
-102	-360	380	720
-152	-360	378	720
-188	-360	377	720
-188	-360	377	720
-54	-69	372	720
-184	-307	369	720
-57	10	368	720
-181	-231	363	720
80	37	368	720
48	314	371	720
14	360	374	720
-17	360	374	720
-27	68	371	720
-58	94	371	720
54	308	369	720
166	360	366	720
134	360	369	720
94	360	370	720
69	360	366	720
32	51	376	720
-13	36	379	720
95	-11	386	720
64	-56	395	720
33	-90	400	720
260	183	414	720
204	134	417	720
148	360	424	720
108	26	421	720
72	8	422	720
44	226	418	720
18	360	410	720
-1	360	402	720
118	360	397	720
98	360	391	720
81	360	384	720
61	360	382	720
43	360	377	720
23	360	376	720
-13	360	377	720
-51	360	381	720
67	360	380	720
31	-24	386	720
126	-29	407	720
215	-38	420	720
187	-114	423	720
155	-148	418	720
120	-129	418	720
85	-85	418	720
182	-60	423	720
137	168	425	720
97	81	420	720
73	343	407	720
37	23	408	720
13	163	401	720
-13	360	391	720
96	360	387	720
72	360	376	720
52	360	372	720
19	360	372	720
-23	360	379	720
-40	360	376	720
-71	95	380	720
-102	133	374	720
0	360	376	720
-13	360	377	720
-36	360	379	720
80	360	378	720
53	360	376	720
30	360	372	720
10	360	369	720
-35	116	370	720
-69	80	373	720
-112	87	375	720
5	322	367	720
-33	47	375	720
-72	42	385	720
49	245	376	720
10	238	371	720
-32	255	372	720
78	360	370	720
46	360	369	720
21	360	368	720
-12	67	372	720
88	355	374	720
58	360	370	720
30	87	372	720
-15	117	373	720
-56	360	381	720
-103	360	389	720
12	360	382	720
112	143	388	720
68	360	390	720
45	360	385	720
11	360	388	720
-18	360	386	720
-45	360	386	720
63	360	387	720
25	92	388	720
-17	149	388	720
-60	360	398	720
-91	360	397	720
27	360	393	720
-1	360	389	720
-37	360	388	720
-69	360	388	720
46	360	388	720
159	360	386	720
133	360	383	720
88	126	385	720
40	134	392	720
-3	114	390	720
-55	360	401	720
-73	360	395	720
-108	360	393	720
-143	360	400	720
-25	360	396	720
-48	360	390	720
-91	112	392	720
-127	360	391	720
-8	360	386	720
101	360	384	720
79	360	379	720
59	360	376	720
15	102	378	720
-14	97	381	720
99	356	376	720
221	360	371	720
167	132	377	720
136	360	375	720
94	78	372	720
44	85	377	720
136	0	378	720
99	-17	388	720
48	-29	394	720
3	214	399	720
-42	360	409	720
90	360	397	720
41	65	398	720
145	339	396	720
130	360	388	720
95	360	389	720
71	360	384	720
32	86	388	720
-17	55	388	720
93	311	380	720
68	360	376	720
46	360	373	720
28	360	371	720
1	360	371	720
-24	360	372	720
-52	360	371	720
-79	83	371	720
17	360	375	720
139	360	376	720
91	61	384	720
42	18	390	720
146	255	395	720
257	360	390	720
196	97	398	720
139	53	408	720
100	44	413	720
65	322	412	720
29	360	406	720
5	360	396	720
129	360	384	720
92	100	383	720
181	126	394	720
152	360	389	720
266	360	387	720
198	92	399	720
159	122	404	720
116	110	406	720
85	183	403	720
180	31	406	720
143	83	406	720
108	71	403	720
66	80	399	720
15	360	408	720
-8	360	404	720
104	360	402	720
72	360	399	720
58	152	392	720
39	104	390	720
7	360	384	720
3	74	380	720
122	-29	377	720
102	-98	378	720
69	-149	381	720
51	-165	386	720
22	-197	383	720
-18	-309	380	720
-52	-304	376	720
-78	-299	370	720
-114	-255	368	720
-132	-245	360	720
-10	-77	361	720
-27	-79	369	720
87	-94	372	720
158	-54	391	720
108	-85	406	720
68	-331	402	720
40	-37	405	720
4	-332	399	720
-42	-360	389	720
-98	-360	389	720
-135	-303	380	720
0	-51	386	720
-27	-303	382	720
-65	-360	379	720
-117	-360	379	720
-161	-360	374	720
-187	-360	374	720
-183	-360	366	720
-180	-360	360	720
-177	-360	355	720
-177	-360	354	720
-177	-360	355	720
-176	-360	352	720
-174	-360	348	720
-172	-360	345	720
-171	-360	342	720
-172	-360	344	720
-173	-35	347	720
-181	269	363	720
-183	360	367	720
-184	360	368	720
-186	360	372	720
-70	360	372	720
-124	360	375	720
-167	360	380	720
-189	360	379	720
-192	360	384	720
-193	360	386	720
-86	360	391	720
-136	360	387	720
-169	360	387	720
-193	360	387	720
-78	360	384	720
-125	360	390	720
-158	360	390	720
-193	360	387	720
-192	360	385	720
-189	360	379	720
-185	149	371	720
-186	142	372	720
-69	360	370	720
-114	360	375	720
-150	360	373	720
-183	360	368	720
-186	360	372	720
-188	360	377	720
-77	360	377	720
-122	360	384	720
-158	360	388	720
-51	360	389	720
-90	360	389	720
-103	150	377	720
-120	208	370	720
-148	302	365	720
-183	360	372	720
-70	360	373	720
-106	360	377	720
-138	360	380	720
-177	360	379	720
-193	360	386	720
-194	360	389	720
-193	360	386	720
-195	360	391	720
-193	360	387	720
-192	360	385	720
-189	360	378	720
-191	360	382	720
-188	143	377	720
-186	145	373	720
-188	360	376	720
-184	360	368	720
-183	360	366	720
-184	360	369	720
-185	360	370	720
-186	360	372	720
-187	360	375	720
-189	360	379	720
-191	360	383	720
-192	360	384	720
-193	360	386	720
-192	360	385	720
-194	360	388	720
-193	360	387	720
-69	360	379	720
36	360	380	720
-14	360	383	720
-45	360	382	720
-81	360	381	720
-124	360	382	720
-148	360	379	720
-186	360	374	720
-186	360	372	720
-188	360	376	720
-61	360	372	720
-85	360	363	720
-120	360	365	720
-148	360	371	720
-174	360	372	720
-189	360	379	720
-189	360	379	720
-188	360	377	720
-189	360	379	720
-190	360	380	720
-70	360	377	720
-81	103	369	720
-112	162	366	720
-146	139	364	720
-173	99	368	720
-185	-188	370	720
-185	-180	370	720
-182	-360	365	720
-179	-360	358	720
-174	-360	349	720
-174	-360	349	720
-172	-360	345	720
-168	-261	337	720
-169	-360	338	720
-168	-360	336	720
-164	-320	328	720
-163	-257	327	720
-162	-233	325	720
-168	28	337	720
-171	32	343	720
-54	-26	352	720
-76	205	363	720
-102	360	366	720
-122	69	362	720
-161	332	366	720
-185	6	370	720
-56	-86	370	720
-87	107	369	720
-115	1	369	720
-150	226	377	720
-183	150	371	720
-188	16	376	720
-62	-63	374	720
-183	-360	366	720
-177	-302	354	720
-172	-228	345	720
-169	-311	339	720
-167	-257	335	720
-164	-360	328	720
-166	-339	332	720
-167	-360	334	720
-168	-360	336	720
-166	-298	333	720
-167	-360	335	720
-168	-360	337	720
-166	-360	333	720
-169	-40	338	720
-58	-21	343	720
-99	222	356	720
20	360	354	720
-21	15	357	720
-48	233	369	720
-74	182	367	720
-97	93	358	720
-120	0	359	720
-145	173	361	720
-174	-187	362	720
-176	-352	352	720
-177	-360	355	720
-177	-360	355	720
-183	-360	367	720
-186	-358	372	720
-184	-348	369	720
-184	-360	368	720
-183	-304	366	720
-181	-360	363	720
-181	-360	362	720
-76	-360	362	720
-128	-360	366	720
-175	-360	361	720
-180	-360	360	720
-178	-360	357	720
-179	-360	358	720
-183	-360	367	720
-182	-360	364	720
-183	-360	367	720
-188	-354	376	720
-186	-360	372	720
-185	-360	370	720
-187	-327	375	720
-187	-319	374	720
-182	-360	365	720
-179	-311	358	720
-179	-341	359	720
-64	-200	360	720
-90	-276	361	720
-137	-360	355	720
-175	-360	351	720
-174	-360	349	720
-169	-360	338	720
-167	-360	334	720
-165	-332	331	720
-165	-241	330	720
-56	-59	341	720
51	-89	335	720
1	-121	332	720
-46	-226	332	720
-78	-322	336	720
-94	-340	335	720
-134	-335	338	720
-166	-346	339	720
-171	-360	343	720
-176	-356	352	720
-176	-360	353	720
-179	-360	358	720
-183	-360	367	720
-191	-317	382	720
-192	-360	384	720
-188	-360	377	720
-186	-360	373	720
-187	-360	374	720
59	-47	385	720
283	-21	402	720
228	-26	414	720
199	33	419	720
185	36	426	720
150	-68	428	720
124	-137	433	720
67	-360	429	720
21	-360	415	720
-29	-360	401	720
-84	-360	399	720
-124	-360	392	720
-165	-360	384	720
-186	-360	373	720
-187	-278	375	720
-190	27	381	720
-192	344	384	720
-84	360	388	720
-108	360	386	720
-135	360	382	720
-162	360	380	720
-188	360	377	720
-65	360	370	720
-91	360	371	720
-116	317	367	720
-144	32	370	720
-34	-83	366	720
-58	-171	367	720
57	-57	375	720
32	-100	385	720
18	-167	386	720
0	-191	393	720
-16	-242	386	720
-25	-183	380	720
-33	-161	367	720
-49	-226	361	720
-53	-157	356	720
-105	-360	356	720
-134	-360	349	720
-175	-360	357	720
-179	-348	359	720
-50	-50	364	720
-78	-95	365	720
-87	-53	362	720
-101	-194	354	720
-111	-288	347	720
-138	-354	348	720
-158	-360	345	720
-171	-360	342	720
-171	-360	342	720
-171	-350	343	720
-175	-360	350	720
-180	-345	360	720
-179	-360	359	720
-180	-360	361	720
-181	-296	363	720
-182	-360	365	720
-181	-356	363	720
-184	-354	369	720
-185	-331	371	720
-185	-336	371	720
-190	-360	381	720
-187	-348	374	720
-186	-360	372	720
-184	-360	368	720
-94	-360	371	720
-143	-360	369	720
-184	-360	369	720
-30	-75	372	720
-33	-117	369	720
-46	-208	364	720
-95	-360	361	720
-131	-360	352	720
-168	-360	348	720
-175	-360	351	720
-181	-360	362	720
-182	-360	364	720
-181	-360	362	720
-180	-360	360	720
-185	-351	371	720
-186	-324	372	720
-185	-255	371	720
-62	-163	365	720
53	-38	378	720
27	-87	384	720
128	-98	403	720
89	-115	414	720
165	-87	436	720
263	-94	450	720
203	-85	458	720
172	86	445	720
125	135	439	720
102	2	427	720
218	-74	425	720
191	-136	418	720
146	-175	415	720
106	-360	404	720
61	-360	394	720
18	-360	387	720
-22	-360	376	720
-48	-360	366	720
-90	-360	363	720
-121	-360	355	720
-164	-360	351	720
-180	-353	360	720
-180	-360	360	720
-182	-360	365	720
-184	-354	369	720
-189	-360	379	720
-190	-339	380	720
-190	-360	380	720
-192	-360	385	720
-195	-360	390	720
-198	-360	396	720
-199	-360	398	720
-62	-164	390	720
-96	-360	382	720
-127	-342	385	720
-172	-360	386	720
-194	-360	388	720
-195	-135	391	720
-192	-360	384	720
-64	-50	380	720
-77	-360	375	720
-121	-360	374	720
-162	-360	378	720
-189	-360	379	720
-194	-351	388	720
-196	-360	392	720
-195	-360	391	720
-194	-356	389	720
-194	-360	388	720
-192	-360	385	720
-195	-360	390	720
-89	-356	384	720
-138	-360	385	720
-196	-360	398	720
-202	-340	404	720
-203	-333	407	720
-209	-291	418	720
-212	-360	425	720
-212	-320	425	720
-217	-301	434	720
-218	-297	437	720
-221	-360	442	720
-222	-331	444	720
-210	-360	421	720
-66	-51	414	720
-81	-90	405	720
47	113	401	720
13	5	391	720
-4	-82	394	720
-33	-102	399	720
-36	-149	398	720
-56	73	400	720
77	309	384	720
49	48	382	720
20	338	381	720
-10	103	378	720
-31	113	376	720
-49	26	368	720
66	-74	373	720
57	-106	376	720
25	-106	380	720
-8	-360	370	720
-44	-360	362	720
-91	-339	359	720
-128	-319	356	720
-161	-333	360	720
-27	-53	373	720
-48	-48	378	720
68	-68	376	720
133	-53	398	720
196	-28	421	720
145	-20	431	720
227	1	451	720
163	17	459	720
103	15	457	720
186	12	472	720
284	38	486	720
231	51	490	720
350	57	485	720
303	59	485	720
258	79	483	720
208	87	479	720
165	61	480	720
265	70	478	720
279	-239	480	720
210	63	489	720
338	360	475	720
293	360	472	720
245	83	471	720
359	64	467	720
317	70	469	720
289	-192	464	720
545	51	467	720
500	42	475	720
460	44	466	720
423	1	466	720
558	-75	467	720
702	-9	455	720
699	-32	446	720
699	-16	439	720
654	41	450	720
605	28	460	720
562	43	458	720
525	88	452	720
479	57	451	720
444	98	449	720
404	112	453	720
373	88	449	720
516	360	430	720
483	118	432	720
448	79	432	720
394	95	443	720
325	50	453	720
589	334	443	720
564	360	433	720
557	123	423	720
530	150	420	720
511	134	416	720
468	118	418	720
431	132	416	720
375	127	422	720
341	360	419	720
311	360	416	720
280	360	414	720
244	147	413	720
187	360	421	720
159	360	417	720
121	360	418	720
85	360	416	720
55	360	412	720
22	360	401	720
-9	360	402	720
-50	360	403	720
-66	95	394	720
-96	117	392	720
-122	360	390	720
-152	360	384	720
-164	50	385	720
-46	83	382	720
-63	-203	395	720
-98	-286	379	720
-138	-360	371	720
-171	-360	363	720
-178	-271	357	720
-175	-360	350	720
-172	-212	344	720
-169	-274	338	720
-169	-165	339	720
-179	99	358	720
-70	360	366	720
-99	360	369	720
-1	360	376	720
-28	360	377	720
-59	360	381	720
-81	360	380	720
33	360	380	720
-4	360	385	720
-46	360	394	720
-69	360	391	720
47	360	388	720
10	360	390	720
-21	360	390	720
-57	360	389	720
-91	360	391	720
-123	360	394	720
-157	360	394	720
-53	360	400	720
43	360	407	720
14	360	405	720
-7	360	404	720
-29	137	395	720
-62	237	395	720
-90	360	388	720
-122	360	391	720
-156	360	393	720
-187	360	389	720
-196	360	392	720
-79	360	388	720
-95	133	376	720
-136	360	383	720
-182	360	388	720
-196	360	392	720
-95	360	399	720
-116	108	391	720
-151	360	394	720
-173	360	392	720
-57	360	390	720
-88	360	392	720
-115	360	392	720
-138	360	390	720
-172	360	392	720
-60	360	393	720
48	360	391	720
164	360	390	720
141	360	388	720
112	360	385	720
90	360	385	720
68	360	387	720
36	360	390	720
7	360	393	720
-31	360	395	720
85	360	397	720
68	360	393	720
195	360	389	720
303	360	394	720
275	319	386	720
278	71	375	720
280	-184	382	720
305	-360	380	720
280	-360	385	720
272	-360	381	720
242	-360	376	720
205	-360	378	720
174	-360	379	720
140	-360	379	720
103	-360	381	720
72	-360	378	720
42	-360	374	720
160	-360	380	720
128	-360	389	720
86	-360	384	720
61	-360	380	720
31	-360	381	720
-4	-360	386	720
-56	-360	384	720
-116	-360	386	720
-151	-360	377	720
-184	-360	369	720
-85	-360	364	720
-109	-259	362	720
7	28	367	720
-35	93	376	720
-80	360	384	720
-126	360	395	720
-165	360	396	720
-194	360	395	720
-201	360	402	720
-91	360	400	720
-130	360	404	720
-171	360	402	720
-61	360	400	720
-94	360	397	720
-133	360	395	720
-17	360	392	720
-46	360	391	720
70	360	384	720
47	360	381	720
24	360	379	720
-11	77	377	720
-59	360	381	720
-82	112	376	720
-122	177	374	720
-166	360	378	720
-56	360	377	720
-77	120	378	720
-99	-133	371	720
27	-66	369	720
0	-44	372	720
105	28	373	720
63	74	379	720
51	215	373	720
24	52	362	720
16	-6	377	720
8	-42	380	720
-11	3	383	720
-33	89	382	720
